Household_ID;AffectsTimePoint;Group;Timestamp;kWh_received_Total;kWh_received_HeatPump;kWh_received_Other
966771;unknown;control;2022-04-21 00:00:00+00:00;1.423;;
966771;unknown;control;2022-04-21 00:15:00+00:00;1.481;;
966771;unknown;control;2022-04-21 00:30:00+00:00;1.47;;
966771;unknown;control;2022-04-21 00:45:00+00:00;1.466;;
966771;unknown;control;2022-04-21 01:00:00+00:00;0.809;;
966771;unknown;control;2022-04-21 01:15:00+00:00;0.249;;
966771;unknown;control;2022-04-21 01:30:00+00:00;0.281;;
966771;unknown;control;2022-04-21 01:45:00+00:00;0.283;;
966771;unknown;control;2022-04-21 02:00:00+00:00;0.266;;
966771;unknown;control;2022-04-21 02:15:00+00:00;0.246;;
966771;unknown;control;2022-04-21 02:30:00+00:00;0.28;;
966771;unknown;control;2022-04-21 02:45:00+00:00;0.763;;
966771;unknown;control;2022-04-21 03:00:00+00:00;0.989;;
966771;unknown;control;2022-04-21 03:15:00+00:00;0.996;;
966771;unknown;control;2022-04-21 03:30:00+00:00;1.047;;
966771;unknown;control;2022-04-21 03:45:00+00:00;1.058;;
966771;unknown;control;2022-04-21 04:00:00+00:00;0.952;;
966771;unknown;control;2022-04-21 04:15:00+00:00;1.049;;
966771;unknown;control;2022-04-21 04:30:00+00:00;0.967;;
966771;unknown;control;2022-04-21 04:45:00+00:00;1.059;;
966771;unknown;control;2022-04-21 05:00:00+00:00;1.027;;
966771;unknown;control;2022-04-21 05:15:00+00:00;0.284;;
966771;unknown;control;2022-04-21 05:30:00+00:00;0.138;;
966771;unknown;control;2022-04-21 05:45:00+00:00;0.14;;
966771;unknown;control;2022-04-21 06:00:00+00:00;0.141;;
966771;unknown;control;2022-04-21 06:15:00+00:00;0.126;;
966771;unknown;control;2022-04-21 06:30:00+00:00;0.121;;
966771;unknown;control;2022-04-21 06:45:00+00:00;0.128;;
966771;unknown;control;2022-04-21 07:00:00+00:00;0.124;;
966771;unknown;control;2022-04-21 07:15:00+00:00;0.128;;
966771;unknown;control;2022-04-21 07:30:00+00:00;0.124;;
966771;unknown;control;2022-04-21 07:45:00+00:00;0.117;;
966771;unknown;control;2022-04-21 08:00:00+00:00;0.128;;
966771;unknown;control;2022-04-21 08:15:00+00:00;0.136;;
966771;unknown;control;2022-04-21 08:30:00+00:00;0.168;;
966771;unknown;control;2022-04-21 08:45:00+00:00;0.142;;
966771;unknown;control;2022-04-21 09:00:00+00:00;0.136;;
966771;unknown;control;2022-04-21 09:15:00+00:00;0.139;;
966771;unknown;control;2022-04-21 09:30:00+00:00;0.654;;
966771;unknown;control;2022-04-21 09:45:00+00:00;0.312;;
966771;unknown;control;2022-04-21 10:00:00+00:00;0.125;;
966771;unknown;control;2022-04-21 10:15:00+00:00;0.134;;
966771;unknown;control;2022-04-21 10:30:00+00:00;0.128;;
966771;unknown;control;2022-04-21 10:45:00+00:00;0.132;;
966771;unknown;control;2022-04-21 11:00:00+00:00;0.138;;
966771;unknown;control;2022-04-21 11:15:00+00:00;0.136;;
966771;unknown;control;2022-04-21 11:30:00+00:00;0.137;;
966771;unknown;control;2022-04-21 11:45:00+00:00;0.166;;
966771;unknown;control;2022-04-21 12:00:00+00:00;0.141;;
966771;unknown;control;2022-04-21 12:15:00+00:00;0.152;;
966771;unknown;control;2022-04-21 12:30:00+00:00;0.143;;
966771;unknown;control;2022-04-21 12:45:00+00:00;0.134;;
966771;unknown;control;2022-04-21 13:00:00+00:00;0.136;;
966771;unknown;control;2022-04-21 13:15:00+00:00;0.123;;
966771;unknown;control;2022-04-21 13:30:00+00:00;0.122;;
966771;unknown;control;2022-04-21 13:45:00+00:00;0.118;;
966771;unknown;control;2022-04-21 14:00:00+00:00;0.119;;
966771;unknown;control;2022-04-21 14:15:00+00:00;0.122;;
966771;unknown;control;2022-04-21 14:30:00+00:00;0.125;;
966771;unknown;control;2022-04-21 14:45:00+00:00;0.094;;
966771;unknown;control;2022-04-21 15:00:00+00:00;0.09;;
966771;unknown;control;2022-04-21 15:15:00+00:00;0.104;;
966771;unknown;control;2022-04-21 15:30:00+00:00;0.096;;
966771;unknown;control;2022-04-21 15:45:00+00:00;0.103;;
966771;unknown;control;2022-04-21 16:00:00+00:00;0.106;;
966771;unknown;control;2022-04-21 16:15:00+00:00;0.463;;
966771;unknown;control;2022-04-21 16:30:00+00:00;0.374;;
966771;unknown;control;2022-04-21 16:45:00+00:00;0.136;;
966771;unknown;control;2022-04-21 17:00:00+00:00;0.121;;
966771;unknown;control;2022-04-21 17:15:00+00:00;0.66;;
966771;unknown;control;2022-04-21 17:30:00+00:00;0.188;;
966771;unknown;control;2022-04-21 17:45:00+00:00;0.11;;
966771;unknown;control;2022-04-21 18:00:00+00:00;0.129;;
966771;unknown;control;2022-04-21 18:15:00+00:00;0.129;;
966771;unknown;control;2022-04-21 18:30:00+00:00;0.128;;
966771;unknown;control;2022-04-21 18:45:00+00:00;0.129;;
966771;unknown;control;2022-04-21 19:00:00+00:00;0.119;;
966771;unknown;control;2022-04-21 19:15:00+00:00;0.115;;
966771;unknown;control;2022-04-21 19:30:00+00:00;0.116;;
966771;unknown;control;2022-04-21 19:45:00+00:00;0.099;;
966771;unknown;control;2022-04-21 20:00:00+00:00;0.092;;
966771;unknown;control;2022-04-21 20:15:00+00:00;0.1;;
966771;unknown;control;2022-04-21 20:30:00+00:00;0.096;;
966771;unknown;control;2022-04-21 20:45:00+00:00;0.112;;
966771;unknown;control;2022-04-21 21:00:00+00:00;0.101;;
966771;unknown;control;2022-04-21 21:15:00+00:00;0.095;;
966771;unknown;control;2022-04-21 21:30:00+00:00;0.107;;
966771;unknown;control;2022-04-21 21:45:00+00:00;0.1;;
966771;unknown;control;2022-04-21 22:00:00+00:00;0.093;;
966771;unknown;control;2022-04-21 22:15:00+00:00;0.105;;
966771;unknown;control;2022-04-21 22:30:00+00:00;0.103;;
966771;unknown;control;2022-04-21 22:45:00+00:00;0.096;;
966771;unknown;control;2022-04-21 23:00:00+00:00;0.101;;
966771;unknown;control;2022-04-21 23:15:00+00:00;0.096;;
966771;unknown;control;2022-04-21 23:30:00+00:00;1.338;;
966771;unknown;control;2022-04-21 23:45:00+00:00;1.307;;
966771;unknown;control;2022-04-22 00:00:00+00:00;1.277;;
966771;unknown;control;2022-04-22 00:15:00+00:00;0.269;;
966771;unknown;control;2022-04-22 00:30:00+00:00;0.098;;
966771;unknown;control;2022-04-22 00:45:00+00:00;0.085;;
966771;unknown;control;2022-04-22 01:00:00+00:00;0.095;;
966771;unknown;control;2022-04-22 01:15:00+00:00;0.102;;
966771;unknown;control;2022-04-22 01:30:00+00:00;0.095;;
966771;unknown;control;2022-04-22 01:45:00+00:00;0.096;;
966771;unknown;control;2022-04-22 02:00:00+00:00;0.092;;
966771;unknown;control;2022-04-22 02:15:00+00:00;0.096;;
966771;unknown;control;2022-04-22 02:30:00+00:00;0.106;;
966771;unknown;control;2022-04-22 02:45:00+00:00;0.589;;
966771;unknown;control;2022-04-22 03:00:00+00:00;0.845;;
966771;unknown;control;2022-04-22 03:15:00+00:00;0.843;;
966771;unknown;control;2022-04-22 03:30:00+00:00;0.883;;
966771;unknown;control;2022-04-22 03:45:00+00:00;0.896;;
966771;unknown;control;2022-04-22 04:00:00+00:00;0.864;;
966771;unknown;control;2022-04-22 04:15:00+00:00;0.909;;
966771;unknown;control;2022-04-22 04:30:00+00:00;0.806;;
966771;unknown;control;2022-04-22 04:45:00+00:00;0.907;;
966771;unknown;control;2022-04-22 05:00:00+00:00;0.477;;
966771;unknown;control;2022-04-22 05:15:00+00:00;0.119;;
966771;unknown;control;2022-04-22 05:30:00+00:00;0.149;;
966771;unknown;control;2022-04-22 05:45:00+00:00;0.132;;
966771;unknown;control;2022-04-22 06:00:00+00:00;0.122;;
966771;unknown;control;2022-04-22 06:15:00+00:00;0.109;;
966771;unknown;control;2022-04-22 06:30:00+00:00;0.104;;
966771;unknown;control;2022-04-22 06:45:00+00:00;0.111;;
966771;unknown;control;2022-04-22 07:00:00+00:00;0.104;;
966771;unknown;control;2022-04-22 07:15:00+00:00;0.105;;
966771;unknown;control;2022-04-22 07:30:00+00:00;0.115;;
966771;unknown;control;2022-04-22 07:45:00+00:00;0.118;;
966771;unknown;control;2022-04-22 08:00:00+00:00;0.109;;
966771;unknown;control;2022-04-22 08:15:00+00:00;0.116;;
966771;unknown;control;2022-04-22 08:30:00+00:00;0.126;;
966771;unknown;control;2022-04-22 08:45:00+00:00;0.112;;
966771;unknown;control;2022-04-22 09:00:00+00:00;0.111;;
966771;unknown;control;2022-04-22 09:15:00+00:00;0.103;;
966771;unknown;control;2022-04-22 09:30:00+00:00;0.654;;
966771;unknown;control;2022-04-22 09:45:00+00:00;0.427;;
966771;unknown;control;2022-04-22 10:00:00+00:00;0.104;;
966771;unknown;control;2022-04-22 10:15:00+00:00;0.115;;
966771;unknown;control;2022-04-22 10:30:00+00:00;0.116;;
966771;unknown;control;2022-04-22 10:45:00+00:00;0.112;;
966771;unknown;control;2022-04-22 11:00:00+00:00;0.117;;
966771;unknown;control;2022-04-22 11:15:00+00:00;0.109;;
966771;unknown;control;2022-04-22 11:30:00+00:00;0.117;;
966771;unknown;control;2022-04-22 11:45:00+00:00;0.143;;
966771;unknown;control;2022-04-22 12:00:00+00:00;0.133;;
966771;unknown;control;2022-04-22 12:15:00+00:00;0.133;;
966771;unknown;control;2022-04-22 12:30:00+00:00;0.133;;
966771;unknown;control;2022-04-22 12:45:00+00:00;0.117;;
966771;unknown;control;2022-04-22 13:00:00+00:00;0.114;;
966771;unknown;control;2022-04-22 13:15:00+00:00;0.116;;
966771;unknown;control;2022-04-22 13:30:00+00:00;0.111;;
966771;unknown;control;2022-04-22 13:45:00+00:00;0.124;;
966771;unknown;control;2022-04-22 14:00:00+00:00;0.134;;
966771;unknown;control;2022-04-22 14:15:00+00:00;0.114;;
966771;unknown;control;2022-04-22 14:30:00+00:00;0.096;;
966771;unknown;control;2022-04-22 14:45:00+00:00;0.095;;
966771;unknown;control;2022-04-22 15:00:00+00:00;0.091;;
966771;unknown;control;2022-04-22 15:15:00+00:00;0.101;;
966771;unknown;control;2022-04-22 15:30:00+00:00;0.095;;
966771;unknown;control;2022-04-22 15:45:00+00:00;0.098;;
966771;unknown;control;2022-04-22 16:00:00+00:00;0.108;;
966771;unknown;control;2022-04-22 16:15:00+00:00;0.122;;
966771;unknown;control;2022-04-22 16:30:00+00:00;0.394;;
966771;unknown;control;2022-04-22 16:45:00+00:00;0.118;;
966771;unknown;control;2022-04-22 17:00:00+00:00;0.317;;
966771;unknown;control;2022-04-22 17:15:00+00:00;0.251;;
966771;unknown;control;2022-04-22 17:30:00+00:00;0.561;;
966771;unknown;control;2022-04-22 17:45:00+00:00;0.603;;
966771;unknown;control;2022-04-22 18:00:00+00:00;0.478;;
966771;unknown;control;2022-04-22 18:15:00+00:00;0.249;;
966771;unknown;control;2022-04-22 18:30:00+00:00;0.128;;
966771;unknown;control;2022-04-22 18:45:00+00:00;0.579;;
966771;unknown;control;2022-04-22 19:00:00+00:00;0.579;;
966771;unknown;control;2022-04-22 19:15:00+00:00;0.153;;
966771;unknown;control;2022-04-22 19:30:00+00:00;0.143;;
966771;unknown;control;2022-04-22 19:45:00+00:00;0.199;;
966771;unknown;control;2022-04-22 20:00:00+00:00;0.153;;
966771;unknown;control;2022-04-22 20:15:00+00:00;0.142;;
966771;unknown;control;2022-04-22 20:30:00+00:00;0.144;;
966771;unknown;control;2022-04-22 20:45:00+00:00;0.145;;
966771;unknown;control;2022-04-22 21:00:00+00:00;0.128;;
966771;unknown;control;2022-04-22 21:15:00+00:00;0.137;;
966771;unknown;control;2022-04-22 21:30:00+00:00;0.131;;
966771;unknown;control;2022-04-22 21:45:00+00:00;0.101;;
966771;unknown;control;2022-04-22 22:00:00+00:00;0.102;;
966771;unknown;control;2022-04-22 22:15:00+00:00;0.104;;
966771;unknown;control;2022-04-22 22:30:00+00:00;0.097;;
966771;unknown;control;2022-04-22 22:45:00+00:00;0.107;;
966771;unknown;control;2022-04-22 23:00:00+00:00;0.103;;
966771;unknown;control;2022-04-22 23:15:00+00:00;0.094;;
966771;unknown;control;2022-04-22 23:30:00+00:00;1.329;;
966771;unknown;control;2022-04-22 23:45:00+00:00;1.279;;
966771;unknown;control;2022-04-23 00:00:00+00:00;1.272;;
966771;unknown;control;2022-04-23 00:15:00+00:00;1.309;;
966771;unknown;control;2022-04-23 00:30:00+00:00;1.296;;
966771;unknown;control;2022-04-23 00:45:00+00:00;1.318;;
966771;unknown;control;2022-04-23 01:00:00+00:00;0.179;;
966771;unknown;control;2022-04-23 01:15:00+00:00;0.102;;
966771;unknown;control;2022-04-23 01:30:00+00:00;0.097;;
966771;unknown;control;2022-04-23 01:45:00+00:00;0.103;;
966771;unknown;control;2022-04-23 02:00:00+00:00;0.1;;
966771;unknown;control;2022-04-23 02:15:00+00:00;0.097;;
966771;unknown;control;2022-04-23 02:30:00+00:00;0.1;;
966771;unknown;control;2022-04-23 02:45:00+00:00;0.604;;
966771;unknown;control;2022-04-23 03:00:00+00:00;0.881;;
966771;unknown;control;2022-04-23 03:15:00+00:00;0.881;;
966771;unknown;control;2022-04-23 03:30:00+00:00;0.903;;
966771;unknown;control;2022-04-23 03:45:00+00:00;0.926;;
966771;unknown;control;2022-04-23 04:00:00+00:00;0.899;;
966771;unknown;control;2022-04-23 04:15:00+00:00;0.215;;
966771;unknown;control;2022-04-23 04:30:00+00:00;0.123;;
966771;unknown;control;2022-04-23 04:45:00+00:00;0.364;;
966771;unknown;control;2022-04-23 05:00:00+00:00;0.897;;
966771;unknown;control;2022-04-23 05:15:00+00:00;0.189;;
966771;unknown;control;2022-04-23 05:30:00+00:00;0.12;;
966771;unknown;control;2022-04-23 05:45:00+00:00;0.186;;
966771;unknown;control;2022-04-23 06:00:00+00:00;0.429;;
966771;unknown;control;2022-04-23 06:15:00+00:00;0.101;;
966771;unknown;control;2022-04-23 06:30:00+00:00;0.094;;
966771;unknown;control;2022-04-23 06:45:00+00:00;0.097;;
966771;unknown;control;2022-04-23 07:00:00+00:00;0.094;;
966771;unknown;control;2022-04-23 07:15:00+00:00;0.098;;
966771;unknown;control;2022-04-23 07:30:00+00:00;0.104;;
966771;unknown;control;2022-04-23 07:45:00+00:00;0.093;;
966771;unknown;control;2022-04-23 08:00:00+00:00;0.097;;
966771;unknown;control;2022-04-23 08:15:00+00:00;0.112;;
966771;unknown;control;2022-04-23 08:30:00+00:00;0.118;;
966771;unknown;control;2022-04-23 08:45:00+00:00;0.123;;
966771;unknown;control;2022-04-23 09:00:00+00:00;0.12;;
966771;unknown;control;2022-04-23 09:15:00+00:00;0.118;;
966771;unknown;control;2022-04-23 09:30:00+00:00;0.656;;
966771;unknown;control;2022-04-23 09:45:00+00:00;0.669;;
966771;unknown;control;2022-04-23 10:00:00+00:00;0.122;;
966771;unknown;control;2022-04-23 10:15:00+00:00;0.12;;
966771;unknown;control;2022-04-23 10:30:00+00:00;0.122;;
966771;unknown;control;2022-04-23 10:45:00+00:00;0.121;;
966771;unknown;control;2022-04-23 11:00:00+00:00;0.127;;
966771;unknown;control;2022-04-23 11:15:00+00:00;0.115;;
966771;unknown;control;2022-04-23 11:30:00+00:00;0.12;;
966771;unknown;control;2022-04-23 11:45:00+00:00;0.125;;
966771;unknown;control;2022-04-23 12:00:00+00:00;0.112;;
966771;unknown;control;2022-04-23 12:15:00+00:00;0.12;;
966771;unknown;control;2022-04-23 12:30:00+00:00;0.11;;
966771;unknown;control;2022-04-23 12:45:00+00:00;0.091;;
966771;unknown;control;2022-04-23 13:00:00+00:00;0.097;;
966771;unknown;control;2022-04-23 13:15:00+00:00;0.103;;
966771;unknown;control;2022-04-23 13:30:00+00:00;0.096;;
966771;unknown;control;2022-04-23 13:45:00+00:00;0.098;;
966771;unknown;control;2022-04-23 14:00:00+00:00;0.101;;
966771;unknown;control;2022-04-23 14:15:00+00:00;0.103;;
966771;unknown;control;2022-04-23 14:30:00+00:00;0.102;;
966771;unknown;control;2022-04-23 14:45:00+00:00;0.091;;
966771;unknown;control;2022-04-23 15:00:00+00:00;0.092;;
966771;unknown;control;2022-04-23 15:15:00+00:00;0.102;;
966771;unknown;control;2022-04-23 15:30:00+00:00;0.097;;
966771;unknown;control;2022-04-23 15:45:00+00:00;0.098;;
966771;unknown;control;2022-04-23 16:00:00+00:00;0.622;;
966771;unknown;control;2022-04-23 16:15:00+00:00;0.327;;
966771;unknown;control;2022-04-23 16:30:00+00:00;0.123;;
966771;unknown;control;2022-04-23 16:45:00+00:00;0.264;;
966771;unknown;control;2022-04-23 17:00:00+00:00;0.114;;
966771;unknown;control;2022-04-23 17:15:00+00:00;0.121;;
966771;unknown;control;2022-04-23 17:30:00+00:00;0.121;;
966771;unknown;control;2022-04-23 17:45:00+00:00;0.111;;
966771;unknown;control;2022-04-23 18:00:00+00:00;0.127;;
966771;unknown;control;2022-04-23 18:15:00+00:00;0.149;;
966771;unknown;control;2022-04-23 18:30:00+00:00;0.85;;
966771;unknown;control;2022-04-23 18:45:00+00:00;0.532;;
966771;unknown;control;2022-04-23 19:00:00+00:00;0.157;;
966771;unknown;control;2022-04-23 19:15:00+00:00;0.152;;
966771;unknown;control;2022-04-23 19:30:00+00:00;0.146;;
966771;unknown;control;2022-04-23 19:45:00+00:00;0.162;;
966771;unknown;control;2022-04-23 20:00:00+00:00;0.158;;
966771;unknown;control;2022-04-23 20:15:00+00:00;0.141;;
966771;unknown;control;2022-04-23 20:30:00+00:00;0.106;;
966771;unknown;control;2022-04-23 20:45:00+00:00;0.109;;
966771;unknown;control;2022-04-23 21:00:00+00:00;0.106;;
966771;unknown;control;2022-04-23 21:15:00+00:00;0.109;;
966771;unknown;control;2022-04-23 21:30:00+00:00;0.124;;
966771;unknown;control;2022-04-23 21:45:00+00:00;0.135;;
966771;unknown;control;2022-04-23 22:00:00+00:00;0.131;;
966771;unknown;control;2022-04-23 22:15:00+00:00;0.155;;
966771;unknown;control;2022-04-23 22:30:00+00:00;0.198;;
966771;unknown;control;2022-04-23 22:45:00+00:00;0.145;;
966771;unknown;control;2022-04-23 23:00:00+00:00;0.103;;
966771;unknown;control;2022-04-23 23:15:00+00:00;0.1;;
966771;unknown;control;2022-04-23 23:30:00+00:00;1.334;;
966771;unknown;control;2022-04-23 23:45:00+00:00;1.297;;
966771;unknown;control;2022-04-24 00:00:00+00:00;1.276;;
966771;unknown;control;2022-04-24 00:15:00+00:00;1.291;;
966771;unknown;control;2022-04-24 00:30:00+00:00;1.303;;
966771;unknown;control;2022-04-24 00:45:00+00:00;1.325;;
966771;unknown;control;2022-04-24 01:00:00+00:00;0.962;;
966771;unknown;control;2022-04-24 01:15:00+00:00;0.099;;
966771;unknown;control;2022-04-24 01:30:00+00:00;0.094;;
966771;unknown;control;2022-04-24 01:45:00+00:00;0.097;;
966771;unknown;control;2022-04-24 02:00:00+00:00;0.097;;
966771;unknown;control;2022-04-24 02:15:00+00:00;0.094;;
966771;unknown;control;2022-04-24 02:30:00+00:00;0.102;;
966771;unknown;control;2022-04-24 02:45:00+00:00;0.61;;
966771;unknown;control;2022-04-24 03:00:00+00:00;0.87;;
966771;unknown;control;2022-04-24 03:15:00+00:00;0.882;;
966771;unknown;control;2022-04-24 03:30:00+00:00;0.914;;
966771;unknown;control;2022-04-24 03:45:00+00:00;0.885;;
966771;unknown;control;2022-04-24 04:00:00+00:00;0.119;;
966771;unknown;control;2022-04-24 04:15:00+00:00;0.389;;
966771;unknown;control;2022-04-24 04:30:00+00:00;0.902;;
966771;unknown;control;2022-04-24 04:45:00+00:00;0.752;;
966771;unknown;control;2022-04-24 05:00:00+00:00;0.113;;
966771;unknown;control;2022-04-24 05:15:00+00:00;0.174;;
966771;unknown;control;2022-04-24 05:30:00+00:00;0.895;;
966771;unknown;control;2022-04-24 05:45:00+00:00;0.664;;
966771;unknown;control;2022-04-24 06:00:00+00:00;0.115;;
966771;unknown;control;2022-04-24 06:15:00+00:00;0.12;;
966771;unknown;control;2022-04-24 06:30:00+00:00;0.099;;
966771;unknown;control;2022-04-24 06:45:00+00:00;0.094;;
966771;unknown;control;2022-04-24 07:00:00+00:00;0.099;;
966771;unknown;control;2022-04-24 07:15:00+00:00;0.093;;
966771;unknown;control;2022-04-24 07:30:00+00:00;0.213;;
966771;unknown;control;2022-04-24 07:45:00+00:00;0.323;;
966771;unknown;control;2022-04-24 08:00:00+00:00;0.365;;
966771;unknown;control;2022-04-24 08:15:00+00:00;0.196;;
966771;unknown;control;2022-04-24 08:30:00+00:00;0.124;;
966771;unknown;control;2022-04-24 08:45:00+00:00;0.125;;
966771;unknown;control;2022-04-24 09:00:00+00:00;0.108;;
966771;unknown;control;2022-04-24 09:15:00+00:00;0.124;;
966771;unknown;control;2022-04-24 09:30:00+00:00;0.701;;
966771;unknown;control;2022-04-24 09:45:00+00:00;1.19;;
966771;unknown;control;2022-04-24 10:00:00+00:00;0.516;;
966771;unknown;control;2022-04-24 10:15:00+00:00;0.408;;
966771;unknown;control;2022-04-24 10:30:00+00:00;0.194;;
966771;unknown;control;2022-04-24 10:45:00+00:00;0.451;;
966771;unknown;control;2022-04-24 11:00:00+00:00;0.975;;
966771;unknown;control;2022-04-24 11:15:00+00:00;0.509;;
966771;unknown;control;2022-04-24 11:30:00+00:00;0.153;;
966771;unknown;control;2022-04-24 11:45:00+00:00;0.162;;
966771;unknown;control;2022-04-24 12:00:00+00:00;0.169;;
966771;unknown;control;2022-04-24 12:15:00+00:00;0.148;;
966771;unknown;control;2022-04-24 12:30:00+00:00;0.808;;
966771;unknown;control;2022-04-24 12:45:00+00:00;0.366;;
966771;unknown;control;2022-04-24 13:00:00+00:00;0.336;;
966771;unknown;control;2022-04-24 13:15:00+00:00;0.337;;
966771;unknown;control;2022-04-24 13:30:00+00:00;0.345;;
966771;unknown;control;2022-04-24 13:45:00+00:00;0.286;;
966771;unknown;control;2022-04-24 14:00:00+00:00;0.238;;
966771;unknown;control;2022-04-24 14:15:00+00:00;0.285;;
966771;unknown;control;2022-04-24 14:30:00+00:00;0.132;;
966771;unknown;control;2022-04-24 14:45:00+00:00;0.116;;
966771;unknown;control;2022-04-24 15:00:00+00:00;0.108;;
966771;unknown;control;2022-04-24 15:15:00+00:00;0.112;;
966771;unknown;control;2022-04-24 15:30:00+00:00;0.106;;
966771;unknown;control;2022-04-24 15:45:00+00:00;0.619;;
966771;unknown;control;2022-04-24 16:00:00+00:00;0.828;;
966771;unknown;control;2022-04-24 16:15:00+00:00;0.139;;
966771;unknown;control;2022-04-24 16:30:00+00:00;0.121;;
966771;unknown;control;2022-04-24 16:45:00+00:00;0.126;;
966771;unknown;control;2022-04-24 17:00:00+00:00;0.123;;
966771;unknown;control;2022-04-24 17:15:00+00:00;0.647;;
966771;unknown;control;2022-04-24 17:30:00+00:00;0.847;;
966771;unknown;control;2022-04-24 17:45:00+00:00;0.144;;
966771;unknown;control;2022-04-24 18:00:00+00:00;0.59;;
966771;unknown;control;2022-04-24 18:15:00+00:00;0.224;;
966771;unknown;control;2022-04-24 18:30:00+00:00;0.749;;
966771;unknown;control;2022-04-24 18:45:00+00:00;0.71;;
966771;unknown;control;2022-04-24 19:00:00+00:00;0.183;;
966771;unknown;control;2022-04-24 19:15:00+00:00;0.278;;
966771;unknown;control;2022-04-24 19:30:00+00:00;0.253;;
966771;unknown;control;2022-04-24 19:45:00+00:00;0.176;;
966771;unknown;control;2022-04-24 20:00:00+00:00;0.102;;
966771;unknown;control;2022-04-24 20:15:00+00:00;0.098;;
966771;unknown;control;2022-04-24 20:30:00+00:00;0.102;;
966771;unknown;control;2022-04-24 20:45:00+00:00;0.096;;
966771;unknown;control;2022-04-24 21:00:00+00:00;0.105;;
966771;unknown;control;2022-04-24 21:15:00+00:00;0.1;;
966771;unknown;control;2022-04-24 21:30:00+00:00;0.091;;
966771;unknown;control;2022-04-24 21:45:00+00:00;0.101;;
966771;unknown;control;2022-04-24 22:00:00+00:00;0.104;;
966771;unknown;control;2022-04-24 22:15:00+00:00;0.097;;
966771;unknown;control;2022-04-24 22:30:00+00:00;0.101;;
966771;unknown;control;2022-04-24 22:45:00+00:00;0.095;;
966771;unknown;control;2022-04-24 23:00:00+00:00;0.096;;
966771;unknown;control;2022-04-24 23:15:00+00:00;0.105;;
966771;unknown;control;2022-04-24 23:30:00+00:00;1.297;;
966771;unknown;control;2022-04-24 23:45:00+00:00;1.28;;
966771;unknown;control;2022-04-25 00:00:00+00:00;1.279;;
966771;unknown;control;2022-04-25 00:15:00+00:00;1.281;;
966771;unknown;control;2022-04-25 00:30:00+00:00;1.285;;
966771;unknown;control;2022-04-25 00:45:00+00:00;1.287;;
966771;unknown;control;2022-04-25 01:00:00+00:00;1.291;;
966771;unknown;control;2022-04-25 01:15:00+00:00;0.602;;
966771;unknown;control;2022-04-25 01:30:00+00:00;0.102;;
966771;unknown;control;2022-04-25 01:45:00+00:00;0.096;;
966771;unknown;control;2022-04-25 02:00:00+00:00;0.104;;
966771;unknown;control;2022-04-25 02:15:00+00:00;0.096;;
966771;unknown;control;2022-04-25 02:30:00+00:00;0.092;;
966771;unknown;control;2022-04-25 02:45:00+00:00;0.619;;
966771;unknown;control;2022-04-25 03:00:00+00:00;0.884;;
966771;unknown;control;2022-04-25 03:15:00+00:00;0.894;;
966771;unknown;control;2022-04-25 03:30:00+00:00;0.323;;
966771;unknown;control;2022-04-25 03:45:00+00:00;0.124;;
966771;unknown;control;2022-04-25 04:00:00+00:00;0.88;;
966771;unknown;control;2022-04-25 04:15:00+00:00;0.508;;
966771;unknown;control;2022-04-25 04:30:00+00:00;0.115;;
966771;unknown;control;2022-04-25 04:45:00+00:00;0.423;;
966771;unknown;control;2022-04-25 05:00:00+00:00;0.932;;
966771;unknown;control;2022-04-25 05:15:00+00:00;0.133;;
966771;unknown;control;2022-04-25 05:30:00+00:00;0.144;;
966771;unknown;control;2022-04-25 05:45:00+00:00;0.182;;
966771;unknown;control;2022-04-25 06:00:00+00:00;0.652;;
966771;unknown;control;2022-04-25 06:15:00+00:00;0.308;;
966771;unknown;control;2022-04-25 06:30:00+00:00;0.33;;
966771;unknown;control;2022-04-25 06:45:00+00:00;0.209;;
966771;unknown;control;2022-04-25 07:00:00+00:00;0.121;;
966771;unknown;control;2022-04-25 07:15:00+00:00;0.118;;
966771;unknown;control;2022-04-25 07:30:00+00:00;0.117;;
966771;unknown;control;2022-04-25 07:45:00+00:00;0.134;;
966771;unknown;control;2022-04-25 08:00:00+00:00;0.126;;
966771;unknown;control;2022-04-25 08:15:00+00:00;0.117;;
966771;unknown;control;2022-04-25 08:30:00+00:00;0.129;;
966771;unknown;control;2022-04-25 08:45:00+00:00;0.125;;
966771;unknown;control;2022-04-25 09:00:00+00:00;0.122;;
966771;unknown;control;2022-04-25 09:15:00+00:00;0.126;;
966771;unknown;control;2022-04-25 09:30:00+00:00;0.959;;
966771;unknown;control;2022-04-25 09:45:00+00:00;0.932;;
966771;unknown;control;2022-04-25 10:00:00+00:00;0.312;;
966771;unknown;control;2022-04-25 10:15:00+00:00;0.137;;
966771;unknown;control;2022-04-25 10:30:00+00:00;0.141;;
966771;unknown;control;2022-04-25 10:45:00+00:00;0.14;;
966771;unknown;control;2022-04-25 11:00:00+00:00;0.127;;
966771;unknown;control;2022-04-25 11:15:00+00:00;0.131;;
966771;unknown;control;2022-04-25 11:30:00+00:00;0.128;;
966771;unknown;control;2022-04-25 11:45:00+00:00;0.13;;
966771;unknown;control;2022-04-25 12:00:00+00:00;0.151;;
966771;unknown;control;2022-04-25 12:15:00+00:00;0.143;;
966771;unknown;control;2022-04-25 12:30:00+00:00;0.132;;
966771;unknown;control;2022-04-25 12:45:00+00:00;0.124;;
966771;unknown;control;2022-04-25 13:00:00+00:00;0.122;;
966771;unknown;control;2022-04-25 13:15:00+00:00;0.124;;
966771;unknown;control;2022-04-25 13:30:00+00:00;0.124;;
966771;unknown;control;2022-04-25 13:45:00+00:00;0.127;;
966771;unknown;control;2022-04-25 14:00:00+00:00;0.112;;
966771;unknown;control;2022-04-25 14:15:00+00:00;0.118;;
966771;unknown;control;2022-04-25 14:30:00+00:00;0.113;;
966771;unknown;control;2022-04-25 14:45:00+00:00;0.114;;
966771;unknown;control;2022-04-25 15:00:00+00:00;0.126;;
966771;unknown;control;2022-04-25 15:15:00+00:00;0.114;;
966771;unknown;control;2022-04-25 15:30:00+00:00;0.1;;
966771;unknown;control;2022-04-25 15:45:00+00:00;0.099;;
966771;unknown;control;2022-04-25 16:00:00+00:00;0.531;;
966771;unknown;control;2022-04-25 16:15:00+00:00;0.212;;
966771;unknown;control;2022-04-25 16:30:00+00:00;0.133;;
966771;unknown;control;2022-04-25 16:45:00+00:00;0.126;;
966771;unknown;control;2022-04-25 17:00:00+00:00;0.133;;
966771;unknown;control;2022-04-25 17:15:00+00:00;0.129;;
966771;unknown;control;2022-04-25 17:30:00+00:00;0.146;;
966771;unknown;control;2022-04-25 17:45:00+00:00;0.742;;
966771;unknown;control;2022-04-25 18:00:00+00:00;0.558;;
966771;unknown;control;2022-04-25 18:15:00+00:00;0.166;;
966771;unknown;control;2022-04-25 18:30:00+00:00;0.17;;
966771;unknown;control;2022-04-25 18:45:00+00:00;0.163;;
966771;unknown;control;2022-04-25 19:00:00+00:00;0.164;;
966771;unknown;control;2022-04-25 19:15:00+00:00;0.164;;
966771;unknown;control;2022-04-25 19:30:00+00:00;0.162;;
966771;unknown;control;2022-04-25 19:45:00+00:00;0.17;;
966771;unknown;control;2022-04-25 20:00:00+00:00;0.158;;
966771;unknown;control;2022-04-25 20:15:00+00:00;0.104;;
966771;unknown;control;2022-04-25 20:30:00+00:00;0.107;;
966771;unknown;control;2022-04-25 20:45:00+00:00;0.109;;
966771;unknown;control;2022-04-25 21:00:00+00:00;0.099;;
966771;unknown;control;2022-04-25 21:15:00+00:00;0.11;;
966771;unknown;control;2022-04-25 21:30:00+00:00;0.104;;
966771;unknown;control;2022-04-25 21:45:00+00:00;0.103;;
966771;unknown;control;2022-04-25 22:00:00+00:00;0.108;;
966771;unknown;control;2022-04-25 22:15:00+00:00;0.104;;
966771;unknown;control;2022-04-25 22:30:00+00:00;0.096;;
966771;unknown;control;2022-04-25 22:45:00+00:00;0.107;;
966771;unknown;control;2022-04-25 23:00:00+00:00;0.104;;
966771;unknown;control;2022-04-25 23:15:00+00:00;0.097;;
966771;unknown;control;2022-04-25 23:30:00+00:00;1.311;;
966771;unknown;control;2022-04-25 23:45:00+00:00;1.275;;
966771;unknown;control;2022-04-26 00:00:00+00:00;1.294;;
966771;unknown;control;2022-04-26 00:15:00+00:00;1.32;;
966771;unknown;control;2022-04-26 00:30:00+00:00;1.362;;
966771;unknown;control;2022-04-26 00:45:00+00:00;1.34;;
966771;unknown;control;2022-04-26 01:00:00+00:00;1.217;;
966771;unknown;control;2022-04-26 01:15:00+00:00;0.113;;
966771;unknown;control;2022-04-26 01:30:00+00:00;0.104;;
966771;unknown;control;2022-04-26 01:45:00+00:00;0.093;;
966771;unknown;control;2022-04-26 02:00:00+00:00;0.11;;
966771;unknown;control;2022-04-26 02:15:00+00:00;0.112;;
966771;unknown;control;2022-04-26 02:30:00+00:00;0.097;;
966771;unknown;control;2022-04-26 02:45:00+00:00;0.614;;
966771;unknown;control;2022-04-26 03:00:00+00:00;0.892;;
966771;unknown;control;2022-04-26 03:15:00+00:00;0.887;;
966771;unknown;control;2022-04-26 03:30:00+00:00;0.574;;
966771;unknown;control;2022-04-26 03:45:00+00:00;0.116;;
966771;unknown;control;2022-04-26 04:00:00+00:00;0.765;;
966771;unknown;control;2022-04-26 04:15:00+00:00;0.737;;
966771;unknown;control;2022-04-26 04:30:00+00:00;0.113;;
966771;unknown;control;2022-04-26 04:45:00+00:00;0.303;;
966771;unknown;control;2022-04-26 05:00:00+00:00;0.966;;
966771;unknown;control;2022-04-26 05:15:00+00:00;0.323;;
966771;unknown;control;2022-04-26 05:30:00+00:00;0.146;;
966771;unknown;control;2022-04-26 05:45:00+00:00;0.457;;
966771;unknown;control;2022-04-26 06:00:00+00:00;0.368;;
966771;unknown;control;2022-04-26 06:15:00+00:00;0.145;;
966771;unknown;control;2022-04-26 06:30:00+00:00;0.146;;
966771;unknown;control;2022-04-26 06:45:00+00:00;0.133;;
966771;unknown;control;2022-04-26 07:00:00+00:00;0.21;;
966771;unknown;control;2022-04-26 07:15:00+00:00;0.18;;
966771;unknown;control;2022-04-26 07:30:00+00:00;0.177;;
966771;unknown;control;2022-04-26 07:45:00+00:00;0.147;;
966771;unknown;control;2022-04-26 08:00:00+00:00;0.121;;
966771;unknown;control;2022-04-26 08:15:00+00:00;0.112;;
966771;unknown;control;2022-04-26 08:30:00+00:00;0.119;;
966771;unknown;control;2022-04-26 08:45:00+00:00;0.119;;
966771;unknown;control;2022-04-26 09:00:00+00:00;0.105;;
966771;unknown;control;2022-04-26 09:15:00+00:00;0.118;;
966771;unknown;control;2022-04-26 09:30:00+00:00;0.647;;
966771;unknown;control;2022-04-26 09:45:00+00:00;0.755;;
966771;unknown;control;2022-04-26 10:00:00+00:00;0.416;;
966771;unknown;control;2022-04-26 10:15:00+00:00;0.581;;
966771;unknown;control;2022-04-26 10:30:00+00:00;0.226;;
966771;unknown;control;2022-04-26 10:45:00+00:00;0.166;;
966771;unknown;control;2022-04-26 11:00:00+00:00;0.135;;
966771;unknown;control;2022-04-26 11:15:00+00:00;0.478;;
966771;unknown;control;2022-04-26 11:30:00+00:00;0.36;;
966771;unknown;control;2022-04-26 11:45:00+00:00;0.175;;
966771;unknown;control;2022-04-26 12:00:00+00:00;0.184;;
966771;unknown;control;2022-04-26 12:15:00+00:00;0.195;;
966771;unknown;control;2022-04-26 12:30:00+00:00;0.131;;
966771;unknown;control;2022-04-26 12:45:00+00:00;0.116;;
966771;unknown;control;2022-04-26 13:00:00+00:00;0.119;;
966771;unknown;control;2022-04-26 13:15:00+00:00;0.119;;
966771;unknown;control;2022-04-26 13:30:00+00:00;0.127;;
966771;unknown;control;2022-04-26 13:45:00+00:00;0.126;;
966771;unknown;control;2022-04-26 14:00:00+00:00;0.14;;
966771;unknown;control;2022-04-26 14:15:00+00:00;0.153;;
966771;unknown;control;2022-04-26 14:30:00+00:00;0.141;;
966771;unknown;control;2022-04-26 14:45:00+00:00;0.135;;
966771;unknown;control;2022-04-26 15:00:00+00:00;0.138;;
966771;unknown;control;2022-04-26 15:15:00+00:00;0.14;;
966771;unknown;control;2022-04-26 15:30:00+00:00;0.137;;
966771;unknown;control;2022-04-26 15:45:00+00:00;0.141;;
966771;unknown;control;2022-04-26 16:00:00+00:00;0.646;;
966771;unknown;control;2022-04-26 16:15:00+00:00;0.844;;
966771;unknown;control;2022-04-26 16:30:00+00:00;0.4;;
966771;unknown;control;2022-04-26 16:45:00+00:00;0.444;;
966771;unknown;control;2022-04-26 17:00:00+00:00;0.145;;
966771;unknown;control;2022-04-26 17:15:00+00:00;0.314;;
966771;unknown;control;2022-04-26 17:30:00+00:00;0.472;;
966771;unknown;control;2022-04-26 17:45:00+00:00;0.682;;
966771;unknown;control;2022-04-26 18:00:00+00:00;0.871;;
966771;unknown;control;2022-04-26 18:15:00+00:00;0.173;;
966771;unknown;control;2022-04-26 18:30:00+00:00;0.185;;
966771;unknown;control;2022-04-26 18:45:00+00:00;0.278;;
966771;unknown;control;2022-04-26 19:00:00+00:00;0.939;;
966771;unknown;control;2022-04-26 19:15:00+00:00;0.398;;
966771;unknown;control;2022-04-26 19:30:00+00:00;0.152;;
966771;unknown;control;2022-04-26 19:45:00+00:00;0.161;;
966771;unknown;control;2022-04-26 20:00:00+00:00;0.136;;
966771;unknown;control;2022-04-26 20:15:00+00:00;0.098;;
966771;unknown;control;2022-04-26 20:30:00+00:00;0.1;;
966771;unknown;control;2022-04-26 20:45:00+00:00;0.102;;
966771;unknown;control;2022-04-26 21:00:00+00:00;0.098;;
966771;unknown;control;2022-04-26 21:15:00+00:00;0.107;;
966771;unknown;control;2022-04-26 21:30:00+00:00;0.106;;
966771;unknown;control;2022-04-26 21:45:00+00:00;0.096;;
966771;unknown;control;2022-04-26 22:00:00+00:00;0.108;;
966771;unknown;control;2022-04-26 22:15:00+00:00;0.103;;
966771;unknown;control;2022-04-26 22:30:00+00:00;0.102;;
966771;unknown;control;2022-04-26 22:45:00+00:00;0.109;;
966771;unknown;control;2022-04-26 23:00:00+00:00;0.101;;
966771;unknown;control;2022-04-26 23:15:00+00:00;0.098;;
966771;unknown;control;2022-04-26 23:30:00+00:00;1.31;;
966771;unknown;control;2022-04-26 23:45:00+00:00;1.281;;
966771;unknown;control;2022-04-27 00:00:00+00:00;1.275;;
966771;unknown;control;2022-04-27 00:15:00+00:00;1.302;;
966771;unknown;control;2022-04-27 00:30:00+00:00;1.276;;
966771;unknown;control;2022-04-27 00:45:00+00:00;1.291;;
966771;unknown;control;2022-04-27 01:00:00+00:00;1.3;;
966771;unknown;control;2022-04-27 01:15:00+00:00;1.3;;
966771;unknown;control;2022-04-27 01:30:00+00:00;0.9;;
966771;unknown;control;2022-04-27 01:45:00+00:00;0.101;;
966771;unknown;control;2022-04-27 02:00:00+00:00;0.095;;
966771;unknown;control;2022-04-27 02:15:00+00:00;0.103;;
966771;unknown;control;2022-04-27 02:30:00+00:00;0.103;;
966771;unknown;control;2022-04-27 02:45:00+00:00;0.617;;
966771;unknown;control;2022-04-27 03:00:00+00:00;0.89;;
966771;unknown;control;2022-04-27 03:15:00+00:00;0.87;;
966771;unknown;control;2022-04-27 03:30:00+00:00;0.913;;
966771;unknown;control;2022-04-27 03:45:00+00:00;0.928;;
966771;unknown;control;2022-04-27 04:00:00+00:00;0.892;;
966771;unknown;control;2022-04-27 04:15:00+00:00;0.936;;
966771;unknown;control;2022-04-27 04:30:00+00:00;0.904;;
966771;unknown;control;2022-04-27 04:45:00+00:00;0.969;;
966771;unknown;control;2022-04-27 05:00:00+00:00;0.685;;
966771;unknown;control;2022-04-27 05:15:00+00:00;0.159;;
966771;unknown;control;2022-04-27 05:30:00+00:00;0.133;;
966771;unknown;control;2022-04-27 05:45:00+00:00;0.802;;
966771;unknown;control;2022-04-27 06:00:00+00:00;0.36;;
966771;unknown;control;2022-04-27 06:15:00+00:00;0.121;;
966771;unknown;control;2022-04-27 06:30:00+00:00;0.137;;
966771;unknown;control;2022-04-27 06:45:00+00:00;0.143;;
966771;unknown;control;2022-04-27 07:00:00+00:00;0.151;;
966771;unknown;control;2022-04-27 07:15:00+00:00;0.141;;
966771;unknown;control;2022-04-27 07:30:00+00:00;0.122;;
966771;unknown;control;2022-04-27 07:45:00+00:00;0.131;;
966771;unknown;control;2022-04-27 08:00:00+00:00;0.336;;
966771;unknown;control;2022-04-27 08:15:00+00:00;0.146;;
966771;unknown;control;2022-04-27 08:30:00+00:00;0.194;;
966771;unknown;control;2022-04-27 08:45:00+00:00;0.161;;
966771;unknown;control;2022-04-27 09:00:00+00:00;0.136;;
966771;unknown;control;2022-04-27 09:15:00+00:00;0.163;;
966771;unknown;control;2022-04-27 09:30:00+00:00;0.712;;
966771;unknown;control;2022-04-27 09:45:00+00:00;0.436;;
966771;unknown;control;2022-04-27 10:00:00+00:00;0.153;;
966771;unknown;control;2022-04-27 10:15:00+00:00;0.133;;
966771;unknown;control;2022-04-27 10:30:00+00:00;0.154;;
966771;unknown;control;2022-04-27 10:45:00+00:00;0.143;;
966771;unknown;control;2022-04-27 11:00:00+00:00;0.133;;
966771;unknown;control;2022-04-27 11:15:00+00:00;0.151;;
966771;unknown;control;2022-04-27 11:30:00+00:00;0.149;;
966771;unknown;control;2022-04-27 11:45:00+00:00;0.143;;
966771;unknown;control;2022-04-27 12:00:00+00:00;0.154;;
966771;unknown;control;2022-04-27 12:15:00+00:00;0.151;;
966771;unknown;control;2022-04-27 12:30:00+00:00;0.278;;
966771;unknown;control;2022-04-27 12:45:00+00:00;0.279;;
966771;unknown;control;2022-04-27 13:00:00+00:00;0.191;;
966771;unknown;control;2022-04-27 13:15:00+00:00;0.434;;
966771;unknown;control;2022-04-27 13:30:00+00:00;0.202;;
966771;unknown;control;2022-04-27 13:45:00+00:00;0.245;;
966771;unknown;control;2022-04-27 14:00:00+00:00;0.152;;
966771;unknown;control;2022-04-27 14:15:00+00:00;0.114;;
966771;unknown;control;2022-04-27 14:30:00+00:00;0.107;;
966771;unknown;control;2022-04-27 14:45:00+00:00;0.113;;
966771;unknown;control;2022-04-27 15:00:00+00:00;0.118;;
966771;unknown;control;2022-04-27 15:15:00+00:00;0.121;;
966771;unknown;control;2022-04-27 15:30:00+00:00;0.124;;
966771;unknown;control;2022-04-27 15:45:00+00:00;0.114;;
966771;unknown;control;2022-04-27 16:00:00+00:00;0.858;;
966771;unknown;control;2022-04-27 16:15:00+00:00;0.482;;
966771;unknown;control;2022-04-27 16:30:00+00:00;0.133;;
966771;unknown;control;2022-04-27 16:45:00+00:00;0.127;;
966771;unknown;control;2022-04-27 17:00:00+00:00;0.133;;
966771;unknown;control;2022-04-27 17:15:00+00:00;0.124;;
966771;unknown;control;2022-04-27 17:30:00+00:00;0.121;;
966771;unknown;control;2022-04-27 17:45:00+00:00;0.18;;
966771;unknown;control;2022-04-27 18:00:00+00:00;0.171;;
966771;unknown;control;2022-04-27 18:15:00+00:00;0.163;;
966771;unknown;control;2022-04-27 18:30:00+00:00;0.168;;
966771;unknown;control;2022-04-27 18:45:00+00:00;0.679;;
966771;unknown;control;2022-04-27 19:00:00+00:00;0.654;;
966771;unknown;control;2022-04-27 19:15:00+00:00;0.162;;
966771;unknown;control;2022-04-27 19:30:00+00:00;0.147;;
966771;unknown;control;2022-04-27 19:45:00+00:00;0.14;;
966771;unknown;control;2022-04-27 20:00:00+00:00;0.108;;
966771;unknown;control;2022-04-27 20:15:00+00:00;0.098;;
966771;unknown;control;2022-04-27 20:30:00+00:00;0.108;;
966771;unknown;control;2022-04-27 20:45:00+00:00;0.106;;
966771;unknown;control;2022-04-27 21:00:00+00:00;0.103;;
966771;unknown;control;2022-04-27 21:15:00+00:00;0.106;;
966771;unknown;control;2022-04-27 21:30:00+00:00;0.096;;
966771;unknown;control;2022-04-27 21:45:00+00:00;0.107;;
966771;unknown;control;2022-04-27 22:00:00+00:00;0.109;;
966771;unknown;control;2022-04-27 22:15:00+00:00;0.098;;
966771;unknown;control;2022-04-27 22:30:00+00:00;0.101;;
966771;unknown;control;2022-04-27 22:45:00+00:00;0.106;;
966771;unknown;control;2022-04-27 23:00:00+00:00;0.1;;
966771;unknown;control;2022-04-27 23:15:00+00:00;0.107;;
966771;unknown;control;2022-04-27 23:30:00+00:00;1.323;;
966771;unknown;control;2022-04-27 23:45:00+00:00;1.272;;
966771;unknown;control;2022-04-28 00:00:00+00:00;1.278;;
966771;unknown;control;2022-04-28 00:15:00+00:00;1.291;;
966771;unknown;control;2022-04-28 00:30:00+00:00;1.292;;
966771;unknown;control;2022-04-28 00:45:00+00:00;1.309;;
966771;unknown;control;2022-04-28 01:00:00+00:00;1.319;;
966771;unknown;control;2022-04-28 01:15:00+00:00;1.339;;
966771;unknown;control;2022-04-28 01:30:00+00:00;0.661;;
966771;unknown;control;2022-04-28 01:45:00+00:00;0.099;;
966771;unknown;control;2022-04-28 02:00:00+00:00;0.097;;
966771;unknown;control;2022-04-28 02:15:00+00:00;0.105;;
966771;unknown;control;2022-04-28 02:30:00+00:00;0.098;;
966771;unknown;control;2022-04-28 02:45:00+00:00;0.609;;
966771;unknown;control;2022-04-28 03:00:00+00:00;0.864;;
966771;unknown;control;2022-04-28 03:15:00+00:00;0.799;;
966771;unknown;control;2022-04-28 03:30:00+00:00;0.897;;
966771;unknown;control;2022-04-28 03:45:00+00:00;0.908;;
966771;unknown;control;2022-04-28 04:00:00+00:00;0.785;;
966771;unknown;control;2022-04-28 04:15:00+00:00;0.931;;
966771;unknown;control;2022-04-28 04:30:00+00:00;0.933;;
966771;unknown;control;2022-04-28 04:45:00+00:00;0.815;;
966771;unknown;control;2022-04-28 05:00:00+00:00;0.67;;
966771;unknown;control;2022-04-28 05:15:00+00:00;0.151;;
966771;unknown;control;2022-04-28 05:30:00+00:00;0.156;;
966771;unknown;control;2022-04-28 05:45:00+00:00;0.178;;
966771;unknown;control;2022-04-28 06:00:00+00:00;0.18;;
966771;unknown;control;2022-04-28 06:15:00+00:00;0.335;;
966771;unknown;control;2022-04-28 06:30:00+00:00;0.876;;
966771;unknown;control;2022-04-28 06:45:00+00:00;0.247;;
966771;unknown;control;2022-04-28 07:00:00+00:00;0.156;;
966771;unknown;control;2022-04-28 07:15:00+00:00;0.168;;
966771;unknown;control;2022-04-28 07:30:00+00:00;0.262;;
966771;unknown;control;2022-04-28 07:45:00+00:00;0.331;;
966771;unknown;control;2022-04-28 08:00:00+00:00;0.28;;
966771;unknown;control;2022-04-28 08:15:00+00:00;0.22;;
966771;unknown;control;2022-04-28 08:30:00+00:00;0.124;;
966771;unknown;control;2022-04-28 08:45:00+00:00;0.129;;
966771;unknown;control;2022-04-28 09:00:00+00:00;0.146;;
966771;unknown;control;2022-04-28 09:15:00+00:00;0.199;;
966771;unknown;control;2022-04-28 09:30:00+00:00;0.704;;
966771;unknown;control;2022-04-28 09:45:00+00:00;0.19;;
966771;unknown;control;2022-04-28 10:00:00+00:00;0.128;;
966771;unknown;control;2022-04-28 10:15:00+00:00;0.119;;
966771;unknown;control;2022-04-28 10:30:00+00:00;0.132;;
966771;unknown;control;2022-04-28 10:45:00+00:00;0.177;;
966771;unknown;control;2022-04-28 11:00:00+00:00;0.156;;
966771;unknown;control;2022-04-28 11:15:00+00:00;0.134;;
966771;unknown;control;2022-04-28 11:30:00+00:00;0.128;;
966771;unknown;control;2022-04-28 11:45:00+00:00;0.124;;
966771;unknown;control;2022-04-28 12:00:00+00:00;0.132;;
966771;unknown;control;2022-04-28 12:15:00+00:00;0.176;;
966771;unknown;control;2022-04-28 12:30:00+00:00;0.16;;
966771;unknown;control;2022-04-28 12:45:00+00:00;0.12;;
966771;unknown;control;2022-04-28 13:00:00+00:00;0.112;;
966771;unknown;control;2022-04-28 13:15:00+00:00;0.117;;
966771;unknown;control;2022-04-28 13:30:00+00:00;0.109;;
966771;unknown;control;2022-04-28 13:45:00+00:00;0.103;;
966771;unknown;control;2022-04-28 14:00:00+00:00;0.107;;
966771;unknown;control;2022-04-28 14:15:00+00:00;0.116;;
966771;unknown;control;2022-04-28 14:30:00+00:00;0.111;;
966771;unknown;control;2022-04-28 14:45:00+00:00;0.117;;
966771;unknown;control;2022-04-28 15:00:00+00:00;0.12;;
966771;unknown;control;2022-04-28 15:15:00+00:00;0.114;;
966771;unknown;control;2022-04-28 15:30:00+00:00;0.125;;
966771;unknown;control;2022-04-28 15:45:00+00:00;0.248;;
966771;unknown;control;2022-04-28 16:00:00+00:00;0.167;;
966771;unknown;control;2022-04-28 16:15:00+00:00;0.109;;
966771;unknown;control;2022-04-28 16:30:00+00:00;0.133;;
966771;unknown;control;2022-04-28 16:45:00+00:00;0.113;;
966771;unknown;control;2022-04-28 17:00:00+00:00;0.123;;
966771;unknown;control;2022-04-28 17:15:00+00:00;0.123;;
966771;unknown;control;2022-04-28 17:30:00+00:00;0.139;;
966771;unknown;control;2022-04-28 17:45:00+00:00;0.141;;
966771;unknown;control;2022-04-28 18:00:00+00:00;0.579;;
966771;unknown;control;2022-04-28 18:15:00+00:00;0.265;;
966771;unknown;control;2022-04-28 18:30:00+00:00;0.165;;
966771;unknown;control;2022-04-28 18:45:00+00:00;0.166;;
966771;unknown;control;2022-04-28 19:00:00+00:00;0.169;;
966771;unknown;control;2022-04-28 19:15:00+00:00;0.216;;
966771;unknown;control;2022-04-28 19:30:00+00:00;0.175;;
966771;unknown;control;2022-04-28 19:45:00+00:00;0.134;;
966771;unknown;control;2022-04-28 20:00:00+00:00;0.112;;
966771;unknown;control;2022-04-28 20:15:00+00:00;0.115;;
966771;unknown;control;2022-04-28 20:30:00+00:00;0.121;;
966771;unknown;control;2022-04-28 20:45:00+00:00;0.116;;
966771;unknown;control;2022-04-28 21:00:00+00:00;0.112;;
966771;unknown;control;2022-04-28 21:15:00+00:00;0.118;;
966771;unknown;control;2022-04-28 21:30:00+00:00;0.111;;
966771;unknown;control;2022-04-28 21:45:00+00:00;0.118;;
966771;unknown;control;2022-04-28 22:00:00+00:00;0.114;;
966771;unknown;control;2022-04-28 22:15:00+00:00;0.1;;
966771;unknown;control;2022-04-28 22:30:00+00:00;0.103;;
966771;unknown;control;2022-04-28 22:45:00+00:00;0.112;;
966771;unknown;control;2022-04-28 23:00:00+00:00;0.101;;
966771;unknown;control;2022-04-28 23:15:00+00:00;0.107;;
966771;unknown;control;2022-04-28 23:30:00+00:00;1.337;;
966771;unknown;control;2022-04-28 23:45:00+00:00;1.283;;
966771;unknown;control;2022-04-29 00:00:00+00:00;1.27;;
966771;unknown;control;2022-04-29 00:15:00+00:00;1.305;;
966771;unknown;control;2022-04-29 00:30:00+00:00;1.307;;
966771;unknown;control;2022-04-29 00:45:00+00:00;0.56;;
966771;unknown;control;2022-04-29 01:00:00+00:00;0.1;;
966771;unknown;control;2022-04-29 01:15:00+00:00;0.104;;
966771;unknown;control;2022-04-29 01:30:00+00:00;0.109;;
966771;unknown;control;2022-04-29 01:45:00+00:00;0.103;;
966771;unknown;control;2022-04-29 02:00:00+00:00;0.101;;
966771;unknown;control;2022-04-29 02:15:00+00:00;0.105;;
966771;unknown;control;2022-04-29 02:30:00+00:00;0.102;;
966771;unknown;control;2022-04-29 02:45:00+00:00;0.608;;
966771;unknown;control;2022-04-29 03:00:00+00:00;0.857;;
966771;unknown;control;2022-04-29 03:15:00+00:00;0.8;;
966771;unknown;control;2022-04-29 03:30:00+00:00;0.889;;
966771;unknown;control;2022-04-29 03:45:00+00:00;0.905;;
966771;unknown;control;2022-04-29 04:00:00+00:00;0.772;;
966771;unknown;control;2022-04-29 04:15:00+00:00;0.897;;
966771;unknown;control;2022-04-29 04:30:00+00:00;0.965;;
966771;unknown;control;2022-04-29 04:45:00+00:00;0.991;;
966771;unknown;control;2022-04-29 05:00:00+00:00;1.06;;
966771;unknown;control;2022-04-29 05:15:00+00:00;0.178;;
966771;unknown;control;2022-04-29 05:30:00+00:00;0.17;;
966771;unknown;control;2022-04-29 05:45:00+00:00;0.2;;
966771;unknown;control;2022-04-29 06:00:00+00:00;0.46;;
966771;unknown;control;2022-04-29 06:15:00+00:00;0.47;;
966771;unknown;control;2022-04-29 06:30:00+00:00;0.132;;
966771;unknown;control;2022-04-29 06:45:00+00:00;0.113;;
966771;unknown;control;2022-04-29 07:00:00+00:00;0.46;;
966771;unknown;control;2022-04-29 07:15:00+00:00;0.237;;
966771;unknown;control;2022-04-29 07:30:00+00:00;0.108;;
966771;unknown;control;2022-04-29 07:45:00+00:00;0.121;;
966771;unknown;control;2022-04-29 08:00:00+00:00;0.123;;
966771;unknown;control;2022-04-29 08:15:00+00:00;0.115;;
966771;unknown;control;2022-04-29 08:30:00+00:00;0.229;;
966771;unknown;control;2022-04-29 08:45:00+00:00;0.245;;
966771;unknown;control;2022-04-29 09:00:00+00:00;0.268;;
966771;unknown;control;2022-04-29 09:15:00+00:00;0.419;;
966771;unknown;control;2022-04-29 09:30:00+00:00;0.347;;
966771;unknown;control;2022-04-29 09:45:00+00:00;0.124;;
966771;unknown;control;2022-04-29 10:00:00+00:00;0.113;;
966771;unknown;control;2022-04-29 10:15:00+00:00;0.107;;
966771;unknown;control;2022-04-29 10:30:00+00:00;0.12;;
966771;unknown;control;2022-04-29 10:45:00+00:00;0.116;;
966771;unknown;control;2022-04-29 11:00:00+00:00;0.125;;
966771;unknown;control;2022-04-29 11:15:00+00:00;0.112;;
966771;unknown;control;2022-04-29 11:30:00+00:00;0.11;;
966771;unknown;control;2022-04-29 11:45:00+00:00;0.111;;
966771;unknown;control;2022-04-29 12:00:00+00:00;0.117;;
966771;unknown;control;2022-04-29 12:15:00+00:00;0.118;;
966771;unknown;control;2022-04-29 12:30:00+00:00;0.121;;
966771;unknown;control;2022-04-29 12:45:00+00:00;0.12;;
966771;unknown;control;2022-04-29 13:00:00+00:00;0.122;;
966771;unknown;control;2022-04-29 13:15:00+00:00;0.117;;
966771;unknown;control;2022-04-29 13:30:00+00:00;0.131;;
966771;unknown;control;2022-04-29 13:45:00+00:00;0.111;;
966771;unknown;control;2022-04-29 14:00:00+00:00;0.155;;
966771;unknown;control;2022-04-29 14:15:00+00:00;0.166;;
966771;unknown;control;2022-04-29 14:30:00+00:00;0.112;;
966771;unknown;control;2022-04-29 14:45:00+00:00;0.111;;
966771;unknown;control;2022-04-29 15:00:00+00:00;0.105;;
966771;unknown;control;2022-04-29 15:15:00+00:00;0.109;;
966771;unknown;control;2022-04-29 15:30:00+00:00;0.121;;
966771;unknown;control;2022-04-29 15:45:00+00:00;0.211;;
966771;unknown;control;2022-04-29 16:00:00+00:00;0.442;;
966771;unknown;control;2022-04-29 16:15:00+00:00;0.254;;
966771;unknown;control;2022-04-29 16:30:00+00:00;0.243;;
966771;unknown;control;2022-04-29 16:45:00+00:00;0.247;;
966771;unknown;control;2022-04-29 17:00:00+00:00;0.33;;
966771;unknown;control;2022-04-29 17:15:00+00:00;0.276;;
966771;unknown;control;2022-04-29 17:30:00+00:00;0.199;;
966771;unknown;control;2022-04-29 17:45:00+00:00;0.114;;
966771;unknown;control;2022-04-29 18:00:00+00:00;0.126;;
966771;unknown;control;2022-04-29 18:15:00+00:00;0.304;;
966771;unknown;control;2022-04-29 18:30:00+00:00;0.602;;
966771;unknown;control;2022-04-29 18:45:00+00:00;0.176;;
966771;unknown;control;2022-04-29 19:00:00+00:00;0.178;;
966771;unknown;control;2022-04-29 19:15:00+00:00;0.164;;
966771;unknown;control;2022-04-29 19:30:00+00:00;0.146;;
966771;unknown;control;2022-04-29 19:45:00+00:00;0.151;;
966771;unknown;control;2022-04-29 20:00:00+00:00;0.138;;
966771;unknown;control;2022-04-29 20:15:00+00:00;0.14;;
966771;unknown;control;2022-04-29 20:30:00+00:00;0.112;;
966771;unknown;control;2022-04-29 20:45:00+00:00;0.105;;
966771;unknown;control;2022-04-29 21:00:00+00:00;0.103;;
966771;unknown;control;2022-04-29 21:15:00+00:00;0.113;;
966771;unknown;control;2022-04-29 21:30:00+00:00;0.099;;
966771;unknown;control;2022-04-29 21:45:00+00:00;0.11;;
966771;unknown;control;2022-04-29 22:00:00+00:00;0.11;;
966771;unknown;control;2022-04-29 22:15:00+00:00;0.103;;
966771;unknown;control;2022-04-29 22:30:00+00:00;0.11;;
966771;unknown;control;2022-04-29 22:45:00+00:00;0.1;;
966771;unknown;control;2022-04-29 23:00:00+00:00;0.095;;
966771;unknown;control;2022-04-29 23:15:00+00:00;0.111;;
966771;unknown;control;2022-04-29 23:30:00+00:00;1.332;;
966771;unknown;control;2022-04-29 23:45:00+00:00;1.286;;
966771;unknown;control;2022-04-30 00:00:00+00:00;1.315;;
966771;unknown;control;2022-04-30 00:15:00+00:00;1.328;;
966771;unknown;control;2022-04-30 00:30:00+00:00;1.342;;
966771;unknown;control;2022-04-30 00:45:00+00:00;0.74;;
966771;unknown;control;2022-04-30 01:00:00+00:00;0.101;;
966771;unknown;control;2022-04-30 01:15:00+00:00;0.108;;
966771;unknown;control;2022-04-30 01:30:00+00:00;0.107;;
966771;unknown;control;2022-04-30 01:45:00+00:00;0.099;;
966771;unknown;control;2022-04-30 02:00:00+00:00;0.104;;
966771;unknown;control;2022-04-30 02:15:00+00:00;0.106;;
966771;unknown;control;2022-04-30 02:30:00+00:00;0.102;;
966771;unknown;control;2022-04-30 02:45:00+00:00;0.626;;
966771;unknown;control;2022-04-30 03:00:00+00:00;0.879;;
966771;unknown;control;2022-04-30 03:15:00+00:00;0.887;;
966771;unknown;control;2022-04-30 03:30:00+00:00;0.335;;
966771;unknown;control;2022-04-30 03:45:00+00:00;0.121;;
966771;unknown;control;2022-04-30 04:00:00+00:00;0.125;;
966771;unknown;control;2022-04-30 04:15:00+00:00;0.496;;
966771;unknown;control;2022-04-30 04:30:00+00:00;0.901;;
966771;unknown;control;2022-04-30 04:45:00+00:00;0.304;;
966771;unknown;control;2022-04-30 05:00:00+00:00;0.121;;
966771;unknown;control;2022-04-30 05:15:00+00:00;0.12;;
966771;unknown;control;2022-04-30 05:30:00+00:00;0.131;;
966771;unknown;control;2022-04-30 05:45:00+00:00;0.123;;
966771;unknown;control;2022-04-30 06:00:00+00:00;0.104;;
966771;unknown;control;2022-04-30 06:15:00+00:00;0.392;;
966771;unknown;control;2022-04-30 06:30:00+00:00;0.171;;
966771;unknown;control;2022-04-30 06:45:00+00:00;0.181;;
966771;unknown;control;2022-04-30 07:00:00+00:00;0.139;;
966771;unknown;control;2022-04-30 07:15:00+00:00;0.137;;
966771;unknown;control;2022-04-30 07:30:00+00:00;0.112;;
966771;unknown;control;2022-04-30 07:45:00+00:00;0.126;;
966771;unknown;control;2022-04-30 08:00:00+00:00;0.108;;
966771;unknown;control;2022-04-30 08:15:00+00:00;0.11;;
966771;unknown;control;2022-04-30 08:30:00+00:00;0.118;;
966771;unknown;control;2022-04-30 08:45:00+00:00;0.103;;
966771;unknown;control;2022-04-30 09:00:00+00:00;0.11;;
966771;unknown;control;2022-04-30 09:15:00+00:00;0.11;;
966771;unknown;control;2022-04-30 09:30:00+00:00;0.106;;
966771;unknown;control;2022-04-30 09:45:00+00:00;0.124;;
966771;unknown;control;2022-04-30 10:00:00+00:00;0.108;;
966771;unknown;control;2022-04-30 10:15:00+00:00;0.104;;
966771;unknown;control;2022-04-30 10:30:00+00:00;0.122;;
966771;unknown;control;2022-04-30 10:45:00+00:00;0.112;;
966771;unknown;control;2022-04-30 11:00:00+00:00;0.137;;
966771;unknown;control;2022-04-30 11:15:00+00:00;0.271;;
966771;unknown;control;2022-04-30 11:30:00+00:00;0.748;;
966771;unknown;control;2022-04-30 11:45:00+00:00;0.149;;
966771;unknown;control;2022-04-30 12:00:00+00:00;0.16;;
966771;unknown;control;2022-04-30 12:15:00+00:00;0.161;;
966771;unknown;control;2022-04-30 12:30:00+00:00;0.649;;
966771;unknown;control;2022-04-30 12:45:00+00:00;0.328;;
966771;unknown;control;2022-04-30 13:00:00+00:00;0.292;;
966771;unknown;control;2022-04-30 13:15:00+00:00;0.173;;
966771;unknown;control;2022-04-30 13:30:00+00:00;0.141;;
966771;unknown;control;2022-04-30 13:45:00+00:00;0.137;;
966771;unknown;control;2022-04-30 14:00:00+00:00;0.123;;
966771;unknown;control;2022-04-30 14:15:00+00:00;0.108;;
966771;unknown;control;2022-04-30 14:30:00+00:00;0.118;;
966771;unknown;control;2022-04-30 14:45:00+00:00;0.118;;
966771;unknown;control;2022-04-30 15:00:00+00:00;0.133;;
966771;unknown;control;2022-04-30 15:15:00+00:00;0.147;;
966771;unknown;control;2022-04-30 15:30:00+00:00;0.151;;
966771;unknown;control;2022-04-30 15:45:00+00:00;0.588;;
966771;unknown;control;2022-04-30 16:00:00+00:00;0.917;;
966771;unknown;control;2022-04-30 16:15:00+00:00;0.844;;
966771;unknown;control;2022-04-30 16:30:00+00:00;0.118;;
966771;unknown;control;2022-04-30 16:45:00+00:00;0.128;;
966771;unknown;control;2022-04-30 17:00:00+00:00;0.13;;
966771;unknown;control;2022-04-30 17:15:00+00:00;0.129;;
966771;unknown;control;2022-04-30 17:30:00+00:00;0.134;;
966771;unknown;control;2022-04-30 17:45:00+00:00;0.133;;
966771;unknown;control;2022-04-30 18:00:00+00:00;0.121;;
966771;unknown;control;2022-04-30 18:15:00+00:00;0.148;;
966771;unknown;control;2022-04-30 18:30:00+00:00;0.869;;
966771;unknown;control;2022-04-30 18:45:00+00:00;0.423;;
966771;unknown;control;2022-04-30 19:00:00+00:00;0.138;;
966771;unknown;control;2022-04-30 19:15:00+00:00;0.121;;
966771;unknown;control;2022-04-30 19:30:00+00:00;0.12;;
966771;unknown;control;2022-04-30 19:45:00+00:00;0.126;;
966771;unknown;control;2022-04-30 20:00:00+00:00;0.104;;
966771;unknown;control;2022-04-30 20:15:00+00:00;0.111;;
966771;unknown;control;2022-04-30 20:30:00+00:00;0.107;;
966771;unknown;control;2022-04-30 20:45:00+00:00;0.097;;
966771;unknown;control;2022-04-30 21:00:00+00:00;0.108;;
966771;unknown;control;2022-04-30 21:15:00+00:00;0.106;;
966771;unknown;control;2022-04-30 21:30:00+00:00;0.105;;
966771;unknown;control;2022-04-30 21:45:00+00:00;0.108;;
966771;unknown;control;2022-04-30 22:00:00+00:00;0.101;;
966771;unknown;control;2022-04-30 22:15:00+00:00;0.104;;
966771;unknown;control;2022-04-30 22:30:00+00:00;0.111;;
966771;unknown;control;2022-04-30 22:45:00+00:00;0.101;;
966771;unknown;control;2022-04-30 23:00:00+00:00;0.108;;
966771;unknown;control;2022-04-30 23:15:00+00:00;0.128;;
966771;unknown;control;2022-04-30 23:30:00+00:00;1.327;;
966771;unknown;control;2022-04-30 23:45:00+00:00;1.3;;
966771;unknown;control;2022-05-01 00:00:00+00:00;1.287;;
966771;unknown;control;2022-05-01 00:15:00+00:00;1.291;;
966771;unknown;control;2022-05-01 00:30:00+00:00;1.321;;
966771;unknown;control;2022-05-01 00:45:00+00:00;1.321;;
966771;unknown;control;2022-05-01 01:00:00+00:00;1.324;;
966771;unknown;control;2022-05-01 01:15:00+00:00;0.109;;
966771;unknown;control;2022-05-01 01:30:00+00:00;0.104;;
966771;unknown;control;2022-05-01 01:45:00+00:00;0.109;;
966771;unknown;control;2022-05-01 02:00:00+00:00;0.109;;
966771;unknown;control;2022-05-01 02:15:00+00:00;0.1;;
966771;unknown;control;2022-05-01 02:30:00+00:00;0.105;;
966771;unknown;control;2022-05-01 02:45:00+00:00;0.632;;
966771;unknown;control;2022-05-01 03:00:00+00:00;0.882;;
966771;unknown;control;2022-05-01 03:15:00+00:00;0.885;;
966771;unknown;control;2022-05-01 03:30:00+00:00;0.77;;
966771;unknown;control;2022-05-01 03:45:00+00:00;0.119;;
966771;unknown;control;2022-05-01 04:00:00+00:00;0.559;;
966771;unknown;control;2022-05-01 04:15:00+00:00;0.905;;
966771;unknown;control;2022-05-01 04:30:00+00:00;0.271;;
966771;unknown;control;2022-05-01 04:45:00+00:00;0.131;;
966771;unknown;control;2022-05-01 05:00:00+00:00;0.734;;
966771;unknown;control;2022-05-01 05:15:00+00:00;0.706;;
966771;unknown;control;2022-05-01 05:30:00+00:00;0.124;;
966771;unknown;control;2022-05-01 05:45:00+00:00;0.12;;
966771;unknown;control;2022-05-01 06:00:00+00:00;0.824;;
966771;unknown;control;2022-05-01 06:15:00+00:00;0.54;;
966771;unknown;control;2022-05-01 06:30:00+00:00;0.118;;
966771;unknown;control;2022-05-01 06:45:00+00:00;0.106;;
966771;unknown;control;2022-05-01 07:00:00+00:00;0.116;;
966771;unknown;control;2022-05-01 07:15:00+00:00;0.107;;
966771;unknown;control;2022-05-01 07:30:00+00:00;0.114;;
966771;unknown;control;2022-05-01 07:45:00+00:00;0.113;;
966771;unknown;control;2022-05-01 08:00:00+00:00;0.119;;
966771;unknown;control;2022-05-01 08:15:00+00:00;0.463;;
966771;unknown;control;2022-05-01 08:30:00+00:00;0.203;;
966771;unknown;control;2022-05-01 08:45:00+00:00;0.248;;
966771;unknown;control;2022-05-01 09:00:00+00:00;0.137;;
966771;unknown;control;2022-05-01 09:15:00+00:00;0.124;;
966771;unknown;control;2022-05-01 09:30:00+00:00;0.112;;
966771;unknown;control;2022-05-01 09:45:00+00:00;0.659;;
966771;unknown;control;2022-05-01 10:00:00+00:00;0.158;;
966771;unknown;control;2022-05-01 10:15:00+00:00;0.133;;
966771;unknown;control;2022-05-01 10:30:00+00:00;0.132;;
966771;unknown;control;2022-05-01 10:45:00+00:00;0.131;;
966771;unknown;control;2022-05-01 11:00:00+00:00;0.159;;
966771;unknown;control;2022-05-01 11:15:00+00:00;0.563;;
966771;unknown;control;2022-05-01 11:30:00+00:00;0.341;;
966771;unknown;control;2022-05-01 11:45:00+00:00;0.152;;
966771;unknown;control;2022-05-01 12:00:00+00:00;0.141;;
966771;unknown;control;2022-05-01 12:15:00+00:00;0.597;;
966771;unknown;control;2022-05-01 12:30:00+00:00;0.124;;
966771;unknown;control;2022-05-01 12:45:00+00:00;0.109;;
966771;unknown;control;2022-05-01 13:00:00+00:00;0.113;;
966771;unknown;control;2022-05-01 13:15:00+00:00;0.119;;
966771;unknown;control;2022-05-01 13:30:00+00:00;0.393;;
966771;unknown;control;2022-05-01 13:45:00+00:00;0.536;;
966771;unknown;control;2022-05-01 14:00:00+00:00;0.392;;
966771;unknown;control;2022-05-01 14:15:00+00:00;0.214;;
966771;unknown;control;2022-05-01 14:30:00+00:00;0.274;;
966771;unknown;control;2022-05-01 14:45:00+00:00;0.234;;
966771;unknown;control;2022-05-01 15:00:00+00:00;0.247;;
966771;unknown;control;2022-05-01 15:15:00+00:00;0.35;;
966771;unknown;control;2022-05-01 15:30:00+00:00;0.666;;
966771;unknown;control;2022-05-01 15:45:00+00:00;0.383;;
966771;unknown;control;2022-05-01 16:00:00+00:00;0.16;;
966771;unknown;control;2022-05-01 16:15:00+00:00;0.212;;
966771;unknown;control;2022-05-01 16:30:00+00:00;0.21;;
966771;unknown;control;2022-05-01 16:45:00+00:00;0.232;;
966771;unknown;control;2022-05-01 17:00:00+00:00;0.544;;
966771;unknown;control;2022-05-01 17:15:00+00:00;0.713;;
966771;unknown;control;2022-05-01 17:30:00+00:00;0.232;;
966771;unknown;control;2022-05-01 17:45:00+00:00;0.158;;
966771;unknown;control;2022-05-01 18:00:00+00:00;0.166;;
966771;unknown;control;2022-05-01 18:15:00+00:00;0.248;;
966771;unknown;control;2022-05-01 18:30:00+00:00;0.245;;
966771;unknown;control;2022-05-01 18:45:00+00:00;0.434;;
966771;unknown;control;2022-05-01 19:00:00+00:00;0.952;;
966771;unknown;control;2022-05-01 19:15:00+00:00;0.342;;
966771;unknown;control;2022-05-01 19:30:00+00:00;0.146;;
966771;unknown;control;2022-05-01 19:45:00+00:00;0.135;;
966771;unknown;control;2022-05-01 20:00:00+00:00;0.106;;
966771;unknown;control;2022-05-01 20:15:00+00:00;0.118;;
966771;unknown;control;2022-05-01 20:30:00+00:00;0.108;;
966771;unknown;control;2022-05-01 20:45:00+00:00;0.106;;
966771;unknown;control;2022-05-01 21:00:00+00:00;0.111;;
966771;unknown;control;2022-05-01 21:15:00+00:00;0.11;;
966771;unknown;control;2022-05-01 21:30:00+00:00;0.109;;
966771;unknown;control;2022-05-01 21:45:00+00:00;0.113;;
966771;unknown;control;2022-05-01 22:00:00+00:00;0.099;;
966771;unknown;control;2022-05-01 22:15:00+00:00;0.101;;
966771;unknown;control;2022-05-01 22:30:00+00:00;0.112;;
966771;unknown;control;2022-05-01 22:45:00+00:00;0.103;;
966771;unknown;control;2022-05-01 23:00:00+00:00;0.112;;
966771;unknown;control;2022-05-01 23:15:00+00:00;0.103;;
966771;unknown;control;2022-05-01 23:30:00+00:00;1.311;;
966771;unknown;control;2022-05-01 23:45:00+00:00;1.305;;
966771;unknown;control;2022-05-02 00:00:00+00:00;1.295;;
966771;unknown;control;2022-05-02 00:15:00+00:00;1.31;;
966771;unknown;control;2022-05-02 00:30:00+00:00;1.328;;
966771;unknown;control;2022-05-02 00:45:00+00:00;1.324;;
966771;unknown;control;2022-05-02 01:00:00+00:00;1.343;;
966771;unknown;control;2022-05-02 01:15:00+00:00;1.365;;
966771;unknown;control;2022-05-02 01:30:00+00:00;1.355;;
966771;unknown;control;2022-05-02 01:45:00+00:00;1.358;;
966771;unknown;control;2022-05-02 02:00:00+00:00;1.365;;
966771;unknown;control;2022-05-02 02:15:00+00:00;1.363;;
966771;unknown;control;2022-05-02 02:30:00+00:00;1.107;;
966771;unknown;control;2022-05-02 02:45:00+00:00;0.62;;
966771;unknown;control;2022-05-02 03:00:00+00:00;0.865;;
966771;unknown;control;2022-05-02 03:15:00+00:00;0.866;;
966771;unknown;control;2022-05-02 03:30:00+00:00;0.898;;
966771;unknown;control;2022-05-02 03:45:00+00:00;0.914;;
966771;unknown;control;2022-05-02 04:00:00+00:00;0.948;;
966771;unknown;control;2022-05-02 04:15:00+00:00;0.912;;
966771;unknown;control;2022-05-02 04:30:00+00:00;0.932;;
966771;unknown;control;2022-05-02 04:45:00+00:00;1.335;;
966771;unknown;control;2022-05-02 05:00:00+00:00;0.187;;
966771;unknown;control;2022-05-02 05:15:00+00:00;0.174;;
966771;unknown;control;2022-05-02 05:30:00+00:00;0.179;;
966771;unknown;control;2022-05-02 05:45:00+00:00;0.116;;
966771;unknown;control;2022-05-02 06:00:00+00:00;0.148;;
966771;unknown;control;2022-05-02 06:15:00+00:00;0.551;;
966771;unknown;control;2022-05-02 06:30:00+00:00;0.146;;
966771;unknown;control;2022-05-02 06:45:00+00:00;0.15;;
966771;unknown;control;2022-05-02 07:00:00+00:00;0.178;;
966771;unknown;control;2022-05-02 07:15:00+00:00;0.161;;
966771;unknown;control;2022-05-02 07:30:00+00:00;0.496;;
966771;unknown;control;2022-05-02 07:45:00+00:00;0.136;;
966771;unknown;control;2022-05-02 08:00:00+00:00;0.386;;
966771;unknown;control;2022-05-02 08:15:00+00:00;0.871;;
966771;unknown;control;2022-05-02 08:30:00+00:00;0.373;;
966771;unknown;control;2022-05-02 08:45:00+00:00;0.173;;
966771;unknown;control;2022-05-02 09:00:00+00:00;0.224;;
966771;unknown;control;2022-05-02 09:15:00+00:00;0.184;;
966771;unknown;control;2022-05-02 09:30:00+00:00;0.944;;
966771;unknown;control;2022-05-02 09:45:00+00:00;0.381;;
966771;unknown;control;2022-05-02 10:00:00+00:00;0.155;;
966771;unknown;control;2022-05-02 10:15:00+00:00;0.127;;
966771;unknown;control;2022-05-02 10:30:00+00:00;0.132;;
966771;unknown;control;2022-05-02 10:45:00+00:00;0.125;;
966771;unknown;control;2022-05-02 11:00:00+00:00;0.207;;
966771;unknown;control;2022-05-02 11:15:00+00:00;0.681;;
966771;unknown;control;2022-05-02 11:30:00+00:00;0.464;;
966771;unknown;control;2022-05-02 11:45:00+00:00;0.3;;
966771;unknown;control;2022-05-02 12:00:00+00:00;0.379;;
966771;unknown;control;2022-05-02 12:15:00+00:00;0.401;;
966771;unknown;control;2022-05-02 12:30:00+00:00;0.103;;
966771;unknown;control;2022-05-02 12:45:00+00:00;0.118;;
966771;unknown;control;2022-05-02 13:00:00+00:00;0.114;;
966771;unknown;control;2022-05-02 13:15:00+00:00;0.107;;
966771;unknown;control;2022-05-02 13:30:00+00:00;0.112;;
966771;unknown;control;2022-05-02 13:45:00+00:00;0.108;;
966771;unknown;control;2022-05-02 14:00:00+00:00;0.109;;
966771;unknown;control;2022-05-02 14:15:00+00:00;0.111;;
966771;unknown;control;2022-05-02 14:30:00+00:00;0.104;;
966771;unknown;control;2022-05-02 14:45:00+00:00;0.109;;
966771;unknown;control;2022-05-02 15:00:00+00:00;0.109;;
966771;unknown;control;2022-05-02 15:15:00+00:00;0.107;;
966771;unknown;control;2022-05-02 15:30:00+00:00;0.118;;
966771;unknown;control;2022-05-02 15:45:00+00:00;0.117;;
966771;unknown;control;2022-05-02 16:00:00+00:00;0.124;;
966771;unknown;control;2022-05-02 16:15:00+00:00;0.111;;
966771;unknown;control;2022-05-02 16:30:00+00:00;0.111;;
966771;unknown;control;2022-05-02 16:45:00+00:00;0.113;;
966771;unknown;control;2022-05-02 17:00:00+00:00;0.113;;
966771;unknown;control;2022-05-02 17:15:00+00:00;0.101;;
966771;unknown;control;2022-05-02 17:30:00+00:00;0.102;;
966771;unknown;control;2022-05-02 17:45:00+00:00;0.505;;
966771;unknown;control;2022-05-02 18:00:00+00:00;0.443;;
966771;unknown;control;2022-05-02 18:15:00+00:00;0.131;;
966771;unknown;control;2022-05-02 18:30:00+00:00;0.164;;
966771;unknown;control;2022-05-02 18:45:00+00:00;0.231;;
966771;unknown;control;2022-05-02 19:00:00+00:00;0.572;;
966771;unknown;control;2022-05-02 19:15:00+00:00;0.423;;
966771;unknown;control;2022-05-02 19:30:00+00:00;0.214;;
966771;unknown;control;2022-05-02 19:45:00+00:00;0.215;;
966771;unknown;control;2022-05-02 20:00:00+00:00;0.192;;
966771;unknown;control;2022-05-02 20:15:00+00:00;0.195;;
966771;unknown;control;2022-05-02 20:30:00+00:00;0.204;;
966771;unknown;control;2022-05-02 20:45:00+00:00;0.129;;
966771;unknown;control;2022-05-02 21:00:00+00:00;0.101;;
966771;unknown;control;2022-05-02 21:15:00+00:00;0.112;;
966771;unknown;control;2022-05-02 21:30:00+00:00;0.101;;
966771;unknown;control;2022-05-02 21:45:00+00:00;0.103;;
966771;unknown;control;2022-05-02 22:00:00+00:00;0.105;;
966771;unknown;control;2022-05-02 22:15:00+00:00;0.097;;
966771;unknown;control;2022-05-02 22:30:00+00:00;0.103;;
966771;unknown;control;2022-05-02 22:45:00+00:00;0.104;;
966771;unknown;control;2022-05-02 23:00:00+00:00;0.1;;
966771;unknown;control;2022-05-02 23:15:00+00:00;0.104;;
966771;unknown;control;2022-05-02 23:30:00+00:00;1.321;;
966771;unknown;control;2022-05-02 23:45:00+00:00;1.278;;
966771;unknown;control;2022-05-03 00:00:00+00:00;1.266;;
966771;unknown;control;2022-05-03 00:15:00+00:00;1.276;;
966771;unknown;control;2022-05-03 00:30:00+00:00;1.303;;
966771;unknown;control;2022-05-03 00:45:00+00:00;1.335;;
966771;unknown;control;2022-05-03 01:00:00+00:00;1.322;;
966771;unknown;control;2022-05-03 01:15:00+00:00;0.154;;
966771;unknown;control;2022-05-03 01:30:00+00:00;0.105;;
966771;unknown;control;2022-05-03 01:45:00+00:00;0.097;;
966771;unknown;control;2022-05-03 02:00:00+00:00;0.11;;
966771;unknown;control;2022-05-03 02:15:00+00:00;0.1;;
966771;unknown;control;2022-05-03 02:30:00+00:00;0.095;;
966771;unknown;control;2022-05-03 02:45:00+00:00;0.622;;
966771;unknown;control;2022-05-03 03:00:00+00:00;0.864;;
966771;unknown;control;2022-05-03 03:15:00+00:00;0.858;;
966771;unknown;control;2022-05-03 03:30:00+00:00;0.904;;
966771;unknown;control;2022-05-03 03:45:00+00:00;0.903;;
966771;unknown;control;2022-05-03 04:00:00+00:00;0.883;;
966771;unknown;control;2022-05-03 04:15:00+00:00;0.929;;
966771;unknown;control;2022-05-03 04:30:00+00:00;0.622;;
966771;unknown;control;2022-05-03 04:45:00+00:00;0.144;;
966771;unknown;control;2022-05-03 05:00:00+00:00;0.144;;
966771;unknown;control;2022-05-03 05:15:00+00:00;0.115;;
966771;unknown;control;2022-05-03 05:30:00+00:00;0.131;;
966771;unknown;control;2022-05-03 05:45:00+00:00;0.13;;
966771;unknown;control;2022-05-03 06:00:00+00:00;0.118;;
966771;unknown;control;2022-05-03 06:15:00+00:00;0.126;;
966771;unknown;control;2022-05-03 06:30:00+00:00;0.112;;
966771;unknown;control;2022-05-03 06:45:00+00:00;0.102;;
966771;unknown;control;2022-05-03 07:00:00+00:00;0.112;;
966771;unknown;control;2022-05-03 07:15:00+00:00;0.106;;
966771;unknown;control;2022-05-03 07:30:00+00:00;0.106;;
966771;unknown;control;2022-05-03 07:45:00+00:00;0.106;;
966771;unknown;control;2022-05-03 08:00:00+00:00;0.114;;
966771;unknown;control;2022-05-03 08:15:00+00:00;0.123;;
966771;unknown;control;2022-05-03 08:30:00+00:00;0.108;;
966771;unknown;control;2022-05-03 08:45:00+00:00;0.128;;
966771;unknown;control;2022-05-03 09:00:00+00:00;0.123;;
966771;unknown;control;2022-05-03 09:15:00+00:00;0.107;;
966771;unknown;control;2022-05-03 09:30:00+00:00;0.103;;
966771;unknown;control;2022-05-03 09:45:00+00:00;0.119;;
966771;unknown;control;2022-05-03 10:00:00+00:00;0.37;;
966771;unknown;control;2022-05-03 10:15:00+00:00;0.546;;
966771;unknown;control;2022-05-03 10:30:00+00:00;0.123;;
966771;unknown;control;2022-05-03 10:45:00+00:00;0.136;;
966771;unknown;control;2022-05-03 11:00:00+00:00;0.115;;
966771;unknown;control;2022-05-03 11:15:00+00:00;0.121;;
966771;unknown;control;2022-05-03 11:30:00+00:00;0.124;;
966771;unknown;control;2022-05-03 11:45:00+00:00;0.119;;
966771;unknown;control;2022-05-03 12:00:00+00:00;0.114;;
966771;unknown;control;2022-05-03 12:15:00+00:00;0.109;;
966771;unknown;control;2022-05-03 12:30:00+00:00;0.115;;
966771;unknown;control;2022-05-03 12:45:00+00:00;0.11;;
966771;unknown;control;2022-05-03 13:00:00+00:00;0.115;;
966771;unknown;control;2022-05-03 13:15:00+00:00;0.111;;
966771;unknown;control;2022-05-03 13:30:00+00:00;0.102;;
966771;unknown;control;2022-05-03 13:45:00+00:00;0.11;;
966771;unknown;control;2022-05-03 14:00:00+00:00;0.11;;
966771;unknown;control;2022-05-03 14:15:00+00:00;0.109;;
966771;unknown;control;2022-05-03 14:30:00+00:00;0.114;;
966771;unknown;control;2022-05-03 14:45:00+00:00;0.112;;
966771;unknown;control;2022-05-03 15:00:00+00:00;0.104;;
966771;unknown;control;2022-05-03 15:15:00+00:00;0.123;;
966771;unknown;control;2022-05-03 15:30:00+00:00;0.121;;
966771;unknown;control;2022-05-03 15:45:00+00:00;0.128;;
966771;unknown;control;2022-05-03 16:00:00+00:00;0.113;;
966771;unknown;control;2022-05-03 16:15:00+00:00;0.122;;
966771;unknown;control;2022-05-03 16:30:00+00:00;0.111;;
966771;unknown;control;2022-05-03 16:45:00+00:00;0.115;;
966771;unknown;control;2022-05-03 17:00:00+00:00;0.117;;
966771;unknown;control;2022-05-03 17:15:00+00:00;0.116;;
966771;unknown;control;2022-05-03 17:30:00+00:00;0.108;;
966771;unknown;control;2022-05-03 17:45:00+00:00;0.104;;
966771;unknown;control;2022-05-03 18:00:00+00:00;0.14;;
966771;unknown;control;2022-05-03 18:15:00+00:00;0.141;;
966771;unknown;control;2022-05-03 18:30:00+00:00;0.719;;
966771;unknown;control;2022-05-03 18:45:00+00:00;0.235;;
966771;unknown;control;2022-05-03 19:00:00+00:00;0.154;;
966771;unknown;control;2022-05-03 19:15:00+00:00;0.134;;
966771;unknown;control;2022-05-03 19:30:00+00:00;0.131;;
966771;unknown;control;2022-05-03 19:45:00+00:00;0.121;;
966771;unknown;control;2022-05-03 20:00:00+00:00;0.114;;
966771;unknown;control;2022-05-03 20:15:00+00:00;0.11;;
966771;unknown;control;2022-05-03 20:30:00+00:00;0.103;;
966771;unknown;control;2022-05-03 20:45:00+00:00;0.111;;
966771;unknown;control;2022-05-03 21:00:00+00:00;0.11;;
966771;unknown;control;2022-05-03 21:15:00+00:00;0.098;;
966771;unknown;control;2022-05-03 21:30:00+00:00;0.109;;
966771;unknown;control;2022-05-03 21:45:00+00:00;0.1;;
966771;unknown;control;2022-05-03 22:00:00+00:00;0.098;;
966771;unknown;control;2022-05-03 22:15:00+00:00;0.111;;
966771;unknown;control;2022-05-03 22:30:00+00:00;0.1;;
966771;unknown;control;2022-05-03 22:45:00+00:00;0.101;;
966771;unknown;control;2022-05-03 23:00:00+00:00;0.111;;
966771;unknown;control;2022-05-03 23:15:00+00:00;0.096;;
966771;unknown;control;2022-05-03 23:30:00+00:00;1.342;;
966771;unknown;control;2022-05-03 23:45:00+00:00;1.311;;
966771;unknown;control;2022-05-04 00:00:00+00:00;1.294;;
966771;unknown;control;2022-05-04 00:15:00+00:00;1.319;;
966771;unknown;control;2022-05-04 00:30:00+00:00;1.326;;
966771;unknown;control;2022-05-04 00:45:00+00:00;1.32;;
966771;unknown;control;2022-05-04 01:00:00+00:00;1.331;;
966771;unknown;control;2022-05-04 01:15:00+00:00;1.0;;
966771;unknown;control;2022-05-04 01:30:00+00:00;0.096;;
966771;unknown;control;2022-05-04 01:45:00+00:00;0.108;;
966771;unknown;control;2022-05-04 02:00:00+00:00;0.105;;
966771;unknown;control;2022-05-04 02:15:00+00:00;0.099;;
966771;unknown;control;2022-05-04 02:30:00+00:00;0.106;;
966771;unknown;control;2022-05-04 02:45:00+00:00;0.617;;
966771;unknown;control;2022-05-04 03:00:00+00:00;0.87;;
966771;unknown;control;2022-05-04 03:15:00+00:00;0.871;;
966771;unknown;control;2022-05-04 03:30:00+00:00;0.895;;
966771;unknown;control;2022-05-04 03:45:00+00:00;0.908;;
966771;unknown;control;2022-05-04 04:00:00+00:00;0.884;;
966771;unknown;control;2022-05-04 04:15:00+00:00;0.916;;
966771;unknown;control;2022-05-04 04:30:00+00:00;0.753;;
966771;unknown;control;2022-05-04 04:45:00+00:00;0.159;;
966771;unknown;control;2022-05-04 05:00:00+00:00;0.141;;
966771;unknown;control;2022-05-04 05:15:00+00:00;0.805;;
966771;unknown;control;2022-05-04 05:30:00+00:00;0.366;;
966771;unknown;control;2022-05-04 05:45:00+00:00;0.133;;
966771;unknown;control;2022-05-04 06:00:00+00:00;0.134;;
966771;unknown;control;2022-05-04 06:15:00+00:00;0.098;;
966771;unknown;control;2022-05-04 06:30:00+00:00;0.119;;
966771;unknown;control;2022-05-04 06:45:00+00:00;0.11;;
966771;unknown;control;2022-05-04 07:00:00+00:00;0.099;;
966771;unknown;control;2022-05-04 07:15:00+00:00;0.117;;
966771;unknown;control;2022-05-04 07:30:00+00:00;0.109;;
966771;unknown;control;2022-05-04 07:45:00+00:00;0.114;;
966771;unknown;control;2022-05-04 08:00:00+00:00;0.119;;
966771;unknown;control;2022-05-04 08:15:00+00:00;0.108;;
966771;unknown;control;2022-05-04 08:30:00+00:00;0.122;;
966771;unknown;control;2022-05-04 08:45:00+00:00;0.116;;
966771;unknown;control;2022-05-04 09:00:00+00:00;0.104;;
966771;unknown;control;2022-05-04 09:15:00+00:00;0.753;;
966771;unknown;control;2022-05-04 09:30:00+00:00;0.474;;
966771;unknown;control;2022-05-04 09:45:00+00:00;0.11;;
966771;unknown;control;2022-05-04 10:00:00+00:00;0.125;;
966771;unknown;control;2022-05-04 10:15:00+00:00;0.11;;
966771;unknown;control;2022-05-04 10:30:00+00:00;0.108;;
966771;unknown;control;2022-05-04 10:45:00+00:00;0.107;;
966771;unknown;control;2022-05-04 11:00:00+00:00;0.105;;
966771;unknown;control;2022-05-04 11:15:00+00:00;0.103;;
966771;unknown;control;2022-05-04 11:30:00+00:00;0.166;;
966771;unknown;control;2022-05-04 11:45:00+00:00;0.188;;
966771;unknown;control;2022-05-04 12:00:00+00:00;0.158;;
966771;unknown;control;2022-05-04 12:15:00+00:00;0.155;;
966771;unknown;control;2022-05-04 12:30:00+00:00;0.137;;
966771;unknown;control;2022-05-04 12:45:00+00:00;0.111;;
966771;unknown;control;2022-05-04 13:00:00+00:00;0.119;;
966771;unknown;control;2022-05-04 13:15:00+00:00;0.117;;
966771;unknown;control;2022-05-04 13:30:00+00:00;0.12;;
966771;unknown;control;2022-05-04 13:45:00+00:00;0.116;;
966771;unknown;control;2022-05-04 14:00:00+00:00;0.103;;
966771;unknown;control;2022-05-04 14:15:00+00:00;0.104;;
966771;unknown;control;2022-05-04 14:30:00+00:00;0.115;;
966771;unknown;control;2022-05-04 14:45:00+00:00;0.12;;
966771;unknown;control;2022-05-04 15:00:00+00:00;0.12;;
966771;unknown;control;2022-05-04 15:15:00+00:00;0.125;;
966771;unknown;control;2022-05-04 15:30:00+00:00;0.118;;
966771;unknown;control;2022-05-04 15:45:00+00:00;0.128;;
966771;unknown;control;2022-05-04 16:00:00+00:00;0.114;;
966771;unknown;control;2022-05-04 16:15:00+00:00;0.106;;
966771;unknown;control;2022-05-04 16:30:00+00:00;0.112;;
966771;unknown;control;2022-05-04 16:45:00+00:00;0.109;;
966771;unknown;control;2022-05-04 17:00:00+00:00;0.11;;
966771;unknown;control;2022-05-04 17:15:00+00:00;0.115;;
966771;unknown;control;2022-05-04 17:30:00+00:00;0.11;;
966771;unknown;control;2022-05-04 17:45:00+00:00;0.105;;
966771;unknown;control;2022-05-04 18:00:00+00:00;0.105;;
966771;unknown;control;2022-05-04 18:15:00+00:00;0.445;;
966771;unknown;control;2022-05-04 18:30:00+00:00;0.461;;
966771;unknown;control;2022-05-04 18:45:00+00:00;0.14;;
966771;unknown;control;2022-05-04 19:00:00+00:00;0.139;;
966771;unknown;control;2022-05-04 19:15:00+00:00;0.126;;
966771;unknown;control;2022-05-04 19:30:00+00:00;0.125;;
966771;unknown;control;2022-05-04 19:45:00+00:00;0.185;;
966771;unknown;control;2022-05-04 20:00:00+00:00;0.561;;
966771;unknown;control;2022-05-04 20:15:00+00:00;0.349;;
966771;unknown;control;2022-05-04 20:30:00+00:00;0.131;;
966771;unknown;control;2022-05-04 20:45:00+00:00;0.189;;
966771;unknown;control;2022-05-04 21:00:00+00:00;0.413;;
966771;unknown;control;2022-05-04 21:15:00+00:00;0.109;;
966771;unknown;control;2022-05-04 21:30:00+00:00;0.114;;
966771;unknown;control;2022-05-04 21:45:00+00:00;0.105;;
966771;unknown;control;2022-05-04 22:00:00+00:00;0.109;;
966771;unknown;control;2022-05-04 22:15:00+00:00;0.108;;
966771;unknown;control;2022-05-04 22:30:00+00:00;0.101;;
966771;unknown;control;2022-05-04 22:45:00+00:00;0.109;;
966771;unknown;control;2022-05-04 23:00:00+00:00;0.1;;
966771;unknown;control;2022-05-04 23:15:00+00:00;0.102;;
966771;unknown;control;2022-05-04 23:30:00+00:00;1.334;;
966771;unknown;control;2022-05-04 23:45:00+00:00;1.284;;
966771;unknown;control;2022-05-05 00:00:00+00:00;1.288;;
966771;unknown;control;2022-05-05 00:15:00+00:00;1.319;;
966771;unknown;control;2022-05-05 00:30:00+00:00;1.314;;
966771;unknown;control;2022-05-05 00:45:00+00:00;1.342;;
966771;unknown;control;2022-05-05 01:00:00+00:00;1.351;;
966771;unknown;control;2022-05-05 01:15:00+00:00;0.528;;
966771;unknown;control;2022-05-05 01:30:00+00:00;0.103;;
966771;unknown;control;2022-05-05 01:45:00+00:00;0.102;;
966771;unknown;control;2022-05-05 02:00:00+00:00;0.1;;
966771;unknown;control;2022-05-05 02:15:00+00:00;0.105;;
966771;unknown;control;2022-05-05 02:30:00+00:00;0.1;;
966771;unknown;control;2022-05-05 02:45:00+00:00;0.628;;
966771;unknown;control;2022-05-05 03:00:00+00:00;0.895;;
966771;unknown;control;2022-05-05 03:15:00+00:00;0.502;;
966771;unknown;control;2022-05-05 03:30:00+00:00;0.117;;
966771;unknown;control;2022-05-05 03:45:00+00:00;0.375;;
966771;unknown;control;2022-05-05 04:00:00+00:00;0.89;;
966771;unknown;control;2022-05-05 04:15:00+00:00;0.198;;
966771;unknown;control;2022-05-05 04:30:00+00:00;0.132;;
966771;unknown;control;2022-05-05 04:45:00+00:00;0.137;;
966771;unknown;control;2022-05-05 05:00:00+00:00;0.151;;
966771;unknown;control;2022-05-05 05:15:00+00:00;0.22;;
966771;unknown;control;2022-05-05 05:30:00+00:00;0.887;;
966771;unknown;control;2022-05-05 05:45:00+00:00;0.286;;
966771;unknown;control;2022-05-05 06:00:00+00:00;0.578;;
966771;unknown;control;2022-05-05 06:15:00+00:00;0.169;;
966771;unknown;control;2022-05-05 06:30:00+00:00;0.118;;
966771;unknown;control;2022-05-05 06:45:00+00:00;0.111;;
966771;unknown;control;2022-05-05 07:00:00+00:00;0.111;;
966771;unknown;control;2022-05-05 07:15:00+00:00;0.118;;
966771;unknown;control;2022-05-05 07:30:00+00:00;0.167;;
966771;unknown;control;2022-05-05 07:45:00+00:00;0.117;;
966771;unknown;control;2022-05-05 08:00:00+00:00;0.117;;
966771;unknown;control;2022-05-05 08:15:00+00:00;0.116;;
966771;unknown;control;2022-05-05 08:30:00+00:00;0.114;;
966771;unknown;control;2022-05-05 08:45:00+00:00;0.209;;
966771;unknown;control;2022-05-05 09:00:00+00:00;0.105;;
966771;unknown;control;2022-05-05 09:15:00+00:00;0.387;;
966771;unknown;control;2022-05-05 09:30:00+00:00;0.788;;
966771;unknown;control;2022-05-05 09:45:00+00:00;0.145;;
966771;unknown;control;2022-05-05 10:00:00+00:00;0.131;;
966771;unknown;control;2022-05-05 10:15:00+00:00;0.123;;
966771;unknown;control;2022-05-05 10:30:00+00:00;0.128;;
966771;unknown;control;2022-05-05 10:45:00+00:00;0.133;;
966771;unknown;control;2022-05-05 11:00:00+00:00;0.128;;
966771;unknown;control;2022-05-05 11:15:00+00:00;0.135;;
966771;unknown;control;2022-05-05 11:30:00+00:00;0.14;;
966771;unknown;control;2022-05-05 11:45:00+00:00;0.128;;
966771;unknown;control;2022-05-05 12:00:00+00:00;0.138;;
966771;unknown;control;2022-05-05 12:15:00+00:00;0.145;;
966771;unknown;control;2022-05-05 12:30:00+00:00;0.129;;
966771;unknown;control;2022-05-05 12:45:00+00:00;0.133;;
966771;unknown;control;2022-05-05 13:00:00+00:00;0.169;;
966771;unknown;control;2022-05-05 13:15:00+00:00;0.125;;
966771;unknown;control;2022-05-05 13:30:00+00:00;0.13;;
966771;unknown;control;2022-05-05 13:45:00+00:00;0.125;;
966771;unknown;control;2022-05-05 14:00:00+00:00;0.119;;
966771;unknown;control;2022-05-05 14:15:00+00:00;0.11;;
966771;unknown;control;2022-05-05 14:30:00+00:00;0.12;;
966771;unknown;control;2022-05-05 14:45:00+00:00;0.237;;
966771;unknown;control;2022-05-05 15:00:00+00:00;0.444;;
966771;unknown;control;2022-05-05 15:15:00+00:00;0.43;;
966771;unknown;control;2022-05-05 15:30:00+00:00;0.37;;
966771;unknown;control;2022-05-05 15:45:00+00:00;0.264;;
966771;unknown;control;2022-05-05 16:00:00+00:00;0.65;;
966771;unknown;control;2022-05-05 16:15:00+00:00;0.482;;
966771;unknown;control;2022-05-05 16:30:00+00:00;0.352;;
966771;unknown;control;2022-05-05 16:45:00+00:00;0.47;;
966771;unknown;control;2022-05-05 17:00:00+00:00;0.142;;
966771;unknown;control;2022-05-05 17:15:00+00:00;0.136;;
966771;unknown;control;2022-05-05 17:30:00+00:00;0.176;;
966771;unknown;control;2022-05-05 17:45:00+00:00;0.188;;
966771;unknown;control;2022-05-05 18:00:00+00:00;0.252;;
966771;unknown;control;2022-05-05 18:15:00+00:00;0.972;;
966771;unknown;control;2022-05-05 18:30:00+00:00;0.381;;
966771;unknown;control;2022-05-05 18:45:00+00:00;0.241;;
966771;unknown;control;2022-05-05 19:00:00+00:00;0.256;;
966771;unknown;control;2022-05-05 19:15:00+00:00;0.234;;
966771;unknown;control;2022-05-05 19:30:00+00:00;0.234;;
966771;unknown;control;2022-05-05 19:45:00+00:00;0.227;;
966771;unknown;control;2022-05-05 20:00:00+00:00;0.217;;
966771;unknown;control;2022-05-05 20:15:00+00:00;0.204;;
966771;unknown;control;2022-05-05 20:30:00+00:00;0.113;;
966771;unknown;control;2022-05-05 20:45:00+00:00;0.105;;
966771;unknown;control;2022-05-05 21:00:00+00:00;0.113;;
966771;unknown;control;2022-05-05 21:15:00+00:00;0.106;;
966771;unknown;control;2022-05-05 21:30:00+00:00;0.108;;
966771;unknown;control;2022-05-05 21:45:00+00:00;0.108;;
966771;unknown;control;2022-05-05 22:00:00+00:00;0.099;;
966771;unknown;control;2022-05-05 22:15:00+00:00;0.112;;
966771;unknown;control;2022-05-05 22:30:00+00:00;0.109;;
966771;unknown;control;2022-05-05 22:45:00+00:00;0.096;;
966771;unknown;control;2022-05-05 23:00:00+00:00;0.108;;
966771;unknown;control;2022-05-05 23:15:00+00:00;0.106;;
966771;unknown;control;2022-05-05 23:30:00+00:00;1.315;;
966771;unknown;control;2022-05-05 23:45:00+00:00;1.282;;
966771;unknown;control;2022-05-06 00:00:00+00:00;1.274;;
966771;unknown;control;2022-05-06 00:15:00+00:00;1.306;;
966771;unknown;control;2022-05-06 00:30:00+00:00;1.31;;
966771;unknown;control;2022-05-06 00:45:00+00:00;1.323;;
966771;unknown;control;2022-05-06 01:00:00+00:00;0.517;;
966771;unknown;control;2022-05-06 01:15:00+00:00;0.107;;
966771;unknown;control;2022-05-06 01:30:00+00:00;0.097;;
966771;unknown;control;2022-05-06 01:45:00+00:00;0.106;;
966771;unknown;control;2022-05-06 02:00:00+00:00;0.108;;
966771;unknown;control;2022-05-06 02:15:00+00:00;0.097;;
966771;unknown;control;2022-05-06 02:30:00+00:00;0.107;;
966771;unknown;control;2022-05-06 02:45:00+00:00;0.63;;
966771;unknown;control;2022-05-06 03:00:00+00:00;0.884;;
966771;unknown;control;2022-05-06 03:15:00+00:00;0.505;;
966771;unknown;control;2022-05-06 03:30:00+00:00;0.12;;
966771;unknown;control;2022-05-06 03:45:00+00:00;0.339;;
966771;unknown;control;2022-05-06 04:00:00+00:00;0.894;;
966771;unknown;control;2022-05-06 04:15:00+00:00;0.278;;
966771;unknown;control;2022-05-06 04:30:00+00:00;0.144;;
966771;unknown;control;2022-05-06 04:45:00+00:00;0.16;;
966771;unknown;control;2022-05-06 05:00:00+00:00;0.796;;
966771;unknown;control;2022-05-06 05:15:00+00:00;0.512;;
966771;unknown;control;2022-05-06 05:30:00+00:00;0.133;;
966771;unknown;control;2022-05-06 05:45:00+00:00;0.128;;
966771;unknown;control;2022-05-06 06:00:00+00:00;0.129;;
966771;unknown;control;2022-05-06 06:15:00+00:00;0.114;;
966771;unknown;control;2022-05-06 06:30:00+00:00;0.104;;
966771;unknown;control;2022-05-06 06:45:00+00:00;0.117;;
966771;unknown;control;2022-05-06 07:00:00+00:00;0.119;;
966771;unknown;control;2022-05-06 07:15:00+00:00;0.127;;
966771;unknown;control;2022-05-06 07:30:00+00:00;0.134;;
966771;unknown;control;2022-05-06 07:45:00+00:00;0.126;;
966771;unknown;control;2022-05-06 08:00:00+00:00;0.142;;
966771;unknown;control;2022-05-06 08:15:00+00:00;0.163;;
966771;unknown;control;2022-05-06 08:30:00+00:00;0.155;;
966771;unknown;control;2022-05-06 08:45:00+00:00;0.149;;
966771;unknown;control;2022-05-06 09:00:00+00:00;0.146;;
966771;unknown;control;2022-05-06 09:15:00+00:00;0.139;;
966771;unknown;control;2022-05-06 09:30:00+00:00;0.683;;
966771;unknown;control;2022-05-06 09:45:00+00:00;0.668;;
966771;unknown;control;2022-05-06 10:00:00+00:00;0.145;;
966771;unknown;control;2022-05-06 10:15:00+00:00;0.154;;
966771;unknown;control;2022-05-06 10:30:00+00:00;0.147;;
966771;unknown;control;2022-05-06 10:45:00+00:00;0.136;;
966771;unknown;control;2022-05-06 11:00:00+00:00;0.144;;
966771;unknown;control;2022-05-06 11:15:00+00:00;0.138;;
966771;unknown;control;2022-05-06 11:30:00+00:00;0.135;;
966771;unknown;control;2022-05-06 11:45:00+00:00;0.139;;
966771;unknown;control;2022-05-06 12:00:00+00:00;0.156;;
966771;unknown;control;2022-05-06 12:15:00+00:00;0.176;;
966771;unknown;control;2022-05-06 12:30:00+00:00;0.143;;
966771;unknown;control;2022-05-06 12:45:00+00:00;0.14;;
966771;unknown;control;2022-05-06 13:00:00+00:00;0.172;;
966771;unknown;control;2022-05-06 13:15:00+00:00;0.17;;
966771;unknown;control;2022-05-06 13:30:00+00:00;0.14;;
966771;unknown;control;2022-05-06 13:45:00+00:00;0.157;;
966771;unknown;control;2022-05-06 14:00:00+00:00;0.159;;
966771;unknown;control;2022-05-06 14:15:00+00:00;0.119;;
966771;unknown;control;2022-05-06 14:30:00+00:00;0.118;;
966771;unknown;control;2022-05-06 14:45:00+00:00;0.114;;
966771;unknown;control;2022-05-06 15:00:00+00:00;0.121;;
966771;unknown;control;2022-05-06 15:15:00+00:00;0.123;;
966771;unknown;control;2022-05-06 15:30:00+00:00;0.117;;
966771;unknown;control;2022-05-06 15:45:00+00:00;0.15;;
966771;unknown;control;2022-05-06 16:00:00+00:00;0.144;;
966771;unknown;control;2022-05-06 16:15:00+00:00;0.142;;
966771;unknown;control;2022-05-06 16:30:00+00:00;0.111;;
966771;unknown;control;2022-05-06 16:45:00+00:00;0.107;;
966771;unknown;control;2022-05-06 17:00:00+00:00;0.736;;
966771;unknown;control;2022-05-06 17:15:00+00:00;0.3;;
966771;unknown;control;2022-05-06 17:30:00+00:00;0.609;;
966771;unknown;control;2022-05-06 17:45:00+00:00;0.229;;
966771;unknown;control;2022-05-06 18:00:00+00:00;0.193;;
966771;unknown;control;2022-05-06 18:15:00+00:00;0.402;;
966771;unknown;control;2022-05-06 18:30:00+00:00;0.399;;
966771;unknown;control;2022-05-06 18:45:00+00:00;0.177;;
966771;unknown;control;2022-05-06 19:00:00+00:00;0.172;;
966771;unknown;control;2022-05-06 19:15:00+00:00;0.16;;
966771;unknown;control;2022-05-06 19:30:00+00:00;0.161;;
966771;unknown;control;2022-05-06 19:45:00+00:00;0.129;;
966771;unknown;control;2022-05-06 20:00:00+00:00;0.097;;
966771;unknown;control;2022-05-06 20:15:00+00:00;0.111;;
966771;unknown;control;2022-05-06 20:30:00+00:00;0.107;;
966771;unknown;control;2022-05-06 20:45:00+00:00;0.106;;
966771;unknown;control;2022-05-06 21:00:00+00:00;0.104;;
966771;unknown;control;2022-05-06 21:15:00+00:00;0.099;;
966771;unknown;control;2022-05-06 21:30:00+00:00;0.107;;
966771;unknown;control;2022-05-06 21:45:00+00:00;0.108;;
966771;unknown;control;2022-05-06 22:00:00+00:00;0.094;;
966771;unknown;control;2022-05-06 22:15:00+00:00;0.107;;
966771;unknown;control;2022-05-06 22:30:00+00:00;0.105;;
966771;unknown;control;2022-05-06 22:45:00+00:00;0.093;;
966771;unknown;control;2022-05-06 23:00:00+00:00;0.105;;
966771;unknown;control;2022-05-06 23:15:00+00:00;0.105;;
966771;unknown;control;2022-05-06 23:30:00+00:00;1.323;;
966771;unknown;control;2022-05-06 23:45:00+00:00;1.291;;
966771;unknown;control;2022-05-07 00:00:00+00:00;1.301;;
966771;unknown;control;2022-05-07 00:15:00+00:00;1.33;;
966771;unknown;control;2022-05-07 00:30:00+00:00;1.342;;
966771;unknown;control;2022-05-07 00:45:00+00:00;1.353;;
966771;unknown;control;2022-05-07 01:00:00+00:00;1.217;;
966771;unknown;control;2022-05-07 01:15:00+00:00;0.107;;
966771;unknown;control;2022-05-07 01:30:00+00:00;0.094;;
966771;unknown;control;2022-05-07 01:45:00+00:00;0.106;;
966771;unknown;control;2022-05-07 02:00:00+00:00;0.103;;
966771;unknown;control;2022-05-07 02:15:00+00:00;0.093;;
966771;unknown;control;2022-05-07 02:30:00+00:00;0.101;;
966771;unknown;control;2022-05-07 02:45:00+00:00;0.626;;
966771;unknown;control;2022-05-07 03:00:00+00:00;0.885;;
966771;unknown;control;2022-05-07 03:15:00+00:00;0.914;;
966771;unknown;control;2022-05-07 03:30:00+00:00;0.252;;
966771;unknown;control;2022-05-07 03:45:00+00:00;0.116;;
966771;unknown;control;2022-05-07 04:00:00+00:00;0.436;;
966771;unknown;control;2022-05-07 04:15:00+00:00;0.887;;
966771;unknown;control;2022-05-07 04:30:00+00:00;0.401;;
966771;unknown;control;2022-05-07 04:45:00+00:00;0.123;;
966771;unknown;control;2022-05-07 05:00:00+00:00;0.52;;
966771;unknown;control;2022-05-07 05:15:00+00:00;0.558;;
966771;unknown;control;2022-05-07 05:30:00+00:00;0.119;;
966771;unknown;control;2022-05-07 05:45:00+00:00;0.114;;
966771;unknown;control;2022-05-07 06:00:00+00:00;0.114;;
966771;unknown;control;2022-05-07 06:15:00+00:00;0.107;;
966771;unknown;control;2022-05-07 06:30:00+00:00;0.106;;
966771;unknown;control;2022-05-07 06:45:00+00:00;0.136;;
966771;unknown;control;2022-05-07 07:00:00+00:00;0.28;;
966771;unknown;control;2022-05-07 07:15:00+00:00;0.142;;
966771;unknown;control;2022-05-07 07:30:00+00:00;0.171;;
966771;unknown;control;2022-05-07 07:45:00+00:00;0.131;;
966771;unknown;control;2022-05-07 08:00:00+00:00;0.146;;
966771;unknown;control;2022-05-07 08:15:00+00:00;0.154;;
966771;unknown;control;2022-05-07 08:30:00+00:00;0.145;;
966771;unknown;control;2022-05-07 08:45:00+00:00;0.677;;
966771;unknown;control;2022-05-07 09:00:00+00:00;0.208;;
966771;unknown;control;2022-05-07 09:15:00+00:00;0.188;;
966771;unknown;control;2022-05-07 09:30:00+00:00;0.752;;
966771;unknown;control;2022-05-07 09:45:00+00:00;0.23;;
966771;unknown;control;2022-05-07 10:00:00+00:00;0.294;;
966771;unknown;control;2022-05-07 10:15:00+00:00;0.165;;
966771;unknown;control;2022-05-07 10:30:00+00:00;0.118;;
966771;unknown;control;2022-05-07 10:45:00+00:00;0.122;;
966771;unknown;control;2022-05-07 11:00:00+00:00;0.119;;
966771;unknown;control;2022-05-07 11:15:00+00:00;0.128;;
966771;unknown;control;2022-05-07 11:30:00+00:00;0.306;;
966771;unknown;control;2022-05-07 11:45:00+00:00;0.183;;
966771;unknown;control;2022-05-07 12:00:00+00:00;0.145;;
966771;unknown;control;2022-05-07 12:15:00+00:00;0.195;;
966771;unknown;control;2022-05-07 12:30:00+00:00;0.129;;
966771;unknown;control;2022-05-07 12:45:00+00:00;0.115;;
966771;unknown;control;2022-05-07 13:00:00+00:00;0.115;;
966771;unknown;control;2022-05-07 13:15:00+00:00;0.108;;
966771;unknown;control;2022-05-07 13:30:00+00:00;0.104;;
966771;unknown;control;2022-05-07 13:45:00+00:00;0.113;;
966771;unknown;control;2022-05-07 14:00:00+00:00;0.107;;
966771;unknown;control;2022-05-07 14:15:00+00:00;0.112;;
966771;unknown;control;2022-05-07 14:30:00+00:00;0.18;;
966771;unknown;control;2022-05-07 14:45:00+00:00;0.106;;
966771;unknown;control;2022-05-07 15:00:00+00:00;0.121;;
966771;unknown;control;2022-05-07 15:15:00+00:00;0.137;;
966771;unknown;control;2022-05-07 15:30:00+00:00;0.137;;
966771;unknown;control;2022-05-07 15:45:00+00:00;0.144;;
966771;unknown;control;2022-05-07 16:00:00+00:00;0.144;;
966771;unknown;control;2022-05-07 16:15:00+00:00;0.135;;
966771;unknown;control;2022-05-07 16:30:00+00:00;0.141;;
966771;unknown;control;2022-05-07 16:45:00+00:00;0.58;;
966771;unknown;control;2022-05-07 17:00:00+00:00;0.456;;
966771;unknown;control;2022-05-07 17:15:00+00:00;0.295;;
966771;unknown;control;2022-05-07 17:30:00+00:00;0.116;;
966771;unknown;control;2022-05-07 17:45:00+00:00;0.121;;
966771;unknown;control;2022-05-07 18:00:00+00:00;0.634;;
966771;unknown;control;2022-05-07 18:15:00+00:00;0.256;;
966771;unknown;control;2022-05-07 18:30:00+00:00;0.147;;
966771;unknown;control;2022-05-07 18:45:00+00:00;0.157;;
966771;unknown;control;2022-05-07 19:00:00+00:00;0.165;;
966771;unknown;control;2022-05-07 19:15:00+00:00;0.218;;
966771;unknown;control;2022-05-07 19:30:00+00:00;0.638;;
966771;unknown;control;2022-05-07 19:45:00+00:00;0.284;;
966771;unknown;control;2022-05-07 20:00:00+00:00;0.172;;
966771;unknown;control;2022-05-07 20:15:00+00:00;0.45;;
966771;unknown;control;2022-05-07 20:30:00+00:00;0.254;;
966771;unknown;control;2022-05-07 20:45:00+00:00;0.12;;
966771;unknown;control;2022-05-07 21:00:00+00:00;0.112;;
966771;unknown;control;2022-05-07 21:15:00+00:00;0.104;;
966771;unknown;control;2022-05-07 21:30:00+00:00;0.106;;
966771;unknown;control;2022-05-07 21:45:00+00:00;0.098;;
966771;unknown;control;2022-05-07 22:00:00+00:00;0.101;;
966771;unknown;control;2022-05-07 22:15:00+00:00;0.11;;
966771;unknown;control;2022-05-07 22:30:00+00:00;0.106;;
966771;unknown;control;2022-05-07 22:45:00+00:00;0.102;;
966771;unknown;control;2022-05-07 23:00:00+00:00;0.105;;
966771;unknown;control;2022-05-07 23:15:00+00:00;0.096;;
966771;unknown;control;2022-05-07 23:30:00+00:00;1.338;;
966771;unknown;control;2022-05-07 23:45:00+00:00;1.308;;
966771;unknown;control;2022-05-08 00:00:00+00:00;1.289;;
966771;unknown;control;2022-05-08 00:15:00+00:00;1.318;;
966771;unknown;control;2022-05-08 00:30:00+00:00;1.326;;
966771;unknown;control;2022-05-08 00:45:00+00:00;1.331;;
966771;unknown;control;2022-05-08 01:00:00+00:00;1.355;;
966771;unknown;control;2022-05-08 01:15:00+00:00;1.371;;
966771;unknown;control;2022-05-08 01:30:00+00:00;0.689;;
966771;unknown;control;2022-05-08 01:45:00+00:00;0.101;;
966771;unknown;control;2022-05-08 02:00:00+00:00;0.092;;
966771;unknown;control;2022-05-08 02:15:00+00:00;0.097;;
966771;unknown;control;2022-05-08 02:30:00+00:00;0.111;;
966771;unknown;control;2022-05-08 02:45:00+00:00;0.631;;
966771;unknown;control;2022-05-08 03:00:00+00:00;0.891;;
966771;unknown;control;2022-05-08 03:15:00+00:00;0.134;;
966771;unknown;control;2022-05-08 03:30:00+00:00;0.112;;
966771;unknown;control;2022-05-08 03:45:00+00:00;0.226;;
966771;unknown;control;2022-05-08 04:00:00+00:00;0.879;;
966771;unknown;control;2022-05-08 04:15:00+00:00;0.188;;
966771;unknown;control;2022-05-08 04:30:00+00:00;0.126;;
966771;unknown;control;2022-05-08 04:45:00+00:00;0.12;;
966771;unknown;control;2022-05-08 05:00:00+00:00;0.114;;
966771;unknown;control;2022-05-08 05:15:00+00:00;0.126;;
966771;unknown;control;2022-05-08 05:30:00+00:00;0.108;;
966771;unknown;control;2022-05-08 05:45:00+00:00;0.102;;
966771;unknown;control;2022-05-08 06:00:00+00:00;0.11;;
966771;unknown;control;2022-05-08 06:15:00+00:00;0.364;;
966771;unknown;control;2022-05-08 06:30:00+00:00;0.208;;
966771;unknown;control;2022-05-08 06:45:00+00:00;0.174;;
966771;unknown;control;2022-05-08 07:00:00+00:00;0.222;;
966771;unknown;control;2022-05-08 07:15:00+00:00;0.114;;
966771;unknown;control;2022-05-08 07:30:00+00:00;0.141;;
966771;unknown;control;2022-05-08 07:45:00+00:00;0.112;;
966771;unknown;control;2022-05-08 08:00:00+00:00;0.116;;
966771;unknown;control;2022-05-08 08:15:00+00:00;0.114;;
966771;unknown;control;2022-05-08 08:30:00+00:00;0.116;;
966771;unknown;control;2022-05-08 08:45:00+00:00;0.177;;
966771;unknown;control;2022-05-08 09:00:00+00:00;0.167;;
966771;unknown;control;2022-05-08 09:15:00+00:00;0.603;;
966771;unknown;control;2022-05-08 09:30:00+00:00;0.195;;
966771;unknown;control;2022-05-08 09:45:00+00:00;0.181;;
966771;unknown;control;2022-05-08 10:00:00+00:00;0.174;;
966771;unknown;control;2022-05-08 10:15:00+00:00;0.227;;
966771;unknown;control;2022-05-08 10:30:00+00:00;0.177;;
966771;unknown;control;2022-05-08 10:45:00+00:00;0.141;;
966771;unknown;control;2022-05-08 11:00:00+00:00;0.127;;
966771;unknown;control;2022-05-08 11:15:00+00:00;0.19;;
966771;unknown;control;2022-05-08 11:30:00+00:00;0.161;;
966771;unknown;control;2022-05-08 11:45:00+00:00;0.112;;
966771;unknown;control;2022-05-08 12:00:00+00:00;0.147;;
966771;unknown;control;2022-05-08 12:15:00+00:00;0.136;;
966771;unknown;control;2022-05-08 12:30:00+00:00;0.139;;
966771;unknown;control;2022-05-08 12:45:00+00:00;0.148;;
966771;unknown;control;2022-05-08 13:00:00+00:00;0.152;;
966771;unknown;control;2022-05-08 13:15:00+00:00;0.14;;
966771;unknown;control;2022-05-08 13:30:00+00:00;0.138;;
966771;unknown;control;2022-05-08 13:45:00+00:00;0.149;;
966771;unknown;control;2022-05-08 14:00:00+00:00;0.144;;
966771;unknown;control;2022-05-08 14:15:00+00:00;0.148;;
966771;unknown;control;2022-05-08 14:30:00+00:00;0.234;;
966771;unknown;control;2022-05-08 14:45:00+00:00;0.186;;
966771;unknown;control;2022-05-08 15:00:00+00:00;0.165;;
966771;unknown;control;2022-05-08 15:15:00+00:00;0.161;;
966771;unknown;control;2022-05-08 15:30:00+00:00;0.156;;
966771;unknown;control;2022-05-08 15:45:00+00:00;0.169;;
966771;unknown;control;2022-05-08 16:00:00+00:00;0.166;;
966771;unknown;control;2022-05-08 16:15:00+00:00;0.286;;
966771;unknown;control;2022-05-08 16:30:00+00:00;0.471;;
966771;unknown;control;2022-05-08 16:45:00+00:00;0.193;;
966771;unknown;control;2022-05-08 17:00:00+00:00;0.419;;
966771;unknown;control;2022-05-08 17:15:00+00:00;0.19;;
966771;unknown;control;2022-05-08 17:30:00+00:00;0.152;;
966771;unknown;control;2022-05-08 17:45:00+00:00;0.274;;
966771;unknown;control;2022-05-08 18:00:00+00:00;0.497;;
966771;unknown;control;2022-05-08 18:15:00+00:00;0.436;;
966771;unknown;control;2022-05-08 18:30:00+00:00;0.277;;
966771;unknown;control;2022-05-08 18:45:00+00:00;0.292;;
966771;unknown;control;2022-05-08 19:00:00+00:00;0.301;;
966771;unknown;control;2022-05-08 19:15:00+00:00;0.291;;
966771;unknown;control;2022-05-08 19:30:00+00:00;0.276;;
966771;unknown;control;2022-05-08 19:45:00+00:00;0.262;;
966771;unknown;control;2022-05-08 20:00:00+00:00;0.26;;
966771;unknown;control;2022-05-08 20:15:00+00:00;0.263;;
966771;unknown;control;2022-05-08 20:30:00+00:00;0.257;;
966771;unknown;control;2022-05-08 20:45:00+00:00;0.238;;
966771;unknown;control;2022-05-08 21:00:00+00:00;0.223;;
966771;unknown;control;2022-05-08 21:15:00+00:00;0.221;;
966771;unknown;control;2022-05-08 21:30:00+00:00;0.224;;
966771;unknown;control;2022-05-08 21:45:00+00:00;0.212;;
966771;unknown;control;2022-05-08 22:00:00+00:00;0.216;;
966771;unknown;control;2022-05-08 22:15:00+00:00;0.222;;
966771;unknown;control;2022-05-08 22:30:00+00:00;0.216;;
966771;unknown;control;2022-05-08 22:45:00+00:00;0.227;;
966771;unknown;control;2022-05-08 23:00:00+00:00;0.218;;
966771;unknown;control;2022-05-08 23:15:00+00:00;0.21;;
966771;unknown;control;2022-05-08 23:30:00+00:00;1.447;;
966771;unknown;control;2022-05-08 23:45:00+00:00;1.405;;
966771;unknown;control;2022-05-09 00:00:00+00:00;1.399;;
966771;unknown;control;2022-05-09 00:15:00+00:00;1.429;;
966771;unknown;control;2022-05-09 00:30:00+00:00;1.424;;
966771;unknown;control;2022-05-09 00:45:00+00:00;1.447;;
966771;unknown;control;2022-05-09 01:00:00+00:00;1.473;;
966771;unknown;control;2022-05-09 01:15:00+00:00;1.486;;
966771;unknown;control;2022-05-09 01:30:00+00:00;1.496;;
966771;unknown;control;2022-05-09 01:45:00+00:00;1.498;;
966771;unknown;control;2022-05-09 02:00:00+00:00;0.328;;
966771;unknown;control;2022-05-09 02:15:00+00:00;0.214;;
966771;unknown;control;2022-05-09 02:30:00+00:00;0.221;;
966771;unknown;control;2022-05-09 02:45:00+00:00;0.211;;
966771;unknown;control;2022-05-09 03:00:00+00:00;0.216;;
966771;unknown;control;2022-05-09 03:15:00+00:00;0.211;;
966771;unknown;control;2022-05-09 03:30:00+00:00;0.101;;
966771;unknown;control;2022-05-09 03:45:00+00:00;0.418;;
966771;unknown;control;2022-05-09 04:00:00+00:00;0.52;;
966771;unknown;control;2022-05-09 04:15:00+00:00;0.877;;
966771;unknown;control;2022-05-09 04:30:00+00:00;0.516;;
966771;unknown;control;2022-05-09 04:45:00+00:00;0.131;;
966771;unknown;control;2022-05-09 05:00:00+00:00;0.534;;
966771;unknown;control;2022-05-09 05:15:00+00:00;0.904;;
966771;unknown;control;2022-05-09 05:30:00+00:00;0.349;;
966771;unknown;control;2022-05-09 05:45:00+00:00;0.721;;
966771;unknown;control;2022-05-09 06:00:00+00:00;0.17;;
966771;unknown;control;2022-05-09 06:15:00+00:00;0.183;;
966771;unknown;control;2022-05-09 06:30:00+00:00;0.589;;
966771;unknown;control;2022-05-09 06:45:00+00:00;0.444;;
966771;unknown;control;2022-05-09 07:00:00+00:00;0.342;;
966771;unknown;control;2022-05-09 07:15:00+00:00;0.366;;
966771;unknown;control;2022-05-09 07:30:00+00:00;0.336;;
966771;unknown;control;2022-05-09 07:45:00+00:00;0.192;;
966771;unknown;control;2022-05-09 08:00:00+00:00;0.238;;
966771;unknown;control;2022-05-09 08:15:00+00:00;0.149;;
966771;unknown;control;2022-05-09 08:30:00+00:00;0.11;;
966771;unknown;control;2022-05-09 08:45:00+00:00;0.117;;
966771;unknown;control;2022-05-09 09:00:00+00:00;0.123;;
966771;unknown;control;2022-05-09 09:15:00+00:00;0.24;;
966771;unknown;control;2022-05-09 09:30:00+00:00;0.602;;
966771;unknown;control;2022-05-09 09:45:00+00:00;0.229;;
966771;unknown;control;2022-05-09 10:00:00+00:00;0.124;;
966771;unknown;control;2022-05-09 10:15:00+00:00;0.11;;
966771;unknown;control;2022-05-09 10:30:00+00:00;0.107;;
966771;unknown;control;2022-05-09 10:45:00+00:00;0.113;;
966771;unknown;control;2022-05-09 11:00:00+00:00;0.104;;
966771;unknown;control;2022-05-09 11:15:00+00:00;0.102;;
966771;unknown;control;2022-05-09 11:30:00+00:00;0.115;;
966771;unknown;control;2022-05-09 11:45:00+00:00;0.114;;
966771;unknown;control;2022-05-09 12:00:00+00:00;0.108;;
966771;unknown;control;2022-05-09 12:15:00+00:00;0.117;;
966771;unknown;control;2022-05-09 12:30:00+00:00;0.111;;
966771;unknown;control;2022-05-09 12:45:00+00:00;0.113;;
966771;unknown;control;2022-05-09 13:00:00+00:00;0.117;;
966771;unknown;control;2022-05-09 13:15:00+00:00;0.105;;
966771;unknown;control;2022-05-09 13:30:00+00:00;0.112;;
966771;unknown;control;2022-05-09 13:45:00+00:00;0.116;;
966771;unknown;control;2022-05-09 14:00:00+00:00;0.13;;
966771;unknown;control;2022-05-09 14:15:00+00:00;0.126;;
966771;unknown;control;2022-05-09 14:30:00+00:00;0.249;;
966771;unknown;control;2022-05-09 14:45:00+00:00;0.282;;
966771;unknown;control;2022-05-09 15:00:00+00:00;0.154;;
966771;unknown;control;2022-05-09 15:15:00+00:00;0.175;;
966771;unknown;control;2022-05-09 15:30:00+00:00;0.151;;
966771;unknown;control;2022-05-09 15:45:00+00:00;0.129;;
966771;unknown;control;2022-05-09 16:00:00+00:00;0.124;;
966771;unknown;control;2022-05-09 16:15:00+00:00;0.119;;
966771;unknown;control;2022-05-09 16:30:00+00:00;0.123;;
966771;unknown;control;2022-05-09 16:45:00+00:00;0.114;;
966771;unknown;control;2022-05-09 17:00:00+00:00;0.113;;
966771;unknown;control;2022-05-09 17:15:00+00:00;0.294;;
966771;unknown;control;2022-05-09 17:30:00+00:00;0.159;;
966771;unknown;control;2022-05-09 17:45:00+00:00;0.137;;
966771;unknown;control;2022-05-09 18:00:00+00:00;0.114;;
966771;unknown;control;2022-05-09 18:15:00+00:00;0.105;;
966771;unknown;control;2022-05-09 18:30:00+00:00;0.115;;
966771;unknown;control;2022-05-09 18:45:00+00:00;0.126;;
966771;unknown;control;2022-05-09 19:00:00+00:00;0.123;;
966771;unknown;control;2022-05-09 19:15:00+00:00;0.144;;
966771;unknown;control;2022-05-09 19:30:00+00:00;0.141;;
966771;unknown;control;2022-05-09 19:45:00+00:00;0.125;;
966771;unknown;control;2022-05-09 20:00:00+00:00;0.11;;
966771;unknown;control;2022-05-09 20:15:00+00:00;0.1;;
966771;unknown;control;2022-05-09 20:30:00+00:00;0.099;;
966771;unknown;control;2022-05-09 20:45:00+00:00;0.106;;
966771;unknown;control;2022-05-09 21:00:00+00:00;0.103;;
966771;unknown;control;2022-05-09 21:15:00+00:00;0.103;;
966771;unknown;control;2022-05-09 21:30:00+00:00;0.104;;
966771;unknown;control;2022-05-09 21:45:00+00:00;0.101;;
966771;unknown;control;2022-05-09 22:00:00+00:00;0.105;;
966771;unknown;control;2022-05-09 22:15:00+00:00;0.155;;
966771;unknown;control;2022-05-09 22:30:00+00:00;0.122;;
966771;unknown;control;2022-05-09 22:45:00+00:00;0.114;;
966771;unknown;control;2022-05-09 23:00:00+00:00;0.114;;
966771;unknown;control;2022-05-09 23:15:00+00:00;0.108;;
966771;unknown;control;2022-05-09 23:30:00+00:00;1.336;;
966771;unknown;control;2022-05-09 23:45:00+00:00;1.311;;
966771;unknown;control;2022-05-10 00:00:00+00:00;1.298;;
966771;unknown;control;2022-05-10 00:15:00+00:00;1.303;;
966771;unknown;control;2022-05-10 00:30:00+00:00;1.322;;
966771;unknown;control;2022-05-10 00:45:00+00:00;1.356;;
966771;unknown;control;2022-05-10 01:00:00+00:00;1.352;;
966771;unknown;control;2022-05-10 01:15:00+00:00;1.354;;
966771;unknown;control;2022-05-10 01:30:00+00:00;0.162;;
966771;unknown;control;2022-05-10 01:45:00+00:00;0.1;;
966771;unknown;control;2022-05-10 02:00:00+00:00;0.103;;
966771;unknown;control;2022-05-10 02:15:00+00:00;0.1;;
966771;unknown;control;2022-05-10 02:30:00+00:00;0.097;;
966771;unknown;control;2022-05-10 02:45:00+00:00;0.106;;
966771;unknown;control;2022-05-10 03:00:00+00:00;0.093;;
966771;unknown;control;2022-05-10 03:15:00+00:00;0.093;;
966771;unknown;control;2022-05-10 03:30:00+00:00;0.104;;
966771;unknown;control;2022-05-10 03:45:00+00:00;0.1;;
966771;unknown;control;2022-05-10 04:00:00+00:00;0.094;;
966771;unknown;control;2022-05-10 04:15:00+00:00;0.101;;
966771;unknown;control;2022-05-10 04:30:00+00:00;0.098;;
966771;unknown;control;2022-05-10 04:45:00+00:00;0.105;;
966771;unknown;control;2022-05-10 05:00:00+00:00;0.128;;
966771;unknown;control;2022-05-10 05:15:00+00:00;0.114;;
966771;unknown;control;2022-05-10 05:30:00+00:00;0.121;;
966771;unknown;control;2022-05-10 05:45:00+00:00;0.116;;
966771;unknown;control;2022-05-10 06:00:00+00:00;0.104;;
966771;unknown;control;2022-05-10 06:15:00+00:00;0.121;;
966771;unknown;control;2022-05-10 06:30:00+00:00;0.118;;
966771;unknown;control;2022-05-10 06:45:00+00:00;0.107;;
966771;unknown;control;2022-05-10 07:00:00+00:00;0.121;;
966771;unknown;control;2022-05-10 07:15:00+00:00;0.117;;
966771;unknown;control;2022-05-10 07:30:00+00:00;0.114;;
966771;unknown;control;2022-05-10 07:45:00+00:00;0.119;;
966771;unknown;control;2022-05-10 08:00:00+00:00;0.121;;
966771;unknown;control;2022-05-10 08:15:00+00:00;0.12;;
966771;unknown;control;2022-05-10 08:30:00+00:00;0.118;;
966771;unknown;control;2022-05-10 08:45:00+00:00;0.129;;
966771;unknown;control;2022-05-10 09:00:00+00:00;0.163;;
966771;unknown;control;2022-05-10 09:15:00+00:00;0.121;;
966771;unknown;control;2022-05-10 09:30:00+00:00;0.16;;
966771;unknown;control;2022-05-10 09:45:00+00:00;0.12;;
966771;unknown;control;2022-05-10 10:00:00+00:00;0.662;;
966771;unknown;control;2022-05-10 10:15:00+00:00;0.268;;
966771;unknown;control;2022-05-10 10:30:00+00:00;0.121;;
966771;unknown;control;2022-05-10 10:45:00+00:00;0.106;;
966771;unknown;control;2022-05-10 11:00:00+00:00;0.112;;
966771;unknown;control;2022-05-10 11:15:00+00:00;0.509;;
966771;unknown;control;2022-05-10 11:30:00+00:00;0.325;;
966771;unknown;control;2022-05-10 11:45:00+00:00;0.118;;
966771;unknown;control;2022-05-10 12:00:00+00:00;0.303;;
966771;unknown;control;2022-05-10 12:15:00+00:00;0.29;;
966771;unknown;control;2022-05-10 12:30:00+00:00;0.102;;
966771;unknown;control;2022-05-10 12:45:00+00:00;0.108;;
966771;unknown;control;2022-05-10 13:00:00+00:00;0.104;;
966771;unknown;control;2022-05-10 13:15:00+00:00;0.11;;
966771;unknown;control;2022-05-10 13:30:00+00:00;0.104;;
966771;unknown;control;2022-05-10 13:45:00+00:00;0.107;;
966771;unknown;control;2022-05-10 14:00:00+00:00;0.111;;
966771;unknown;control;2022-05-10 14:15:00+00:00;0.105;;
966771;unknown;control;2022-05-10 14:30:00+00:00;0.101;;
966771;unknown;control;2022-05-10 14:45:00+00:00;0.116;;
966771;unknown;control;2022-05-10 15:00:00+00:00;0.434;;
966771;unknown;control;2022-05-10 15:15:00+00:00;0.501;;
966771;unknown;control;2022-05-10 15:30:00+00:00;0.132;;
966771;unknown;control;2022-05-10 15:45:00+00:00;0.119;;
966771;unknown;control;2022-05-10 16:00:00+00:00;0.132;;
966771;unknown;control;2022-05-10 16:15:00+00:00;0.13;;
966771;unknown;control;2022-05-10 16:30:00+00:00;0.12;;
966771;unknown;control;2022-05-10 16:45:00+00:00;0.106;;
966771;unknown;control;2022-05-10 17:00:00+00:00;0.108;;
966771;unknown;control;2022-05-10 17:15:00+00:00;0.105;;
966771;unknown;control;2022-05-10 17:30:00+00:00;0.108;;
966771;unknown;control;2022-05-10 17:45:00+00:00;0.119;;
966771;unknown;control;2022-05-10 18:00:00+00:00;0.145;;
966771;unknown;control;2022-05-10 18:15:00+00:00;0.151;;
966771;unknown;control;2022-05-10 18:30:00+00:00;0.154;;
966771;unknown;control;2022-05-10 18:45:00+00:00;0.176;;
966771;unknown;control;2022-05-10 19:00:00+00:00;0.18;;
966771;unknown;control;2022-05-10 19:15:00+00:00;0.148;;
966771;unknown;control;2022-05-10 19:30:00+00:00;0.13;;
966771;unknown;control;2022-05-10 19:45:00+00:00;0.131;;
966771;unknown;control;2022-05-10 20:00:00+00:00;0.11;;
966771;unknown;control;2022-05-10 20:15:00+00:00;0.111;;
966771;unknown;control;2022-05-10 20:30:00+00:00;0.106;;
966771;unknown;control;2022-05-10 20:45:00+00:00;0.101;;
966771;unknown;control;2022-05-10 21:00:00+00:00;0.106;;
966771;unknown;control;2022-05-10 21:15:00+00:00;0.111;;
966771;unknown;control;2022-05-10 21:30:00+00:00;0.101;;
966771;unknown;control;2022-05-10 21:45:00+00:00;0.106;;
966771;unknown;control;2022-05-10 22:00:00+00:00;0.101;;
966771;unknown;control;2022-05-10 22:15:00+00:00;0.104;;
966771;unknown;control;2022-05-10 22:30:00+00:00;0.108;;
966771;unknown;control;2022-05-10 22:45:00+00:00;0.099;;
966771;unknown;control;2022-05-10 23:00:00+00:00;0.106;;
966771;unknown;control;2022-05-10 23:15:00+00:00;0.107;;
966771;unknown;control;2022-05-10 23:30:00+00:00;1.313;;
966771;unknown;control;2022-05-10 23:45:00+00:00;1.301;;
966771;unknown;control;2022-05-11 00:00:00+00:00;1.306;;
966771;unknown;control;2022-05-11 00:15:00+00:00;1.319;;
966771;unknown;control;2022-05-11 00:30:00+00:00;1.339;;
966771;unknown;control;2022-05-11 00:45:00+00:00;1.358;;
966771;unknown;control;2022-05-11 01:00:00+00:00;1.365;;
966771;unknown;control;2022-05-11 01:15:00+00:00;1.392;;
966771;unknown;control;2022-05-11 01:30:00+00:00;0.57;;
966771;unknown;control;2022-05-11 01:45:00+00:00;0.101;;
966771;unknown;control;2022-05-11 02:00:00+00:00;0.107;;
966771;unknown;control;2022-05-11 02:15:00+00:00;0.1;;
966771;unknown;control;2022-05-11 02:30:00+00:00;0.105;;
966771;unknown;control;2022-05-11 02:45:00+00:00;0.108;;
966771;unknown;control;2022-05-11 03:00:00+00:00;0.099;;
966771;unknown;control;2022-05-11 03:15:00+00:00;0.105;;
966771;unknown;control;2022-05-11 03:30:00+00:00;0.107;;
966771;unknown;control;2022-05-11 03:45:00+00:00;0.101;;
966771;unknown;control;2022-05-11 04:00:00+00:00;0.104;;
966771;unknown;control;2022-05-11 04:15:00+00:00;0.106;;
966771;unknown;control;2022-05-11 04:30:00+00:00;0.129;;
966771;unknown;control;2022-05-11 04:45:00+00:00;0.122;;
966771;unknown;control;2022-05-11 05:00:00+00:00;0.12;;
966771;unknown;control;2022-05-11 05:15:00+00:00;0.117;;
966771;unknown;control;2022-05-11 05:30:00+00:00;0.121;;
966771;unknown;control;2022-05-11 05:45:00+00:00;0.123;;
966771;unknown;control;2022-05-11 06:00:00+00:00;0.109;;
966771;unknown;control;2022-05-11 06:15:00+00:00;0.105;;
966771;unknown;control;2022-05-11 06:30:00+00:00;0.101;;
966771;unknown;control;2022-05-11 06:45:00+00:00;0.1;;
966771;unknown;control;2022-05-11 07:00:00+00:00;0.106;;
966771;unknown;control;2022-05-11 07:15:00+00:00;0.103;;
966771;unknown;control;2022-05-11 07:30:00+00:00;0.11;;
966771;unknown;control;2022-05-11 07:45:00+00:00;0.108;;
966771;unknown;control;2022-05-11 08:00:00+00:00;0.097;;
966771;unknown;control;2022-05-11 08:15:00+00:00;0.112;;
966771;unknown;control;2022-05-11 08:30:00+00:00;0.17;;
966771;unknown;control;2022-05-11 08:45:00+00:00;0.311;;
966771;unknown;control;2022-05-11 09:00:00+00:00;0.112;;
966771;unknown;control;2022-05-11 09:15:00+00:00;0.58;;
966771;unknown;control;2022-05-11 09:30:00+00:00;0.326;;
966771;unknown;control;2022-05-11 09:45:00+00:00;0.267;;
966771;unknown;control;2022-05-11 10:00:00+00:00;0.113;;
966771;unknown;control;2022-05-11 10:15:00+00:00;0.13;;
966771;unknown;control;2022-05-11 10:30:00+00:00;0.116;;
966771;unknown;control;2022-05-11 10:45:00+00:00;0.109;;
966771;unknown;control;2022-05-11 11:00:00+00:00;0.113;;
966771;unknown;control;2022-05-11 11:15:00+00:00;0.113;;
966771;unknown;control;2022-05-11 11:30:00+00:00;0.106;;
966771;unknown;control;2022-05-11 11:45:00+00:00;0.113;;
966771;unknown;control;2022-05-11 12:00:00+00:00;0.109;;
966771;unknown;control;2022-05-11 12:15:00+00:00;0.098;;
966771;unknown;control;2022-05-11 12:30:00+00:00;0.105;;
966771;unknown;control;2022-05-11 12:45:00+00:00;0.105;;
966771;unknown;control;2022-05-11 13:00:00+00:00;0.103;;
966771;unknown;control;2022-05-11 13:15:00+00:00;0.225;;
966771;unknown;control;2022-05-11 13:30:00+00:00;0.127;;
966771;unknown;control;2022-05-11 13:45:00+00:00;0.102;;
966771;unknown;control;2022-05-11 14:00:00+00:00;0.113;;
966771;unknown;control;2022-05-11 14:15:00+00:00;0.117;;
966771;unknown;control;2022-05-11 14:30:00+00:00;0.1;;
966771;unknown;control;2022-05-11 14:45:00+00:00;0.106;;
966771;unknown;control;2022-05-11 15:00:00+00:00;0.102;;
966771;unknown;control;2022-05-11 15:15:00+00:00;0.11;;
966771;unknown;control;2022-05-11 15:30:00+00:00;0.113;;
966771;unknown;control;2022-05-11 15:45:00+00:00;0.104;;
966771;unknown;control;2022-05-11 16:00:00+00:00;0.115;;
966771;unknown;control;2022-05-11 16:15:00+00:00;0.106;;
966771;unknown;control;2022-05-11 16:30:00+00:00;0.099;;
966771;unknown;control;2022-05-11 16:45:00+00:00;0.109;;
966771;unknown;control;2022-05-11 17:00:00+00:00;0.105;;
966771;unknown;control;2022-05-11 17:15:00+00:00;0.107;;
966771;unknown;control;2022-05-11 17:30:00+00:00;0.12;;
966771;unknown;control;2022-05-11 17:45:00+00:00;0.11;;
966771;unknown;control;2022-05-11 18:00:00+00:00;0.13;;
966771;unknown;control;2022-05-11 18:15:00+00:00;0.12;;
966771;unknown;control;2022-05-11 18:30:00+00:00;0.127;;
966771;unknown;control;2022-05-11 18:45:00+00:00;0.18;;
966771;unknown;control;2022-05-11 19:00:00+00:00;0.148;;
966771;unknown;control;2022-05-11 19:15:00+00:00;0.143;;
966771;unknown;control;2022-05-11 19:30:00+00:00;0.15;;
966771;unknown;control;2022-05-11 19:45:00+00:00;0.163;;
966771;unknown;control;2022-05-11 20:00:00+00:00;0.134;;
966771;unknown;control;2022-05-11 20:15:00+00:00;0.113;;
966771;unknown;control;2022-05-11 20:30:00+00:00;0.118;;
966771;unknown;control;2022-05-11 20:45:00+00:00;0.11;;
966771;unknown;control;2022-05-11 21:00:00+00:00;0.102;;
966771;unknown;control;2022-05-11 21:15:00+00:00;0.11;;
966771;unknown;control;2022-05-11 21:30:00+00:00;0.105;;
966771;unknown;control;2022-05-11 21:45:00+00:00;0.102;;
966771;unknown;control;2022-05-11 22:00:00+00:00;0.116;;
966771;unknown;control;2022-05-11 22:15:00+00:00;0.107;;
966771;unknown;control;2022-05-11 22:30:00+00:00;0.102;;
966771;unknown;control;2022-05-11 22:45:00+00:00;0.108;;
966771;unknown;control;2022-05-11 23:00:00+00:00;0.104;;
966771;unknown;control;2022-05-11 23:15:00+00:00;0.11;;
966771;unknown;control;2022-05-11 23:30:00+00:00;1.364;;
966771;unknown;control;2022-05-11 23:45:00+00:00;1.312;;
966771;unknown;control;2022-05-12 00:00:00+00:00;1.317;;
966771;unknown;control;2022-05-12 00:15:00+00:00;1.342;;
966771;unknown;control;2022-05-12 00:30:00+00:00;1.339;;
966771;unknown;control;2022-05-12 00:45:00+00:00;0.872;;
966771;unknown;control;2022-05-12 01:00:00+00:00;0.104;;
966771;unknown;control;2022-05-12 01:15:00+00:00;0.101;;
966771;unknown;control;2022-05-12 01:30:00+00:00;0.112;;
966771;unknown;control;2022-05-12 01:45:00+00:00;0.102;;
966771;unknown;control;2022-05-12 02:00:00+00:00;0.101;;
966771;unknown;control;2022-05-12 02:15:00+00:00;0.112;;
966771;unknown;control;2022-05-12 02:30:00+00:00;0.101;;
966771;unknown;control;2022-05-12 02:45:00+00:00;0.102;;
966771;unknown;control;2022-05-12 03:00:00+00:00;0.106;;
966771;unknown;control;2022-05-12 03:15:00+00:00;0.1;;
966771;unknown;control;2022-05-12 03:30:00+00:00;0.109;;
966771;unknown;control;2022-05-12 03:45:00+00:00;0.105;;
966771;unknown;control;2022-05-12 04:00:00+00:00;0.097;;
966771;unknown;control;2022-05-12 04:15:00+00:00;0.108;;
966771;unknown;control;2022-05-12 04:30:00+00:00;0.116;;
966771;unknown;control;2022-05-12 04:45:00+00:00;0.116;;
966771;unknown;control;2022-05-12 05:00:00+00:00;0.108;;
966771;unknown;control;2022-05-12 05:15:00+00:00;0.106;;
966771;unknown;control;2022-05-12 05:30:00+00:00;0.114;;
966771;unknown;control;2022-05-12 05:45:00+00:00;0.117;;
966771;unknown;control;2022-05-12 06:00:00+00:00;0.119;;
966771;unknown;control;2022-05-12 06:15:00+00:00;0.48;;
966771;unknown;control;2022-05-12 06:30:00+00:00;0.26;;
966771;unknown;control;2022-05-12 06:45:00+00:00;0.111;;
966771;unknown;control;2022-05-12 07:00:00+00:00;0.117;;
966771;unknown;control;2022-05-12 07:15:00+00:00;0.112;;
966771;unknown;control;2022-05-12 07:30:00+00:00;0.105;;
966771;unknown;control;2022-05-12 07:45:00+00:00;0.116;;
966771;unknown;control;2022-05-12 08:00:00+00:00;0.119;;
966771;unknown;control;2022-05-12 08:15:00+00:00;0.135;;
966771;unknown;control;2022-05-12 08:30:00+00:00;0.239;;
966771;unknown;control;2022-05-12 08:45:00+00:00;0.603;;
966771;unknown;control;2022-05-12 09:00:00+00:00;0.265;;
966771;unknown;control;2022-05-12 09:15:00+00:00;0.276;;
966771;unknown;control;2022-05-12 09:30:00+00:00;0.196;;
966771;unknown;control;2022-05-12 09:45:00+00:00;0.347;;
966771;unknown;control;2022-05-12 10:00:00+00:00;0.301;;
966771;unknown;control;2022-05-12 10:15:00+00:00;0.162;;
966771;unknown;control;2022-05-12 10:30:00+00:00;0.386;;
966771;unknown;control;2022-05-12 10:45:00+00:00;0.473;;
966771;unknown;control;2022-05-12 11:00:00+00:00;0.141;;
966771;unknown;control;2022-05-12 11:15:00+00:00;0.147;;
966771;unknown;control;2022-05-12 11:30:00+00:00;0.511;;
966771;unknown;control;2022-05-12 11:45:00+00:00;0.285;;
966771;unknown;control;2022-05-12 12:00:00+00:00;0.142;;
966771;unknown;control;2022-05-12 12:15:00+00:00;0.153;;
966771;unknown;control;2022-05-12 12:30:00+00:00;0.133;;
966771;unknown;control;2022-05-12 12:45:00+00:00;0.153;;
966771;unknown;control;2022-05-12 13:00:00+00:00;0.138;;
966771;unknown;control;2022-05-12 13:15:00+00:00;0.129;;
966771;unknown;control;2022-05-12 13:30:00+00:00;0.137;;
966771;unknown;control;2022-05-12 13:45:00+00:00;0.199;;
966771;unknown;control;2022-05-12 14:00:00+00:00;0.513;;
966771;unknown;control;2022-05-12 14:15:00+00:00;0.488;;
966771;unknown;control;2022-05-12 14:30:00+00:00;0.287;;
966771;unknown;control;2022-05-12 14:45:00+00:00;0.236;;
966771;unknown;control;2022-05-12 15:00:00+00:00;0.142;;
966771;unknown;control;2022-05-12 15:15:00+00:00;0.161;;
966771;unknown;control;2022-05-12 15:30:00+00:00;0.143;;
966771;unknown;control;2022-05-12 15:45:00+00:00;0.14;;
966771;unknown;control;2022-05-12 16:00:00+00:00;0.128;;
966771;unknown;control;2022-05-12 16:15:00+00:00;0.139;;
966771;unknown;control;2022-05-12 16:30:00+00:00;0.32;;
966771;unknown;control;2022-05-12 16:45:00+00:00;0.149;;
966771;unknown;control;2022-05-12 17:00:00+00:00;0.259;;
966771;unknown;control;2022-05-12 17:15:00+00:00;0.337;;
966771;unknown;control;2022-05-12 17:30:00+00:00;0.174;;
966771;unknown;control;2022-05-12 17:45:00+00:00;0.183;;
966771;unknown;control;2022-05-12 18:00:00+00:00;0.158;;
966771;unknown;control;2022-05-12 18:15:00+00:00;0.16;;
966771;unknown;control;2022-05-12 18:30:00+00:00;0.165;;
966771;unknown;control;2022-05-12 18:45:00+00:00;0.168;;
966771;unknown;control;2022-05-12 19:00:00+00:00;0.165;;
966771;unknown;control;2022-05-12 19:15:00+00:00;0.187;;
966771;unknown;control;2022-05-12 19:30:00+00:00;0.184;;
966771;unknown;control;2022-05-12 19:45:00+00:00;0.174;;
966771;unknown;control;2022-05-12 20:00:00+00:00;0.138;;
966771;unknown;control;2022-05-12 20:15:00+00:00;0.128;;
966771;unknown;control;2022-05-12 20:30:00+00:00;0.127;;
966771;unknown;control;2022-05-12 20:45:00+00:00;0.13;;
966771;unknown;control;2022-05-12 21:00:00+00:00;0.128;;
966771;unknown;control;2022-05-12 21:15:00+00:00;0.133;;
966771;unknown;control;2022-05-12 21:30:00+00:00;0.132;;
966771;unknown;control;2022-05-12 21:45:00+00:00;0.122;;
966771;unknown;control;2022-05-12 22:00:00+00:00;0.127;;
966771;unknown;control;2022-05-12 22:15:00+00:00;0.13;;
966771;unknown;control;2022-05-12 22:30:00+00:00;0.126;;
966771;unknown;control;2022-05-12 22:45:00+00:00;0.146;;
966771;unknown;control;2022-05-12 23:00:00+00:00;0.133;;
966771;unknown;control;2022-05-12 23:15:00+00:00;0.121;;
966771;unknown;control;2022-05-12 23:30:00+00:00;1.375;;
966771;unknown;control;2022-05-12 23:45:00+00:00;1.332;;
966771;unknown;control;2022-05-13 00:00:00+00:00;1.327;;
966771;unknown;control;2022-05-13 00:15:00+00:00;1.353;;
966771;unknown;control;2022-05-13 00:30:00+00:00;1.346;;
966771;unknown;control;2022-05-13 00:45:00+00:00;1.37;;
966771;unknown;control;2022-05-13 01:00:00+00:00;1.382;;
966771;unknown;control;2022-05-13 01:15:00+00:00;0.132;;
966771;unknown;control;2022-05-13 01:30:00+00:00;0.132;;
966771;unknown;control;2022-05-13 01:45:00+00:00;0.131;;
966771;unknown;control;2022-05-13 02:00:00+00:00;0.122;;
966771;unknown;control;2022-05-13 02:15:00+00:00;0.13;;
966771;unknown;control;2022-05-13 02:30:00+00:00;0.129;;
966771;unknown;control;2022-05-13 02:45:00+00:00;0.122;;
966771;unknown;control;2022-05-13 03:00:00+00:00;0.132;;
966771;unknown;control;2022-05-13 03:15:00+00:00;0.135;;
966771;unknown;control;2022-05-13 03:30:00+00:00;0.123;;
966771;unknown;control;2022-05-13 03:45:00+00:00;0.136;;
966771;unknown;control;2022-05-13 04:00:00+00:00;0.147;;
966771;unknown;control;2022-05-13 04:15:00+00:00;0.128;;
966771;unknown;control;2022-05-13 04:30:00+00:00;0.141;;
966771;unknown;control;2022-05-13 04:45:00+00:00;0.735;;
966771;unknown;control;2022-05-13 05:00:00+00:00;0.187;;
966771;unknown;control;2022-05-13 05:15:00+00:00;0.175;;
966771;unknown;control;2022-05-13 05:30:00+00:00;0.168;;
966771;unknown;control;2022-05-13 05:45:00+00:00;0.191;;
966771;unknown;control;2022-05-13 06:00:00+00:00;0.651;;
966771;unknown;control;2022-05-13 06:15:00+00:00;0.174;;
966771;unknown;control;2022-05-13 06:30:00+00:00;0.178;;
966771;unknown;control;2022-05-13 06:45:00+00:00;0.197;;
966771;unknown;control;2022-05-13 07:00:00+00:00;0.161;;
966771;unknown;control;2022-05-13 07:15:00+00:00;0.314;;
966771;unknown;control;2022-05-13 07:30:00+00:00;0.272;;
966771;unknown;control;2022-05-13 07:45:00+00:00;0.265;;
966771;unknown;control;2022-05-13 08:00:00+00:00;0.269;;
966771;unknown;control;2022-05-13 08:15:00+00:00;0.243;;
966771;unknown;control;2022-05-13 08:30:00+00:00;0.245;;
966771;unknown;control;2022-05-13 08:45:00+00:00;0.25;;
966771;unknown;control;2022-05-13 09:00:00+00:00;0.245;;
966771;unknown;control;2022-05-13 09:15:00+00:00;0.252;;
966771;unknown;control;2022-05-13 09:30:00+00:00;0.247;;
966771;unknown;control;2022-05-13 09:45:00+00:00;0.329;;
966771;unknown;control;2022-05-13 10:00:00+00:00;0.251;;
966771;unknown;control;2022-05-13 10:15:00+00:00;0.129;;
966771;unknown;control;2022-05-13 10:30:00+00:00;0.124;;
966771;unknown;control;2022-05-13 10:45:00+00:00;0.127;;
966771;unknown;control;2022-05-13 11:00:00+00:00;0.122;;
966771;unknown;control;2022-05-13 11:15:00+00:00;0.103;;
966771;unknown;control;2022-05-13 11:30:00+00:00;0.104;;
966771;unknown;control;2022-05-13 11:45:00+00:00;0.101;;
966771;unknown;control;2022-05-13 12:00:00+00:00;0.107;;
966771;unknown;control;2022-05-13 12:15:00+00:00;0.104;;
966771;unknown;control;2022-05-13 12:30:00+00:00;0.099;;
966771;unknown;control;2022-05-13 12:45:00+00:00;0.106;;
966771;unknown;control;2022-05-13 13:00:00+00:00;0.111;;
966771;unknown;control;2022-05-13 13:15:00+00:00;0.098;;
966771;unknown;control;2022-05-13 13:30:00+00:00;0.106;;
966771;unknown;control;2022-05-13 13:45:00+00:00;0.118;;
966771;unknown;control;2022-05-13 14:00:00+00:00;0.096;;
966771;unknown;control;2022-05-13 14:15:00+00:00;0.113;;
966771;unknown;control;2022-05-13 14:30:00+00:00;0.116;;
966771;unknown;control;2022-05-13 14:45:00+00:00;0.104;;
966771;unknown;control;2022-05-13 15:00:00+00:00;0.131;;
966771;unknown;control;2022-05-13 15:15:00+00:00;0.343;;
966771;unknown;control;2022-05-13 15:30:00+00:00;0.143;;
966771;unknown;control;2022-05-13 15:45:00+00:00;0.154;;
966771;unknown;control;2022-05-13 16:00:00+00:00;0.161;;
966771;unknown;control;2022-05-13 16:15:00+00:00;0.144;;
966771;unknown;control;2022-05-13 16:30:00+00:00;0.129;;
966771;unknown;control;2022-05-13 16:45:00+00:00;0.141;;
966771;unknown;control;2022-05-13 17:00:00+00:00;0.149;;
966771;unknown;control;2022-05-13 17:15:00+00:00;0.379;;
966771;unknown;control;2022-05-13 17:30:00+00:00;0.872;;
966771;unknown;control;2022-05-13 17:45:00+00:00;0.267;;
966771;unknown;control;2022-05-13 18:00:00+00:00;0.187;;
966771;unknown;control;2022-05-13 18:15:00+00:00;0.194;;
966771;unknown;control;2022-05-13 18:30:00+00:00;0.246;;
966771;unknown;control;2022-05-13 18:45:00+00:00;0.301;;
966771;unknown;control;2022-05-13 19:00:00+00:00;0.322;;
966771;unknown;control;2022-05-13 19:15:00+00:00;0.349;;
966771;unknown;control;2022-05-13 19:30:00+00:00;0.331;;
966771;unknown;control;2022-05-13 19:45:00+00:00;0.276;;
966771;unknown;control;2022-05-13 20:00:00+00:00;0.127;;
966771;unknown;control;2022-05-13 20:15:00+00:00;0.105;;
966771;unknown;control;2022-05-13 20:30:00+00:00;0.099;;
966771;unknown;control;2022-05-13 20:45:00+00:00;0.11;;
966771;unknown;control;2022-05-13 21:00:00+00:00;0.101;;
966771;unknown;control;2022-05-13 21:15:00+00:00;0.104;;
966771;unknown;control;2022-05-13 21:30:00+00:00;0.134;;
966771;unknown;control;2022-05-13 21:45:00+00:00;0.108;;
966771;unknown;control;2022-05-13 22:00:00+00:00;0.103;;
966771;unknown;control;2022-05-13 22:15:00+00:00;0.102;;
966771;unknown;control;2022-05-13 22:30:00+00:00;0.103;;
966771;unknown;control;2022-05-13 22:45:00+00:00;0.108;;
966771;unknown;control;2022-05-13 23:00:00+00:00;0.103;;
966771;unknown;control;2022-05-13 23:15:00+00:00;0.107;;
966771;unknown;control;2022-05-13 23:30:00+00:00;1.342;;
966771;unknown;control;2022-05-13 23:45:00+00:00;1.285;;
966771;unknown;control;2022-05-14 00:00:00+00:00;1.302;;
966771;unknown;control;2022-05-14 00:15:00+00:00;1.317;;
966771;unknown;control;2022-05-14 00:30:00+00:00;1.316;;
966771;unknown;control;2022-05-14 00:45:00+00:00;1.354;;
966771;unknown;control;2022-05-14 01:00:00+00:00;0.686;;
966771;unknown;control;2022-05-14 01:15:00+00:00;0.108;;
966771;unknown;control;2022-05-14 01:30:00+00:00;0.111;;
966771;unknown;control;2022-05-14 01:45:00+00:00;0.106;;
966771;unknown;control;2022-05-14 02:00:00+00:00;0.095;;
966771;unknown;control;2022-05-14 02:15:00+00:00;0.107;;
966771;unknown;control;2022-05-14 02:30:00+00:00;0.101;;
966771;unknown;control;2022-05-14 02:45:00+00:00;0.098;;
966771;unknown;control;2022-05-14 03:00:00+00:00;0.105;;
966771;unknown;control;2022-05-14 03:15:00+00:00;0.099;;
966771;unknown;control;2022-05-14 03:30:00+00:00;0.097;;
966771;unknown;control;2022-05-14 03:45:00+00:00;0.115;;
966771;unknown;control;2022-05-14 04:00:00+00:00;0.1;;
966771;unknown;control;2022-05-14 04:15:00+00:00;0.103;;
966771;unknown;control;2022-05-14 04:30:00+00:00;0.1;;
966771;unknown;control;2022-05-14 04:45:00+00:00;0.098;;
966771;unknown;control;2022-05-14 05:00:00+00:00;0.111;;
966771;unknown;control;2022-05-14 05:15:00+00:00;0.099;;
966771;unknown;control;2022-05-14 05:30:00+00:00;0.102;;
966771;unknown;control;2022-05-14 05:45:00+00:00;0.112;;
966771;unknown;control;2022-05-14 06:00:00+00:00;0.139;;
966771;unknown;control;2022-05-14 06:15:00+00:00;0.099;;
966771;unknown;control;2022-05-14 06:30:00+00:00;0.109;;
966771;unknown;control;2022-05-14 06:45:00+00:00;0.098;;
966771;unknown;control;2022-05-14 07:00:00+00:00;0.115;;
966771;unknown;control;2022-05-14 07:15:00+00:00;0.11;;
966771;unknown;control;2022-05-14 07:30:00+00:00;0.112;;
966771;unknown;control;2022-05-14 07:45:00+00:00;0.28;;
966771;unknown;control;2022-05-14 08:00:00+00:00;0.111;;
966771;unknown;control;2022-05-14 08:15:00+00:00;0.101;;
966771;unknown;control;2022-05-14 08:30:00+00:00;0.165;;
966771;unknown;control;2022-05-14 08:45:00+00:00;0.152;;
966771;unknown;control;2022-05-14 09:00:00+00:00;0.116;;
966771;unknown;control;2022-05-14 09:15:00+00:00;0.326;;
966771;unknown;control;2022-05-14 09:30:00+00:00;0.141;;
966771;unknown;control;2022-05-14 09:45:00+00:00;0.109;;
966771;unknown;control;2022-05-14 10:00:00+00:00;0.119;;
966771;unknown;control;2022-05-14 10:15:00+00:00;0.107;;
966771;unknown;control;2022-05-14 10:30:00+00:00;0.114;;
966771;unknown;control;2022-05-14 10:45:00+00:00;0.134;;
966771;unknown;control;2022-05-14 11:00:00+00:00;0.129;;
966771;unknown;control;2022-05-14 11:15:00+00:00;0.257;;
966771;unknown;control;2022-05-14 11:30:00+00:00;0.307;;
966771;unknown;control;2022-05-14 11:45:00+00:00;0.267;;
966771;unknown;control;2022-05-14 12:00:00+00:00;0.228;;
966771;unknown;control;2022-05-14 12:15:00+00:00;0.278;;
966771;unknown;control;2022-05-14 12:30:00+00:00;0.317;;
966771;unknown;control;2022-05-14 12:45:00+00:00;0.208;;
966771;unknown;control;2022-05-14 13:00:00+00:00;0.11;;
966771;unknown;control;2022-05-14 13:15:00+00:00;0.131;;
966771;unknown;control;2022-05-14 13:30:00+00:00;0.131;;
966771;unknown;control;2022-05-14 13:45:00+00:00;0.112;;
966771;unknown;control;2022-05-14 14:00:00+00:00;0.115;;
966771;unknown;control;2022-05-14 14:15:00+00:00;0.116;;
966771;unknown;control;2022-05-14 14:30:00+00:00;0.101;;
966771;unknown;control;2022-05-14 14:45:00+00:00;0.109;;
966771;unknown;control;2022-05-14 15:00:00+00:00;0.107;;
966771;unknown;control;2022-05-14 15:15:00+00:00;0.099;;
966771;unknown;control;2022-05-14 15:30:00+00:00;0.113;;
966771;unknown;control;2022-05-14 15:45:00+00:00;0.107;;
966771;unknown;control;2022-05-14 16:00:00+00:00;0.096;;
966771;unknown;control;2022-05-14 16:15:00+00:00;0.11;;
966771;unknown;control;2022-05-14 16:30:00+00:00;0.108;;
966771;unknown;control;2022-05-14 16:45:00+00:00;0.101;;
966771;unknown;control;2022-05-14 17:00:00+00:00;0.109;;
966771;unknown;control;2022-05-14 17:15:00+00:00;0.106;;
966771;unknown;control;2022-05-14 17:30:00+00:00;0.102;;
966771;unknown;control;2022-05-14 17:45:00+00:00;0.112;;
966771;unknown;control;2022-05-14 18:00:00+00:00;0.104;;
966771;unknown;control;2022-05-14 18:15:00+00:00;0.107;;
966771;unknown;control;2022-05-14 18:30:00+00:00;0.109;;
966771;unknown;control;2022-05-14 18:45:00+00:00;0.114;;
966771;unknown;control;2022-05-14 19:00:00+00:00;0.12;;
966771;unknown;control;2022-05-14 19:15:00+00:00;0.115;;
966771;unknown;control;2022-05-14 19:30:00+00:00;0.116;;
966771;unknown;control;2022-05-14 19:45:00+00:00;0.118;;
966771;unknown;control;2022-05-14 20:00:00+00:00;0.128;;
966771;unknown;control;2022-05-14 20:15:00+00:00;0.179;;
966771;unknown;control;2022-05-14 20:30:00+00:00;0.179;;
966771;unknown;control;2022-05-14 20:45:00+00:00;0.142;;
966771;unknown;control;2022-05-14 21:00:00+00:00;0.128;;
966771;unknown;control;2022-05-14 21:15:00+00:00;0.112;;
966771;unknown;control;2022-05-14 21:30:00+00:00;0.102;;
966771;unknown;control;2022-05-14 21:45:00+00:00;0.105;;
966771;unknown;control;2022-05-14 22:00:00+00:00;0.115;;
966771;unknown;control;2022-05-14 22:15:00+00:00;0.097;;
966771;unknown;control;2022-05-14 22:30:00+00:00;0.106;;
966771;unknown;control;2022-05-14 22:45:00+00:00;0.113;;
966771;unknown;control;2022-05-14 23:00:00+00:00;0.101;;
966771;unknown;control;2022-05-14 23:15:00+00:00;0.104;;
966771;unknown;control;2022-05-14 23:30:00+00:00;1.345;;
966771;unknown;control;2022-05-14 23:45:00+00:00;1.301;;
966771;unknown;control;2022-05-15 00:00:00+00:00;1.294;;
966771;unknown;control;2022-05-15 00:15:00+00:00;1.307;;
966771;unknown;control;2022-05-15 00:30:00+00:00;1.326;;
966771;unknown;control;2022-05-15 00:45:00+00:00;1.201;;
966771;unknown;control;2022-05-15 01:00:00+00:00;0.106;;
966771;unknown;control;2022-05-15 01:15:00+00:00;0.099;;
966771;unknown;control;2022-05-15 01:30:00+00:00;0.106;;
966771;unknown;control;2022-05-15 01:45:00+00:00;0.104;;
966771;unknown;control;2022-05-15 02:00:00+00:00;0.107;;
966771;unknown;control;2022-05-15 02:15:00+00:00;0.105;;
966771;unknown;control;2022-05-15 02:30:00+00:00;0.105;;
966771;unknown;control;2022-05-15 02:45:00+00:00;0.105;;
966771;unknown;control;2022-05-15 03:00:00+00:00;0.101;;
966771;unknown;control;2022-05-15 03:15:00+00:00;0.099;;
966771;unknown;control;2022-05-15 03:30:00+00:00;0.104;;
966771;unknown;control;2022-05-15 03:45:00+00:00;0.095;;
966771;unknown;control;2022-05-15 04:00:00+00:00;0.1;;
966771;unknown;control;2022-05-15 04:15:00+00:00;0.109;;
966771;unknown;control;2022-05-15 04:30:00+00:00;0.095;;
966771;unknown;control;2022-05-15 04:45:00+00:00;0.098;;
966771;unknown;control;2022-05-15 05:00:00+00:00;0.11;;
966771;unknown;control;2022-05-15 05:15:00+00:00;0.1;;
966771;unknown;control;2022-05-15 05:30:00+00:00;0.104;;
966771;unknown;control;2022-05-15 05:45:00+00:00;0.109;;
966771;unknown;control;2022-05-15 06:00:00+00:00;0.098;;
966771;unknown;control;2022-05-15 06:15:00+00:00;0.112;;
966771;unknown;control;2022-05-15 06:30:00+00:00;0.114;;
966771;unknown;control;2022-05-15 06:45:00+00:00;0.098;;
966771;unknown;control;2022-05-15 07:00:00+00:00;0.121;;
966771;unknown;control;2022-05-15 07:15:00+00:00;0.108;;
966771;unknown;control;2022-05-15 07:30:00+00:00;0.48;;
966771;unknown;control;2022-05-15 07:45:00+00:00;0.191;;
966771;unknown;control;2022-05-15 08:00:00+00:00;0.231;;
966771;unknown;control;2022-05-15 08:15:00+00:00;0.101;;
966771;unknown;control;2022-05-15 08:30:00+00:00;0.223;;
966771;unknown;control;2022-05-15 08:45:00+00:00;0.328;;
966771;unknown;control;2022-05-15 09:00:00+00:00;0.202;;
966771;unknown;control;2022-05-15 09:15:00+00:00;0.136;;
966771;unknown;control;2022-05-15 09:30:00+00:00;0.685;;
966771;unknown;control;2022-05-15 09:45:00+00:00;0.469;;
966771;unknown;control;2022-05-15 10:00:00+00:00;0.448;;
966771;unknown;control;2022-05-15 10:15:00+00:00;0.53;;
966771;unknown;control;2022-05-15 10:30:00+00:00;0.351;;
966771;unknown;control;2022-05-15 10:45:00+00:00;0.116;;
966771;unknown;control;2022-05-15 11:00:00+00:00;0.11;;
966771;unknown;control;2022-05-15 11:15:00+00:00;0.114;;
966771;unknown;control;2022-05-15 11:30:00+00:00;0.11;;
966771;unknown;control;2022-05-15 11:45:00+00:00;0.109;;
966771;unknown;control;2022-05-15 12:00:00+00:00;0.123;;
966771;unknown;control;2022-05-15 12:15:00+00:00;0.104;;
966771;unknown;control;2022-05-15 12:30:00+00:00;0.106;;
966771;unknown;control;2022-05-15 12:45:00+00:00;0.133;;
966771;unknown;control;2022-05-15 13:00:00+00:00;0.16;;
966771;unknown;control;2022-05-15 13:15:00+00:00;0.108;;
966771;unknown;control;2022-05-15 13:30:00+00:00;0.167;;
966771;unknown;control;2022-05-15 13:45:00+00:00;0.114;;
966771;unknown;control;2022-05-15 14:00:00+00:00;0.113;;
966771;unknown;control;2022-05-15 14:15:00+00:00;0.169;;
966771;unknown;control;2022-05-15 14:30:00+00:00;0.141;;
966771;unknown;control;2022-05-15 14:45:00+00:00;0.125;;
966771;unknown;control;2022-05-15 15:00:00+00:00;0.123;;
966771;unknown;control;2022-05-15 15:15:00+00:00;0.121;;
966771;unknown;control;2022-05-15 15:30:00+00:00;0.105;;
966771;unknown;control;2022-05-15 15:45:00+00:00;0.111;;
966771;unknown;control;2022-05-15 16:00:00+00:00;0.111;;
966771;unknown;control;2022-05-15 16:15:00+00:00;0.114;;
966771;unknown;control;2022-05-15 16:30:00+00:00;0.143;;
966771;unknown;control;2022-05-15 16:45:00+00:00;0.116;;
966771;unknown;control;2022-05-15 17:00:00+00:00;0.113;;
966771;unknown;control;2022-05-15 17:15:00+00:00;0.106;;
966771;unknown;control;2022-05-15 17:30:00+00:00;0.125;;
966771;unknown;control;2022-05-15 17:45:00+00:00;0.106;;
966771;unknown;control;2022-05-15 18:00:00+00:00;0.105;;
966771;unknown;control;2022-05-15 18:15:00+00:00;0.259;;
966771;unknown;control;2022-05-15 18:30:00+00:00;0.576;;
966771;unknown;control;2022-05-15 18:45:00+00:00;0.167;;
966771;unknown;control;2022-05-15 19:00:00+00:00;0.167;;
966771;unknown;control;2022-05-15 19:15:00+00:00;0.411;;
966771;unknown;control;2022-05-15 19:30:00+00:00;0.364;;
966771;unknown;control;2022-05-15 19:45:00+00:00;0.157;;
966771;unknown;control;2022-05-15 20:00:00+00:00;0.131;;
966771;unknown;control;2022-05-15 20:15:00+00:00;0.124;;
966771;unknown;control;2022-05-15 20:30:00+00:00;0.119;;
966771;unknown;control;2022-05-15 20:45:00+00:00;0.102;;
966771;unknown;control;2022-05-15 21:00:00+00:00;0.108;;
966771;unknown;control;2022-05-15 21:15:00+00:00;0.101;;
966771;unknown;control;2022-05-15 21:30:00+00:00;0.1;;
966771;unknown;control;2022-05-15 21:45:00+00:00;0.109;;
966771;unknown;control;2022-05-15 22:00:00+00:00;0.098;;
966771;unknown;control;2022-05-15 22:15:00+00:00;0.106;;
966771;unknown;control;2022-05-15 22:30:00+00:00;0.109;;
966771;unknown;control;2022-05-15 22:45:00+00:00;0.095;;
966771;unknown;control;2022-05-15 23:00:00+00:00;0.101;;
966771;unknown;control;2022-05-15 23:15:00+00:00;0.106;;
966771;unknown;control;2022-05-15 23:30:00+00:00;1.321;;
966771;unknown;control;2022-05-15 23:45:00+00:00;1.287;;
966771;unknown;control;2022-05-16 00:00:00+00:00;1.303;;
966771;unknown;control;2022-05-16 00:15:00+00:00;1.348;;
966771;unknown;control;2022-05-16 00:30:00+00:00;1.349;;
966771;unknown;control;2022-05-16 00:45:00+00:00;1.367;;
966771;unknown;control;2022-05-16 01:00:00+00:00;1.372;;
966771;unknown;control;2022-05-16 01:15:00+00:00;1.385;;
966771;unknown;control;2022-05-16 01:30:00+00:00;0.124;;
966771;unknown;control;2022-05-16 01:45:00+00:00;0.106;;
966771;unknown;control;2022-05-16 02:00:00+00:00;0.105;;
966771;unknown;control;2022-05-16 02:15:00+00:00;0.096;;
966771;unknown;control;2022-05-16 02:30:00+00:00;0.106;;
966771;unknown;control;2022-05-16 02:45:00+00:00;0.103;;
966771;unknown;control;2022-05-16 03:00:00+00:00;0.097;;
966771;unknown;control;2022-05-16 03:15:00+00:00;0.108;;
966771;unknown;control;2022-05-16 03:30:00+00:00;0.098;;
966771;unknown;control;2022-05-16 03:45:00+00:00;0.106;;
966771;unknown;control;2022-05-16 04:00:00+00:00;0.123;;
966771;unknown;control;2022-05-16 04:15:00+00:00;0.095;;
966771;unknown;control;2022-05-16 04:30:00+00:00;0.098;;
966771;unknown;control;2022-05-16 04:45:00+00:00;0.102;;
966771;unknown;control;2022-05-16 05:00:00+00:00;0.129;;
966771;unknown;control;2022-05-16 05:15:00+00:00;0.505;;
966771;unknown;control;2022-05-16 05:30:00+00:00;0.152;;
966771;unknown;control;2022-05-16 05:45:00+00:00;0.147;;
966771;unknown;control;2022-05-16 06:00:00+00:00;0.151;;
966771;unknown;control;2022-05-16 06:15:00+00:00;0.111;;
966771;unknown;control;2022-05-16 06:30:00+00:00;0.263;;
966771;unknown;control;2022-05-16 06:45:00+00:00;0.366;;
966771;unknown;control;2022-05-16 07:00:00+00:00;0.168;;
966771;unknown;control;2022-05-16 07:15:00+00:00;0.143;;
966771;unknown;control;2022-05-16 07:30:00+00:00;0.162;;
966771;unknown;control;2022-05-16 07:45:00+00:00;0.488;;
966771;unknown;control;2022-05-16 08:00:00+00:00;0.733;;
966771;unknown;control;2022-05-16 08:15:00+00:00;0.153;;
966771;unknown;control;2022-05-16 08:30:00+00:00;0.213;;
966771;unknown;control;2022-05-16 08:45:00+00:00;0.249;;
966771;unknown;control;2022-05-16 09:00:00+00:00;0.208;;
966771;unknown;control;2022-05-16 09:15:00+00:00;0.119;;
966771;unknown;control;2022-05-16 09:30:00+00:00;0.128;;
966771;unknown;control;2022-05-16 09:45:00+00:00;0.115;;
966771;unknown;control;2022-05-16 10:00:00+00:00;0.114;;
966771;unknown;control;2022-05-16 10:15:00+00:00;0.11;;
966771;unknown;control;2022-05-16 10:30:00+00:00;0.107;;
966771;unknown;control;2022-05-16 10:45:00+00:00;0.122;;
966771;unknown;control;2022-05-16 11:00:00+00:00;0.112;;
966771;unknown;control;2022-05-16 11:15:00+00:00;0.103;;
966771;unknown;control;2022-05-16 11:30:00+00:00;0.113;;
966771;unknown;control;2022-05-16 11:45:00+00:00;0.196;;
966771;unknown;control;2022-05-16 12:00:00+00:00;0.274;;
966771;unknown;control;2022-05-16 12:15:00+00:00;0.294;;
966771;unknown;control;2022-05-16 12:30:00+00:00;0.55;;
966771;unknown;control;2022-05-16 12:45:00+00:00;0.179;;
966771;unknown;control;2022-05-16 13:00:00+00:00;0.119;;
966771;unknown;control;2022-05-16 13:15:00+00:00;0.108;;
966771;unknown;control;2022-05-16 13:30:00+00:00;0.111;;
966771;unknown;control;2022-05-16 13:45:00+00:00;0.115;;
966771;unknown;control;2022-05-16 14:00:00+00:00;0.12;;
966771;unknown;control;2022-05-16 14:15:00+00:00;0.118;;
966771;unknown;control;2022-05-16 14:30:00+00:00;0.124;;
966771;unknown;control;2022-05-16 14:45:00+00:00;0.11;;
966771;unknown;control;2022-05-16 15:00:00+00:00;0.118;;
966771;unknown;control;2022-05-16 15:15:00+00:00;0.148;;
966771;unknown;control;2022-05-16 15:30:00+00:00;0.118;;
966771;unknown;control;2022-05-16 15:45:00+00:00;0.122;;
966771;unknown;control;2022-05-16 16:00:00+00:00;0.105;;
966771;unknown;control;2022-05-16 16:15:00+00:00;0.103;;
966771;unknown;control;2022-05-16 16:30:00+00:00;0.106;;
966771;unknown;control;2022-05-16 16:45:00+00:00;0.102;;
966771;unknown;control;2022-05-16 17:00:00+00:00;0.108;;
966771;unknown;control;2022-05-16 17:15:00+00:00;0.109;;
966771;unknown;control;2022-05-16 17:30:00+00:00;0.098;;
966771;unknown;control;2022-05-16 17:45:00+00:00;0.11;;
966771;unknown;control;2022-05-16 18:00:00+00:00;0.111;;
966771;unknown;control;2022-05-16 18:15:00+00:00;0.098;;
966771;unknown;control;2022-05-16 18:30:00+00:00;0.106;;
966771;unknown;control;2022-05-16 18:45:00+00:00;0.11;;
966771;unknown;control;2022-05-16 19:00:00+00:00;0.113;;
966771;unknown;control;2022-05-16 19:15:00+00:00;0.117;;
966771;unknown;control;2022-05-16 19:30:00+00:00;0.283;;
966771;unknown;control;2022-05-16 19:45:00+00:00;0.445;;
966771;unknown;control;2022-05-16 20:00:00+00:00;0.116;;
966771;unknown;control;2022-05-16 20:15:00+00:00;0.099;;
966771;unknown;control;2022-05-16 20:30:00+00:00;0.104;;
966771;unknown;control;2022-05-16 20:45:00+00:00;0.104;;
966771;unknown;control;2022-05-16 21:00:00+00:00;0.091;;
966771;unknown;control;2022-05-16 21:15:00+00:00;0.107;;
966771;unknown;control;2022-05-16 21:30:00+00:00;0.105;;
966771;unknown;control;2022-05-16 21:45:00+00:00;0.093;;
966771;unknown;control;2022-05-16 22:00:00+00:00;0.107;;
966771;unknown;control;2022-05-16 22:15:00+00:00;0.103;;
966771;unknown;control;2022-05-16 22:30:00+00:00;0.097;;
966771;unknown;control;2022-05-16 22:45:00+00:00;0.105;;
966771;unknown;control;2022-05-16 23:00:00+00:00;0.101;;
966771;unknown;control;2022-05-16 23:15:00+00:00;0.102;;
966771;unknown;control;2022-05-16 23:30:00+00:00;1.343;;
966771;unknown;control;2022-05-16 23:45:00+00:00;1.285;;
966771;unknown;control;2022-05-17 00:00:00+00:00;1.305;;
966771;unknown;control;2022-05-17 00:15:00+00:00;1.329;;
966771;unknown;control;2022-05-17 00:30:00+00:00;1.321;;
966771;unknown;control;2022-05-17 00:45:00+00:00;0.579;;
966771;unknown;control;2022-05-17 01:00:00+00:00;0.105;;
966771;unknown;control;2022-05-17 01:15:00+00:00;0.097;;
966771;unknown;control;2022-05-17 01:30:00+00:00;0.1;;
966771;unknown;control;2022-05-17 01:45:00+00:00;0.1;;
966771;unknown;control;2022-05-17 02:00:00+00:00;0.11;;
966771;unknown;control;2022-05-17 02:15:00+00:00;0.103;;
966771;unknown;control;2022-05-17 02:30:00+00:00;0.096;;
966771;unknown;control;2022-05-17 02:45:00+00:00;0.1;;
966771;unknown;control;2022-05-17 03:00:00+00:00;0.104;;
966771;unknown;control;2022-05-17 03:15:00+00:00;0.097;;
966771;unknown;control;2022-05-17 03:30:00+00:00;0.103;;
966771;unknown;control;2022-05-17 03:45:00+00:00;0.105;;
966771;unknown;control;2022-05-17 04:00:00+00:00;0.096;;
966771;unknown;control;2022-05-17 04:15:00+00:00;0.099;;
966771;unknown;control;2022-05-17 04:30:00+00:00;0.119;;
966771;unknown;control;2022-05-17 04:45:00+00:00;0.104;;
966771;unknown;control;2022-05-17 05:00:00+00:00;0.773;;
966771;unknown;control;2022-05-17 05:15:00+00:00;0.394;;
966771;unknown;control;2022-05-17 05:30:00+00:00;0.221;;
966771;unknown;control;2022-05-17 05:45:00+00:00;0.505;;
966771;unknown;control;2022-05-17 06:00:00+00:00;0.463;;
966771;unknown;control;2022-05-17 06:15:00+00:00;0.475;;
966771;unknown;control;2022-05-17 06:30:00+00:00;0.811;;
966771;unknown;control;2022-05-17 06:45:00+00:00;0.416;;
966771;unknown;control;2022-05-17 07:00:00+00:00;0.133;;
966771;unknown;control;2022-05-17 07:15:00+00:00;0.148;;
966771;unknown;control;2022-05-17 07:30:00+00:00;0.142;;
966771;unknown;control;2022-05-17 07:45:00+00:00;0.13;;
966771;unknown;control;2022-05-17 08:00:00+00:00;0.109;;
966771;unknown;control;2022-05-17 08:15:00+00:00;0.104;;
966771;unknown;control;2022-05-17 08:30:00+00:00;0.127;;
966771;unknown;control;2022-05-17 08:45:00+00:00;0.112;;
966771;unknown;control;2022-05-17 09:00:00+00:00;0.112;;
966771;unknown;control;2022-05-17 09:15:00+00:00;0.131;;
966771;unknown;control;2022-05-17 09:30:00+00:00;0.309;;
966771;unknown;control;2022-05-17 09:45:00+00:00;0.125;;
966771;unknown;control;2022-05-17 10:00:00+00:00;0.123;;
966771;unknown;control;2022-05-17 10:15:00+00:00;0.125;;
966771;unknown;control;2022-05-17 10:30:00+00:00;0.107;;
966771;unknown;control;2022-05-17 10:45:00+00:00;0.109;;
966771;unknown;control;2022-05-17 11:00:00+00:00;0.113;;
966771;unknown;control;2022-05-17 11:15:00+00:00;0.111;;
966771;unknown;control;2022-05-17 11:30:00+00:00;0.116;;
966771;unknown;control;2022-05-17 11:45:00+00:00;0.107;;
966771;unknown;control;2022-05-17 12:00:00+00:00;0.114;;
966771;unknown;control;2022-05-17 12:15:00+00:00;0.113;;
966771;unknown;control;2022-05-17 12:30:00+00:00;0.106;;
966771;unknown;control;2022-05-17 12:45:00+00:00;0.12;;
966771;unknown;control;2022-05-17 13:00:00+00:00;0.335;;
966771;unknown;control;2022-05-17 13:15:00+00:00;0.177;;
966771;unknown;control;2022-05-17 13:30:00+00:00;0.131;;
966771;unknown;control;2022-05-17 13:45:00+00:00;0.123;;
966771;unknown;control;2022-05-17 14:00:00+00:00;0.125;;
966771;unknown;control;2022-05-17 14:15:00+00:00;0.139;;
966771;unknown;control;2022-05-17 14:30:00+00:00;0.129;;
966771;unknown;control;2022-05-17 14:45:00+00:00;0.122;;
966771;unknown;control;2022-05-17 15:00:00+00:00;0.116;;
966771;unknown;control;2022-05-17 15:15:00+00:00;0.117;;
966771;unknown;control;2022-05-17 15:30:00+00:00;0.12;;
966771;unknown;control;2022-05-17 15:45:00+00:00;0.135;;
966771;unknown;control;2022-05-17 16:00:00+00:00;0.109;;
966771;unknown;control;2022-05-17 16:15:00+00:00;0.115;;
966771;unknown;control;2022-05-17 16:30:00+00:00;0.138;;
966771;unknown;control;2022-05-17 16:45:00+00:00;0.103;;
966771;unknown;control;2022-05-17 17:00:00+00:00;0.111;;
966771;unknown;control;2022-05-17 17:15:00+00:00;0.108;;
966771;unknown;control;2022-05-17 17:30:00+00:00;0.121;;
966771;unknown;control;2022-05-17 17:45:00+00:00;0.126;;
966771;unknown;control;2022-05-17 18:00:00+00:00;0.135;;
966771;unknown;control;2022-05-17 18:15:00+00:00;0.136;;
966771;unknown;control;2022-05-17 18:30:00+00:00;0.146;;
966771;unknown;control;2022-05-17 18:45:00+00:00;0.147;;
966771;unknown;control;2022-05-17 19:00:00+00:00;0.162;;
966771;unknown;control;2022-05-17 19:15:00+00:00;0.16;;
966771;unknown;control;2022-05-17 19:30:00+00:00;0.149;;
966771;unknown;control;2022-05-17 19:45:00+00:00;0.155;;
966771;unknown;control;2022-05-17 20:00:00+00:00;0.141;;
966771;unknown;control;2022-05-17 20:15:00+00:00;0.13;;
966771;unknown;control;2022-05-17 20:30:00+00:00;0.146;;
966771;unknown;control;2022-05-17 20:45:00+00:00;0.118;;
966771;unknown;control;2022-05-17 21:00:00+00:00;0.101;;
966771;unknown;control;2022-05-17 21:15:00+00:00;0.106;;
966771;unknown;control;2022-05-17 21:30:00+00:00;0.103;;
966771;unknown;control;2022-05-17 21:45:00+00:00;0.104;;
966771;unknown;control;2022-05-17 22:00:00+00:00;0.104;;
966771;unknown;control;2022-05-17 22:15:00+00:00;0.096;;
966771;unknown;control;2022-05-17 22:30:00+00:00;0.106;;
966771;unknown;control;2022-05-17 22:45:00+00:00;0.114;;
966771;unknown;control;2022-05-17 23:00:00+00:00;0.097;;
966771;unknown;control;2022-05-17 23:15:00+00:00;0.104;;
966771;unknown;control;2022-05-17 23:30:00+00:00;1.348;;
966771;unknown;control;2022-05-17 23:45:00+00:00;1.292;;
966771;unknown;control;2022-05-18 00:00:00+00:00;1.307;;
966771;unknown;control;2022-05-18 00:15:00+00:00;1.327;;
966771;unknown;control;2022-05-18 00:30:00+00:00;0.601;;
966771;unknown;control;2022-05-18 00:45:00+00:00;0.105;;
966771;unknown;control;2022-05-18 01:00:00+00:00;0.104;;
966771;unknown;control;2022-05-18 01:15:00+00:00;0.106;;
966771;unknown;control;2022-05-18 01:30:00+00:00;0.107;;
966771;unknown;control;2022-05-18 01:45:00+00:00;0.099;;
966771;unknown;control;2022-05-18 02:00:00+00:00;0.109;;
966771;unknown;control;2022-05-18 02:15:00+00:00;0.122;;
966771;unknown;control;2022-05-18 02:30:00+00:00;0.097;;
966771;unknown;control;2022-05-18 02:45:00+00:00;0.104;;
966771;unknown;control;2022-05-18 03:00:00+00:00;0.109;;
966771;unknown;control;2022-05-18 03:15:00+00:00;0.096;;
966771;unknown;control;2022-05-18 03:30:00+00:00;0.106;;
966771;unknown;control;2022-05-18 03:45:00+00:00;0.107;;
966771;unknown;control;2022-05-18 04:00:00+00:00;0.097;;
966771;unknown;control;2022-05-18 04:15:00+00:00;0.123;;
966771;unknown;control;2022-05-18 04:30:00+00:00;0.124;;
966771;unknown;control;2022-05-18 04:45:00+00:00;0.111;;
966771;unknown;control;2022-05-18 05:00:00+00:00;0.109;;
966771;unknown;control;2022-05-18 05:15:00+00:00;0.108;;
966771;unknown;control;2022-05-18 05:30:00+00:00;0.115;;
966771;unknown;control;2022-05-18 05:45:00+00:00;0.106;;
966771;unknown;control;2022-05-18 06:00:00+00:00;0.104;;
966771;unknown;control;2022-05-18 06:15:00+00:00;0.122;;
966771;unknown;control;2022-05-18 06:30:00+00:00;0.38;;
966771;unknown;control;2022-05-18 06:45:00+00:00;0.095;;
966771;unknown;control;2022-05-18 07:00:00+00:00;0.11;;
966771;unknown;control;2022-05-18 07:15:00+00:00;0.109;;
966771;unknown;control;2022-05-18 07:30:00+00:00;0.099;;
966771;unknown;control;2022-05-18 07:45:00+00:00;0.113;;
966771;unknown;control;2022-05-18 08:00:00+00:00;0.105;;
966771;unknown;control;2022-05-18 08:15:00+00:00;0.096;;
966771;unknown;control;2022-05-18 08:30:00+00:00;0.125;;
966771;unknown;control;2022-05-18 08:45:00+00:00;0.122;;
966771;unknown;control;2022-05-18 09:00:00+00:00;0.109;;
966771;unknown;control;2022-05-18 09:15:00+00:00;0.117;;
966771;unknown;control;2022-05-18 09:30:00+00:00;0.139;;
966771;unknown;control;2022-05-18 09:45:00+00:00;0.527;;
966771;unknown;control;2022-05-18 10:00:00+00:00;0.11;;
966771;unknown;control;2022-05-18 10:15:00+00:00;0.132;;
966771;unknown;control;2022-05-18 10:30:00+00:00;0.127;;
966771;unknown;control;2022-05-18 10:45:00+00:00;0.126;;
966771;unknown;control;2022-05-18 11:00:00+00:00;0.119;;
966771;unknown;control;2022-05-18 11:15:00+00:00;0.325;;
966771;unknown;control;2022-05-18 11:30:00+00:00;0.393;;
966771;unknown;control;2022-05-18 11:45:00+00:00;0.188;;
966771;unknown;control;2022-05-18 12:00:00+00:00;0.321;;
966771;unknown;control;2022-05-18 12:15:00+00:00;0.109;;
966771;unknown;control;2022-05-18 12:30:00+00:00;0.113;;
966771;unknown;control;2022-05-18 12:45:00+00:00;0.118;;
966771;unknown;control;2022-05-18 13:00:00+00:00;0.109;;
966771;unknown;control;2022-05-18 13:15:00+00:00;0.359;;
966771;unknown;control;2022-05-18 13:30:00+00:00;0.222;;
966771;unknown;control;2022-05-18 13:45:00+00:00;0.106;;
966771;unknown;control;2022-05-18 14:00:00+00:00;0.122;;
966771;unknown;control;2022-05-18 14:15:00+00:00;0.121;;
966771;unknown;control;2022-05-18 14:30:00+00:00;0.122;;
966771;unknown;control;2022-05-18 14:45:00+00:00;0.102;;
966771;unknown;control;2022-05-18 15:00:00+00:00;0.112;;
966771;unknown;control;2022-05-18 15:15:00+00:00;0.102;;
966771;unknown;control;2022-05-18 15:30:00+00:00;0.104;;
966771;unknown;control;2022-05-18 15:45:00+00:00;0.113;;
966771;unknown;control;2022-05-18 16:00:00+00:00;0.11;;
966771;unknown;control;2022-05-18 16:15:00+00:00;0.113;;
966771;unknown;control;2022-05-18 16:30:00+00:00;0.111;;
966771;unknown;control;2022-05-18 16:45:00+00:00;0.102;;
966771;unknown;control;2022-05-18 17:00:00+00:00;0.106;;
966771;unknown;control;2022-05-18 17:15:00+00:00;0.106;;
966771;unknown;control;2022-05-18 17:30:00+00:00;0.106;;
966771;unknown;control;2022-05-18 17:45:00+00:00;0.116;;
966771;unknown;control;2022-05-18 18:00:00+00:00;0.114;;
966771;unknown;control;2022-05-18 18:15:00+00:00;0.108;;
966771;unknown;control;2022-05-18 18:30:00+00:00;0.128;;
966771;unknown;control;2022-05-18 18:45:00+00:00;0.165;;
966771;unknown;control;2022-05-18 19:00:00+00:00;0.127;;
966771;unknown;control;2022-05-18 19:15:00+00:00;0.124;;
966771;unknown;control;2022-05-18 19:30:00+00:00;0.171;;
966771;unknown;control;2022-05-18 19:45:00+00:00;0.181;;
966771;unknown;control;2022-05-18 20:00:00+00:00;0.145;;
966771;unknown;control;2022-05-18 20:15:00+00:00;0.159;;
966771;unknown;control;2022-05-18 20:30:00+00:00;0.141;;
966771;unknown;control;2022-05-18 20:45:00+00:00;0.135;;
966771;unknown;control;2022-05-18 21:00:00+00:00;0.14;;
966771;unknown;control;2022-05-18 21:15:00+00:00;0.138;;
966771;unknown;control;2022-05-18 21:30:00+00:00;0.135;;
966771;unknown;control;2022-05-18 21:45:00+00:00;0.142;;
966771;unknown;control;2022-05-18 22:00:00+00:00;0.118;;
966771;unknown;control;2022-05-18 22:15:00+00:00;0.102;;
966771;unknown;control;2022-05-18 22:30:00+00:00;0.111;;
966771;unknown;control;2022-05-18 22:45:00+00:00;0.102;;
966771;unknown;control;2022-05-18 23:00:00+00:00;0.099;;
966771;unknown;control;2022-05-18 23:15:00+00:00;0.121;;
966771;unknown;control;2022-05-18 23:30:00+00:00;1.349;;
966771;unknown;control;2022-05-18 23:45:00+00:00;1.309;;
966771;unknown;control;2022-05-19 00:00:00+00:00;1.318;;
966771;unknown;control;2022-05-19 00:15:00+00:00;1.337;;
966771;unknown;control;2022-05-19 00:30:00+00:00;1.352;;
966771;unknown;control;2022-05-19 00:45:00+00:00;1.378;;
966771;unknown;control;2022-05-19 01:00:00+00:00;1.369;;
966771;unknown;control;2022-05-19 01:15:00+00:00;1.384;;
966771;unknown;control;2022-05-19 01:30:00+00:00;0.137;;
966771;unknown;control;2022-05-19 01:45:00+00:00;0.115;;
966771;unknown;control;2022-05-19 02:00:00+00:00;0.113;;
966771;unknown;control;2022-05-19 02:15:00+00:00;0.102;;
966771;unknown;control;2022-05-19 02:30:00+00:00;0.102;;
966771;unknown;control;2022-05-19 02:45:00+00:00;0.112;;
966771;unknown;control;2022-05-19 03:00:00+00:00;0.1;;
966771;unknown;control;2022-05-19 03:15:00+00:00;0.097;;
966771;unknown;control;2022-05-19 03:30:00+00:00;0.112;;
966771;unknown;control;2022-05-19 03:45:00+00:00;0.099;;
966771;unknown;control;2022-05-19 04:00:00+00:00;0.112;;
966771;unknown;control;2022-05-19 04:15:00+00:00;0.119;;
966771;unknown;control;2022-05-19 04:30:00+00:00;0.122;;
966771;unknown;control;2022-05-19 04:45:00+00:00;0.109;;
966771;unknown;control;2022-05-19 05:00:00+00:00;0.137;;
966771;unknown;control;2022-05-19 05:15:00+00:00;0.105;;
966771;unknown;control;2022-05-19 05:30:00+00:00;0.119;;
966771;unknown;control;2022-05-19 05:45:00+00:00;0.498;;
966771;unknown;control;2022-05-19 06:00:00+00:00;0.237;;
966771;unknown;control;2022-05-19 06:15:00+00:00;0.142;;
966771;unknown;control;2022-05-19 06:30:00+00:00;0.13;;
966771;unknown;control;2022-05-19 06:45:00+00:00;0.19;;
966771;unknown;control;2022-05-19 07:00:00+00:00;0.171;;
966771;unknown;control;2022-05-19 07:15:00+00:00;0.106;;
966771;unknown;control;2022-05-19 07:30:00+00:00;0.107;;
966771;unknown;control;2022-05-19 07:45:00+00:00;0.11;;
966771;unknown;control;2022-05-19 08:00:00+00:00;0.11;;
966771;unknown;control;2022-05-19 08:15:00+00:00;0.105;;
966771;unknown;control;2022-05-19 08:30:00+00:00;0.11;;
966771;unknown;control;2022-05-19 08:45:00+00:00;0.109;;
966771;unknown;control;2022-05-19 09:00:00+00:00;0.112;;
966771;unknown;control;2022-05-19 09:15:00+00:00;0.115;;
966771;unknown;control;2022-05-19 09:30:00+00:00;0.099;;
966771;unknown;control;2022-05-19 09:45:00+00:00;0.352;;
966771;unknown;control;2022-05-19 10:00:00+00:00;0.114;;
966771;unknown;control;2022-05-19 10:15:00+00:00;0.106;;
966771;unknown;control;2022-05-19 10:30:00+00:00;0.107;;
966771;unknown;control;2022-05-19 10:45:00+00:00;0.119;;
966771;unknown;control;2022-05-19 11:00:00+00:00;0.107;;
966771;unknown;control;2022-05-19 11:15:00+00:00;0.107;;
966771;unknown;control;2022-05-19 11:30:00+00:00;0.105;;
966771;unknown;control;2022-05-19 11:45:00+00:00;0.094;;
966771;unknown;control;2022-05-19 12:00:00+00:00;0.105;;
966771;unknown;control;2022-05-19 12:15:00+00:00;0.105;;
966771;unknown;control;2022-05-19 12:30:00+00:00;0.11;;
966771;unknown;control;2022-05-19 12:45:00+00:00;0.114;;
966771;unknown;control;2022-05-19 13:00:00+00:00;0.094;;
966771;unknown;control;2022-05-19 13:15:00+00:00;0.105;;
966771;unknown;control;2022-05-19 13:30:00+00:00;0.114;;
966771;unknown;control;2022-05-19 13:45:00+00:00;0.102;;
966771;unknown;control;2022-05-19 14:00:00+00:00;0.11;;
966771;unknown;control;2022-05-19 14:15:00+00:00;0.108;;
966771;unknown;control;2022-05-19 14:30:00+00:00;0.107;;
966771;unknown;control;2022-05-19 14:45:00+00:00;0.116;;
966771;unknown;control;2022-05-19 15:00:00+00:00;0.115;;
966771;unknown;control;2022-05-19 15:15:00+00:00;0.11;;
966771;unknown;control;2022-05-19 15:30:00+00:00;0.476;;
966771;unknown;control;2022-05-19 15:45:00+00:00;0.286;;
966771;unknown;control;2022-05-19 16:00:00+00:00;0.267;;
966771;unknown;control;2022-05-19 16:15:00+00:00;0.447;;
966771;unknown;control;2022-05-19 16:30:00+00:00;0.341;;
966771;unknown;control;2022-05-19 16:45:00+00:00;0.426;;
966771;unknown;control;2022-05-19 17:00:00+00:00;0.212;;
966771;unknown;control;2022-05-19 17:15:00+00:00;0.113;;
966771;unknown;control;2022-05-19 17:30:00+00:00;0.117;;
966771;unknown;control;2022-05-19 17:45:00+00:00;0.344;;
966771;unknown;control;2022-05-19 18:00:00+00:00;0.421;;
966771;unknown;control;2022-05-19 18:15:00+00:00;0.135;;
966771;unknown;control;2022-05-19 18:30:00+00:00;0.358;;
966771;unknown;control;2022-05-19 18:45:00+00:00;0.151;;
966771;unknown;control;2022-05-19 19:00:00+00:00;0.182;;
966771;unknown;control;2022-05-19 19:15:00+00:00;0.199;;
966771;unknown;control;2022-05-19 19:30:00+00:00;0.131;;
966771;unknown;control;2022-05-19 19:45:00+00:00;0.126;;
966771;unknown;control;2022-05-19 20:00:00+00:00;0.118;;
966771;unknown;control;2022-05-19 20:15:00+00:00;0.109;;
966771;unknown;control;2022-05-19 20:30:00+00:00;0.102;;
966771;unknown;control;2022-05-19 20:45:00+00:00;0.106;;
966771;unknown;control;2022-05-19 21:00:00+00:00;0.117;;
966771;unknown;control;2022-05-19 21:15:00+00:00;0.105;;
966771;unknown;control;2022-05-19 21:30:00+00:00;0.107;;
966771;unknown;control;2022-05-19 21:45:00+00:00;0.109;;
966771;unknown;control;2022-05-19 22:00:00+00:00;0.093;;
966771;unknown;control;2022-05-19 22:15:00+00:00;0.111;;
966771;unknown;control;2022-05-19 22:30:00+00:00;0.108;;
966771;unknown;control;2022-05-19 22:45:00+00:00;0.099;;
966771;unknown;control;2022-05-19 23:00:00+00:00;0.111;;
966771;unknown;control;2022-05-19 23:15:00+00:00;0.112;;
966771;unknown;control;2022-05-19 23:30:00+00:00;1.352;;
966771;unknown;control;2022-05-19 23:45:00+00:00;1.321;;
966771;unknown;control;2022-05-20 00:00:00+00:00;1.316;;
966771;unknown;control;2022-05-20 00:15:00+00:00;1.334;;
966771;unknown;control;2022-05-20 00:30:00+00:00;1.337;;
966771;unknown;control;2022-05-20 00:45:00+00:00;1.352;;
966771;unknown;control;2022-05-20 01:00:00+00:00;0.733;;
966771;unknown;control;2022-05-20 01:15:00+00:00;0.106;;
966771;unknown;control;2022-05-20 01:30:00+00:00;0.1;;
966771;unknown;control;2022-05-20 01:45:00+00:00;0.107;;
966771;unknown;control;2022-05-20 02:00:00+00:00;0.109;;
966771;unknown;control;2022-05-20 02:15:00+00:00;0.103;;
966771;unknown;control;2022-05-20 02:30:00+00:00;0.107;;
966771;unknown;control;2022-05-20 02:45:00+00:00;0.102;;
966771;unknown;control;2022-05-20 03:00:00+00:00;0.102;;
966771;unknown;control;2022-05-20 03:15:00+00:00;0.106;;
966771;unknown;control;2022-05-20 03:30:00+00:00;0.601;;
966771;unknown;control;2022-05-20 03:45:00+00:00;1.39;;
966771;unknown;control;2022-05-20 04:00:00+00:00;0.237;;
966771;unknown;control;2022-05-20 04:15:00+00:00;0.105;;
966771;unknown;control;2022-05-20 04:30:00+00:00;0.512;;
966771;unknown;control;2022-05-20 04:45:00+00:00;0.143;;
966771;unknown;control;2022-05-20 05:00:00+00:00;0.139;;
966771;unknown;control;2022-05-20 05:15:00+00:00;0.368;;
966771;unknown;control;2022-05-20 05:30:00+00:00;0.274;;
966771;unknown;control;2022-05-20 05:45:00+00:00;0.163;;
966771;unknown;control;2022-05-20 06:00:00+00:00;0.106;;
966771;unknown;control;2022-05-20 06:15:00+00:00;0.095;;
966771;unknown;control;2022-05-20 06:30:00+00:00;0.111;;
966771;unknown;control;2022-05-20 06:45:00+00:00;0.104;;
966771;unknown;control;2022-05-20 07:00:00+00:00;0.095;;
966771;unknown;control;2022-05-20 07:15:00+00:00;0.103;;
966771;unknown;control;2022-05-20 07:30:00+00:00;0.103;;
966771;unknown;control;2022-05-20 07:45:00+00:00;0.093;;
966771;unknown;control;2022-05-20 08:00:00+00:00;0.104;;
966771;unknown;control;2022-05-20 08:15:00+00:00;0.1;;
966771;unknown;control;2022-05-20 08:30:00+00:00;0.106;;
966771;unknown;control;2022-05-20 08:45:00+00:00;0.114;;
966771;unknown;control;2022-05-20 09:00:00+00:00;0.105;;
966771;unknown;control;2022-05-20 09:15:00+00:00;0.1;;
966771;unknown;control;2022-05-20 09:30:00+00:00;0.152;;
966771;unknown;control;2022-05-20 09:45:00+00:00;0.108;;
966771;unknown;control;2022-05-20 10:00:00+00:00;0.099;;
966771;unknown;control;2022-05-20 10:15:00+00:00;0.106;;
966771;unknown;control;2022-05-20 10:30:00+00:00;0.098;;
966771;unknown;control;2022-05-20 10:45:00+00:00;0.111;;
966771;unknown;control;2022-05-20 11:00:00+00:00;0.107;;
966771;unknown;control;2022-05-20 11:15:00+00:00;0.1;;
966771;unknown;control;2022-05-20 11:30:00+00:00;0.105;;
966771;unknown;control;2022-05-20 11:45:00+00:00;0.096;;
966771;unknown;control;2022-05-20 12:00:00+00:00;0.092;;
966771;unknown;control;2022-05-20 12:15:00+00:00;0.1;;
966771;unknown;control;2022-05-20 12:30:00+00:00;0.105;;
966771;unknown;control;2022-05-20 12:45:00+00:00;0.103;;
966771;unknown;control;2022-05-20 13:00:00+00:00;0.104;;
966771;unknown;control;2022-05-20 13:15:00+00:00;0.094;;
966771;unknown;control;2022-05-20 13:30:00+00:00;0.101;;
966771;unknown;control;2022-05-20 13:45:00+00:00;0.108;;
966771;unknown;control;2022-05-20 14:00:00+00:00;0.094;;
966771;unknown;control;2022-05-20 14:15:00+00:00;0.104;;
966771;unknown;control;2022-05-20 14:30:00+00:00;0.117;;
966771;unknown;control;2022-05-20 14:45:00+00:00;0.185;;
966771;unknown;control;2022-05-20 15:00:00+00:00;0.232;;
966771;unknown;control;2022-05-20 15:15:00+00:00;0.215;;
966771;unknown;control;2022-05-20 15:30:00+00:00;0.106;;
966771;unknown;control;2022-05-20 15:45:00+00:00;0.109;;
966771;unknown;control;2022-05-20 16:00:00+00:00;0.108;;
966771;unknown;control;2022-05-20 16:15:00+00:00;0.11;;
966771;unknown;control;2022-05-20 16:30:00+00:00;0.116;;
966771;unknown;control;2022-05-20 16:45:00+00:00;0.131;;
966771;unknown;control;2022-05-20 17:00:00+00:00;0.251;;
966771;unknown;control;2022-05-20 17:15:00+00:00;0.148;;
966771;unknown;control;2022-05-20 17:30:00+00:00;0.152;;
966771;unknown;control;2022-05-20 17:45:00+00:00;0.153;;
966771;unknown;control;2022-05-20 18:00:00+00:00;0.154;;
966771;unknown;control;2022-05-20 18:15:00+00:00;0.152;;
966771;unknown;control;2022-05-20 18:30:00+00:00;0.142;;
966771;unknown;control;2022-05-20 18:45:00+00:00;0.148;;
966771;unknown;control;2022-05-20 19:00:00+00:00;0.158;;
966771;unknown;control;2022-05-20 19:15:00+00:00;0.171;;
966771;unknown;control;2022-05-20 19:30:00+00:00;0.183;;
966771;unknown;control;2022-05-20 19:45:00+00:00;0.198;;
966771;unknown;control;2022-05-20 20:00:00+00:00;0.173;;
966771;unknown;control;2022-05-20 20:15:00+00:00;0.179;;
966771;unknown;control;2022-05-20 20:30:00+00:00;0.177;;
966771;unknown;control;2022-05-20 20:45:00+00:00;0.172;;
966771;unknown;control;2022-05-20 21:00:00+00:00;0.175;;
966771;unknown;control;2022-05-20 21:15:00+00:00;0.172;;
966771;unknown;control;2022-05-20 21:30:00+00:00;0.169;;
966771;unknown;control;2022-05-20 21:45:00+00:00;0.143;;
966771;unknown;control;2022-05-20 22:00:00+00:00;0.121;;
966771;unknown;control;2022-05-20 22:15:00+00:00;0.139;;
966771;unknown;control;2022-05-20 22:30:00+00:00;0.111;;
966771;unknown;control;2022-05-20 22:45:00+00:00;0.097;;
966771;unknown;control;2022-05-20 23:00:00+00:00;0.11;;
966771;unknown;control;2022-05-20 23:15:00+00:00;0.109;;
966771;unknown;control;2022-05-20 23:30:00+00:00;1.345;;
966771;unknown;control;2022-05-20 23:45:00+00:00;1.308;;
966771;unknown;control;2022-05-21 00:00:00+00:00;1.325;;
966771;unknown;control;2022-05-21 00:15:00+00:00;1.338;;
966771;unknown;control;2022-05-21 00:30:00+00:00;0.673;;
966771;unknown;control;2022-05-21 00:45:00+00:00;0.101;;
966771;unknown;control;2022-05-21 01:00:00+00:00;0.102;;
966771;unknown;control;2022-05-21 01:15:00+00:00;0.103;;
966771;unknown;control;2022-05-21 01:30:00+00:00;0.096;;
966771;unknown;control;2022-05-21 01:45:00+00:00;0.103;;
966771;unknown;control;2022-05-21 02:00:00+00:00;0.105;;
966771;unknown;control;2022-05-21 02:15:00+00:00;0.103;;
966771;unknown;control;2022-05-21 02:30:00+00:00;0.12;;
966771;unknown;control;2022-05-21 02:45:00+00:00;0.099;;
966771;unknown;control;2022-05-21 03:00:00+00:00;0.102;;
966771;unknown;control;2022-05-21 03:15:00+00:00;0.118;;
966771;unknown;control;2022-05-21 03:30:00+00:00;0.104;;
966771;unknown;control;2022-05-21 03:45:00+00:00;0.102;;
966771;unknown;control;2022-05-21 04:00:00+00:00;0.118;;
966771;unknown;control;2022-05-21 04:15:00+00:00;0.113;;
966771;unknown;control;2022-05-21 04:30:00+00:00;0.111;;
966771;unknown;control;2022-05-21 04:45:00+00:00;0.129;;
966771;unknown;control;2022-05-21 05:00:00+00:00;0.125;;
966771;unknown;control;2022-05-21 05:15:00+00:00;0.107;;
966771;unknown;control;2022-05-21 05:30:00+00:00;0.121;;
966771;unknown;control;2022-05-21 05:45:00+00:00;0.112;;
966771;unknown;control;2022-05-21 06:00:00+00:00;0.105;;
966771;unknown;control;2022-05-21 06:15:00+00:00;0.133;;
966771;unknown;control;2022-05-21 06:30:00+00:00;0.1;;
966771;unknown;control;2022-05-21 06:45:00+00:00;0.133;;
966771;unknown;control;2022-05-21 07:00:00+00:00;0.276;;
966771;unknown;control;2022-05-21 07:15:00+00:00;0.113;;
966771;unknown;control;2022-05-21 07:30:00+00:00;0.141;;
966771;unknown;control;2022-05-21 07:45:00+00:00;0.116;;
966771;unknown;control;2022-05-21 08:00:00+00:00;0.111;;
966771;unknown;control;2022-05-21 08:15:00+00:00;0.154;;
966771;unknown;control;2022-05-21 08:30:00+00:00;0.118;;
966771;unknown;control;2022-05-21 08:45:00+00:00;0.182;;
966771;unknown;control;2022-05-21 09:00:00+00:00;0.134;;
966771;unknown;control;2022-05-21 09:15:00+00:00;0.189;;
966771;unknown;control;2022-05-21 09:30:00+00:00;0.229;;
966771;unknown;control;2022-05-21 09:45:00+00:00;0.18;;
966771;unknown;control;2022-05-21 10:00:00+00:00;0.117;;
966771;unknown;control;2022-05-21 10:15:00+00:00;0.113;;
966771;unknown;control;2022-05-21 10:30:00+00:00;0.123;;
966771;unknown;control;2022-05-21 10:45:00+00:00;0.117;;
966771;unknown;control;2022-05-21 11:00:00+00:00;0.103;;
966771;unknown;control;2022-05-21 11:15:00+00:00;0.14;;
966771;unknown;control;2022-05-21 11:30:00+00:00;0.129;;
966771;unknown;control;2022-05-21 11:45:00+00:00;0.116;;
966771;unknown;control;2022-05-21 12:00:00+00:00;0.129;;
966771;unknown;control;2022-05-21 12:15:00+00:00;0.112;;
966771;unknown;control;2022-05-21 12:30:00+00:00;0.449;;
966771;unknown;control;2022-05-21 12:45:00+00:00;0.254;;
966771;unknown;control;2022-05-21 13:00:00+00:00;0.465;;
966771;unknown;control;2022-05-21 13:15:00+00:00;0.249;;
966771;unknown;control;2022-05-21 13:30:00+00:00;0.207;;
966771;unknown;control;2022-05-21 13:45:00+00:00;0.235;;
966771;unknown;control;2022-05-21 14:00:00+00:00;0.265;;
966771;unknown;control;2022-05-21 14:15:00+00:00;0.304;;
966771;unknown;control;2022-05-21 14:30:00+00:00;0.281;;
966771;unknown;control;2022-05-21 14:45:00+00:00;0.288;;
966771;unknown;control;2022-05-21 15:00:00+00:00;0.306;;
966771;unknown;control;2022-05-21 15:15:00+00:00;0.272;;
966771;unknown;control;2022-05-21 15:30:00+00:00;0.15;;
966771;unknown;control;2022-05-21 15:45:00+00:00;0.154;;
966771;unknown;control;2022-05-21 16:00:00+00:00;0.49;;
966771;unknown;control;2022-05-21 16:15:00+00:00;0.517;;
966771;unknown;control;2022-05-21 16:30:00+00:00;0.448;;
966771;unknown;control;2022-05-21 16:45:00+00:00;0.145;;
966771;unknown;control;2022-05-21 17:00:00+00:00;0.153;;
966771;unknown;control;2022-05-21 17:15:00+00:00;0.137;;
966771;unknown;control;2022-05-21 17:30:00+00:00;0.129;;
966771;unknown;control;2022-05-21 17:45:00+00:00;0.597;;
966771;unknown;control;2022-05-21 18:00:00+00:00;0.274;;
966771;unknown;control;2022-05-21 18:15:00+00:00;0.16;;
966771;unknown;control;2022-05-21 18:30:00+00:00;0.458;;
966771;unknown;control;2022-05-21 18:45:00+00:00;0.24;;
966771;unknown;control;2022-05-21 19:00:00+00:00;0.161;;
966771;unknown;control;2022-05-21 19:15:00+00:00;0.182;;
966771;unknown;control;2022-05-21 19:30:00+00:00;0.169;;
966771;unknown;control;2022-05-21 19:45:00+00:00;0.162;;
966771;unknown;control;2022-05-21 20:00:00+00:00;0.139;;
966771;unknown;control;2022-05-21 20:15:00+00:00;0.115;;
966771;unknown;control;2022-05-21 20:30:00+00:00;0.11;;
966771;unknown;control;2022-05-21 20:45:00+00:00;0.113;;
966771;unknown;control;2022-05-21 21:00:00+00:00;0.113;;
966771;unknown;control;2022-05-21 21:15:00+00:00;0.114;;
966771;unknown;control;2022-05-21 21:30:00+00:00;0.115;;
966771;unknown;control;2022-05-21 21:45:00+00:00;0.108;;
966771;unknown;control;2022-05-21 22:00:00+00:00;0.117;;
966771;unknown;control;2022-05-21 22:15:00+00:00;0.112;;
966771;unknown;control;2022-05-21 22:30:00+00:00;0.119;;
966771;unknown;control;2022-05-21 22:45:00+00:00;0.121;;
966771;unknown;control;2022-05-21 23:00:00+00:00;0.109;;
966771;unknown;control;2022-05-21 23:15:00+00:00;0.148;;
966771;unknown;control;2022-05-21 23:30:00+00:00;1.367;;
966771;unknown;control;2022-05-21 23:45:00+00:00;1.315;;
966771;unknown;control;2022-05-22 00:00:00+00:00;1.329;;
966771;unknown;control;2022-05-22 00:15:00+00:00;1.35;;
966771;unknown;control;2022-05-22 00:30:00+00:00;1.335;;
966771;unknown;control;2022-05-22 00:45:00+00:00;1.346;;
966771;unknown;control;2022-05-22 01:00:00+00:00;1.373;;
966771;unknown;control;2022-05-22 01:15:00+00:00;0.549;;
966771;unknown;control;2022-05-22 01:30:00+00:00;0.102;;
966771;unknown;control;2022-05-22 01:45:00+00:00;0.113;;
966771;unknown;control;2022-05-22 02:00:00+00:00;0.108;;
966771;unknown;control;2022-05-22 02:15:00+00:00;0.103;;
966771;unknown;control;2022-05-22 02:30:00+00:00;0.11;;
966771;unknown;control;2022-05-22 02:45:00+00:00;0.107;;
966771;unknown;control;2022-05-22 03:00:00+00:00;0.107;;
966771;unknown;control;2022-05-22 03:15:00+00:00;0.109;;
966771;unknown;control;2022-05-22 03:30:00+00:00;0.105;;
966771;unknown;control;2022-05-22 03:45:00+00:00;0.112;;
966771;unknown;control;2022-05-22 04:00:00+00:00;0.113;;
966771;unknown;control;2022-05-22 04:15:00+00:00;0.099;;
966771;unknown;control;2022-05-22 04:30:00+00:00;0.108;;
966771;unknown;control;2022-05-22 04:45:00+00:00;0.111;;
966771;unknown;control;2022-05-22 05:00:00+00:00;0.104;;
966771;unknown;control;2022-05-22 05:15:00+00:00;0.107;;
966771;unknown;control;2022-05-22 05:30:00+00:00;0.122;;
966771;unknown;control;2022-05-22 05:45:00+00:00;0.105;;
966771;unknown;control;2022-05-22 06:00:00+00:00;0.113;;
966771;unknown;control;2022-05-22 06:15:00+00:00;0.105;;
966771;unknown;control;2022-05-22 06:30:00+00:00;0.102;;
966771;unknown;control;2022-05-22 06:45:00+00:00;0.124;;
966771;unknown;control;2022-05-22 07:00:00+00:00;0.111;;
966771;unknown;control;2022-05-22 07:15:00+00:00;0.262;;
966771;unknown;control;2022-05-22 07:30:00+00:00;0.35;;
966771;unknown;control;2022-05-22 07:45:00+00:00;0.269;;
966771;unknown;control;2022-05-22 08:00:00+00:00;0.169;;
966771;unknown;control;2022-05-22 08:15:00+00:00;0.136;;
966771;unknown;control;2022-05-22 08:30:00+00:00;0.115;;
966771;unknown;control;2022-05-22 08:45:00+00:00;0.12;;
966771;unknown;control;2022-05-22 09:00:00+00:00;0.246;;
966771;unknown;control;2022-05-22 09:15:00+00:00;0.202;;
966771;unknown;control;2022-05-22 09:30:00+00:00;0.142;;
966771;unknown;control;2022-05-22 09:45:00+00:00;0.125;;
966771;unknown;control;2022-05-22 10:00:00+00:00;0.116;;
966771;unknown;control;2022-05-22 10:15:00+00:00;0.123;;
966771;unknown;control;2022-05-22 10:30:00+00:00;0.125;;
966771;unknown;control;2022-05-22 10:45:00+00:00;0.115;;
966771;unknown;control;2022-05-22 11:00:00+00:00;0.124;;
966771;unknown;control;2022-05-22 11:15:00+00:00;0.124;;
966771;unknown;control;2022-05-22 11:30:00+00:00;0.116;;
966771;unknown;control;2022-05-22 11:45:00+00:00;0.119;;
966771;unknown;control;2022-05-22 12:00:00+00:00;0.112;;
966771;unknown;control;2022-05-22 12:15:00+00:00;0.12;;
966771;unknown;control;2022-05-22 12:30:00+00:00;0.126;;
966771;unknown;control;2022-05-22 12:45:00+00:00;0.108;;
966771;unknown;control;2022-05-22 13:00:00+00:00;0.113;;
966771;unknown;control;2022-05-22 13:15:00+00:00;0.121;;
966771;unknown;control;2022-05-22 13:30:00+00:00;0.121;;
966771;unknown;control;2022-05-22 13:45:00+00:00;0.12;;
966771;unknown;control;2022-05-22 14:00:00+00:00;0.107;;
966771;unknown;control;2022-05-22 14:15:00+00:00;0.108;;
966771;unknown;control;2022-05-22 14:30:00+00:00;0.119;;
966771;unknown;control;2022-05-22 14:45:00+00:00;0.184;;
966771;unknown;control;2022-05-22 15:00:00+00:00;0.355;;
966771;unknown;control;2022-05-22 15:15:00+00:00;0.288;;
966771;unknown;control;2022-05-22 15:30:00+00:00;0.143;;
966771;unknown;control;2022-05-22 15:45:00+00:00;0.138;;
966771;unknown;control;2022-05-22 16:00:00+00:00;0.13;;
966771;unknown;control;2022-05-22 16:15:00+00:00;0.131;;
966771;unknown;control;2022-05-22 16:30:00+00:00;0.142;;
966771;unknown;control;2022-05-22 16:45:00+00:00;0.135;;
966771;unknown;control;2022-05-22 17:00:00+00:00;0.141;;
966771;unknown;control;2022-05-22 17:15:00+00:00;0.14;;
966771;unknown;control;2022-05-22 17:30:00+00:00;0.135;;
966771;unknown;control;2022-05-22 17:45:00+00:00;0.129;;
966771;unknown;control;2022-05-22 18:00:00+00:00;0.139;;
966771;unknown;control;2022-05-22 18:15:00+00:00;0.146;;
966771;unknown;control;2022-05-22 18:30:00+00:00;0.137;;
966771;unknown;control;2022-05-22 18:45:00+00:00;0.146;;
966771;unknown;control;2022-05-22 19:00:00+00:00;0.16;;
966771;unknown;control;2022-05-22 19:15:00+00:00;0.144;;
966771;unknown;control;2022-05-22 19:30:00+00:00;0.151;;
966771;unknown;control;2022-05-22 19:45:00+00:00;0.119;;
966771;unknown;control;2022-05-22 20:00:00+00:00;0.11;;
966771;unknown;control;2022-05-22 20:15:00+00:00;0.111;;
966771;unknown;control;2022-05-22 20:30:00+00:00;0.111;;
966771;unknown;control;2022-05-22 20:45:00+00:00;0.099;;
966771;unknown;control;2022-05-22 21:00:00+00:00;0.099;;
966771;unknown;control;2022-05-22 21:15:00+00:00;0.102;;
966771;unknown;control;2022-05-22 21:30:00+00:00;0.104;;
966771;unknown;control;2022-05-22 21:45:00+00:00;0.11;;
966771;unknown;control;2022-05-22 22:00:00+00:00;0.099;;
966771;unknown;control;2022-05-22 22:15:00+00:00;0.115;;
966771;unknown;control;2022-05-22 22:30:00+00:00;0.106;;
966771;unknown;control;2022-05-22 22:45:00+00:00;0.098;;
966771;unknown;control;2022-05-22 23:00:00+00:00;0.112;;
966771;unknown;control;2022-05-22 23:15:00+00:00;0.104;;
966771;unknown;control;2022-05-22 23:30:00+00:00;1.351;;
966771;unknown;control;2022-05-22 23:45:00+00:00;1.324;;
966771;unknown;control;2022-05-23 00:00:00+00:00;1.319;;
966771;unknown;control;2022-05-23 00:15:00+00:00;1.34;;
966771;unknown;control;2022-05-23 00:30:00+00:00;1.344;;
966771;unknown;control;2022-05-23 00:45:00+00:00;0.871;;
966771;unknown;control;2022-05-23 01:00:00+00:00;0.104;;
966771;unknown;control;2022-05-23 01:15:00+00:00;0.106;;
966771;unknown;control;2022-05-23 01:30:00+00:00;0.101;;
966771;unknown;control;2022-05-23 01:45:00+00:00;0.109;;
966771;unknown;control;2022-05-23 02:00:00+00:00;0.101;;
966771;unknown;control;2022-05-23 02:15:00+00:00;0.104;;
966771;unknown;control;2022-05-23 02:30:00+00:00;0.108;;
966771;unknown;control;2022-05-23 02:45:00+00:00;0.101;;
966771;unknown;control;2022-05-23 03:00:00+00:00;0.099;;
966771;unknown;control;2022-05-23 03:15:00+00:00;0.105;;
966771;unknown;control;2022-05-23 03:30:00+00:00;0.102;;
966771;unknown;control;2022-05-23 03:45:00+00:00;0.098;;
966771;unknown;control;2022-05-23 04:00:00+00:00;0.111;;
966771;unknown;control;2022-05-23 04:15:00+00:00;0.1;;
966771;unknown;control;2022-05-23 04:30:00+00:00;0.129;;
966771;unknown;control;2022-05-23 04:45:00+00:00;0.128;;
966771;unknown;control;2022-05-23 05:00:00+00:00;0.104;;
966771;unknown;control;2022-05-23 05:15:00+00:00;0.365;;
966771;unknown;control;2022-05-23 05:30:00+00:00;0.292;;
966771;unknown;control;2022-05-23 05:45:00+00:00;0.149;;
966771;unknown;control;2022-05-23 06:00:00+00:00;0.159;;
966771;unknown;control;2022-05-23 06:15:00+00:00;0.17;;
966771;unknown;control;2022-05-23 06:30:00+00:00;0.205;;
966771;unknown;control;2022-05-23 06:45:00+00:00;0.922;;
966771;unknown;control;2022-05-23 07:00:00+00:00;0.52;;
966771;unknown;control;2022-05-23 07:15:00+00:00;0.169;;
966771;unknown;control;2022-05-23 07:30:00+00:00;0.176;;
966771;unknown;control;2022-05-23 07:45:00+00:00;0.219;;
966771;unknown;control;2022-05-23 08:00:00+00:00;0.65;;
966771;unknown;control;2022-05-23 08:15:00+00:00;0.543;;
966771;unknown;control;2022-05-23 08:30:00+00:00;0.439;;
966771;unknown;control;2022-05-23 08:45:00+00:00;0.893;;
966771;unknown;control;2022-05-23 09:00:00+00:00;0.572;;
966771;unknown;control;2022-05-23 09:15:00+00:00;0.236;;
966771;unknown;control;2022-05-23 09:30:00+00:00;0.143;;
966771;unknown;control;2022-05-23 09:45:00+00:00;0.143;;
966771;unknown;control;2022-05-23 10:00:00+00:00;0.124;;
966771;unknown;control;2022-05-23 10:15:00+00:00;0.52;;
966771;unknown;control;2022-05-23 10:30:00+00:00;0.282;;
966771;unknown;control;2022-05-23 10:45:00+00:00;0.14;;
966771;unknown;control;2022-05-23 11:00:00+00:00;0.231;;
966771;unknown;control;2022-05-23 11:15:00+00:00;0.348;;
966771;unknown;control;2022-05-23 11:30:00+00:00;0.116;;
966771;unknown;control;2022-05-23 11:45:00+00:00;0.114;;
966771;unknown;control;2022-05-23 12:00:00+00:00;0.117;;
966771;unknown;control;2022-05-23 12:15:00+00:00;0.108;;
966771;unknown;control;2022-05-23 12:30:00+00:00;0.105;;
966771;unknown;control;2022-05-23 12:45:00+00:00;0.119;;
966771;unknown;control;2022-05-23 13:00:00+00:00;0.12;;
966771;unknown;control;2022-05-23 13:15:00+00:00;0.101;;
966771;unknown;control;2022-05-23 13:30:00+00:00;0.106;;
966771;unknown;control;2022-05-23 13:45:00+00:00;0.105;;
966771;unknown;control;2022-05-23 14:00:00+00:00;0.12;;
966771;unknown;control;2022-05-23 14:15:00+00:00;0.145;;
966771;unknown;control;2022-05-23 14:30:00+00:00;0.165;;
966771;unknown;control;2022-05-23 14:45:00+00:00;0.156;;
966771;unknown;control;2022-05-23 15:00:00+00:00;0.142;;
966771;unknown;control;2022-05-23 15:15:00+00:00;0.14;;
966771;unknown;control;2022-05-23 15:30:00+00:00;0.151;;
966771;unknown;control;2022-05-23 15:45:00+00:00;0.149;;
966771;unknown;control;2022-05-23 16:00:00+00:00;0.138;;
966771;unknown;control;2022-05-23 16:15:00+00:00;0.143;;
966771;unknown;control;2022-05-23 16:30:00+00:00;0.128;;
966771;unknown;control;2022-05-23 16:45:00+00:00;0.096;;
966771;unknown;control;2022-05-23 17:00:00+00:00;0.107;;
966771;unknown;control;2022-05-23 17:15:00+00:00;0.102;;
966771;unknown;control;2022-05-23 17:30:00+00:00;0.094;;
966771;unknown;control;2022-05-23 17:45:00+00:00;0.103;;
966771;unknown;control;2022-05-23 18:00:00+00:00;0.101;;
966771;unknown;control;2022-05-23 18:15:00+00:00;0.102;;
966771;unknown;control;2022-05-23 18:30:00+00:00;0.104;;
966771;unknown;control;2022-05-23 18:45:00+00:00;0.092;;
966771;unknown;control;2022-05-23 19:00:00+00:00;0.12;;
966771;unknown;control;2022-05-23 19:15:00+00:00;0.119;;
966771;unknown;control;2022-05-23 19:30:00+00:00;0.116;;
966771;unknown;control;2022-05-23 19:45:00+00:00;0.153;;
966771;unknown;control;2022-05-23 20:00:00+00:00;0.148;;
966771;unknown;control;2022-05-23 20:15:00+00:00;0.134;;
966771;unknown;control;2022-05-23 20:30:00+00:00;0.124;;
966771;unknown;control;2022-05-23 20:45:00+00:00;0.13;;
966771;unknown;control;2022-05-23 21:00:00+00:00;0.13;;
966771;unknown;control;2022-05-23 21:15:00+00:00;0.109;;
966771;unknown;control;2022-05-23 21:30:00+00:00;0.099;;
966771;unknown;control;2022-05-23 21:45:00+00:00;0.104;;
966771;unknown;control;2022-05-23 22:00:00+00:00;0.112;;
966771;unknown;control;2022-05-23 22:15:00+00:00;0.105;;
966771;unknown;control;2022-05-23 22:30:00+00:00;0.102;;
966771;unknown;control;2022-05-23 22:45:00+00:00;0.108;;
966771;unknown;control;2022-05-23 23:00:00+00:00;0.108;;
966771;unknown;control;2022-05-23 23:15:00+00:00;0.107;;
966771;unknown;control;2022-05-23 23:30:00+00:00;1.347;;
966771;unknown;control;2022-05-23 23:45:00+00:00;1.289;;
966771;unknown;control;2022-05-24 00:00:00+00:00;1.298;;
966771;unknown;control;2022-05-24 00:15:00+00:00;1.33;;
966771;unknown;control;2022-05-24 00:30:00+00:00;1.324;;
966771;unknown;control;2022-05-24 00:45:00+00:00;1.345;;
966771;unknown;control;2022-05-24 01:00:00+00:00;1.351;;
966771;unknown;control;2022-05-24 01:15:00+00:00;0.721;;
966771;unknown;control;2022-05-24 01:30:00+00:00;0.111;;
966771;unknown;control;2022-05-24 01:45:00+00:00;0.099;;
966771;unknown;control;2022-05-24 02:00:00+00:00;0.097;;
966771;unknown;control;2022-05-24 02:15:00+00:00;0.112;;
966771;unknown;control;2022-05-24 02:30:00+00:00;0.105;;
966771;unknown;control;2022-05-24 02:45:00+00:00;0.092;;
966771;unknown;control;2022-05-24 03:00:00+00:00;0.101;;
966771;unknown;control;2022-05-24 03:15:00+00:00;0.098;;
966771;unknown;control;2022-05-24 03:30:00+00:00;0.105;;
966771;unknown;control;2022-05-24 03:45:00+00:00;0.103;;
966771;unknown;control;2022-05-24 04:00:00+00:00;0.092;;
966771;unknown;control;2022-05-24 04:15:00+00:00;0.101;;
966771;unknown;control;2022-05-24 04:30:00+00:00;0.124;;
966771;unknown;control;2022-05-24 04:45:00+00:00;0.153;;
966771;unknown;control;2022-05-24 05:00:00+00:00;0.104;;
966771;unknown;control;2022-05-24 05:15:00+00:00;0.106;;
966771;unknown;control;2022-05-24 05:30:00+00:00;0.107;;
966771;unknown;control;2022-05-24 05:45:00+00:00;0.313;;
966771;unknown;control;2022-05-24 06:00:00+00:00;0.112;;
966771;unknown;control;2022-05-24 06:15:00+00:00;0.112;;
966771;unknown;control;2022-05-24 06:30:00+00:00;0.117;;
966771;unknown;control;2022-05-24 06:45:00+00:00;0.098;;
966771;unknown;control;2022-05-24 07:00:00+00:00;0.103;;
966771;unknown;control;2022-05-24 07:15:00+00:00;0.109;;
966771;unknown;control;2022-05-24 07:30:00+00:00;0.107;;
966771;unknown;control;2022-05-24 07:45:00+00:00;0.105;;
966771;unknown;control;2022-05-24 08:00:00+00:00;0.108;;
966771;unknown;control;2022-05-24 08:15:00+00:00;0.099;;
966771;unknown;control;2022-05-24 08:30:00+00:00;0.115;;
966771;unknown;control;2022-05-24 08:45:00+00:00;0.123;;
966771;unknown;control;2022-05-24 09:00:00+00:00;0.154;;
966771;unknown;control;2022-05-24 09:15:00+00:00;0.168;;
966771;unknown;control;2022-05-24 09:30:00+00:00;0.168;;
966771;unknown;control;2022-05-24 09:45:00+00:00;0.155;;
966771;unknown;control;2022-05-24 10:00:00+00:00;0.155;;
966771;unknown;control;2022-05-24 10:15:00+00:00;0.158;;
966771;unknown;control;2022-05-24 10:30:00+00:00;0.152;;
966771;unknown;control;2022-05-24 10:45:00+00:00;0.155;;
966771;unknown;control;2022-05-24 11:00:00+00:00;0.137;;
966771;unknown;control;2022-05-24 11:15:00+00:00;0.134;;
966771;unknown;control;2022-05-24 11:30:00+00:00;0.137;;
966771;unknown;control;2022-05-24 11:45:00+00:00;0.127;;
966771;unknown;control;2022-05-24 12:00:00+00:00;0.099;;
966771;unknown;control;2022-05-24 12:15:00+00:00;0.109;;
966771;unknown;control;2022-05-24 12:30:00+00:00;0.104;;
966771;unknown;control;2022-05-24 12:45:00+00:00;0.107;;
966771;unknown;control;2022-05-24 13:00:00+00:00;0.116;;
966771;unknown;control;2022-05-24 13:15:00+00:00;0.095;;
966771;unknown;control;2022-05-24 13:30:00+00:00;0.112;;
966771;unknown;control;2022-05-24 13:45:00+00:00;0.119;;
966771;unknown;control;2022-05-24 14:00:00+00:00;0.131;;
966771;unknown;control;2022-05-24 14:15:00+00:00;0.138;;
966771;unknown;control;2022-05-24 14:30:00+00:00;0.241;;
966771;unknown;control;2022-05-24 14:45:00+00:00;0.711;;
966771;unknown;control;2022-05-24 15:00:00+00:00;0.583;;
966771;unknown;control;2022-05-24 15:15:00+00:00;0.433;;
966771;unknown;control;2022-05-24 15:30:00+00:00;0.393;;
966771;unknown;control;2022-05-24 15:45:00+00:00;0.326;;
966771;unknown;control;2022-05-24 16:00:00+00:00;0.168;;
966771;unknown;control;2022-05-24 16:15:00+00:00;0.318;;
966771;unknown;control;2022-05-24 16:30:00+00:00;0.259;;
966771;unknown;control;2022-05-24 16:45:00+00:00;0.344;;
966771;unknown;control;2022-05-24 17:00:00+00:00;0.171;;
966771;unknown;control;2022-05-24 17:15:00+00:00;0.123;;
966771;unknown;control;2022-05-24 17:30:00+00:00;0.127;;
966771;unknown;control;2022-05-24 17:45:00+00:00;0.124;;
966771;unknown;control;2022-05-24 18:00:00+00:00;0.139;;
966771;unknown;control;2022-05-24 18:15:00+00:00;0.232;;
966771;unknown;control;2022-05-24 18:30:00+00:00;0.176;;
966771;unknown;control;2022-05-24 18:45:00+00:00;0.18;;
966771;unknown;control;2022-05-24 19:00:00+00:00;0.182;;
966771;unknown;control;2022-05-24 19:15:00+00:00;0.186;;
966771;unknown;control;2022-05-24 19:30:00+00:00;0.188;;
966771;unknown;control;2022-05-24 19:45:00+00:00;0.182;;
966771;unknown;control;2022-05-24 20:00:00+00:00;0.117;;
966771;unknown;control;2022-05-24 20:15:00+00:00;0.109;;
966771;unknown;control;2022-05-24 20:30:00+00:00;0.112;;
966771;unknown;control;2022-05-24 20:45:00+00:00;0.111;;
966771;unknown;control;2022-05-24 21:00:00+00:00;0.103;;
966771;unknown;control;2022-05-24 21:15:00+00:00;0.107;;
966771;unknown;control;2022-05-24 21:30:00+00:00;0.111;;
966771;unknown;control;2022-05-24 21:45:00+00:00;0.103;;
966771;unknown;control;2022-05-24 22:00:00+00:00;0.101;;
966771;unknown;control;2022-05-24 22:15:00+00:00;0.109;;
966771;unknown;control;2022-05-24 22:30:00+00:00;0.1;;
966771;unknown;control;2022-05-24 22:45:00+00:00;0.107;;
966771;unknown;control;2022-05-24 23:00:00+00:00;0.105;;
966771;unknown;control;2022-05-24 23:15:00+00:00;0.103;;
966771;unknown;control;2022-05-24 23:30:00+00:00;1.352;;
966771;unknown;control;2022-05-24 23:45:00+00:00;1.306;;
966771;unknown;control;2022-05-25 00:00:00+00:00;1.296;;
966771;unknown;control;2022-05-25 00:15:00+00:00;1.332;;
966771;unknown;control;2022-05-25 00:30:00+00:00;1.327;;
966771;unknown;control;2022-05-25 00:45:00+00:00;1.34;;
966771;unknown;control;2022-05-25 01:00:00+00:00;0.179;;
966771;unknown;control;2022-05-25 01:15:00+00:00;0.116;;
966771;unknown;control;2022-05-25 01:30:00+00:00;0.098;;
966771;unknown;control;2022-05-25 01:45:00+00:00;0.109;;
966771;unknown;control;2022-05-25 02:00:00+00:00;0.107;;
966771;unknown;control;2022-05-25 02:15:00+00:00;0.103;;
966771;unknown;control;2022-05-25 02:30:00+00:00;0.108;;
966771;unknown;control;2022-05-25 02:45:00+00:00;0.11;;
966771;unknown;control;2022-05-25 03:00:00+00:00;0.107;;
966771;unknown;control;2022-05-25 03:15:00+00:00;0.143;;
966771;unknown;control;2022-05-25 03:30:00+00:00;0.314;;
966771;unknown;control;2022-05-25 03:45:00+00:00;1.477;;
966771;unknown;control;2022-05-25 04:00:00+00:00;0.177;;
966771;unknown;control;2022-05-25 04:15:00+00:00;0.139;;
966771;unknown;control;2022-05-25 04:30:00+00:00;0.141;;
966771;unknown;control;2022-05-25 04:45:00+00:00;0.116;;
966771;unknown;control;2022-05-25 05:00:00+00:00;0.118;;
966771;unknown;control;2022-05-25 05:15:00+00:00;0.153;;
966771;unknown;control;2022-05-25 05:30:00+00:00;0.102;;
966771;unknown;control;2022-05-25 05:45:00+00:00;0.12;;
966771;unknown;control;2022-05-25 06:00:00+00:00;0.483;;
966771;unknown;control;2022-05-25 06:15:00+00:00;0.127;;
966771;unknown;control;2022-05-25 06:30:00+00:00;0.141;;
966771;unknown;control;2022-05-25 06:45:00+00:00;0.148;;
966771;unknown;control;2022-05-25 07:00:00+00:00;0.118;;
966771;unknown;control;2022-05-25 07:15:00+00:00;0.215;;
966771;unknown;control;2022-05-25 07:30:00+00:00;0.139;;
966771;unknown;control;2022-05-25 07:45:00+00:00;0.108;;
966771;unknown;control;2022-05-25 08:00:00+00:00;0.112;;
966771;unknown;control;2022-05-25 08:15:00+00:00;0.105;;
966771;unknown;control;2022-05-25 08:30:00+00:00;0.101;;
966771;unknown;control;2022-05-25 08:45:00+00:00;0.11;;
966771;unknown;control;2022-05-25 09:00:00+00:00;0.102;;
966771;unknown;control;2022-05-25 09:15:00+00:00;0.303;;
966771;unknown;control;2022-05-25 09:30:00+00:00;0.199;;
966771;unknown;control;2022-05-25 09:45:00+00:00;0.102;;
966771;unknown;control;2022-05-25 10:00:00+00:00;0.111;;
966771;unknown;control;2022-05-25 10:15:00+00:00;0.121;;
966771;unknown;control;2022-05-25 10:30:00+00:00;0.426;;
966771;unknown;control;2022-05-25 10:45:00+00:00;0.375;;
966771;unknown;control;2022-05-25 11:00:00+00:00;0.133;;
966771;unknown;control;2022-05-25 11:15:00+00:00;0.115;;
966771;unknown;control;2022-05-25 11:30:00+00:00;0.553;;
966771;unknown;control;2022-05-25 11:45:00+00:00;0.108;;
966771;unknown;control;2022-05-25 12:00:00+00:00;0.111;;
966771;unknown;control;2022-05-25 12:15:00+00:00;0.168;;
966771;unknown;control;2022-05-25 12:30:00+00:00;0.126;;
966771;unknown;control;2022-05-25 12:45:00+00:00;0.821;;
966771;unknown;control;2022-05-25 13:00:00+00:00;0.438;;
966771;unknown;control;2022-05-25 13:15:00+00:00;0.375;;
966771;unknown;control;2022-05-25 13:30:00+00:00;0.462;;
966771;unknown;control;2022-05-25 13:45:00+00:00;0.333;;
966771;unknown;control;2022-05-25 14:00:00+00:00;0.217;;
966771;unknown;control;2022-05-25 14:15:00+00:00;0.156;;
966771;unknown;control;2022-05-25 14:30:00+00:00;0.136;;
966771;unknown;control;2022-05-25 14:45:00+00:00;0.122;;
966771;unknown;control;2022-05-25 15:00:00+00:00;0.118;;
966771;unknown;control;2022-05-25 15:15:00+00:00;0.108;;
966771;unknown;control;2022-05-25 15:30:00+00:00;0.322;;
966771;unknown;control;2022-05-25 15:45:00+00:00;0.179;;
966771;unknown;control;2022-05-25 16:00:00+00:00;0.138;;
966771;unknown;control;2022-05-25 16:15:00+00:00;0.142;;
966771;unknown;control;2022-05-25 16:30:00+00:00;0.146;;
966771;unknown;control;2022-05-25 16:45:00+00:00;0.106;;
966771;unknown;control;2022-05-25 17:00:00+00:00;0.178;;
966771;unknown;control;2022-05-25 17:15:00+00:00;0.14;;
966771;unknown;control;2022-05-25 17:30:00+00:00;0.135;;
966771;unknown;control;2022-05-25 17:45:00+00:00;0.145;;
966771;unknown;control;2022-05-25 18:00:00+00:00;0.138;;
966771;unknown;control;2022-05-25 18:15:00+00:00;0.149;;
966771;unknown;control;2022-05-25 18:30:00+00:00;0.144;;
966771;unknown;control;2022-05-25 18:45:00+00:00;0.132;;
966771;unknown;control;2022-05-25 19:00:00+00:00;0.147;;
966771;unknown;control;2022-05-25 19:15:00+00:00;0.154;;
966771;unknown;control;2022-05-25 19:30:00+00:00;0.143;;
966771;unknown;control;2022-05-25 19:45:00+00:00;0.17;;
966771;unknown;control;2022-05-25 20:00:00+00:00;0.138;;
966771;unknown;control;2022-05-25 20:15:00+00:00;0.127;;
966771;unknown;control;2022-05-25 20:30:00+00:00;0.141;;
966771;unknown;control;2022-05-25 20:45:00+00:00;0.133;;
966771;unknown;control;2022-05-25 21:00:00+00:00;0.125;;
966771;unknown;control;2022-05-25 21:15:00+00:00;0.119;;
966771;unknown;control;2022-05-25 21:30:00+00:00;0.105;;
966771;unknown;control;2022-05-25 21:45:00+00:00;0.106;;
966771;unknown;control;2022-05-25 22:00:00+00:00;0.12;;
966771;unknown;control;2022-05-25 22:15:00+00:00;0.101;;
966771;unknown;control;2022-05-25 22:30:00+00:00;0.11;;
966771;unknown;control;2022-05-25 22:45:00+00:00;0.108;;
966771;unknown;control;2022-05-25 23:00:00+00:00;0.1;;
966771;unknown;control;2022-05-25 23:15:00+00:00;0.11;;
966771;unknown;control;2022-05-25 23:30:00+00:00;1.353;;
966771;unknown;control;2022-05-25 23:45:00+00:00;1.323;;
966771;unknown;control;2022-05-26 00:00:00+00:00;1.326;;
966771;unknown;control;2022-05-26 00:15:00+00:00;1.324;;
966771;unknown;control;2022-05-26 00:30:00+00:00;1.324;;
966771;unknown;control;2022-05-26 00:45:00+00:00;1.344;;
966771;unknown;control;2022-05-26 01:00:00+00:00;1.353;;
966771;unknown;control;2022-05-26 01:15:00+00:00;1.376;;
966771;unknown;control;2022-05-26 01:30:00+00:00;1.377;;
966771;unknown;control;2022-05-26 01:45:00+00:00;0.756;;
966771;unknown;control;2022-05-26 02:00:00+00:00;0.105;;
966771;unknown;control;2022-05-26 02:15:00+00:00;0.104;;
966771;unknown;control;2022-05-26 02:30:00+00:00;0.101;;
966771;unknown;control;2022-05-26 02:45:00+00:00;0.103;;
966771;unknown;control;2022-05-26 03:00:00+00:00;0.099;;
966771;unknown;control;2022-05-26 03:15:00+00:00;0.101;;
966771;unknown;control;2022-05-26 03:30:00+00:00;0.105;;
966771;unknown;control;2022-05-26 03:45:00+00:00;0.096;;
966771;unknown;control;2022-05-26 04:00:00+00:00;0.103;;
966771;unknown;control;2022-05-26 04:15:00+00:00;0.114;;
966771;unknown;control;2022-05-26 04:30:00+00:00;0.114;;
966771;unknown;control;2022-05-26 04:45:00+00:00;0.117;;
966771;unknown;control;2022-05-26 05:00:00+00:00;0.103;;
966771;unknown;control;2022-05-26 05:15:00+00:00;0.104;;
966771;unknown;control;2022-05-26 05:30:00+00:00;0.11;;
966771;unknown;control;2022-05-26 05:45:00+00:00;0.114;;
966771;unknown;control;2022-05-26 06:00:00+00:00;0.096;;
966771;unknown;control;2022-05-26 06:15:00+00:00;0.116;;
966771;unknown;control;2022-05-26 06:30:00+00:00;0.111;;
966771;unknown;control;2022-05-26 06:45:00+00:00;0.097;;
966771;unknown;control;2022-05-26 07:00:00+00:00;0.117;;
966771;unknown;control;2022-05-26 07:15:00+00:00;0.123;;
966771;unknown;control;2022-05-26 07:30:00+00:00;0.632;;
966771;unknown;control;2022-05-26 07:45:00+00:00;0.154;;
966771;unknown;control;2022-05-26 08:00:00+00:00;0.144;;
966771;unknown;control;2022-05-26 08:15:00+00:00;0.146;;
966771;unknown;control;2022-05-26 08:30:00+00:00;0.11;;
966771;unknown;control;2022-05-26 08:45:00+00:00;0.108;;
966771;unknown;control;2022-05-26 09:00:00+00:00;0.132;;
966771;unknown;control;2022-05-26 09:15:00+00:00;0.141;;
966771;unknown;control;2022-05-26 09:30:00+00:00;0.113;;
966771;unknown;control;2022-05-26 09:45:00+00:00;0.117;;
966771;unknown;control;2022-05-26 10:00:00+00:00;0.106;;
966771;unknown;control;2022-05-26 10:15:00+00:00;0.126;;
966771;unknown;control;2022-05-26 10:30:00+00:00;0.622;;
966771;unknown;control;2022-05-26 10:45:00+00:00;0.188;;
966771;unknown;control;2022-05-26 11:00:00+00:00;0.4;;
966771;unknown;control;2022-05-26 11:15:00+00:00;0.128;;
966771;unknown;control;2022-05-26 11:30:00+00:00;0.117;;
966771;unknown;control;2022-05-26 11:45:00+00:00;0.123;;
966771;unknown;control;2022-05-26 12:00:00+00:00;0.126;;
966771;unknown;control;2022-05-26 12:15:00+00:00;0.117;;
966771;unknown;control;2022-05-26 12:30:00+00:00;0.121;;
966771;unknown;control;2022-05-26 12:45:00+00:00;0.149;;
966771;unknown;control;2022-05-26 13:00:00+00:00;0.111;;
966771;unknown;control;2022-05-26 13:15:00+00:00;0.118;;
966771;unknown;control;2022-05-26 13:30:00+00:00;0.133;;
966771;unknown;control;2022-05-26 13:45:00+00:00;0.117;;
966771;unknown;control;2022-05-26 14:00:00+00:00;0.118;;
966771;unknown;control;2022-05-26 14:15:00+00:00;0.104;;
966771;unknown;control;2022-05-26 14:30:00+00:00;0.109;;
966771;unknown;control;2022-05-26 14:45:00+00:00;0.111;;
966771;unknown;control;2022-05-26 15:00:00+00:00;0.112;;
966771;unknown;control;2022-05-26 15:15:00+00:00;0.113;;
966771;unknown;control;2022-05-26 15:30:00+00:00;0.118;;
966771;unknown;control;2022-05-26 15:45:00+00:00;0.105;;
966771;unknown;control;2022-05-26 16:00:00+00:00;0.113;;
966771;unknown;control;2022-05-26 16:15:00+00:00;0.107;;
966771;unknown;control;2022-05-26 16:30:00+00:00;0.1;;
966771;unknown;control;2022-05-26 16:45:00+00:00;0.14;;
966771;unknown;control;2022-05-26 17:00:00+00:00;0.139;;
966771;unknown;control;2022-05-26 17:15:00+00:00;0.138;;
966771;unknown;control;2022-05-26 17:30:00+00:00;0.141;;
966771;unknown;control;2022-05-26 17:45:00+00:00;0.143;;
966771;unknown;control;2022-05-26 18:00:00+00:00;0.139;;
966771;unknown;control;2022-05-26 18:15:00+00:00;0.141;;
966771;unknown;control;2022-05-26 18:30:00+00:00;0.159;;
966771;unknown;control;2022-05-26 18:45:00+00:00;0.155;;
966771;unknown;control;2022-05-26 19:00:00+00:00;0.152;;
966771;unknown;control;2022-05-26 19:15:00+00:00;0.147;;
966771;unknown;control;2022-05-26 19:30:00+00:00;0.158;;
966771;unknown;control;2022-05-26 19:45:00+00:00;0.169;;
966771;unknown;control;2022-05-26 20:00:00+00:00;0.142;;
966771;unknown;control;2022-05-26 20:15:00+00:00;0.15;;
966771;unknown;control;2022-05-26 20:30:00+00:00;0.135;;
966771;unknown;control;2022-05-26 20:45:00+00:00;0.14;;
966771;unknown;control;2022-05-26 21:00:00+00:00;0.144;;
966771;unknown;control;2022-05-26 21:15:00+00:00;0.13;;
966771;unknown;control;2022-05-26 21:30:00+00:00;0.141;;
966771;unknown;control;2022-05-26 21:45:00+00:00;0.143;;
966771;unknown;control;2022-05-26 22:00:00+00:00;0.132;;
966771;unknown;control;2022-05-26 22:15:00+00:00;0.14;;
966771;unknown;control;2022-05-26 22:30:00+00:00;0.126;;
966771;unknown;control;2022-05-26 22:45:00+00:00;0.101;;
966771;unknown;control;2022-05-26 23:00:00+00:00;0.111;;
966771;unknown;control;2022-05-26 23:15:00+00:00;0.113;;
966771;unknown;control;2022-05-26 23:30:00+00:00;1.331;;
966771;unknown;control;2022-05-26 23:45:00+00:00;1.302;;
966771;unknown;control;2022-05-27 00:00:00+00:00;1.305;;
966771;unknown;control;2022-05-27 00:15:00+00:00;1.316;;
966771;unknown;control;2022-05-27 00:30:00+00:00;1.313;;
966771;unknown;control;2022-05-27 00:45:00+00:00;1.079;;
966771;unknown;control;2022-05-27 01:00:00+00:00;0.103;;
966771;unknown;control;2022-05-27 01:15:00+00:00;0.106;;
966771;unknown;control;2022-05-27 01:30:00+00:00;0.114;;
966771;unknown;control;2022-05-27 01:45:00+00:00;0.108;;
966771;unknown;control;2022-05-27 02:00:00+00:00;0.112;;
966771;unknown;control;2022-05-27 02:15:00+00:00;0.1;;
966771;unknown;control;2022-05-27 02:30:00+00:00;0.119;;
966771;unknown;control;2022-05-27 02:45:00+00:00;0.123;;
966771;unknown;control;2022-05-27 03:00:00+00:00;0.106;;
966771;unknown;control;2022-05-27 03:15:00+00:00;0.108;;
966771;unknown;control;2022-05-27 03:30:00+00:00;0.115;;
966771;unknown;control;2022-05-27 03:45:00+00:00;0.233;;
966771;unknown;control;2022-05-27 04:00:00+00:00;0.856;;
966771;unknown;control;2022-05-27 04:15:00+00:00;0.135;;
966771;unknown;control;2022-05-27 04:30:00+00:00;0.143;;
966771;unknown;control;2022-05-27 04:45:00+00:00;0.131;;
966771;unknown;control;2022-05-27 05:00:00+00:00;0.291;;
966771;unknown;control;2022-05-27 05:15:00+00:00;0.326;;
966771;unknown;control;2022-05-27 05:30:00+00:00;0.145;;
966771;unknown;control;2022-05-27 05:45:00+00:00;0.117;;
966771;unknown;control;2022-05-27 06:00:00+00:00;0.111;;
966771;unknown;control;2022-05-27 06:15:00+00:00;0.101;;
966771;unknown;control;2022-05-27 06:30:00+00:00;0.104;;
966771;unknown;control;2022-05-27 06:45:00+00:00;0.383;;
966771;unknown;control;2022-05-27 07:00:00+00:00;0.859;;
966771;unknown;control;2022-05-27 07:15:00+00:00;0.309;;
966771;unknown;control;2022-05-27 07:30:00+00:00;0.14;;
966771;unknown;control;2022-05-27 07:45:00+00:00;0.15;;
966771;unknown;control;2022-05-27 08:00:00+00:00;0.148;;
966771;unknown;control;2022-05-27 08:15:00+00:00;0.106;;
966771;unknown;control;2022-05-27 08:30:00+00:00;0.249;;
966771;unknown;control;2022-05-27 08:45:00+00:00;0.321;;
966771;unknown;control;2022-05-27 09:00:00+00:00;0.185;;
966771;unknown;control;2022-05-27 09:15:00+00:00;0.214;;
966771;unknown;control;2022-05-27 09:30:00+00:00;0.153;;
966771;unknown;control;2022-05-27 09:45:00+00:00;0.108;;
966771;unknown;control;2022-05-27 10:00:00+00:00;0.116;;
966771;unknown;control;2022-05-27 10:15:00+00:00;0.109;;
966771;unknown;control;2022-05-27 10:30:00+00:00;0.122;;
966771;unknown;control;2022-05-27 10:45:00+00:00;0.112;;
966771;unknown;control;2022-05-27 11:00:00+00:00;0.108;;
966771;unknown;control;2022-05-27 11:15:00+00:00;0.198;;
966771;unknown;control;2022-05-27 11:30:00+00:00;0.256;;
966771;unknown;control;2022-05-27 11:45:00+00:00;0.279;;
966771;unknown;control;2022-05-27 12:00:00+00:00;0.21;;
966771;unknown;control;2022-05-27 12:15:00+00:00;0.138;;
966771;unknown;control;2022-05-27 12:30:00+00:00;0.159;;
966771;unknown;control;2022-05-27 12:45:00+00:00;0.107;;
966771;unknown;control;2022-05-27 13:00:00+00:00;0.106;;
966771;unknown;control;2022-05-27 13:15:00+00:00;0.112;;
966771;unknown;control;2022-05-27 13:30:00+00:00;0.12;;
966771;unknown;control;2022-05-27 13:45:00+00:00;0.115;;
966771;unknown;control;2022-05-27 14:00:00+00:00;0.122;;
966771;unknown;control;2022-05-27 14:15:00+00:00;0.134;;
966771;unknown;control;2022-05-27 14:30:00+00:00;0.111;;
966771;unknown;control;2022-05-27 14:45:00+00:00;0.104;;
966771;unknown;control;2022-05-27 15:00:00+00:00;0.101;;
966771;unknown;control;2022-05-27 15:15:00+00:00;0.093;;
966771;unknown;control;2022-05-27 15:30:00+00:00;0.107;;
966771;unknown;control;2022-05-27 15:45:00+00:00;0.103;;
966771;unknown;control;2022-05-27 16:00:00+00:00;0.111;;
966771;unknown;control;2022-05-27 16:15:00+00:00;0.114;;
966771;unknown;control;2022-05-27 16:30:00+00:00;0.12;;
966771;unknown;control;2022-05-27 16:45:00+00:00;0.108;;
966771;unknown;control;2022-05-27 17:00:00+00:00;0.115;;
966771;unknown;control;2022-05-27 17:15:00+00:00;0.101;;
966771;unknown;control;2022-05-27 17:30:00+00:00;0.138;;
966771;unknown;control;2022-05-27 17:45:00+00:00;0.156;;
966771;unknown;control;2022-05-27 18:00:00+00:00;0.13;;
966771;unknown;control;2022-05-27 18:15:00+00:00;0.138;;
966771;unknown;control;2022-05-27 18:30:00+00:00;0.143;;
966771;unknown;control;2022-05-27 18:45:00+00:00;0.132;;
966771;unknown;control;2022-05-27 19:00:00+00:00;0.153;;
966771;unknown;control;2022-05-27 19:15:00+00:00;0.153;;
966771;unknown;control;2022-05-27 19:30:00+00:00;0.142;;
966771;unknown;control;2022-05-27 19:45:00+00:00;0.152;;
966771;unknown;control;2022-05-27 20:00:00+00:00;0.107;;
966771;unknown;control;2022-05-27 20:15:00+00:00;0.098;;
966771;unknown;control;2022-05-27 20:30:00+00:00;0.103;;
966771;unknown;control;2022-05-27 20:45:00+00:00;0.098;;
966771;unknown;control;2022-05-27 21:00:00+00:00;0.099;;
966771;unknown;control;2022-05-27 21:15:00+00:00;0.108;;
966771;unknown;control;2022-05-27 21:30:00+00:00;0.1;;
966771;unknown;control;2022-05-27 21:45:00+00:00;0.105;;
966771;unknown;control;2022-05-27 22:00:00+00:00;0.102;;
966771;unknown;control;2022-05-27 22:15:00+00:00;0.094;;
966771;unknown;control;2022-05-27 22:30:00+00:00;0.103;;
966771;unknown;control;2022-05-27 22:45:00+00:00;0.101;;
966771;unknown;control;2022-05-27 23:00:00+00:00;0.097;;
966771;unknown;control;2022-05-27 23:15:00+00:00;0.107;;
966771;unknown;control;2022-05-27 23:30:00+00:00;1.332;;
966771;unknown;control;2022-05-27 23:45:00+00:00;1.287;;
966771;unknown;control;2022-05-28 00:00:00+00:00;1.31;;
966771;unknown;control;2022-05-28 00:15:00+00:00;1.319;;
966771;unknown;control;2022-05-28 00:30:00+00:00;1.341;;
966771;unknown;control;2022-05-28 00:45:00+00:00;0.68;;
966771;unknown;control;2022-05-28 01:00:00+00:00;0.113;;
966771;unknown;control;2022-05-28 01:15:00+00:00;0.101;;
966771;unknown;control;2022-05-28 01:30:00+00:00;0.11;;
966771;unknown;control;2022-05-28 01:45:00+00:00;0.096;;
966771;unknown;control;2022-05-28 02:00:00+00:00;0.1;;
966771;unknown;control;2022-05-28 02:15:00+00:00;0.107;;
966771;unknown;control;2022-05-28 02:30:00+00:00;0.092;;
966771;unknown;control;2022-05-28 02:45:00+00:00;0.1;;
966771;unknown;control;2022-05-28 03:00:00+00:00;0.104;;
966771;unknown;control;2022-05-28 03:15:00+00:00;0.097;;
966771;unknown;control;2022-05-28 03:30:00+00:00;0.104;;
966771;unknown;control;2022-05-28 03:45:00+00:00;0.099;;
966771;unknown;control;2022-05-28 04:00:00+00:00;0.1;;
966771;unknown;control;2022-05-28 04:15:00+00:00;0.104;;
966771;unknown;control;2022-05-28 04:30:00+00:00;0.099;;
966771;unknown;control;2022-05-28 04:45:00+00:00;0.113;;
966771;unknown;control;2022-05-28 05:00:00+00:00;0.104;;
966771;unknown;control;2022-05-28 05:15:00+00:00;0.098;;
966771;unknown;control;2022-05-28 05:30:00+00:00;0.105;;
966771;unknown;control;2022-05-28 05:45:00+00:00;0.112;;
966771;unknown;control;2022-05-28 06:00:00+00:00;0.118;;
966771;unknown;control;2022-05-28 06:15:00+00:00;0.111;;
966771;unknown;control;2022-05-28 06:30:00+00:00;0.113;;
966771;unknown;control;2022-05-28 06:45:00+00:00;0.104;;
966771;unknown;control;2022-05-28 07:00:00+00:00;0.12;;
966771;unknown;control;2022-05-28 07:15:00+00:00;0.126;;
966771;unknown;control;2022-05-28 07:30:00+00:00;0.131;;
966771;unknown;control;2022-05-28 07:45:00+00:00;0.152;;
966771;unknown;control;2022-05-28 08:00:00+00:00;0.307;;
966771;unknown;control;2022-05-28 08:15:00+00:00;0.18;;
966771;unknown;control;2022-05-28 08:30:00+00:00;0.136;;
966771;unknown;control;2022-05-28 08:45:00+00:00;0.134;;
966771;unknown;control;2022-05-28 09:00:00+00:00;0.617;;
966771;unknown;control;2022-05-28 09:15:00+00:00;0.714;;
966771;unknown;control;2022-05-28 09:30:00+00:00;0.57;;
966771;unknown;control;2022-05-28 09:45:00+00:00;0.149;;
966771;unknown;control;2022-05-28 10:00:00+00:00;0.199;;
966771;unknown;control;2022-05-28 10:15:00+00:00;0.432;;
966771;unknown;control;2022-05-28 10:30:00+00:00;0.313;;
966771;unknown;control;2022-05-28 10:45:00+00:00;0.117;;
966771;unknown;control;2022-05-28 11:00:00+00:00;0.114;;
966771;unknown;control;2022-05-28 11:15:00+00:00;0.132;;
966771;unknown;control;2022-05-28 11:30:00+00:00;0.239;;
966771;unknown;control;2022-05-28 11:45:00+00:00;0.263;;
966771;unknown;control;2022-05-28 12:00:00+00:00;0.302;;
966771;unknown;control;2022-05-28 12:15:00+00:00;0.293;;
966771;unknown;control;2022-05-28 12:30:00+00:00;0.132;;
966771;unknown;control;2022-05-28 12:45:00+00:00;0.11;;
966771;unknown;control;2022-05-28 13:00:00+00:00;0.107;;
966771;unknown;control;2022-05-28 13:15:00+00:00;0.111;;
966771;unknown;control;2022-05-28 13:30:00+00:00;0.107;;
966771;unknown;control;2022-05-28 13:45:00+00:00;0.121;;
966771;unknown;control;2022-05-28 14:00:00+00:00;0.12;;
966771;unknown;control;2022-05-28 14:15:00+00:00;0.119;;
966771;unknown;control;2022-05-28 14:30:00+00:00;0.114;;
966771;unknown;control;2022-05-28 14:45:00+00:00;0.121;;
966771;unknown;control;2022-05-28 15:00:00+00:00;0.101;;
966771;unknown;control;2022-05-28 15:15:00+00:00;0.107;;
966771;unknown;control;2022-05-28 15:30:00+00:00;0.108;;
966771;unknown;control;2022-05-28 15:45:00+00:00;0.102;;
966771;unknown;control;2022-05-28 16:00:00+00:00;0.115;;
966771;unknown;control;2022-05-28 16:15:00+00:00;0.107;;
966771;unknown;control;2022-05-28 16:30:00+00:00;0.103;;
966771;unknown;control;2022-05-28 16:45:00+00:00;0.116;;
966771;unknown;control;2022-05-28 17:00:00+00:00;0.118;;
966771;unknown;control;2022-05-28 17:15:00+00:00;0.105;;
966771;unknown;control;2022-05-28 17:30:00+00:00;0.115;;
966771;unknown;control;2022-05-28 17:45:00+00:00;0.107;;
966771;unknown;control;2022-05-28 18:00:00+00:00;0.109;;
966771;unknown;control;2022-05-28 18:15:00+00:00;0.108;;
966771;unknown;control;2022-05-28 18:30:00+00:00;0.104;;
966771;unknown;control;2022-05-28 18:45:00+00:00;0.115;;
966771;unknown;control;2022-05-28 19:00:00+00:00;0.119;;
966771;unknown;control;2022-05-28 19:15:00+00:00;0.113;;
966771;unknown;control;2022-05-28 19:30:00+00:00;0.125;;
966771;unknown;control;2022-05-28 19:45:00+00:00;0.119;;
966771;unknown;control;2022-05-28 20:00:00+00:00;0.099;;
966771;unknown;control;2022-05-28 20:15:00+00:00;0.106;;
966771;unknown;control;2022-05-28 20:30:00+00:00;0.102;;
966771;unknown;control;2022-05-28 20:45:00+00:00;0.104;;
966771;unknown;control;2022-05-28 21:00:00+00:00;0.105;;
966771;unknown;control;2022-05-28 21:15:00+00:00;0.096;;
966771;unknown;control;2022-05-28 21:30:00+00:00;0.107;;
966771;unknown;control;2022-05-28 21:45:00+00:00;0.121;;
966771;unknown;control;2022-05-28 22:00:00+00:00;0.105;;
966771;unknown;control;2022-05-28 22:15:00+00:00;0.106;;
966771;unknown;control;2022-05-28 22:30:00+00:00;0.108;;
966771;unknown;control;2022-05-28 22:45:00+00:00;0.114;;
966771;unknown;control;2022-05-28 23:00:00+00:00;0.106;;
966771;unknown;control;2022-05-28 23:15:00+00:00;0.101;;
966771;unknown;control;2022-05-28 23:30:00+00:00;1.345;;
966771;unknown;control;2022-05-28 23:45:00+00:00;1.312;;
966771;unknown;control;2022-05-29 00:00:00+00:00;1.302;;
966771;unknown;control;2022-05-29 00:15:00+00:00;1.313;;
966771;unknown;control;2022-05-29 00:30:00+00:00;1.34;;
966771;unknown;control;2022-05-29 00:45:00+00:00;1.348;;
966771;unknown;control;2022-05-29 01:00:00+00:00;0.485;;
966771;unknown;control;2022-05-29 01:15:00+00:00;0.107;;
966771;unknown;control;2022-05-29 01:30:00+00:00;0.099;;
966771;unknown;control;2022-05-29 01:45:00+00:00;0.107;;
966771;unknown;control;2022-05-29 02:00:00+00:00;0.108;;
966771;unknown;control;2022-05-29 02:15:00+00:00;0.098;;
966771;unknown;control;2022-05-29 02:30:00+00:00;0.107;;
966771;unknown;control;2022-05-29 02:45:00+00:00;0.11;;
966771;unknown;control;2022-05-29 03:00:00+00:00;0.1;;
966771;unknown;control;2022-05-29 03:15:00+00:00;0.104;;
966771;unknown;control;2022-05-29 03:30:00+00:00;0.105;;
966771;unknown;control;2022-05-29 03:45:00+00:00;0.101;;
966771;unknown;control;2022-05-29 04:00:00+00:00;0.107;;
966771;unknown;control;2022-05-29 04:15:00+00:00;0.101;;
966771;unknown;control;2022-05-29 04:30:00+00:00;0.1;;
966771;unknown;control;2022-05-29 04:45:00+00:00;0.112;;
966771;unknown;control;2022-05-29 05:00:00+00:00;0.101;;
966771;unknown;control;2022-05-29 05:15:00+00:00;0.099;;
966771;unknown;control;2022-05-29 05:30:00+00:00;0.108;;
966771;unknown;control;2022-05-29 05:45:00+00:00;0.106;;
966771;unknown;control;2022-05-29 06:00:00+00:00;0.103;;
966771;unknown;control;2022-05-29 06:15:00+00:00;0.108;;
966771;unknown;control;2022-05-29 06:30:00+00:00;0.113;;
966771;unknown;control;2022-05-29 06:45:00+00:00;0.117;;
966771;unknown;control;2022-05-29 07:00:00+00:00;0.111;;
966771;unknown;control;2022-05-29 07:15:00+00:00;0.099;;
966771;unknown;control;2022-05-29 07:30:00+00:00;0.11;;
966771;unknown;control;2022-05-29 07:45:00+00:00;0.402;;
966771;unknown;control;2022-05-29 08:00:00+00:00;0.323;;
966771;unknown;control;2022-05-29 08:15:00+00:00;0.123;;
966771;unknown;control;2022-05-29 08:30:00+00:00;0.144;;
966771;unknown;control;2022-05-29 08:45:00+00:00;0.116;;
966771;unknown;control;2022-05-29 09:00:00+00:00;0.124;;
966771;unknown;control;2022-05-29 09:15:00+00:00;0.118;;
966771;unknown;control;2022-05-29 09:30:00+00:00;0.109;;
966771;unknown;control;2022-05-29 09:45:00+00:00;0.118;;
966771;unknown;control;2022-05-29 10:00:00+00:00;0.11;;
966771;unknown;control;2022-05-29 10:15:00+00:00;0.113;;
966771;unknown;control;2022-05-29 10:30:00+00:00;0.114;;
966771;unknown;control;2022-05-29 10:45:00+00:00;0.145;;
966771;unknown;control;2022-05-29 11:00:00+00:00;0.116;;
966771;unknown;control;2022-05-29 11:15:00+00:00;0.118;;
966771;unknown;control;2022-05-29 11:30:00+00:00;0.106;;
966771;unknown;control;2022-05-29 11:45:00+00:00;0.121;;
966771;unknown;control;2022-05-29 12:00:00+00:00;0.116;;
966771;unknown;control;2022-05-29 12:15:00+00:00;0.105;;
966771;unknown;control;2022-05-29 12:30:00+00:00;0.112;;
966771;unknown;control;2022-05-29 12:45:00+00:00;0.157;;
966771;unknown;control;2022-05-29 13:00:00+00:00;0.194;;
966771;unknown;control;2022-05-29 13:15:00+00:00;0.117;;
966771;unknown;control;2022-05-29 13:30:00+00:00;0.11;;
966771;unknown;control;2022-05-29 13:45:00+00:00;0.109;;
966771;unknown;control;2022-05-29 14:00:00+00:00;0.141;;
966771;unknown;control;2022-05-29 14:15:00+00:00;0.106;;
966771;unknown;control;2022-05-29 14:30:00+00:00;0.112;;
966771;unknown;control;2022-05-29 14:45:00+00:00;0.11;;
966771;unknown;control;2022-05-29 15:00:00+00:00;0.107;;
966771;unknown;control;2022-05-29 15:15:00+00:00;0.117;;
966771;unknown;control;2022-05-29 15:30:00+00:00;0.112;;
966771;unknown;control;2022-05-29 15:45:00+00:00;0.101;;
966771;unknown;control;2022-05-29 16:00:00+00:00;0.111;;
966771;unknown;control;2022-05-29 16:15:00+00:00;0.124;;
966771;unknown;control;2022-05-29 16:30:00+00:00;0.105;;
966771;unknown;control;2022-05-29 16:45:00+00:00;0.116;;
966771;unknown;control;2022-05-29 17:00:00+00:00;0.114;;
966771;unknown;control;2022-05-29 17:15:00+00:00;0.116;;
966771;unknown;control;2022-05-29 17:30:00+00:00;0.123;;
966771;unknown;control;2022-05-29 17:45:00+00:00;0.109;;
966771;unknown;control;2022-05-29 18:00:00+00:00;0.121;;
966771;unknown;control;2022-05-29 18:15:00+00:00;0.149;;
966771;unknown;control;2022-05-29 18:30:00+00:00;0.138;;
966771;unknown;control;2022-05-29 18:45:00+00:00;0.154;;
966771;unknown;control;2022-05-29 19:00:00+00:00;0.233;;
966771;unknown;control;2022-05-29 19:15:00+00:00;0.154;;
966771;unknown;control;2022-05-29 19:30:00+00:00;0.169;;
966771;unknown;control;2022-05-29 19:45:00+00:00;0.156;;
966771;unknown;control;2022-05-29 20:00:00+00:00;0.138;;
966771;unknown;control;2022-05-29 20:15:00+00:00;0.145;;
966771;unknown;control;2022-05-29 20:30:00+00:00;0.119;;
966771;unknown;control;2022-05-29 20:45:00+00:00;0.111;;
966771;unknown;control;2022-05-29 21:00:00+00:00;0.111;;
966771;unknown;control;2022-05-29 21:15:00+00:00;0.106;;
966771;unknown;control;2022-05-29 21:30:00+00:00;0.104;;
966771;unknown;control;2022-05-29 21:45:00+00:00;0.113;;
966771;unknown;control;2022-05-29 22:00:00+00:00;0.099;;
966771;unknown;control;2022-05-29 22:15:00+00:00;0.11;;
966771;unknown;control;2022-05-29 22:30:00+00:00;0.109;;
966771;unknown;control;2022-05-29 22:45:00+00:00;0.102;;
966771;unknown;control;2022-05-29 23:00:00+00:00;0.11;;
966771;unknown;control;2022-05-29 23:15:00+00:00;0.12;;
966771;unknown;control;2022-05-29 23:30:00+00:00;1.332;;
966771;unknown;control;2022-05-29 23:45:00+00:00;1.295;;
966771;unknown;control;2022-05-30 00:00:00+00:00;1.302;;
966771;unknown;control;2022-05-30 00:15:00+00:00;1.317;;
966771;unknown;control;2022-05-30 00:30:00+00:00;1.343;;
966771;unknown;control;2022-05-30 00:45:00+00:00;0.387;;
966771;unknown;control;2022-05-30 01:00:00+00:00;0.107;;
966771;unknown;control;2022-05-30 01:15:00+00:00;0.115;;
966771;unknown;control;2022-05-30 01:30:00+00:00;0.104;;
966771;unknown;control;2022-05-30 01:45:00+00:00;0.11;;
966771;unknown;control;2022-05-30 02:00:00+00:00;0.109;;
966771;unknown;control;2022-05-30 02:15:00+00:00;0.105;;
966771;unknown;control;2022-05-30 02:30:00+00:00;0.106;;
966771;unknown;control;2022-05-30 02:45:00+00:00;0.645;;
966771;unknown;control;2022-05-30 03:00:00+00:00;0.849;;
966771;unknown;control;2022-05-30 03:15:00+00:00;0.847;;
966771;unknown;control;2022-05-30 03:30:00+00:00;0.879;;
966771;unknown;control;2022-05-30 03:45:00+00:00;0.882;;
966771;unknown;control;2022-05-30 04:00:00+00:00;0.874;;
966771;unknown;control;2022-05-30 04:15:00+00:00;0.361;;
966771;unknown;control;2022-05-30 04:30:00+00:00;0.131;;
966771;unknown;control;2022-05-30 04:45:00+00:00;0.407;;
966771;unknown;control;2022-05-30 05:00:00+00:00;0.333;;
966771;unknown;control;2022-05-30 05:15:00+00:00;0.142;;
966771;unknown;control;2022-05-30 05:30:00+00:00;0.148;;
966771;unknown;control;2022-05-30 05:45:00+00:00;0.19;;
966771;unknown;control;2022-05-30 06:00:00+00:00;0.597;;
966771;unknown;control;2022-05-30 06:15:00+00:00;0.168;;
966771;unknown;control;2022-05-30 06:30:00+00:00;0.139;;
966771;unknown;control;2022-05-30 06:45:00+00:00;0.158;;
966771;unknown;control;2022-05-30 07:00:00+00:00;0.407;;
966771;unknown;control;2022-05-30 07:15:00+00:00;0.861;;
966771;unknown;control;2022-05-30 07:30:00+00:00;0.183;;
966771;unknown;control;2022-05-30 07:45:00+00:00;0.186;;
966771;unknown;control;2022-05-30 08:00:00+00:00;0.17;;
966771;unknown;control;2022-05-30 08:15:00+00:00;0.167;;
966771;unknown;control;2022-05-30 08:30:00+00:00;0.129;;
966771;unknown;control;2022-05-30 08:45:00+00:00;0.128;;
966771;unknown;control;2022-05-30 09:00:00+00:00;0.149;;
966771;unknown;control;2022-05-30 09:15:00+00:00;0.122;;
966771;unknown;control;2022-05-30 09:30:00+00:00;0.357;;
966771;unknown;control;2022-05-30 09:45:00+00:00;0.247;;
966771;unknown;control;2022-05-30 10:00:00+00:00;0.182;;
966771;unknown;control;2022-05-30 10:15:00+00:00;0.11;;
966771;unknown;control;2022-05-30 10:30:00+00:00;0.114;;
966771;unknown;control;2022-05-30 10:45:00+00:00;0.196;;
966771;unknown;control;2022-05-30 11:00:00+00:00;0.252;;
966771;unknown;control;2022-05-30 11:15:00+00:00;0.284;;
966771;unknown;control;2022-05-30 11:30:00+00:00;0.284;;
966771;unknown;control;2022-05-30 11:45:00+00:00;0.135;;
966771;unknown;control;2022-05-30 12:00:00+00:00;0.118;;
966771;unknown;control;2022-05-30 12:15:00+00:00;0.104;;
966771;unknown;control;2022-05-30 12:30:00+00:00;0.111;;
966771;unknown;control;2022-05-30 12:45:00+00:00;0.114;;
966771;unknown;control;2022-05-30 13:00:00+00:00;0.106;;
966771;unknown;control;2022-05-30 13:15:00+00:00;0.121;;
966771;unknown;control;2022-05-30 13:30:00+00:00;0.113;;
966771;unknown;control;2022-05-30 13:45:00+00:00;0.123;;
966771;unknown;control;2022-05-30 14:00:00+00:00;0.168;;
966771;unknown;control;2022-05-30 14:15:00+00:00;0.108;;
966771;unknown;control;2022-05-30 14:30:00+00:00;0.119;;
966771;unknown;control;2022-05-30 14:45:00+00:00;0.118;;
966771;unknown;control;2022-05-30 15:00:00+00:00;0.102;;
966771;unknown;control;2022-05-30 15:15:00+00:00;0.112;;
966771;unknown;control;2022-05-30 15:30:00+00:00;0.12;;
966771;unknown;control;2022-05-30 15:45:00+00:00;0.109;;
966771;unknown;control;2022-05-30 16:00:00+00:00;0.121;;
966771;unknown;control;2022-05-30 16:15:00+00:00;0.112;;
966771;unknown;control;2022-05-30 16:30:00+00:00;0.106;;
966771;unknown;control;2022-05-30 16:45:00+00:00;0.113;;
966771;unknown;control;2022-05-30 17:00:00+00:00;0.113;;
966771;unknown;control;2022-05-30 17:15:00+00:00;0.108;;
966771;unknown;control;2022-05-30 17:30:00+00:00;0.119;;
966771;unknown;control;2022-05-30 17:45:00+00:00;0.107;;
966771;unknown;control;2022-05-30 18:00:00+00:00;0.127;;
966771;unknown;control;2022-05-30 18:15:00+00:00;0.115;;
966771;unknown;control;2022-05-30 18:30:00+00:00;0.102;;
966771;unknown;control;2022-05-30 18:45:00+00:00;0.112;;
966771;unknown;control;2022-05-30 19:00:00+00:00;0.126;;
966771;unknown;control;2022-05-30 19:15:00+00:00;0.116;;
966771;unknown;control;2022-05-30 19:30:00+00:00;0.165;;
966771;unknown;control;2022-05-30 19:45:00+00:00;0.122;;
966771;unknown;control;2022-05-30 20:00:00+00:00;0.205;;
966771;unknown;control;2022-05-30 20:15:00+00:00;0.59;;
966771;unknown;control;2022-05-30 20:30:00+00:00;0.117;;
966771;unknown;control;2022-05-30 20:45:00+00:00;0.482;;
966771;unknown;control;2022-05-30 21:00:00+00:00;0.116;;
966771;unknown;control;2022-05-30 21:15:00+00:00;0.102;;
966771;unknown;control;2022-05-30 21:30:00+00:00;0.105;;
966771;unknown;control;2022-05-30 21:45:00+00:00;0.113;;
966771;unknown;control;2022-05-30 22:00:00+00:00;0.1;;
966771;unknown;control;2022-05-30 22:15:00+00:00;0.102;;
966771;unknown;control;2022-05-30 22:30:00+00:00;0.11;;
966771;unknown;control;2022-05-30 22:45:00+00:00;0.101;;
966771;unknown;control;2022-05-30 23:00:00+00:00;0.102;;
966771;unknown;control;2022-05-30 23:15:00+00:00;0.105;;
966771;unknown;control;2022-05-30 23:30:00+00:00;1.341;;
966771;unknown;control;2022-05-30 23:45:00+00:00;1.305;;
966771;unknown;control;2022-05-31 00:00:00+00:00;1.298;;
966771;unknown;control;2022-05-31 00:15:00+00:00;1.296;;
966771;unknown;control;2022-05-31 00:30:00+00:00;1.307;;
966771;unknown;control;2022-05-31 00:45:00+00:00;1.332;;
966771;unknown;control;2022-05-31 01:00:00+00:00;1.079;;
966771;unknown;control;2022-05-31 01:15:00+00:00;0.107;;
966771;unknown;control;2022-05-31 01:30:00+00:00;0.099;;
966771;unknown;control;2022-05-31 01:45:00+00:00;0.101;;
966771;unknown;control;2022-05-31 02:00:00+00:00;0.1;;
966771;unknown;control;2022-05-31 02:15:00+00:00;0.103;;
966771;unknown;control;2022-05-31 02:30:00+00:00;0.108;;
966771;unknown;control;2022-05-31 02:45:00+00:00;0.101;;
966771;unknown;control;2022-05-31 03:00:00+00:00;0.093;;
966771;unknown;control;2022-05-31 03:15:00+00:00;0.103;;
966771;unknown;control;2022-05-31 03:30:00+00:00;0.43;;
966771;unknown;control;2022-05-31 03:45:00+00:00;0.841;;
966771;unknown;control;2022-05-31 04:00:00+00:00;0.879;;
966771;unknown;control;2022-05-31 04:15:00+00:00;0.231;;
966771;unknown;control;2022-05-31 04:30:00+00:00;0.134;;
966771;unknown;control;2022-05-31 04:45:00+00:00;0.143;;
966771;unknown;control;2022-05-31 05:00:00+00:00;0.127;;
966771;unknown;control;2022-05-31 05:15:00+00:00;0.099;;
966771;unknown;control;2022-05-31 05:30:00+00:00;0.118;;
966771;unknown;control;2022-05-31 05:45:00+00:00;0.109;;
966771;unknown;control;2022-05-31 06:00:00+00:00;0.102;;
966771;unknown;control;2022-05-31 06:15:00+00:00;0.11;;
966771;unknown;control;2022-05-31 06:30:00+00:00;0.099;;
966771;unknown;control;2022-05-31 06:45:00+00:00;0.102;;
966771;unknown;control;2022-05-31 07:00:00+00:00;0.112;;
966771;unknown;control;2022-05-31 07:15:00+00:00;0.098;;
966771;unknown;control;2022-05-31 07:30:00+00:00;0.111;;
966771;unknown;control;2022-05-31 07:45:00+00:00;0.108;;
966771;unknown;control;2022-05-31 08:00:00+00:00;0.101;;
966771;unknown;control;2022-05-31 08:15:00+00:00;0.11;;
966771;unknown;control;2022-05-31 08:30:00+00:00;0.104;;
966771;unknown;control;2022-05-31 08:45:00+00:00;0.106;;
966771;unknown;control;2022-05-31 09:00:00+00:00;0.112;;
966771;unknown;control;2022-05-31 09:15:00+00:00;0.101;;
966771;unknown;control;2022-05-31 09:30:00+00:00;0.106;;
966771;unknown;control;2022-05-31 09:45:00+00:00;0.273;;
966771;unknown;control;2022-05-31 10:00:00+00:00;0.117;;
966771;unknown;control;2022-05-31 10:15:00+00:00;0.122;;
966771;unknown;control;2022-05-31 10:30:00+00:00;0.106;;
966771;unknown;control;2022-05-31 10:45:00+00:00;0.113;;
966771;unknown;control;2022-05-31 11:00:00+00:00;0.108;;
966771;unknown;control;2022-05-31 11:15:00+00:00;0.113;;
966771;unknown;control;2022-05-31 11:30:00+00:00;0.106;;
966771;unknown;control;2022-05-31 11:45:00+00:00;0.407;;
966771;unknown;control;2022-05-31 12:00:00+00:00;0.4;;
966771;unknown;control;2022-05-31 12:15:00+00:00;0.117;;
966771;unknown;control;2022-05-31 12:30:00+00:00;0.111;;
966771;unknown;control;2022-05-31 12:45:00+00:00;0.163;;
966771;unknown;control;2022-05-31 13:00:00+00:00;0.125;;
966771;unknown;control;2022-05-31 13:15:00+00:00;0.118;;
966771;unknown;control;2022-05-31 13:30:00+00:00;0.121;;
966771;unknown;control;2022-05-31 13:45:00+00:00;0.123;;
966771;unknown;control;2022-05-31 14:00:00+00:00;0.125;;
966771;unknown;control;2022-05-31 14:15:00+00:00;0.141;;
966771;unknown;control;2022-05-31 14:30:00+00:00;0.116;;
966771;unknown;control;2022-05-31 14:45:00+00:00;0.112;;
966771;unknown;control;2022-05-31 15:00:00+00:00;0.13;;
966771;unknown;control;2022-05-31 15:15:00+00:00;0.133;;
966771;unknown;control;2022-05-31 15:30:00+00:00;0.116;;
966771;unknown;control;2022-05-31 15:45:00+00:00;0.116;;
966771;unknown;control;2022-05-31 16:00:00+00:00;0.289;;
966771;unknown;control;2022-05-31 16:15:00+00:00;0.171;;
966771;unknown;control;2022-05-31 16:30:00+00:00;0.282;;
966771;unknown;control;2022-05-31 16:45:00+00:00;0.132;;
966771;unknown;control;2022-05-31 17:00:00+00:00;0.14;;
966771;unknown;control;2022-05-31 17:15:00+00:00;0.154;;
966771;unknown;control;2022-05-31 17:30:00+00:00;0.142;;
966771;unknown;control;2022-05-31 17:45:00+00:00;0.141;;
966771;unknown;control;2022-05-31 18:00:00+00:00;0.175;;
966771;unknown;control;2022-05-31 18:15:00+00:00;0.143;;
966771;unknown;control;2022-05-31 18:30:00+00:00;0.206;;
966771;unknown;control;2022-05-31 18:45:00+00:00;0.144;;
966771;unknown;control;2022-05-31 19:00:00+00:00;0.15;;
966771;unknown;control;2022-05-31 19:15:00+00:00;0.16;;
966771;unknown;control;2022-05-31 19:30:00+00:00;0.162;;
966771;unknown;control;2022-05-31 19:45:00+00:00;0.155;;
966771;unknown;control;2022-05-31 20:00:00+00:00;0.153;;
966771;unknown;control;2022-05-31 20:15:00+00:00;0.133;;
966771;unknown;control;2022-05-31 20:30:00+00:00;0.136;;
966771;unknown;control;2022-05-31 20:45:00+00:00;0.141;;
966771;unknown;control;2022-05-31 21:00:00+00:00;0.115;;
966771;unknown;control;2022-05-31 21:15:00+00:00;0.107;;
966771;unknown;control;2022-05-31 21:30:00+00:00;0.108;;
966771;unknown;control;2022-05-31 21:45:00+00:00;0.095;;
966771;unknown;control;2022-05-31 22:00:00+00:00;0.102;;
966771;unknown;control;2022-05-31 22:15:00+00:00;0.105;;
966771;unknown;control;2022-05-31 22:30:00+00:00;0.1;;
966771;unknown;control;2022-05-31 22:45:00+00:00;0.102;;
966771;unknown;control;2022-05-31 23:00:00+00:00;0.104;;
966771;unknown;control;2022-05-31 23:15:00+00:00;0.104;;
966771;unknown;control;2022-05-31 23:30:00+00:00;1.343;;
966771;unknown;control;2022-05-31 23:45:00+00:00;1.306;;
966771;unknown;control;2022-06-01 00:00:00+00:00;1.304;;
966771;unknown;control;2022-06-01 00:15:00+00:00;1.337;;
966771;unknown;control;2022-06-01 00:30:00+00:00;0.988;;
966771;unknown;control;2022-06-01 00:45:00+00:00;0.097;;
966771;unknown;control;2022-06-01 01:00:00+00:00;0.101;;
966771;unknown;control;2022-06-01 01:15:00+00:00;0.102;;
966771;unknown;control;2022-06-01 01:30:00+00:00;0.103;;
966771;unknown;control;2022-06-01 01:45:00+00:00;0.096;;
966771;unknown;control;2022-06-01 02:00:00+00:00;0.098;;
966771;unknown;control;2022-06-01 02:15:00+00:00;0.105;;
966771;unknown;control;2022-06-01 02:30:00+00:00;0.098;;
966771;unknown;control;2022-06-01 02:45:00+00:00;0.097;;
966771;unknown;control;2022-06-01 03:00:00+00:00;0.104;;
966771;unknown;control;2022-06-01 03:15:00+00:00;0.094;;
966771;unknown;control;2022-06-01 03:30:00+00:00;0.101;;
966771;unknown;control;2022-06-01 03:45:00+00:00;0.117;;
966771;unknown;control;2022-06-01 04:00:00+00:00;0.098;;
966771;unknown;control;2022-06-01 04:15:00+00:00;0.105;;
966771;unknown;control;2022-06-01 04:30:00+00:00;0.107;;
966771;unknown;control;2022-06-01 04:45:00+00:00;0.114;;
966771;unknown;control;2022-06-01 05:00:00+00:00;0.116;;
966771;unknown;control;2022-06-01 05:15:00+00:00;0.124;;
966771;unknown;control;2022-06-01 05:30:00+00:00;0.134;;
966771;unknown;control;2022-06-01 05:45:00+00:00;0.114;;
966771;unknown;control;2022-06-01 06:00:00+00:00;0.129;;
966771;unknown;control;2022-06-01 06:15:00+00:00;0.111;;
966771;unknown;control;2022-06-01 06:30:00+00:00;0.106;;
966771;unknown;control;2022-06-01 06:45:00+00:00;0.102;;
966771;unknown;control;2022-06-01 07:00:00+00:00;0.125;;
966771;unknown;control;2022-06-01 07:15:00+00:00;0.114;;
966771;unknown;control;2022-06-01 07:30:00+00:00;0.41;;
966771;unknown;control;2022-06-01 07:45:00+00:00;0.136;;
966771;unknown;control;2022-06-01 08:00:00+00:00;0.14;;
966771;unknown;control;2022-06-01 08:15:00+00:00;0.15;;
966771;unknown;control;2022-06-01 08:30:00+00:00;0.204;;
966771;unknown;control;2022-06-01 08:45:00+00:00;0.122;;
966771;unknown;control;2022-06-01 09:00:00+00:00;0.106;;
966771;unknown;control;2022-06-01 09:15:00+00:00;0.111;;
966771;unknown;control;2022-06-01 09:30:00+00:00;0.517;;
966771;unknown;control;2022-06-01 09:45:00+00:00;0.435;;
966771;unknown;control;2022-06-01 10:00:00+00:00;0.109;;
966771;unknown;control;2022-06-01 10:15:00+00:00;0.116;;
966771;unknown;control;2022-06-01 10:30:00+00:00;0.109;;
966771;unknown;control;2022-06-01 10:45:00+00:00;0.11;;
966771;unknown;control;2022-06-01 11:00:00+00:00;0.1;;
966771;unknown;control;2022-06-01 11:15:00+00:00;0.11;;
966771;unknown;control;2022-06-01 11:30:00+00:00;0.123;;
966771;unknown;control;2022-06-01 11:45:00+00:00;0.109;;
966771;unknown;control;2022-06-01 12:00:00+00:00;0.119;;
966771;unknown;control;2022-06-01 12:15:00+00:00;0.101;;
966771;unknown;control;2022-06-01 12:30:00+00:00;0.109;;
966771;unknown;control;2022-06-01 12:45:00+00:00;0.114;;
966771;unknown;control;2022-06-01 13:00:00+00:00;0.103;;
966771;unknown;control;2022-06-01 13:15:00+00:00;0.116;;
966771;unknown;control;2022-06-01 13:30:00+00:00;0.131;;
966771;unknown;control;2022-06-01 13:45:00+00:00;0.103;;
966771;unknown;control;2022-06-01 14:00:00+00:00;0.125;;
966771;unknown;control;2022-06-01 14:15:00+00:00;0.114;;
966771;unknown;control;2022-06-01 14:30:00+00:00;0.122;;
966771;unknown;control;2022-06-01 14:45:00+00:00;0.113;;
966771;unknown;control;2022-06-01 15:00:00+00:00;0.105;;
966771;unknown;control;2022-06-01 15:15:00+00:00;0.11;;
966771;unknown;control;2022-06-01 15:30:00+00:00;0.12;;
966771;unknown;control;2022-06-01 15:45:00+00:00;0.128;;
966771;unknown;control;2022-06-01 16:00:00+00:00;0.127;;
966771;unknown;control;2022-06-01 16:15:00+00:00;0.116;;
966771;unknown;control;2022-06-01 16:30:00+00:00;0.104;;
966771;unknown;control;2022-06-01 16:45:00+00:00;0.101;;
966771;unknown;control;2022-06-01 17:00:00+00:00;0.101;;
966771;unknown;control;2022-06-01 17:15:00+00:00;0.153;;
966771;unknown;control;2022-06-01 17:30:00+00:00;0.193;;
966771;unknown;control;2022-06-01 17:45:00+00:00;0.204;;
966771;unknown;control;2022-06-01 18:00:00+00:00;0.235;;
966771;unknown;control;2022-06-01 18:15:00+00:00;0.224;;
966771;unknown;control;2022-06-01 18:30:00+00:00;0.212;;
966771;unknown;control;2022-06-01 18:45:00+00:00;0.213;;
966771;unknown;control;2022-06-01 19:00:00+00:00;0.21;;
966771;unknown;control;2022-06-01 19:15:00+00:00;0.125;;
966771;unknown;control;2022-06-01 19:30:00+00:00;0.124;;
966771;unknown;control;2022-06-01 19:45:00+00:00;0.144;;
966771;unknown;control;2022-06-01 20:00:00+00:00;0.126;;
966771;unknown;control;2022-06-01 20:15:00+00:00;0.137;;
966771;unknown;control;2022-06-01 20:30:00+00:00;0.138;;
966771;unknown;control;2022-06-01 20:45:00+00:00;0.097;;
966771;unknown;control;2022-06-01 21:00:00+00:00;0.11;;
966771;unknown;control;2022-06-01 21:15:00+00:00;0.108;;
966771;unknown;control;2022-06-01 21:30:00+00:00;0.096;;
966771;unknown;control;2022-06-01 21:45:00+00:00;0.105;;
966771;unknown;control;2022-06-01 22:00:00+00:00;0.106;;
966771;unknown;control;2022-06-01 22:15:00+00:00;0.102;;
966771;unknown;control;2022-06-01 22:30:00+00:00;0.107;;
966771;unknown;control;2022-06-01 22:45:00+00:00;0.101;;
966771;unknown;control;2022-06-01 23:00:00+00:00;0.105;;
966771;unknown;control;2022-06-01 23:15:00+00:00;0.102;;
966771;unknown;control;2022-06-01 23:30:00+00:00;1.329;;
966771;unknown;control;2022-06-01 23:45:00+00:00;1.305;;
966771;unknown;control;2022-06-02 00:00:00+00:00;1.293;;
966771;unknown;control;2022-06-02 00:15:00+00:00;1.303;;
966771;unknown;control;2022-06-02 00:30:00+00:00;1.322;;
966771;unknown;control;2022-06-02 00:45:00+00:00;1.331;;
966771;unknown;control;2022-06-02 01:00:00+00:00;1.326;;
966771;unknown;control;2022-06-02 01:15:00+00:00;1.362;;
966771;unknown;control;2022-06-02 01:30:00+00:00;1.373;;
966771;unknown;control;2022-06-02 01:45:00+00:00;1.367;;
966771;unknown;control;2022-06-02 02:00:00+00:00;0.728;;
966771;unknown;control;2022-06-02 02:15:00+00:00;0.103;;
966771;unknown;control;2022-06-02 02:30:00+00:00;0.113;;
966771;unknown;control;2022-06-02 02:45:00+00:00;0.106;;
966771;unknown;control;2022-06-02 03:00:00+00:00;0.1;;
966771;unknown;control;2022-06-02 03:15:00+00:00;0.107;;
966771;unknown;control;2022-06-02 03:30:00+00:00;0.103;;
966771;unknown;control;2022-06-02 03:45:00+00:00;0.098;;
966771;unknown;control;2022-06-02 04:00:00+00:00;0.11;;
966771;unknown;control;2022-06-02 04:15:00+00:00;0.104;;
966771;unknown;control;2022-06-02 04:30:00+00:00;0.128;;
966771;unknown;control;2022-06-02 04:45:00+00:00;0.119;;
966771;unknown;control;2022-06-02 05:00:00+00:00;0.103;;
966771;unknown;control;2022-06-02 05:15:00+00:00;0.103;;
966771;unknown;control;2022-06-02 05:30:00+00:00;0.115;;
966771;unknown;control;2022-06-02 05:45:00+00:00;0.108;;
966771;unknown;control;2022-06-02 06:00:00+00:00;0.109;;
966771;unknown;control;2022-06-02 06:15:00+00:00;0.109;;
966771;unknown;control;2022-06-02 06:30:00+00:00;0.111;;
966771;unknown;control;2022-06-02 06:45:00+00:00;0.129;;
966771;unknown;control;2022-06-02 07:00:00+00:00;0.551;;
966771;unknown;control;2022-06-02 07:15:00+00:00;0.257;;
966771;unknown;control;2022-06-02 07:30:00+00:00;0.206;;
966771;unknown;control;2022-06-02 07:45:00+00:00;0.268;;
966771;unknown;control;2022-06-02 08:00:00+00:00;0.398;;
966771;unknown;control;2022-06-02 08:15:00+00:00;0.26;;
966771;unknown;control;2022-06-02 08:30:00+00:00;0.222;;
966771;unknown;control;2022-06-02 08:45:00+00:00;0.206;;
966771;unknown;control;2022-06-02 09:00:00+00:00;0.128;;
966771;unknown;control;2022-06-02 09:15:00+00:00;0.537;;
966771;unknown;control;2022-06-02 09:30:00+00:00;0.185;;
966771;unknown;control;2022-06-02 09:45:00+00:00;0.134;;
966771;unknown;control;2022-06-02 10:00:00+00:00;0.102;;
966771;unknown;control;2022-06-02 10:15:00+00:00;0.117;;
966771;unknown;control;2022-06-02 10:30:00+00:00;0.109;;
966771;unknown;control;2022-06-02 10:45:00+00:00;0.306;;
966771;unknown;control;2022-06-02 11:00:00+00:00;0.533;;
966771;unknown;control;2022-06-02 11:15:00+00:00;0.121;;
966771;unknown;control;2022-06-02 11:30:00+00:00;0.14;;
966771;unknown;control;2022-06-02 11:45:00+00:00;0.355;;
966771;unknown;control;2022-06-02 12:00:00+00:00;0.103;;
966771;unknown;control;2022-06-02 12:15:00+00:00;0.104;;
966771;unknown;control;2022-06-02 12:30:00+00:00;0.109;;
966771;unknown;control;2022-06-02 12:45:00+00:00;0.103;;
966771;unknown;control;2022-06-02 13:00:00+00:00;0.106;;
966771;unknown;control;2022-06-02 13:15:00+00:00;0.107;;
966771;unknown;control;2022-06-02 13:30:00+00:00;0.097;;
966771;unknown;control;2022-06-02 13:45:00+00:00;0.108;;
966771;unknown;control;2022-06-02 14:00:00+00:00;0.103;;
966771;unknown;control;2022-06-02 14:15:00+00:00;0.098;;
966771;unknown;control;2022-06-02 14:30:00+00:00;0.111;;
966771;unknown;control;2022-06-02 14:45:00+00:00;0.407;;
966771;unknown;control;2022-06-02 15:00:00+00:00;0.463;;
966771;unknown;control;2022-06-02 15:15:00+00:00;0.207;;
966771;unknown;control;2022-06-02 15:30:00+00:00;0.112;;
966771;unknown;control;2022-06-02 15:45:00+00:00;0.111;;
966771;unknown;control;2022-06-02 16:00:00+00:00;0.114;;
966771;unknown;control;2022-06-02 16:15:00+00:00;0.126;;
966771;unknown;control;2022-06-02 16:30:00+00:00;0.126;;
966771;unknown;control;2022-06-02 16:45:00+00:00;0.113;;
966771;unknown;control;2022-06-02 17:00:00+00:00;0.101;;
966771;unknown;control;2022-06-02 17:15:00+00:00;0.114;;
966771;unknown;control;2022-06-02 17:30:00+00:00;0.139;;
966771;unknown;control;2022-06-02 17:45:00+00:00;0.179;;
966771;unknown;control;2022-06-02 18:00:00+00:00;0.122;;
966771;unknown;control;2022-06-02 18:15:00+00:00;0.138;;
966771;unknown;control;2022-06-02 18:30:00+00:00;0.147;;
966771;unknown;control;2022-06-02 18:45:00+00:00;0.162;;
966771;unknown;control;2022-06-02 19:00:00+00:00;0.159;;
966771;unknown;control;2022-06-02 19:15:00+00:00;0.157;;
966771;unknown;control;2022-06-02 19:30:00+00:00;0.163;;
966771;unknown;control;2022-06-02 19:45:00+00:00;0.151;;
966771;unknown;control;2022-06-02 20:00:00+00:00;0.198;;
966771;unknown;control;2022-06-02 20:15:00+00:00;0.197;;
966771;unknown;control;2022-06-02 20:30:00+00:00;0.179;;
966771;unknown;control;2022-06-02 20:45:00+00:00;0.19;;
966771;unknown;control;2022-06-02 21:00:00+00:00;0.19;;
966771;unknown;control;2022-06-02 21:15:00+00:00;0.178;;
966771;unknown;control;2022-06-02 21:30:00+00:00;0.191;;
966771;unknown;control;2022-06-02 21:45:00+00:00;0.17;;
966771;unknown;control;2022-06-02 22:00:00+00:00;0.098;;
966771;unknown;control;2022-06-02 22:15:00+00:00;0.111;;
966771;unknown;control;2022-06-02 22:30:00+00:00;0.108;;
966771;unknown;control;2022-06-02 22:45:00+00:00;0.103;;
966771;unknown;control;2022-06-02 23:00:00+00:00;0.115;;
966771;unknown;control;2022-06-02 23:15:00+00:00;0.106;;
966771;unknown;control;2022-06-02 23:30:00+00:00;1.352;;
966771;unknown;control;2022-06-02 23:45:00+00:00;1.32;;
966771;unknown;control;2022-06-03 00:00:00+00:00;1.309;;
966771;unknown;control;2022-06-03 00:15:00+00:00;1.328;;
966771;unknown;control;2022-06-03 00:30:00+00:00;1.342;;
966771;unknown;control;2022-06-03 00:45:00+00:00;1.344;;
966771;unknown;control;2022-06-03 01:00:00+00:00;1.347;;
966771;unknown;control;2022-06-03 01:15:00+00:00;0.644;;
966771;unknown;control;2022-06-03 01:30:00+00:00;0.1;;
966771;unknown;control;2022-06-03 01:45:00+00:00;0.113;;
966771;unknown;control;2022-06-03 02:00:00+00:00;0.103;;
966771;unknown;control;2022-06-03 02:15:00+00:00;0.102;;
966771;unknown;control;2022-06-03 02:30:00+00:00;0.112;;
966771;unknown;control;2022-06-03 02:45:00+00:00;0.1;;
966771;unknown;control;2022-06-03 03:00:00+00:00;0.102;;
966771;unknown;control;2022-06-03 03:15:00+00:00;0.107;;
966771;unknown;control;2022-06-03 03:30:00+00:00;0.103;;
966771;unknown;control;2022-06-03 03:45:00+00:00;0.1;;
966771;unknown;control;2022-06-03 04:00:00+00:00;0.103;;
966771;unknown;control;2022-06-03 04:15:00+00:00;0.12;;
966771;unknown;control;2022-06-03 04:30:00+00:00;0.12;;
966771;unknown;control;2022-06-03 04:45:00+00:00;0.159;;
966771;unknown;control;2022-06-03 05:00:00+00:00;0.121;;
966771;unknown;control;2022-06-03 05:15:00+00:00;0.128;;
966771;unknown;control;2022-06-03 05:30:00+00:00;0.112;;
966771;unknown;control;2022-06-03 05:45:00+00:00;0.33;;
966771;unknown;control;2022-06-03 06:00:00+00:00;0.349;;
966771;unknown;control;2022-06-03 06:15:00+00:00;0.133;;
966771;unknown;control;2022-06-03 06:30:00+00:00;0.13;;
966771;unknown;control;2022-06-03 06:45:00+00:00;0.152;;
966771;unknown;control;2022-06-03 07:00:00+00:00;0.125;;
966771;unknown;control;2022-06-03 07:15:00+00:00;0.688;;
966771;unknown;control;2022-06-03 07:30:00+00:00;0.333;;
966771;unknown;control;2022-06-03 07:45:00+00:00;0.142;;
966771;unknown;control;2022-06-03 08:00:00+00:00;0.138;;
966771;unknown;control;2022-06-03 08:15:00+00:00;0.153;;
966771;unknown;control;2022-06-03 08:30:00+00:00;0.109;;
966771;unknown;control;2022-06-03 08:45:00+00:00;0.126;;
966771;unknown;control;2022-06-03 09:00:00+00:00;0.121;;
966771;unknown;control;2022-06-03 09:15:00+00:00;0.109;;
966771;unknown;control;2022-06-03 09:30:00+00:00;0.218;;
966771;unknown;control;2022-06-03 09:45:00+00:00;0.231;;
966771;unknown;control;2022-06-03 10:00:00+00:00;0.107;;
966771;unknown;control;2022-06-03 10:15:00+00:00;0.136;;
966771;unknown;control;2022-06-03 10:30:00+00:00;0.109;;
966771;unknown;control;2022-06-03 10:45:00+00:00;0.107;;
966771;unknown;control;2022-06-03 11:00:00+00:00;0.124;;
966771;unknown;control;2022-06-03 11:15:00+00:00;0.194;;
966771;unknown;control;2022-06-03 11:30:00+00:00;0.248;;
966771;unknown;control;2022-06-03 11:45:00+00:00;0.277;;
966771;unknown;control;2022-06-03 12:00:00+00:00;0.224;;
966771;unknown;control;2022-06-03 12:15:00+00:00;0.111;;
966771;unknown;control;2022-06-03 12:30:00+00:00;0.109;;
966771;unknown;control;2022-06-03 12:45:00+00:00;0.124;;
966771;unknown;control;2022-06-03 13:00:00+00:00;0.13;;
966771;unknown;control;2022-06-03 13:15:00+00:00;0.392;;
966771;unknown;control;2022-06-03 13:30:00+00:00;0.247;;
966771;unknown;control;2022-06-03 13:45:00+00:00;0.232;;
966771;unknown;control;2022-06-03 14:00:00+00:00;0.147;;
966771;unknown;control;2022-06-03 14:15:00+00:00;0.15;;
966771;unknown;control;2022-06-03 14:30:00+00:00;0.194;;
966771;unknown;control;2022-06-03 14:45:00+00:00;0.525;;
966771;unknown;control;2022-06-03 15:00:00+00:00;0.366;;
966771;unknown;control;2022-06-03 15:15:00+00:00;0.31;;
966771;unknown;control;2022-06-03 15:30:00+00:00;0.272;;
966771;unknown;control;2022-06-03 15:45:00+00:00;0.241;;
966771;unknown;control;2022-06-03 16:00:00+00:00;0.147;;
966771;unknown;control;2022-06-03 16:15:00+00:00;0.23;;
966771;unknown;control;2022-06-03 16:30:00+00:00;0.211;;
966771;unknown;control;2022-06-03 16:45:00+00:00;0.158;;
966771;unknown;control;2022-06-03 17:00:00+00:00;0.205;;
966771;unknown;control;2022-06-03 17:15:00+00:00;0.151;;
966771;unknown;control;2022-06-03 17:30:00+00:00;0.179;;
966771;unknown;control;2022-06-03 17:45:00+00:00;0.191;;
966771;unknown;control;2022-06-03 18:00:00+00:00;0.213;;
966771;unknown;control;2022-06-03 18:15:00+00:00;0.15;;
966771;unknown;control;2022-06-03 18:30:00+00:00;0.165;;
966771;unknown;control;2022-06-03 18:45:00+00:00;0.15;;
966771;unknown;control;2022-06-03 19:00:00+00:00;0.146;;
966771;unknown;control;2022-06-03 19:15:00+00:00;0.16;;
966771;unknown;control;2022-06-03 19:30:00+00:00;0.16;;
966771;unknown;control;2022-06-03 19:45:00+00:00;0.156;;
966771;unknown;control;2022-06-03 20:00:00+00:00;0.138;;
966771;unknown;control;2022-06-03 20:15:00+00:00;0.164;;
966771;unknown;control;2022-06-03 20:30:00+00:00;0.153;;
966771;unknown;control;2022-06-03 20:45:00+00:00;0.145;;
966771;unknown;control;2022-06-03 21:00:00+00:00;0.148;;
966771;unknown;control;2022-06-03 21:15:00+00:00;0.171;;
966771;unknown;control;2022-06-03 21:30:00+00:00;0.149;;
966771;unknown;control;2022-06-03 21:45:00+00:00;0.156;;
966771;unknown;control;2022-06-03 22:00:00+00:00;0.116;;
966771;unknown;control;2022-06-03 22:15:00+00:00;0.109;;
966771;unknown;control;2022-06-03 22:30:00+00:00;0.101;;
966771;unknown;control;2022-06-03 22:45:00+00:00;0.121;;
966771;unknown;control;2022-06-03 23:00:00+00:00;0.105;;
966771;unknown;control;2022-06-03 23:15:00+00:00;0.1;;
966771;unknown;control;2022-06-03 23:30:00+00:00;1.348;;
966771;unknown;control;2022-06-03 23:45:00+00:00;1.306;;
966771;unknown;control;2022-06-04 00:00:00+00:00;1.311;;
966771;unknown;control;2022-06-04 00:15:00+00:00;1.323;;
966771;unknown;control;2022-06-04 00:30:00+00:00;1.341;;
966771;unknown;control;2022-06-04 00:45:00+00:00;1.36;;
966771;unknown;control;2022-06-04 01:00:00+00:00;1.373;;
966771;unknown;control;2022-06-04 01:15:00+00:00;1.38;;
966771;unknown;control;2022-06-04 01:30:00+00:00;1.394;;
966771;unknown;control;2022-06-04 01:45:00+00:00;0.988;;
966771;unknown;control;2022-06-04 02:00:00+00:00;0.104;;
966771;unknown;control;2022-06-04 02:15:00+00:00;0.105;;
966771;unknown;control;2022-06-04 02:30:00+00:00;0.113;;
966771;unknown;control;2022-06-04 02:45:00+00:00;0.104;;
966771;unknown;control;2022-06-04 03:00:00+00:00;0.11;;
966771;unknown;control;2022-06-04 03:15:00+00:00;0.105;;
966771;unknown;control;2022-06-04 03:30:00+00:00;0.1;;
966771;unknown;control;2022-06-04 03:45:00+00:00;0.112;;
966771;unknown;control;2022-06-04 04:00:00+00:00;0.104;;
966771;unknown;control;2022-06-04 04:15:00+00:00;0.099;;
966771;unknown;control;2022-06-04 04:30:00+00:00;0.125;;
966771;unknown;control;2022-06-04 04:45:00+00:00;0.101;;
966771;unknown;control;2022-06-04 05:00:00+00:00;0.105;;
966771;unknown;control;2022-06-04 05:15:00+00:00;0.106;;
966771;unknown;control;2022-06-04 05:30:00+00:00;0.097;;
966771;unknown;control;2022-06-04 05:45:00+00:00;0.108;;
966771;unknown;control;2022-06-04 06:00:00+00:00;0.117;;
966771;unknown;control;2022-06-04 06:15:00+00:00;0.095;;
966771;unknown;control;2022-06-04 06:30:00+00:00;0.126;;
966771;unknown;control;2022-06-04 06:45:00+00:00;0.107;;
966771;unknown;control;2022-06-04 07:00:00+00:00;0.12;;
966771;unknown;control;2022-06-04 07:15:00+00:00;0.509;;
966771;unknown;control;2022-06-04 07:30:00+00:00;0.232;;
966771;unknown;control;2022-06-04 07:45:00+00:00;0.238;;
966771;unknown;control;2022-06-04 08:00:00+00:00;0.158;;
966771;unknown;control;2022-06-04 08:15:00+00:00;0.139;;
966771;unknown;control;2022-06-04 08:30:00+00:00;0.254;;
966771;unknown;control;2022-06-04 08:45:00+00:00;0.749;;
966771;unknown;control;2022-06-04 09:00:00+00:00;0.183;;
966771;unknown;control;2022-06-04 09:15:00+00:00;0.128;;
966771;unknown;control;2022-06-04 09:30:00+00:00;0.3;;
966771;unknown;control;2022-06-04 09:45:00+00:00;0.436;;
966771;unknown;control;2022-06-04 10:00:00+00:00;0.173;;
966771;unknown;control;2022-06-04 10:15:00+00:00;0.146;;
966771;unknown;control;2022-06-04 10:30:00+00:00;0.138;;
966771;unknown;control;2022-06-04 10:45:00+00:00;0.149;;
966771;unknown;control;2022-06-04 11:00:00+00:00;0.121;;
966771;unknown;control;2022-06-04 11:15:00+00:00;0.112;;
966771;unknown;control;2022-06-04 11:30:00+00:00;0.113;;
966771;unknown;control;2022-06-04 11:45:00+00:00;0.137;;
966771;unknown;control;2022-06-04 12:00:00+00:00;0.129;;
966771;unknown;control;2022-06-04 12:15:00+00:00;0.132;;
966771;unknown;control;2022-06-04 12:30:00+00:00;0.117;;
966771;unknown;control;2022-06-04 12:45:00+00:00;0.415;;
966771;unknown;control;2022-06-04 13:00:00+00:00;0.493;;
966771;unknown;control;2022-06-04 13:15:00+00:00;0.168;;
966771;unknown;control;2022-06-04 13:30:00+00:00;0.118;;
966771;unknown;control;2022-06-04 13:45:00+00:00;0.111;;
966771;unknown;control;2022-06-04 14:00:00+00:00;0.116;;
966771;unknown;control;2022-06-04 14:15:00+00:00;0.133;;
966771;unknown;control;2022-06-04 14:30:00+00:00;0.124;;
966771;unknown;control;2022-06-04 14:45:00+00:00;0.113;;
966771;unknown;control;2022-06-04 15:00:00+00:00;0.13;;
966771;unknown;control;2022-06-04 15:15:00+00:00;0.122;;
966771;unknown;control;2022-06-04 15:30:00+00:00;0.138;;
966771;unknown;control;2022-06-04 15:45:00+00:00;0.149;;
966771;unknown;control;2022-06-04 16:00:00+00:00;0.116;;
966771;unknown;control;2022-06-04 16:15:00+00:00;0.118;;
966771;unknown;control;2022-06-04 16:30:00+00:00;0.145;;
966771;unknown;control;2022-06-04 16:45:00+00:00;0.469;;
966771;unknown;control;2022-06-04 17:00:00+00:00;0.116;;
966771;unknown;control;2022-06-04 17:15:00+00:00;0.107;;
966771;unknown;control;2022-06-04 17:30:00+00:00;0.126;;
966771;unknown;control;2022-06-04 17:45:00+00:00;0.149;;
966771;unknown;control;2022-06-04 18:00:00+00:00;0.14;;
966771;unknown;control;2022-06-04 18:15:00+00:00;0.141;;
966771;unknown;control;2022-06-04 18:30:00+00:00;0.154;;
966771;unknown;control;2022-06-04 18:45:00+00:00;0.138;;
966771;unknown;control;2022-06-04 19:00:00+00:00;0.166;;
966771;unknown;control;2022-06-04 19:15:00+00:00;0.165;;
966771;unknown;control;2022-06-04 19:30:00+00:00;0.163;;
966771;unknown;control;2022-06-04 19:45:00+00:00;0.161;;
966771;unknown;control;2022-06-04 20:00:00+00:00;0.137;;
966771;unknown;control;2022-06-04 20:15:00+00:00;0.135;;
966771;unknown;control;2022-06-04 20:30:00+00:00;0.149;;
966771;unknown;control;2022-06-04 20:45:00+00:00;0.148;;
966771;unknown;control;2022-06-04 21:00:00+00:00;0.135;;
966771;unknown;control;2022-06-04 21:15:00+00:00;0.143;;
966771;unknown;control;2022-06-04 21:30:00+00:00;0.117;;
966771;unknown;control;2022-06-04 21:45:00+00:00;0.105;;
966771;unknown;control;2022-06-04 22:00:00+00:00;0.11;;
966771;unknown;control;2022-06-04 22:15:00+00:00;0.097;;
966771;unknown;control;2022-06-04 22:30:00+00:00;0.102;;
966771;unknown;control;2022-06-04 22:45:00+00:00;0.108;;
966771;unknown;control;2022-06-04 23:00:00+00:00;0.1;;
966771;unknown;control;2022-06-04 23:15:00+00:00;0.106;;
966771;unknown;control;2022-06-04 23:30:00+00:00;1.362;;
966771;unknown;control;2022-06-04 23:45:00+00:00;1.309;;
966771;unknown;control;2022-06-05 00:00:00+00:00;1.316;;
966771;unknown;control;2022-06-05 00:15:00+00:00;1.32;;
966771;unknown;control;2022-06-05 00:30:00+00:00;1.33;;
966771;unknown;control;2022-06-05 00:45:00+00:00;1.362;;
966771;unknown;control;2022-06-05 01:00:00+00:00;1.372;;
966771;unknown;control;2022-06-05 01:15:00+00:00;1.383;;
966771;unknown;control;2022-06-05 01:30:00+00:00;1.398;;
966771;unknown;control;2022-06-05 01:45:00+00:00;1.393;;
966771;unknown;control;2022-06-05 02:00:00+00:00;1.396;;
966771;unknown;control;2022-06-05 02:15:00+00:00;1.268;;
966771;unknown;control;2022-06-05 02:30:00+00:00;0.099;;
966771;unknown;control;2022-06-05 02:45:00+00:00;0.105;;
966771;unknown;control;2022-06-05 03:00:00+00:00;0.105;;
966771;unknown;control;2022-06-05 03:15:00+00:00;0.098;;
966771;unknown;control;2022-06-05 03:30:00+00:00;0.105;;
966771;unknown;control;2022-06-05 03:45:00+00:00;0.103;;
966771;unknown;control;2022-06-05 04:00:00+00:00;0.112;;
966771;unknown;control;2022-06-05 04:15:00+00:00;0.107;;
966771;unknown;control;2022-06-05 04:30:00+00:00;0.1;;
966771;unknown;control;2022-06-05 04:45:00+00:00;0.101;;
966771;unknown;control;2022-06-05 05:00:00+00:00;0.107;;
966771;unknown;control;2022-06-05 05:15:00+00:00;0.108;;
966771;unknown;control;2022-06-05 05:30:00+00:00;0.106;;
966771;unknown;control;2022-06-05 05:45:00+00:00;0.107;;
966771;unknown;control;2022-06-05 06:00:00+00:00;0.114;;
966771;unknown;control;2022-06-05 06:15:00+00:00;0.134;;
966771;unknown;control;2022-06-05 06:30:00+00:00;0.129;;
966771;unknown;control;2022-06-05 06:45:00+00:00;0.11;;
966771;unknown;control;2022-06-05 07:00:00+00:00;0.118;;
966771;unknown;control;2022-06-05 07:15:00+00:00;0.113;;
966771;unknown;control;2022-06-05 07:30:00+00:00;0.111;;
966771;unknown;control;2022-06-05 07:45:00+00:00;0.183;;
966771;unknown;control;2022-06-05 08:00:00+00:00;0.105;;
966771;unknown;control;2022-06-05 08:15:00+00:00;0.262;;
966771;unknown;control;2022-06-05 08:30:00+00:00;0.153;;
966771;unknown;control;2022-06-05 08:45:00+00:00;0.109;;
966771;unknown;control;2022-06-05 09:00:00+00:00;0.122;;
966771;unknown;control;2022-06-05 09:15:00+00:00;0.113;;
966771;unknown;control;2022-06-05 09:30:00+00:00;0.104;;
966771;unknown;control;2022-06-05 09:45:00+00:00;0.106;;
966771;unknown;control;2022-06-05 10:00:00+00:00;0.127;;
966771;unknown;control;2022-06-05 10:15:00+00:00;0.137;;
966771;unknown;control;2022-06-05 10:30:00+00:00;0.142;;
966771;unknown;control;2022-06-05 10:45:00+00:00;0.138;;
966771;unknown;control;2022-06-05 11:00:00+00:00;0.131;;
966771;unknown;control;2022-06-05 11:15:00+00:00;0.147;;
966771;unknown;control;2022-06-05 11:30:00+00:00;0.14;;
966771;unknown;control;2022-06-05 11:45:00+00:00;0.133;;
966771;unknown;control;2022-06-05 12:00:00+00:00;0.145;;
966771;unknown;control;2022-06-05 12:15:00+00:00;0.138;;
966771;unknown;control;2022-06-05 12:30:00+00:00;0.136;;
966771;unknown;control;2022-06-05 12:45:00+00:00;0.149;;
966771;unknown;control;2022-06-05 13:00:00+00:00;0.127;;
966771;unknown;control;2022-06-05 13:15:00+00:00;0.171;;
966771;unknown;control;2022-06-05 13:30:00+00:00;0.148;;
966771;unknown;control;2022-06-05 13:45:00+00:00;0.14;;
966771;unknown;control;2022-06-05 14:00:00+00:00;0.15;;
966771;unknown;control;2022-06-05 14:15:00+00:00;0.149;;
966771;unknown;control;2022-06-05 14:30:00+00:00;0.158;;
966771;unknown;control;2022-06-05 14:45:00+00:00;0.207;;
966771;unknown;control;2022-06-05 15:00:00+00:00;0.145;;
966771;unknown;control;2022-06-05 15:15:00+00:00;0.135;;
966771;unknown;control;2022-06-05 15:30:00+00:00;0.148;;
966771;unknown;control;2022-06-05 15:45:00+00:00;0.141;;
966771;unknown;control;2022-06-05 16:00:00+00:00;0.301;;
966771;unknown;control;2022-06-05 16:15:00+00:00;0.475;;
966771;unknown;control;2022-06-05 16:30:00+00:00;0.128;;
966771;unknown;control;2022-06-05 16:45:00+00:00;0.126;;
966771;unknown;control;2022-06-05 17:00:00+00:00;0.15;;
966771;unknown;control;2022-06-05 17:15:00+00:00;0.188;;
966771;unknown;control;2022-06-05 17:30:00+00:00;0.421;;
966771;unknown;control;2022-06-05 17:45:00+00:00;0.164;;
966771;unknown;control;2022-06-05 18:00:00+00:00;0.193;;
966771;unknown;control;2022-06-05 18:15:00+00:00;0.142;;
966771;unknown;control;2022-06-05 18:30:00+00:00;0.142;;
966771;unknown;control;2022-06-05 18:45:00+00:00;0.139;;
966771;unknown;control;2022-06-05 19:00:00+00:00;0.174;;
966771;unknown;control;2022-06-05 19:15:00+00:00;0.157;;
966771;unknown;control;2022-06-05 19:30:00+00:00;0.158;;
966771;unknown;control;2022-06-05 19:45:00+00:00;0.161;;
966771;unknown;control;2022-06-05 20:00:00+00:00;0.146;;
966771;unknown;control;2022-06-05 20:15:00+00:00;0.126;;
966771;unknown;control;2022-06-05 20:30:00+00:00;0.142;;
966771;unknown;control;2022-06-05 20:45:00+00:00;0.132;;
966771;unknown;control;2022-06-05 21:00:00+00:00;0.136;;
966771;unknown;control;2022-06-05 21:15:00+00:00;0.143;;
966771;unknown;control;2022-06-05 21:30:00+00:00;0.13;;
966771;unknown;control;2022-06-05 21:45:00+00:00;0.138;;
966771;unknown;control;2022-06-05 22:00:00+00:00;0.141;;
966771;unknown;control;2022-06-05 22:15:00+00:00;0.115;;
966771;unknown;control;2022-06-05 22:30:00+00:00;0.104;;
966771;unknown;control;2022-06-05 22:45:00+00:00;0.106;;
966771;unknown;control;2022-06-05 23:00:00+00:00;0.099;;
966771;unknown;control;2022-06-05 23:15:00+00:00;0.105;;
966771;unknown;control;2022-06-05 23:30:00+00:00;1.337;;
966771;unknown;control;2022-06-05 23:45:00+00:00;1.294;;
966771;unknown;control;2022-06-06 00:00:00+00:00;1.293;;
966771;unknown;control;2022-06-06 00:15:00+00:00;1.316;;
966771;unknown;control;2022-06-06 00:30:00+00:00;1.327;;
966771;unknown;control;2022-06-06 00:45:00+00:00;1.336;;
966771;unknown;control;2022-06-06 01:00:00+00:00;1.363;;
966771;unknown;control;2022-06-06 01:15:00+00:00;1.154;;
966771;unknown;control;2022-06-06 01:30:00+00:00;0.104;;
966771;unknown;control;2022-06-06 01:45:00+00:00;0.099;;
966771;unknown;control;2022-06-06 02:00:00+00:00;0.107;;
966771;unknown;control;2022-06-06 02:15:00+00:00;0.104;;
966771;unknown;control;2022-06-06 02:30:00+00:00;0.102;;
966771;unknown;control;2022-06-06 02:45:00+00:00;0.11;;
966771;unknown;control;2022-06-06 03:00:00+00:00;0.103;;
966771;unknown;control;2022-06-06 03:15:00+00:00;0.1;;
966771;unknown;control;2022-06-06 03:30:00+00:00;0.109;;
966771;unknown;control;2022-06-06 03:45:00+00:00;0.101;;
966771;unknown;control;2022-06-06 04:00:00+00:00;0.1;;
966771;unknown;control;2022-06-06 04:15:00+00:00;0.109;;
966771;unknown;control;2022-06-06 04:30:00+00:00;0.098;;
966771;unknown;control;2022-06-06 04:45:00+00:00;0.101;;
966771;unknown;control;2022-06-06 05:00:00+00:00;0.109;;
966771;unknown;control;2022-06-06 05:15:00+00:00;0.099;;
966771;unknown;control;2022-06-06 05:30:00+00:00;0.104;;
966771;unknown;control;2022-06-06 05:45:00+00:00;0.108;;
966771;unknown;control;2022-06-06 06:00:00+00:00;0.119;;
966771;unknown;control;2022-06-06 06:15:00+00:00;0.472;;
966771;unknown;control;2022-06-06 06:30:00+00:00;0.519;;
966771;unknown;control;2022-06-06 06:45:00+00:00;0.329;;
966771;unknown;control;2022-06-06 07:00:00+00:00;0.15;;
966771;unknown;control;2022-06-06 07:15:00+00:00;0.133;;
966771;unknown;control;2022-06-06 07:30:00+00:00;0.602;;
966771;unknown;control;2022-06-06 07:45:00+00:00;0.277;;
966771;unknown;control;2022-06-06 08:00:00+00:00;0.12;;
966771;unknown;control;2022-06-06 08:15:00+00:00;0.118;;
966771;unknown;control;2022-06-06 08:30:00+00:00;0.117;;
966771;unknown;control;2022-06-06 08:45:00+00:00;0.227;;
966771;unknown;control;2022-06-06 09:00:00+00:00;0.504;;
966771;unknown;control;2022-06-06 09:15:00+00:00;0.174;;
966771;unknown;control;2022-06-06 09:30:00+00:00;0.139;;
966771;unknown;control;2022-06-06 09:45:00+00:00;0.138;;
966771;unknown;control;2022-06-06 10:00:00+00:00;0.516;;
966771;unknown;control;2022-06-06 10:15:00+00:00;0.129;;
966771;unknown;control;2022-06-06 10:30:00+00:00;0.118;;
966771;unknown;control;2022-06-06 10:45:00+00:00;0.119;;
966771;unknown;control;2022-06-06 11:00:00+00:00;0.112;;
966771;unknown;control;2022-06-06 11:15:00+00:00;0.276;;
966771;unknown;control;2022-06-06 11:30:00+00:00;0.857;;
966771;unknown;control;2022-06-06 11:45:00+00:00;0.387;;
966771;unknown;control;2022-06-06 12:00:00+00:00;0.15;;
966771;unknown;control;2022-06-06 12:15:00+00:00;0.171;;
966771;unknown;control;2022-06-06 12:30:00+00:00;0.187;;
966771;unknown;control;2022-06-06 12:45:00+00:00;0.283;;
966771;unknown;control;2022-06-06 13:00:00+00:00;0.285;;
966771;unknown;control;2022-06-06 13:15:00+00:00;0.292;;
966771;unknown;control;2022-06-06 13:30:00+00:00;0.344;;
966771;unknown;control;2022-06-06 13:45:00+00:00;0.25;;
966771;unknown;control;2022-06-06 14:00:00+00:00;0.1;;
966771;unknown;control;2022-06-06 14:15:00+00:00;0.112;;
966771;unknown;control;2022-06-06 14:30:00+00:00;0.107;;
966771;unknown;control;2022-06-06 14:45:00+00:00;0.133;;
966771;unknown;control;2022-06-06 15:00:00+00:00;0.109;;
966771;unknown;control;2022-06-06 15:15:00+00:00;0.101;;
966771;unknown;control;2022-06-06 15:30:00+00:00;0.249;;
966771;unknown;control;2022-06-06 15:45:00+00:00;0.168;;
966771;unknown;control;2022-06-06 16:00:00+00:00;0.104;;
966771;unknown;control;2022-06-06 16:15:00+00:00;0.112;;
966771;unknown;control;2022-06-06 16:30:00+00:00;0.105;;
966771;unknown;control;2022-06-06 16:45:00+00:00;0.102;;
966771;unknown;control;2022-06-06 17:00:00+00:00;0.125;;
966771;unknown;control;2022-06-06 17:15:00+00:00;0.109;;
966771;unknown;control;2022-06-06 17:30:00+00:00;0.112;;
966771;unknown;control;2022-06-06 17:45:00+00:00;0.113;;
966771;unknown;control;2022-06-06 18:00:00+00:00;0.126;;
966771;unknown;control;2022-06-06 18:15:00+00:00;0.135;;
966771;unknown;control;2022-06-06 18:30:00+00:00;0.138;;
966771;unknown;control;2022-06-06 18:45:00+00:00;0.131;;
966771;unknown;control;2022-06-06 19:00:00+00:00;0.149;;
966771;unknown;control;2022-06-06 19:15:00+00:00;0.158;;
966771;unknown;control;2022-06-06 19:30:00+00:00;0.148;;
966771;unknown;control;2022-06-06 19:45:00+00:00;0.154;;
966771;unknown;control;2022-06-06 20:00:00+00:00;0.123;;
966771;unknown;control;2022-06-06 20:15:00+00:00;0.1;;
966771;unknown;control;2022-06-06 20:30:00+00:00;0.107;;
966771;unknown;control;2022-06-06 20:45:00+00:00;0.101;;
966771;unknown;control;2022-06-06 21:00:00+00:00;0.095;;
966771;unknown;control;2022-06-06 21:15:00+00:00;0.107;;
966771;unknown;control;2022-06-06 21:30:00+00:00;0.108;;
966771;unknown;control;2022-06-06 21:45:00+00:00;0.1;;
966771;unknown;control;2022-06-06 22:00:00+00:00;0.157;;
966771;unknown;control;2022-06-06 22:15:00+00:00;0.134;;
966771;unknown;control;2022-06-06 22:30:00+00:00;0.106;;
966771;unknown;control;2022-06-06 22:45:00+00:00;0.111;;
966771;unknown;control;2022-06-06 23:00:00+00:00;0.113;;
966771;unknown;control;2022-06-06 23:15:00+00:00;0.098;;
966771;unknown;control;2022-06-06 23:30:00+00:00;1.338;;
966771;unknown;control;2022-06-06 23:45:00+00:00;1.308;;
966771;unknown;control;2022-06-07 00:00:00+00:00;1.294;;
966771;unknown;control;2022-06-07 00:15:00+00:00;1.31;;
966771;unknown;control;2022-06-07 00:30:00+00:00;1.336;;
966771;unknown;control;2022-06-07 00:45:00+00:00;1.358;;
966771;unknown;control;2022-06-07 01:00:00+00:00;1.355;;
966771;unknown;control;2022-06-07 01:15:00+00:00;1.378;;
966771;unknown;control;2022-06-07 01:30:00+00:00;1.381;;
966771;unknown;control;2022-06-07 01:45:00+00:00;1.386;;
966771;unknown;control;2022-06-07 02:00:00+00:00;1.25;;
966771;unknown;control;2022-06-07 02:15:00+00:00;0.1;;
966771;unknown;control;2022-06-07 02:30:00+00:00;0.102;;
966771;unknown;control;2022-06-07 02:45:00+00:00;0.095;;
966771;unknown;control;2022-06-07 03:00:00+00:00;0.092;;
966771;unknown;control;2022-06-07 03:15:00+00:00;0.103;;
966771;unknown;control;2022-06-07 03:30:00+00:00;0.094;;
966771;unknown;control;2022-06-07 03:45:00+00:00;0.092;;
966771;unknown;control;2022-06-07 04:00:00+00:00;0.105;;
966771;unknown;control;2022-06-07 04:15:00+00:00;0.106;;
966771;unknown;control;2022-06-07 04:30:00+00:00;0.104;;
966771;unknown;control;2022-06-07 04:45:00+00:00;0.099;;
966771;unknown;control;2022-06-07 05:00:00+00:00;0.112;;
966771;unknown;control;2022-06-07 05:15:00+00:00;0.116;;
966771;unknown;control;2022-06-07 05:30:00+00:00;0.11;;
966771;unknown;control;2022-06-07 05:45:00+00:00;0.1;;
966771;unknown;control;2022-06-07 06:00:00+00:00;0.106;;
966771;unknown;control;2022-06-07 06:15:00+00:00;0.115;;
966771;unknown;control;2022-06-07 06:30:00+00:00;0.482;;
966771;unknown;control;2022-06-07 06:45:00+00:00;0.143;;
966771;unknown;control;2022-06-07 07:00:00+00:00;0.147;;
966771;unknown;control;2022-06-07 07:15:00+00:00;0.153;;
966771;unknown;control;2022-06-07 07:30:00+00:00;0.555;;
966771;unknown;control;2022-06-07 07:45:00+00:00;0.155;;
966771;unknown;control;2022-06-07 08:00:00+00:00;0.132;;
966771;unknown;control;2022-06-07 08:15:00+00:00;0.168;;
966771;unknown;control;2022-06-07 08:30:00+00:00;0.197;;
966771;unknown;control;2022-06-07 08:45:00+00:00;0.154;;
966771;unknown;control;2022-06-07 09:00:00+00:00;0.132;;
966771;unknown;control;2022-06-07 09:15:00+00:00;0.282;;
966771;unknown;control;2022-06-07 09:30:00+00:00;0.662;;
966771;unknown;control;2022-06-07 09:45:00+00:00;0.148;;
966771;unknown;control;2022-06-07 10:00:00+00:00;0.099;;
966771;unknown;control;2022-06-07 10:15:00+00:00;0.117;;
966771;unknown;control;2022-06-07 10:30:00+00:00;0.102;;
966771;unknown;control;2022-06-07 10:45:00+00:00;0.103;;
966771;unknown;control;2022-06-07 11:00:00+00:00;0.111;;
966771;unknown;control;2022-06-07 11:15:00+00:00;0.114;;
966771;unknown;control;2022-06-07 11:30:00+00:00;0.1;;
966771;unknown;control;2022-06-07 11:45:00+00:00;0.106;;
966771;unknown;control;2022-06-07 12:00:00+00:00;0.095;;
966771;unknown;control;2022-06-07 12:15:00+00:00;0.101;;
966771;unknown;control;2022-06-07 12:30:00+00:00;0.104;;
966771;unknown;control;2022-06-07 12:45:00+00:00;0.099;;
966771;unknown;control;2022-06-07 13:00:00+00:00;0.108;;
966771;unknown;control;2022-06-07 13:15:00+00:00;0.106;;
966771;unknown;control;2022-06-07 13:30:00+00:00;0.11;;
966771;unknown;control;2022-06-07 13:45:00+00:00;0.639;;
966771;unknown;control;2022-06-07 14:00:00+00:00;0.213;;
966771;unknown;control;2022-06-07 14:15:00+00:00;0.333;;
966771;unknown;control;2022-06-07 14:30:00+00:00;0.205;;
966771;unknown;control;2022-06-07 14:45:00+00:00;0.191;;
966771;unknown;control;2022-06-07 15:00:00+00:00;0.113;;
966771;unknown;control;2022-06-07 15:15:00+00:00;0.111;;
966771;unknown;control;2022-06-07 15:30:00+00:00;0.106;;
966771;unknown;control;2022-06-07 15:45:00+00:00;0.117;;
966771;unknown;control;2022-06-07 16:00:00+00:00;0.115;;
966771;unknown;control;2022-06-07 16:15:00+00:00;0.106;;
966771;unknown;control;2022-06-07 16:30:00+00:00;0.104;;
966771;unknown;control;2022-06-07 16:45:00+00:00;0.108;;
966771;unknown;control;2022-06-07 17:00:00+00:00;0.19;;
966771;unknown;control;2022-06-07 17:15:00+00:00;0.196;;
966771;unknown;control;2022-06-07 17:30:00+00:00;0.167;;
966771;unknown;control;2022-06-07 17:45:00+00:00;0.178;;
966771;unknown;control;2022-06-07 18:00:00+00:00;0.121;;
966771;unknown;control;2022-06-07 18:15:00+00:00;0.15;;
966771;unknown;control;2022-06-07 18:30:00+00:00;0.142;;
966771;unknown;control;2022-06-07 18:45:00+00:00;0.145;;
966771;unknown;control;2022-06-07 19:00:00+00:00;0.141;;
966771;unknown;control;2022-06-07 19:15:00+00:00;0.142;;
966771;unknown;control;2022-06-07 19:30:00+00:00;0.149;;
966771;unknown;control;2022-06-07 19:45:00+00:00;0.14;;
966771;unknown;control;2022-06-07 20:00:00+00:00;0.115;;
966771;unknown;control;2022-06-07 20:15:00+00:00;0.105;;
966771;unknown;control;2022-06-07 20:30:00+00:00;0.094;;
966771;unknown;control;2022-06-07 20:45:00+00:00;0.097;;
966771;unknown;control;2022-06-07 21:00:00+00:00;0.099;;
966771;unknown;control;2022-06-07 21:15:00+00:00;0.096;;
966771;unknown;control;2022-06-07 21:30:00+00:00;0.106;;
966771;unknown;control;2022-06-07 21:45:00+00:00;0.103;;
966771;unknown;control;2022-06-07 22:00:00+00:00;0.098;;
966771;unknown;control;2022-06-07 22:15:00+00:00;0.104;;
966771;unknown;control;2022-06-07 22:30:00+00:00;0.094;;
966771;unknown;control;2022-06-07 22:45:00+00:00;0.099;;
966771;unknown;control;2022-06-07 23:00:00+00:00;0.105;;
966771;unknown;control;2022-06-07 23:15:00+00:00;0.092;;
966771;unknown;control;2022-06-07 23:30:00+00:00;1.346;;
966771;unknown;control;2022-06-07 23:45:00+00:00;1.309;;
966771;unknown;control;2022-06-08 00:00:00+00:00;1.292;;
966771;unknown;control;2022-06-08 00:15:00+00:00;1.314;;
966771;unknown;control;2022-06-08 00:30:00+00:00;1.332;;
966771;unknown;control;2022-06-08 00:45:00+00:00;0.194;;
966771;unknown;control;2022-06-08 01:00:00+00:00;0.107;;
966771;unknown;control;2022-06-08 01:15:00+00:00;0.097;;
966771;unknown;control;2022-06-08 01:30:00+00:00;0.095;;
966771;unknown;control;2022-06-08 01:45:00+00:00;0.102;;
966771;unknown;control;2022-06-08 02:00:00+00:00;0.093;;
966771;unknown;control;2022-06-08 02:15:00+00:00;0.097;;
966771;unknown;control;2022-06-08 02:30:00+00:00;0.111;;
966771;unknown;control;2022-06-08 02:45:00+00:00;0.093;;
966771;unknown;control;2022-06-08 03:00:00+00:00;0.098;;
966771;unknown;control;2022-06-08 03:15:00+00:00;0.1;;
966771;unknown;control;2022-06-08 03:30:00+00:00;0.093;;
966771;unknown;control;2022-06-08 03:45:00+00:00;0.099;;
966771;unknown;control;2022-06-08 04:00:00+00:00;0.108;;
966771;unknown;control;2022-06-08 04:15:00+00:00;0.099;;
966771;unknown;control;2022-06-08 04:30:00+00:00;0.106;;
966771;unknown;control;2022-06-08 04:45:00+00:00;0.116;;
966771;unknown;control;2022-06-08 05:00:00+00:00;0.122;;
966771;unknown;control;2022-06-08 05:15:00+00:00;0.102;;
966771;unknown;control;2022-06-08 05:30:00+00:00;0.129;;
966771;unknown;control;2022-06-08 05:45:00+00:00;0.104;;
966771;unknown;control;2022-06-08 06:00:00+00:00;0.111;;
966771;unknown;control;2022-06-08 06:15:00+00:00;0.173;;
966771;unknown;control;2022-06-08 06:30:00+00:00;0.293;;
966771;unknown;control;2022-06-08 06:45:00+00:00;0.393;;
966771;unknown;control;2022-06-08 07:00:00+00:00;0.286;;
966771;unknown;control;2022-06-08 07:15:00+00:00;0.102;;
966771;unknown;control;2022-06-08 07:30:00+00:00;0.112;;
966771;unknown;control;2022-06-08 07:45:00+00:00;0.107;;
966771;unknown;control;2022-06-08 08:00:00+00:00;0.1;;
966771;unknown;control;2022-06-08 08:15:00+00:00;0.114;;
966771;unknown;control;2022-06-08 08:30:00+00:00;0.104;;
966771;unknown;control;2022-06-08 08:45:00+00:00;0.105;;
966771;unknown;control;2022-06-08 09:00:00+00:00;0.113;;
966771;unknown;control;2022-06-08 09:15:00+00:00;0.097;;
966771;unknown;control;2022-06-08 09:30:00+00:00;0.105;;
966771;unknown;control;2022-06-08 09:45:00+00:00;0.107;;
966771;unknown;control;2022-06-08 10:00:00+00:00;0.096;;
966771;unknown;control;2022-06-08 10:15:00+00:00;0.107;;
966771;unknown;control;2022-06-08 10:30:00+00:00;0.106;;
966771;unknown;control;2022-06-08 10:45:00+00:00;0.098;;
966771;unknown;control;2022-06-08 11:00:00+00:00;0.114;;
966771;unknown;control;2022-06-08 11:15:00+00:00;0.104;;
966771;unknown;control;2022-06-08 11:30:00+00:00;0.099;;
966771;unknown;control;2022-06-08 11:45:00+00:00;0.111;;
966771;unknown;control;2022-06-08 12:00:00+00:00;0.098;;
966771;unknown;control;2022-06-08 12:15:00+00:00;0.102;;
966771;unknown;control;2022-06-08 12:30:00+00:00;0.108;;
966771;unknown;control;2022-06-08 12:45:00+00:00;0.097;;
966771;unknown;control;2022-06-08 13:00:00+00:00;0.11;;
966771;unknown;control;2022-06-08 13:15:00+00:00;0.108;;
966771;unknown;control;2022-06-08 13:30:00+00:00;0.1;;
966771;unknown;control;2022-06-08 13:45:00+00:00;0.111;;
966771;unknown;control;2022-06-08 14:00:00+00:00;0.101;;
966771;unknown;control;2022-06-08 14:15:00+00:00;0.099;;
966771;unknown;control;2022-06-08 14:30:00+00:00;0.107;;
966771;unknown;control;2022-06-08 14:45:00+00:00;0.102;;
966771;unknown;control;2022-06-08 15:00:00+00:00;0.121;;
966771;unknown;control;2022-06-08 15:15:00+00:00;0.115;;
966771;unknown;control;2022-06-08 15:30:00+00:00;0.111;;
966771;unknown;control;2022-06-08 15:45:00+00:00;0.131;;
966771;unknown;control;2022-06-08 16:00:00+00:00;0.129;;
966771;unknown;control;2022-06-08 16:15:00+00:00;0.111;;
966771;unknown;control;2022-06-08 16:30:00+00:00;0.12;;
966771;unknown;control;2022-06-08 16:45:00+00:00;0.113;;
966771;unknown;control;2022-06-08 17:00:00+00:00;0.099;;
966771;unknown;control;2022-06-08 17:15:00+00:00;0.112;;
966771;unknown;control;2022-06-08 17:30:00+00:00;0.106;;
966771;unknown;control;2022-06-08 17:45:00+00:00;0.1;;
966771;unknown;control;2022-06-08 18:00:00+00:00;0.113;;
966771;unknown;control;2022-06-08 18:15:00+00:00;0.106;;
966771;unknown;control;2022-06-08 18:30:00+00:00;0.098;;
966771;unknown;control;2022-06-08 18:45:00+00:00;0.108;;
966771;unknown;control;2022-06-08 19:00:00+00:00;0.118;;
966771;unknown;control;2022-06-08 19:15:00+00:00;0.113;;
966771;unknown;control;2022-06-08 19:30:00+00:00;0.126;;
966771;unknown;control;2022-06-08 19:45:00+00:00;0.117;;
966771;unknown;control;2022-06-08 20:00:00+00:00;0.139;;
966771;unknown;control;2022-06-08 20:15:00+00:00;0.143;;
966771;unknown;control;2022-06-08 20:30:00+00:00;0.129;;
966771;unknown;control;2022-06-08 20:45:00+00:00;0.115;;
966771;unknown;control;2022-06-08 21:00:00+00:00;0.102;;
966771;unknown;control;2022-06-08 21:15:00+00:00;0.096;;
966771;unknown;control;2022-06-08 21:30:00+00:00;0.106;;
966771;unknown;control;2022-06-08 21:45:00+00:00;0.105;;
966771;unknown;control;2022-06-08 22:00:00+00:00;0.096;;
966771;unknown;control;2022-06-08 22:15:00+00:00;0.106;;
966771;unknown;control;2022-06-08 22:30:00+00:00;0.103;;
966771;unknown;control;2022-06-08 22:45:00+00:00;0.099;;
966771;unknown;control;2022-06-08 23:00:00+00:00;0.108;;
966771;unknown;control;2022-06-08 23:15:00+00:00;0.104;;
966771;unknown;control;2022-06-08 23:30:00+00:00;1.336;;
966771;unknown;control;2022-06-08 23:45:00+00:00;1.307;;
966771;unknown;control;2022-06-09 00:00:00+00:00;1.292;;
966771;unknown;control;2022-06-09 00:15:00+00:00;1.312;;
966771;unknown;control;2022-06-09 00:30:00+00:00;1.336;;
966771;unknown;control;2022-06-09 00:45:00+00:00;1.344;;
966771;unknown;control;2022-06-09 01:00:00+00:00;0.778;;
966771;unknown;control;2022-06-09 01:15:00+00:00;0.106;;
966771;unknown;control;2022-06-09 01:30:00+00:00;0.099;;
966771;unknown;control;2022-06-09 01:45:00+00:00;0.101;;
966771;unknown;control;2022-06-09 02:00:00+00:00;0.105;;
966771;unknown;control;2022-06-09 02:15:00+00:00;0.099;;
966771;unknown;control;2022-06-09 02:30:00+00:00;0.103;;
966771;unknown;control;2022-06-09 02:45:00+00:00;0.104;;
966771;unknown;control;2022-06-09 03:00:00+00:00;0.1;;
966771;unknown;control;2022-06-09 03:15:00+00:00;0.104;;
966771;unknown;control;2022-06-09 03:30:00+00:00;0.102;;
966771;unknown;control;2022-06-09 03:45:00+00:00;0.098;;
966771;unknown;control;2022-06-09 04:00:00+00:00;0.103;;
966771;unknown;control;2022-06-09 04:15:00+00:00;0.101;;
966771;unknown;control;2022-06-09 04:30:00+00:00;0.1;;
966771;unknown;control;2022-06-09 04:45:00+00:00;0.105;;
966771;unknown;control;2022-06-09 05:00:00+00:00;0.1;;
966771;unknown;control;2022-06-09 05:15:00+00:00;0.108;;
966771;unknown;control;2022-06-09 05:30:00+00:00;0.102;;
966771;unknown;control;2022-06-09 05:45:00+00:00;0.116;;
966771;unknown;control;2022-06-09 06:00:00+00:00;0.105;;
966771;unknown;control;2022-06-09 06:15:00+00:00;0.112;;
966771;unknown;control;2022-06-09 06:30:00+00:00;0.103;;
966771;unknown;control;2022-06-09 06:45:00+00:00;0.11;;
966771;unknown;control;2022-06-09 07:00:00+00:00;0.111;;
966771;unknown;control;2022-06-09 07:15:00+00:00;0.102;;
966771;unknown;control;2022-06-09 07:30:00+00:00;0.111;;
966771;unknown;control;2022-06-09 07:45:00+00:00;0.11;;
966771;unknown;control;2022-06-09 08:00:00+00:00;0.27;;
966771;unknown;control;2022-06-09 08:15:00+00:00;0.573;;
966771;unknown;control;2022-06-09 08:30:00+00:00;0.243;;
966771;unknown;control;2022-06-09 08:45:00+00:00;0.259;;
966771;unknown;control;2022-06-09 09:00:00+00:00;0.118;;
966771;unknown;control;2022-06-09 09:15:00+00:00;0.324;;
966771;unknown;control;2022-06-09 09:30:00+00:00;0.121;;
966771;unknown;control;2022-06-09 09:45:00+00:00;0.128;;
966771;unknown;control;2022-06-09 10:00:00+00:00;0.109;;
966771;unknown;control;2022-06-09 10:15:00+00:00;0.295;;
966771;unknown;control;2022-06-09 10:30:00+00:00;0.502;;
966771;unknown;control;2022-06-09 10:45:00+00:00;0.116;;
966771;unknown;control;2022-06-09 11:00:00+00:00;0.175;;
966771;unknown;control;2022-06-09 11:15:00+00:00;0.34;;
966771;unknown;control;2022-06-09 11:30:00+00:00;0.105;;
966771;unknown;control;2022-06-09 11:45:00+00:00;0.111;;
966771;unknown;control;2022-06-09 12:00:00+00:00;0.109;;
966771;unknown;control;2022-06-09 12:15:00+00:00;0.106;;
966771;unknown;control;2022-06-09 12:30:00+00:00;0.11;;
966771;unknown;control;2022-06-09 12:45:00+00:00;0.106;;
966771;unknown;control;2022-06-09 13:00:00+00:00;0.103;;
966771;unknown;control;2022-06-09 13:15:00+00:00;0.116;;
966771;unknown;control;2022-06-09 13:30:00+00:00;0.102;;
966771;unknown;control;2022-06-09 13:45:00+00:00;0.11;;
966771;unknown;control;2022-06-09 14:00:00+00:00;0.125;;
966771;unknown;control;2022-06-09 14:15:00+00:00;0.104;;
966771;unknown;control;2022-06-09 14:30:00+00:00;0.107;;
966771;unknown;control;2022-06-09 14:45:00+00:00;0.114;;
966771;unknown;control;2022-06-09 15:00:00+00:00;0.193;;
966771;unknown;control;2022-06-09 15:15:00+00:00;0.14;;
966771;unknown;control;2022-06-09 15:30:00+00:00;0.137;;
966771;unknown;control;2022-06-09 15:45:00+00:00;0.136;;
966771;unknown;control;2022-06-09 16:00:00+00:00;0.143;;
966771;unknown;control;2022-06-09 16:15:00+00:00;0.138;;
966771;unknown;control;2022-06-09 16:30:00+00:00;0.131;;
966771;unknown;control;2022-06-09 16:45:00+00:00;0.11;;
966771;unknown;control;2022-06-09 17:00:00+00:00;0.102;;
966771;unknown;control;2022-06-09 17:15:00+00:00;0.108;;
966771;unknown;control;2022-06-09 17:30:00+00:00;0.121;;
966771;unknown;control;2022-06-09 17:45:00+00:00;0.134;;
966771;unknown;control;2022-06-09 18:00:00+00:00;0.14;;
966771;unknown;control;2022-06-09 18:15:00+00:00;0.138;;
966771;unknown;control;2022-06-09 18:30:00+00:00;0.158;;
966771;unknown;control;2022-06-09 18:45:00+00:00;0.143;;
966771;unknown;control;2022-06-09 19:00:00+00:00;0.156;;
966771;unknown;control;2022-06-09 19:15:00+00:00;0.143;;
966771;unknown;control;2022-06-09 19:30:00+00:00;0.15;;
966771;unknown;control;2022-06-09 19:45:00+00:00;0.142;;
966771;unknown;control;2022-06-09 20:00:00+00:00;0.126;;
966771;unknown;control;2022-06-09 20:15:00+00:00;0.136;;
966771;unknown;control;2022-06-09 20:30:00+00:00;0.116;;
966771;unknown;control;2022-06-09 20:45:00+00:00;0.096;;
966771;unknown;control;2022-06-09 21:00:00+00:00;0.108;;
966771;unknown;control;2022-06-09 21:15:00+00:00;0.119;;
966771;unknown;control;2022-06-09 21:30:00+00:00;0.123;;
966771;unknown;control;2022-06-09 21:45:00+00:00;0.107;;
966771;unknown;control;2022-06-09 22:00:00+00:00;0.1;;
966771;unknown;control;2022-06-09 22:15:00+00:00;0.099;;
966771;unknown;control;2022-06-09 22:30:00+00:00;0.108;;
966771;unknown;control;2022-06-09 22:45:00+00:00;0.097;;
966771;unknown;control;2022-06-09 23:00:00+00:00;0.098;;
966771;unknown;control;2022-06-09 23:15:00+00:00;0.099;;
966771;unknown;control;2022-06-09 23:30:00+00:00;1.338;;
966771;unknown;control;2022-06-09 23:45:00+00:00;1.312;;
966771;unknown;control;2022-06-10 00:00:00+00:00;1.301;;
966771;unknown;control;2022-06-10 00:15:00+00:00;1.314;;
966771;unknown;control;2022-06-10 00:30:00+00:00;0.878;;
966771;unknown;control;2022-06-10 00:45:00+00:00;0.097;;
966771;unknown;control;2022-06-10 01:00:00+00:00;0.095;;
966771;unknown;control;2022-06-10 01:15:00+00:00;0.101;;
966771;unknown;control;2022-06-10 01:30:00+00:00;0.102;;
966771;unknown;control;2022-06-10 01:45:00+00:00;0.097;;
966771;unknown;control;2022-06-10 02:00:00+00:00;0.102;;
966771;unknown;control;2022-06-10 02:15:00+00:00;0.108;;
966771;unknown;control;2022-06-10 02:30:00+00:00;0.115;;
966771;unknown;control;2022-06-10 02:45:00+00:00;0.151;;
966771;unknown;control;2022-06-10 03:00:00+00:00;0.108;;
966771;unknown;control;2022-06-10 03:15:00+00:00;0.107;;
966771;unknown;control;2022-06-10 03:30:00+00:00;0.108;;
966771;unknown;control;2022-06-10 03:45:00+00:00;0.106;;
966771;unknown;control;2022-06-10 04:00:00+00:00;0.09;;
966771;unknown;control;2022-06-10 04:15:00+00:00;0.101;;
966771;unknown;control;2022-06-10 04:30:00+00:00;0.12;;
966771;unknown;control;2022-06-10 04:45:00+00:00;0.101;;
966771;unknown;control;2022-06-10 05:00:00+00:00;0.13;;
966771;unknown;control;2022-06-10 05:15:00+00:00;0.104;;
966771;unknown;control;2022-06-10 05:30:00+00:00;0.092;;
966771;unknown;control;2022-06-10 05:45:00+00:00;0.115;;
966771;unknown;control;2022-06-10 06:00:00+00:00;0.176;;
966771;unknown;control;2022-06-10 06:15:00+00:00;0.283;;
966771;unknown;control;2022-06-10 06:30:00+00:00;0.112;;
966771;unknown;control;2022-06-10 06:45:00+00:00;0.1;;
966771;unknown;control;2022-06-10 07:00:00+00:00;0.1;;
966771;unknown;control;2022-06-10 07:15:00+00:00;0.111;;
966771;unknown;control;2022-06-10 07:30:00+00:00;0.105;;
966771;unknown;control;2022-06-10 07:45:00+00:00;0.103;;
966771;unknown;control;2022-06-10 08:00:00+00:00;0.109;;
966771;unknown;control;2022-06-10 08:15:00+00:00;0.103;;
966771;unknown;control;2022-06-10 08:30:00+00:00;0.104;;
966771;unknown;control;2022-06-10 08:45:00+00:00;0.123;;
966771;unknown;control;2022-06-10 09:00:00+00:00;0.121;;
966771;unknown;control;2022-06-10 09:15:00+00:00;0.123;;
966771;unknown;control;2022-06-10 09:30:00+00:00;0.138;;
966771;unknown;control;2022-06-10 09:45:00+00:00;0.111;;
966771;unknown;control;2022-06-10 10:00:00+00:00;0.121;;
966771;unknown;control;2022-06-10 10:15:00+00:00;0.116;;
966771;unknown;control;2022-06-10 10:30:00+00:00;0.11;;
966771;unknown;control;2022-06-10 10:45:00+00:00;0.119;;
966771;unknown;control;2022-06-10 11:00:00+00:00;0.512;;
966771;unknown;control;2022-06-10 11:15:00+00:00;0.143;;
966771;unknown;control;2022-06-10 11:30:00+00:00;0.155;;
966771;unknown;control;2022-06-10 11:45:00+00:00;0.152;;
966771;unknown;control;2022-06-10 12:00:00+00:00;0.401;;
966771;unknown;control;2022-06-10 12:15:00+00:00;0.227;;
966771;unknown;control;2022-06-10 12:30:00+00:00;0.16;;
966771;unknown;control;2022-06-10 12:45:00+00:00;0.139;;
966771;unknown;control;2022-06-10 13:00:00+00:00;0.192;;
966771;unknown;control;2022-06-10 13:15:00+00:00;0.137;;
966771;unknown;control;2022-06-10 13:30:00+00:00;0.131;;
966771;unknown;control;2022-06-10 13:45:00+00:00;0.108;;
966771;unknown;control;2022-06-10 14:00:00+00:00;0.105;;
966771;unknown;control;2022-06-10 14:15:00+00:00;0.104;;
966771;unknown;control;2022-06-10 14:30:00+00:00;0.101;;
966771;unknown;control;2022-06-10 14:45:00+00:00;0.105;;
966771;unknown;control;2022-06-10 15:00:00+00:00;0.246;;
966771;unknown;control;2022-06-10 15:15:00+00:00;0.372;;
966771;unknown;control;2022-06-10 15:30:00+00:00;0.259;;
966771;unknown;control;2022-06-10 15:45:00+00:00;0.251;;
966771;unknown;control;2022-06-10 16:00:00+00:00;0.431;;
966771;unknown;control;2022-06-10 16:15:00+00:00;0.187;;
966771;unknown;control;2022-06-10 16:30:00+00:00;0.109;;
966771;unknown;control;2022-06-10 16:45:00+00:00;0.116;;
966771;unknown;control;2022-06-10 17:00:00+00:00;0.111;;
966771;unknown;control;2022-06-10 17:15:00+00:00;0.103;;
966771;unknown;control;2022-06-10 17:30:00+00:00;0.105;;
966771;unknown;control;2022-06-10 17:45:00+00:00;0.139;;
966771;unknown;control;2022-06-10 18:00:00+00:00;0.12;;
966771;unknown;control;2022-06-10 18:15:00+00:00;0.14;;
966771;unknown;control;2022-06-10 18:30:00+00:00;0.141;;
966771;unknown;control;2022-06-10 18:45:00+00:00;0.137;;
966771;unknown;control;2022-06-10 19:00:00+00:00;0.157;;
966771;unknown;control;2022-06-10 19:15:00+00:00;0.151;;
966771;unknown;control;2022-06-10 19:30:00+00:00;0.169;;
966771;unknown;control;2022-06-10 19:45:00+00:00;0.175;;
966771;unknown;control;2022-06-10 20:00:00+00:00;0.159;;
966771;unknown;control;2022-06-10 20:15:00+00:00;0.127;;
966771;unknown;control;2022-06-10 20:30:00+00:00;0.123;;
966771;unknown;control;2022-06-10 20:45:00+00:00;0.092;;
966771;unknown;control;2022-06-10 21:00:00+00:00;0.102;;
966771;unknown;control;2022-06-10 21:15:00+00:00;0.11;;
966771;unknown;control;2022-06-10 21:30:00+00:00;0.1;;
966771;unknown;control;2022-06-10 21:45:00+00:00;0.1;;
966771;unknown;control;2022-06-10 22:00:00+00:00;0.098;;
966771;unknown;control;2022-06-10 22:15:00+00:00;0.095;;
966771;unknown;control;2022-06-10 22:30:00+00:00;0.106;;
966771;unknown;control;2022-06-10 22:45:00+00:00;0.103;;
966771;unknown;control;2022-06-10 23:00:00+00:00;0.096;;
966771;unknown;control;2022-06-10 23:15:00+00:00;0.107;;
966771;unknown;control;2022-06-10 23:30:00+00:00;1.355;;
966771;unknown;control;2022-06-10 23:45:00+00:00;1.304;;
966771;unknown;control;2022-06-11 00:00:00+00:00;1.308;;
966771;unknown;control;2022-06-11 00:15:00+00:00;1.308;;
966771;unknown;control;2022-06-11 00:30:00+00:00;1.317;;
966771;unknown;control;2022-06-11 00:45:00+00:00;1.36;;
966771;unknown;control;2022-06-11 01:00:00+00:00;1.36;;
966771;unknown;control;2022-06-11 01:15:00+00:00;1.263;;
966771;unknown;control;2022-06-11 01:30:00+00:00;0.111;;
966771;unknown;control;2022-06-11 01:45:00+00:00;0.095;;
966771;unknown;control;2022-06-11 02:00:00+00:00;0.097;;
966771;unknown;control;2022-06-11 02:15:00+00:00;0.108;;
966771;unknown;control;2022-06-11 02:30:00+00:00;0.101;;
966771;unknown;control;2022-06-11 02:45:00+00:00;0.1;;
966771;unknown;control;2022-06-11 03:00:00+00:00;0.1;;
966771;unknown;control;2022-06-11 03:15:00+00:00;0.098;;
966771;unknown;control;2022-06-11 03:30:00+00:00;0.106;;
966771;unknown;control;2022-06-11 03:45:00+00:00;0.099;;
966771;unknown;control;2022-06-11 04:00:00+00:00;0.095;;
966771;unknown;control;2022-06-11 04:15:00+00:00;0.107;;
966771;unknown;control;2022-06-11 04:30:00+00:00;0.102;;
966771;unknown;control;2022-06-11 04:45:00+00:00;0.097;;
966771;unknown;control;2022-06-11 05:00:00+00:00;0.103;;
966771;unknown;control;2022-06-11 05:15:00+00:00;0.104;;
966771;unknown;control;2022-06-11 05:30:00+00:00;0.105;;
966771;unknown;control;2022-06-11 05:45:00+00:00;0.106;;
966771;unknown;control;2022-06-11 06:00:00+00:00;0.1;;
966771;unknown;control;2022-06-11 06:15:00+00:00;0.105;;
966771;unknown;control;2022-06-11 06:30:00+00:00;0.125;;
966771;unknown;control;2022-06-11 06:45:00+00:00;0.093;;
966771;unknown;control;2022-06-11 07:00:00+00:00;0.113;;
966771;unknown;control;2022-06-11 07:15:00+00:00;0.16;;
966771;unknown;control;2022-06-11 07:30:00+00:00;0.6;;
966771;unknown;control;2022-06-11 07:45:00+00:00;0.366;;
966771;unknown;control;2022-06-11 08:00:00+00:00;0.137;;
966771;unknown;control;2022-06-11 08:15:00+00:00;0.264;;
966771;unknown;control;2022-06-11 08:30:00+00:00;0.269;;
966771;unknown;control;2022-06-11 08:45:00+00:00;0.11;;
966771;unknown;control;2022-06-11 09:00:00+00:00;0.104;;
966771;unknown;control;2022-06-11 09:15:00+00:00;0.112;;
966771;unknown;control;2022-06-11 09:30:00+00:00;0.106;;
966771;unknown;control;2022-06-11 09:45:00+00:00;0.101;;
966771;unknown;control;2022-06-11 10:00:00+00:00;0.106;;
966771;unknown;control;2022-06-11 10:15:00+00:00;0.102;;
966771;unknown;control;2022-06-11 10:30:00+00:00;0.113;;
966771;unknown;control;2022-06-11 10:45:00+00:00;0.133;;
966771;unknown;control;2022-06-11 11:00:00+00:00;0.116;;
966771;unknown;control;2022-06-11 11:15:00+00:00;0.123;;
966771;unknown;control;2022-06-11 11:30:00+00:00;0.159;;
966771;unknown;control;2022-06-11 11:45:00+00:00;0.124;;
966771;unknown;control;2022-06-11 12:00:00+00:00;0.14;;
966771;unknown;control;2022-06-11 12:15:00+00:00;0.12;;
966771;unknown;control;2022-06-11 12:30:00+00:00;0.187;;
966771;unknown;control;2022-06-11 12:45:00+00:00;0.108;;
966771;unknown;control;2022-06-11 13:00:00+00:00;0.101;;
966771;unknown;control;2022-06-11 13:15:00+00:00;0.107;;
966771;unknown;control;2022-06-11 13:30:00+00:00;0.111;;
966771;unknown;control;2022-06-11 13:45:00+00:00;0.097;;
966771;unknown;control;2022-06-11 14:00:00+00:00;0.107;;
966771;unknown;control;2022-06-11 14:15:00+00:00;0.114;;
966771;unknown;control;2022-06-11 14:30:00+00:00;0.101;;
966771;unknown;control;2022-06-11 14:45:00+00:00;0.136;;
966771;unknown;control;2022-06-11 15:00:00+00:00;0.12;;
966771;unknown;control;2022-06-11 15:15:00+00:00;0.242;;
966771;unknown;control;2022-06-11 15:30:00+00:00;0.489;;
966771;unknown;control;2022-06-11 15:45:00+00:00;0.365;;
966771;unknown;control;2022-06-11 16:00:00+00:00;0.275;;
966771;unknown;control;2022-06-11 16:15:00+00:00;0.117;;
966771;unknown;control;2022-06-11 16:30:00+00:00;0.115;;
966771;unknown;control;2022-06-11 16:45:00+00:00;0.107;;
966771;unknown;control;2022-06-11 17:00:00+00:00;0.125;;
966771;unknown;control;2022-06-11 17:15:00+00:00;0.103;;
966771;unknown;control;2022-06-11 17:30:00+00:00;0.128;;
966771;unknown;control;2022-06-11 17:45:00+00:00;0.12;;
966771;unknown;control;2022-06-11 18:00:00+00:00;0.133;;
966771;unknown;control;2022-06-11 18:15:00+00:00;0.137;;
966771;unknown;control;2022-06-11 18:30:00+00:00;0.157;;
966771;unknown;control;2022-06-11 18:45:00+00:00;0.14;;
966771;unknown;control;2022-06-11 19:00:00+00:00;0.143;;
966771;unknown;control;2022-06-11 19:15:00+00:00;0.137;;
966771;unknown;control;2022-06-11 19:30:00+00:00;0.149;;
966771;unknown;control;2022-06-11 19:45:00+00:00;0.156;;
966771;unknown;control;2022-06-11 20:00:00+00:00;0.147;;
966771;unknown;control;2022-06-11 20:15:00+00:00;0.145;;
966771;unknown;control;2022-06-11 20:30:00+00:00;0.139;;
966771;unknown;control;2022-06-11 20:45:00+00:00;0.132;;
966771;unknown;control;2022-06-11 21:00:00+00:00;0.1;;
966771;unknown;control;2022-06-11 21:15:00+00:00;0.102;;
966771;unknown;control;2022-06-11 21:30:00+00:00;0.099;;
966771;unknown;control;2022-06-11 21:45:00+00:00;0.114;;
966771;unknown;control;2022-06-11 22:00:00+00:00;0.115;;
966771;unknown;control;2022-06-11 22:15:00+00:00;0.098;;
966771;unknown;control;2022-06-11 22:30:00+00:00;0.1;;
966771;unknown;control;2022-06-11 22:45:00+00:00;0.103;;
966771;unknown;control;2022-06-11 23:00:00+00:00;0.103;;
966771;unknown;control;2022-06-11 23:15:00+00:00;0.105;;
966771;unknown;control;2022-06-11 23:30:00+00:00;1.352;;
966771;unknown;control;2022-06-11 23:45:00+00:00;1.311;;
966771;unknown;control;2022-06-12 00:00:00+00:00;1.31;;
966771;unknown;control;2022-06-12 00:15:00+00:00;1.311;;
966771;unknown;control;2022-06-12 00:30:00+00:00;1.326;;
966771;unknown;control;2022-06-12 00:45:00+00:00;1.354;;
966771;unknown;control;2022-06-12 01:00:00+00:00;1.369;;
966771;unknown;control;2022-06-12 01:15:00+00:00;1.365;;
966771;unknown;control;2022-06-12 01:30:00+00:00;0.989;;
966771;unknown;control;2022-06-12 01:45:00+00:00;0.098;;
966771;unknown;control;2022-06-12 02:00:00+00:00;0.105;;
966771;unknown;control;2022-06-12 02:15:00+00:00;0.096;;
966771;unknown;control;2022-06-12 02:30:00+00:00;0.093;;
966771;unknown;control;2022-06-12 02:45:00+00:00;0.105;;
966771;unknown;control;2022-06-12 03:00:00+00:00;0.099;;
966771;unknown;control;2022-06-12 03:15:00+00:00;0.092;;
966771;unknown;control;2022-06-12 03:30:00+00:00;0.102;;
966771;unknown;control;2022-06-12 03:45:00+00:00;0.098;;
966771;unknown;control;2022-06-12 04:00:00+00:00;0.098;;
966771;unknown;control;2022-06-12 04:15:00+00:00;0.1;;
966771;unknown;control;2022-06-12 04:30:00+00:00;0.098;;
966771;unknown;control;2022-06-12 04:45:00+00:00;0.107;;
966771;unknown;control;2022-06-12 05:00:00+00:00;0.124;;
966771;unknown;control;2022-06-12 05:15:00+00:00;0.097;;
966771;unknown;control;2022-06-12 05:30:00+00:00;0.111;;
966771;unknown;control;2022-06-12 05:45:00+00:00;0.107;;
966771;unknown;control;2022-06-12 06:00:00+00:00;0.102;;
966771;unknown;control;2022-06-12 06:15:00+00:00;0.138;;
966771;unknown;control;2022-06-12 06:30:00+00:00;0.115;;
966771;unknown;control;2022-06-12 06:45:00+00:00;0.1;;
966771;unknown;control;2022-06-12 07:00:00+00:00;0.11;;
966771;unknown;control;2022-06-12 07:15:00+00:00;0.104;;
966771;unknown;control;2022-06-12 07:30:00+00:00;0.108;;
966771;unknown;control;2022-06-12 07:45:00+00:00;0.116;;
966771;unknown;control;2022-06-12 08:00:00+00:00;0.108;;
966771;unknown;control;2022-06-12 08:15:00+00:00;0.464;;
966771;unknown;control;2022-06-12 08:30:00+00:00;0.221;;
966771;unknown;control;2022-06-12 08:45:00+00:00;0.22;;
966771;unknown;control;2022-06-12 09:00:00+00:00;0.133;;
966771;unknown;control;2022-06-12 09:15:00+00:00;0.114;;
966771;unknown;control;2022-06-12 09:30:00+00:00;0.115;;
966771;unknown;control;2022-06-12 09:45:00+00:00;0.456;;
966771;unknown;control;2022-06-12 10:00:00+00:00;0.395;;
966771;unknown;control;2022-06-12 10:15:00+00:00;0.397;;
966771;unknown;control;2022-06-12 10:30:00+00:00;0.494;;
966771;unknown;control;2022-06-12 10:45:00+00:00;0.551;;
966771;unknown;control;2022-06-12 11:00:00+00:00;0.499;;
966771;unknown;control;2022-06-12 11:15:00+00:00;0.317;;
966771;unknown;control;2022-06-12 11:30:00+00:00;0.181;;
966771;unknown;control;2022-06-12 11:45:00+00:00;0.185;;
966771;unknown;control;2022-06-12 12:00:00+00:00;0.557;;
966771;unknown;control;2022-06-12 12:15:00+00:00;0.759;;
966771;unknown;control;2022-06-12 12:30:00+00:00;0.155;;
966771;unknown;control;2022-06-12 12:45:00+00:00;0.169;;
966771;unknown;control;2022-06-12 13:00:00+00:00;0.146;;
966771;unknown;control;2022-06-12 13:15:00+00:00;0.109;;
966771;unknown;control;2022-06-12 13:30:00+00:00;0.157;;
966771;unknown;control;2022-06-12 13:45:00+00:00;0.154;;
966771;unknown;control;2022-06-12 14:00:00+00:00;0.25;;
966771;unknown;control;2022-06-12 14:15:00+00:00;0.278;;
966771;unknown;control;2022-06-12 14:30:00+00:00;0.302;;
966771;unknown;control;2022-06-12 14:45:00+00:00;0.462;;
966771;unknown;control;2022-06-12 15:00:00+00:00;0.456;;
966771;unknown;control;2022-06-12 15:15:00+00:00;0.14;;
966771;unknown;control;2022-06-12 15:30:00+00:00;0.17;;
966771;unknown;control;2022-06-12 15:45:00+00:00;0.165;;
966771;unknown;control;2022-06-12 16:00:00+00:00;0.288;;
966771;unknown;control;2022-06-12 16:15:00+00:00;0.229;;
966771;unknown;control;2022-06-12 16:30:00+00:00;0.183;;
966771;unknown;control;2022-06-12 16:45:00+00:00;0.185;;
966771;unknown;control;2022-06-12 17:00:00+00:00;0.342;;
966771;unknown;control;2022-06-12 17:15:00+00:00;0.341;;
966771;unknown;control;2022-06-12 17:30:00+00:00;0.168;;
966771;unknown;control;2022-06-12 17:45:00+00:00;0.121;;
966771;unknown;control;2022-06-12 18:00:00+00:00;0.13;;
966771;unknown;control;2022-06-12 18:15:00+00:00;0.335;;
966771;unknown;control;2022-06-12 18:30:00+00:00;0.171;;
966771;unknown;control;2022-06-12 18:45:00+00:00;0.175;;
966771;unknown;control;2022-06-12 19:00:00+00:00;0.145;;
966771;unknown;control;2022-06-12 19:15:00+00:00;0.145;;
966771;unknown;control;2022-06-12 19:30:00+00:00;0.161;;
966771;unknown;control;2022-06-12 19:45:00+00:00;0.15;;
966771;unknown;control;2022-06-12 20:00:00+00:00;0.124;;
966771;unknown;control;2022-06-12 20:15:00+00:00;0.123;;
966771;unknown;control;2022-06-12 20:30:00+00:00;0.108;;
966771;unknown;control;2022-06-12 20:45:00+00:00;0.123;;
966771;unknown;control;2022-06-12 21:00:00+00:00;0.111;;
966771;unknown;control;2022-06-12 21:15:00+00:00;0.097;;
966771;unknown;control;2022-06-12 21:30:00+00:00;0.104;;
966771;unknown;control;2022-06-12 21:45:00+00:00;0.103;;
966771;unknown;control;2022-06-12 22:00:00+00:00;0.1;;
966771;unknown;control;2022-06-12 22:15:00+00:00;0.117;;
966771;unknown;control;2022-06-12 22:30:00+00:00;0.109;;
966771;unknown;control;2022-06-12 22:45:00+00:00;0.104;;
966771;unknown;control;2022-06-12 23:00:00+00:00;0.109;;
966771;unknown;control;2022-06-12 23:15:00+00:00;0.101;;
966771;unknown;control;2022-06-12 23:30:00+00:00;1.347;;
966771;unknown;control;2022-06-12 23:45:00+00:00;1.308;;
966771;unknown;control;2022-06-13 00:00:00+00:00;1.284;;
966771;unknown;control;2022-06-13 00:15:00+00:00;1.313;;
966771;unknown;control;2022-06-13 00:30:00+00:00;1.316;;
966771;unknown;control;2022-06-13 00:45:00+00:00;1.34;;
966771;unknown;control;2022-06-13 01:00:00+00:00;1.37;;
966771;unknown;control;2022-06-13 01:15:00+00:00;0.725;;
966771;unknown;control;2022-06-13 01:30:00+00:00;0.097;;
966771;unknown;control;2022-06-13 01:45:00+00:00;0.111;;
966771;unknown;control;2022-06-13 02:00:00+00:00;0.104;;
966771;unknown;control;2022-06-13 02:15:00+00:00;0.1;;
966771;unknown;control;2022-06-13 02:30:00+00:00;0.111;;
966771;unknown;control;2022-06-13 02:45:00+00:00;0.102;;
966771;unknown;control;2022-06-13 03:00:00+00:00;0.1;;
966771;unknown;control;2022-06-13 03:15:00+00:00;0.108;;
966771;unknown;control;2022-06-13 03:30:00+00:00;0.1;;
966771;unknown;control;2022-06-13 03:45:00+00:00;0.103;;
966771;unknown;control;2022-06-13 04:00:00+00:00;0.106;;
966771;unknown;control;2022-06-13 04:15:00+00:00;0.101;;
966771;unknown;control;2022-06-13 04:30:00+00:00;0.116;;
966771;unknown;control;2022-06-13 04:45:00+00:00;0.109;;
966771;unknown;control;2022-06-13 05:00:00+00:00;0.12;;
966771;unknown;control;2022-06-13 05:15:00+00:00;0.113;;
966771;unknown;control;2022-06-13 05:30:00+00:00;0.117;;
966771;unknown;control;2022-06-13 05:45:00+00:00;0.107;;
966771;unknown;control;2022-06-13 06:00:00+00:00;0.117;;
966771;unknown;control;2022-06-13 06:15:00+00:00;0.107;;
966771;unknown;control;2022-06-13 06:30:00+00:00;0.109;;
966771;unknown;control;2022-06-13 06:45:00+00:00;0.159;;
966771;unknown;control;2022-06-13 07:00:00+00:00;0.146;;
966771;unknown;control;2022-06-13 07:15:00+00:00;0.123;;
966771;unknown;control;2022-06-13 07:30:00+00:00;0.118;;
966771;unknown;control;2022-06-13 07:45:00+00:00;0.114;;
966771;unknown;control;2022-06-13 08:00:00+00:00;0.109;;
966771;unknown;control;2022-06-13 08:15:00+00:00;0.118;;
966771;unknown;control;2022-06-13 08:30:00+00:00;0.126;;
966771;unknown;control;2022-06-13 08:45:00+00:00;0.137;;
966771;unknown;control;2022-06-13 09:00:00+00:00;0.14;;
966771;unknown;control;2022-06-13 09:15:00+00:00;0.137;;
966771;unknown;control;2022-06-13 09:30:00+00:00;0.231;;
966771;unknown;control;2022-06-13 09:45:00+00:00;0.261;;
966771;unknown;control;2022-06-13 10:00:00+00:00;0.203;;
966771;unknown;control;2022-06-13 10:15:00+00:00;0.128;;
966771;unknown;control;2022-06-13 10:30:00+00:00;0.12;;
966771;unknown;control;2022-06-13 10:45:00+00:00;0.116;;
966771;unknown;control;2022-06-13 11:00:00+00:00;0.108;;
966771;unknown;control;2022-06-13 11:15:00+00:00;0.11;;
966771;unknown;control;2022-06-13 11:30:00+00:00;0.105;;
966771;unknown;control;2022-06-13 11:45:00+00:00;0.11;;
966771;unknown;control;2022-06-13 12:00:00+00:00;0.114;;
966771;unknown;control;2022-06-13 12:15:00+00:00;0.107;;
966771;unknown;control;2022-06-13 12:30:00+00:00;0.128;;
966771;unknown;control;2022-06-13 12:45:00+00:00;0.119;;
966771;unknown;control;2022-06-13 13:00:00+00:00;0.12;;
966771;unknown;control;2022-06-13 13:15:00+00:00;0.142;;
966771;unknown;control;2022-06-13 13:30:00+00:00;0.152;;
966771;unknown;control;2022-06-13 13:45:00+00:00;0.147;;
966771;unknown;control;2022-06-13 14:00:00+00:00;0.16;;
966771;unknown;control;2022-06-13 14:15:00+00:00;0.152;;
966771;unknown;control;2022-06-13 14:30:00+00:00;0.141;;
966771;unknown;control;2022-06-13 14:45:00+00:00;0.145;;
966771;unknown;control;2022-06-13 15:00:00+00:00;0.133;;
966771;unknown;control;2022-06-13 15:15:00+00:00;0.137;;
966771;unknown;control;2022-06-13 15:30:00+00:00;0.14;;
966771;unknown;control;2022-06-13 15:45:00+00:00;0.117;;
966771;unknown;control;2022-06-13 16:00:00+00:00;0.119;;
966771;unknown;control;2022-06-13 16:15:00+00:00;0.127;;
966771;unknown;control;2022-06-13 16:30:00+00:00;0.109;;
966771;unknown;control;2022-06-13 16:45:00+00:00;0.138;;
966771;unknown;control;2022-06-13 17:00:00+00:00;0.11;;
966771;unknown;control;2022-06-13 17:15:00+00:00;0.106;;
966771;unknown;control;2022-06-13 17:30:00+00:00;0.118;;
966771;unknown;control;2022-06-13 17:45:00+00:00;0.111;;
966771;unknown;control;2022-06-13 18:00:00+00:00;0.112;;
966771;unknown;control;2022-06-13 18:15:00+00:00;0.116;;
966771;unknown;control;2022-06-13 18:30:00+00:00;0.106;;
966771;unknown;control;2022-06-13 18:45:00+00:00;0.107;;
966771;unknown;control;2022-06-13 19:00:00+00:00;0.114;;
966771;unknown;control;2022-06-13 19:15:00+00:00;0.129;;
966771;unknown;control;2022-06-13 19:30:00+00:00;0.129;;
966771;unknown;control;2022-06-13 19:45:00+00:00;0.123;;
966771;unknown;control;2022-06-13 20:00:00+00:00;0.124;;
966771;unknown;control;2022-06-13 20:15:00+00:00;0.122;;
966771;unknown;control;2022-06-13 20:30:00+00:00;0.104;;
966771;unknown;control;2022-06-13 20:45:00+00:00;0.102;;
966771;unknown;control;2022-06-13 21:00:00+00:00;0.105;;
966771;unknown;control;2022-06-13 21:15:00+00:00;0.099;;
966771;unknown;control;2022-06-13 21:30:00+00:00;0.109;;
966771;unknown;control;2022-06-13 21:45:00+00:00;0.109;;
966771;unknown;control;2022-06-13 22:00:00+00:00;0.095;;
966771;unknown;control;2022-06-13 22:15:00+00:00;0.104;;
966771;unknown;control;2022-06-13 22:30:00+00:00;0.101;;
966771;unknown;control;2022-06-13 22:45:00+00:00;0.097;;
966771;unknown;control;2022-06-13 23:00:00+00:00;0.11;;
966771;unknown;control;2022-06-13 23:15:00+00:00;0.104;;
966771;unknown;control;2022-06-13 23:30:00+00:00;1.347;;
966771;unknown;control;2022-06-13 23:45:00+00:00;1.316;;
966771;unknown;control;2022-06-14 00:00:00+00:00;1.308;;
966771;unknown;control;2022-06-14 00:15:00+00:00;1.327;;
966771;unknown;control;2022-06-14 00:30:00+00:00;1.346;;
966771;unknown;control;2022-06-14 00:45:00+00:00;1.357;;
966771;unknown;control;2022-06-14 01:00:00+00:00;1.368;;
966771;unknown;control;2022-06-14 01:15:00+00:00;1.372;;
966771;unknown;control;2022-06-14 01:30:00+00:00;0.975;;
966771;unknown;control;2022-06-14 01:45:00+00:00;0.107;;
966771;unknown;control;2022-06-14 02:00:00+00:00;0.107;;
966771;unknown;control;2022-06-14 02:15:00+00:00;0.114;;
966771;unknown;control;2022-06-14 02:30:00+00:00;0.107;;
966771;unknown;control;2022-06-14 02:45:00+00:00;0.104;;
966771;unknown;control;2022-06-14 03:00:00+00:00;0.1;;
966771;unknown;control;2022-06-14 03:15:00+00:00;0.108;;
966771;unknown;control;2022-06-14 03:30:00+00:00;0.102;;
966771;unknown;control;2022-06-14 03:45:00+00:00;0.103;;
966771;unknown;control;2022-06-14 04:00:00+00:00;0.104;;
966771;unknown;control;2022-06-14 04:15:00+00:00;0.103;;
966771;unknown;control;2022-06-14 04:30:00+00:00;0.112;;
966771;unknown;control;2022-06-14 04:45:00+00:00;0.108;;
966771;unknown;control;2022-06-14 05:00:00+00:00;0.113;;
966771;unknown;control;2022-06-14 05:15:00+00:00;0.12;;
966771;unknown;control;2022-06-14 05:30:00+00:00;0.113;;
966771;unknown;control;2022-06-14 05:45:00+00:00;0.133;;
966771;unknown;control;2022-06-14 06:00:00+00:00;0.334;;
966771;unknown;control;2022-06-14 06:15:00+00:00;0.217;;
966771;unknown;control;2022-06-14 06:30:00+00:00;0.616;;
966771;unknown;control;2022-06-14 06:45:00+00:00;0.185;;
966771;unknown;control;2022-06-14 07:00:00+00:00;0.122;;
966771;unknown;control;2022-06-14 07:15:00+00:00;0.519;;
966771;unknown;control;2022-06-14 07:30:00+00:00;1.198;;
966771;unknown;control;2022-06-14 07:45:00+00:00;0.141;;
966771;unknown;control;2022-06-14 08:00:00+00:00;0.137;;
966771;unknown;control;2022-06-14 08:15:00+00:00;0.145;;
966771;unknown;control;2022-06-14 08:30:00+00:00;0.159;;
966771;unknown;control;2022-06-14 08:45:00+00:00;0.127;;
966771;unknown;control;2022-06-14 09:00:00+00:00;0.124;;
966771;unknown;control;2022-06-14 09:15:00+00:00;0.122;;
966771;unknown;control;2022-06-14 09:30:00+00:00;0.126;;
966771;unknown;control;2022-06-14 09:45:00+00:00;0.734;;
966771;unknown;control;2022-06-14 10:00:00+00:00;0.273;;
966771;unknown;control;2022-06-14 10:15:00+00:00;0.137;;
966771;unknown;control;2022-06-14 10:30:00+00:00;0.13;;
966771;unknown;control;2022-06-14 10:45:00+00:00;0.124;;
966771;unknown;control;2022-06-14 11:00:00+00:00;0.117;;
966771;unknown;control;2022-06-14 11:15:00+00:00;0.113;;
966771;unknown;control;2022-06-14 11:30:00+00:00;0.114;;
966771;unknown;control;2022-06-14 11:45:00+00:00;0.107;;
966771;unknown;control;2022-06-14 12:00:00+00:00;0.108;;
966771;unknown;control;2022-06-14 12:15:00+00:00;0.116;;
966771;unknown;control;2022-06-14 12:30:00+00:00;0.106;;
966771;unknown;control;2022-06-14 12:45:00+00:00;0.107;;
966771;unknown;control;2022-06-14 13:00:00+00:00;0.115;;
966771;unknown;control;2022-06-14 13:15:00+00:00;0.106;;
966771;unknown;control;2022-06-14 13:30:00+00:00;0.106;;
966771;unknown;control;2022-06-14 13:45:00+00:00;0.334;;
966771;unknown;control;2022-06-14 14:00:00+00:00;0.473;;
966771;unknown;control;2022-06-14 14:15:00+00:00;0.345;;
966771;unknown;control;2022-06-14 14:30:00+00:00;0.215;;
966771;unknown;control;2022-06-14 14:45:00+00:00;0.172;;
966771;unknown;control;2022-06-14 15:00:00+00:00;0.12;;
966771;unknown;control;2022-06-14 15:15:00+00:00;0.111;;
966771;unknown;control;2022-06-14 15:30:00+00:00;0.108;;
966771;unknown;control;2022-06-14 15:45:00+00:00;0.12;;
966771;unknown;control;2022-06-14 16:00:00+00:00;0.12;;
966771;unknown;control;2022-06-14 16:15:00+00:00;0.11;;
966771;unknown;control;2022-06-14 16:30:00+00:00;0.114;;
966771;unknown;control;2022-06-14 16:45:00+00:00;0.104;;
966771;unknown;control;2022-06-14 17:00:00+00:00;0.109;;
966771;unknown;control;2022-06-14 17:15:00+00:00;0.127;;
966771;unknown;control;2022-06-14 17:30:00+00:00;0.106;;
966771;unknown;control;2022-06-14 17:45:00+00:00;0.116;;
966771;unknown;control;2022-06-14 18:00:00+00:00;0.165;;
966771;unknown;control;2022-06-14 18:15:00+00:00;0.141;;
966771;unknown;control;2022-06-14 18:30:00+00:00;0.16;;
966771;unknown;control;2022-06-14 18:45:00+00:00;0.145;;
966771;unknown;control;2022-06-14 19:00:00+00:00;0.153;;
966771;unknown;control;2022-06-14 19:15:00+00:00;0.162;;
966771;unknown;control;2022-06-14 19:30:00+00:00;0.163;;
966771;unknown;control;2022-06-14 19:45:00+00:00;0.162;;
966771;unknown;control;2022-06-14 20:00:00+00:00;0.174;;
966771;unknown;control;2022-06-14 20:15:00+00:00;0.148;;
966771;unknown;control;2022-06-14 20:30:00+00:00;0.14;;
966771;unknown;control;2022-06-14 20:45:00+00:00;0.132;;
966771;unknown;control;2022-06-14 21:00:00+00:00;0.104;;
966771;unknown;control;2022-06-14 21:15:00+00:00;0.11;;
966771;unknown;control;2022-06-14 21:30:00+00:00;0.105;;
966771;unknown;control;2022-06-14 21:45:00+00:00;0.096;;
966771;unknown;control;2022-06-14 22:00:00+00:00;0.105;;
966771;unknown;control;2022-06-14 22:15:00+00:00;0.104;;
966771;unknown;control;2022-06-14 22:30:00+00:00;0.106;;
966771;unknown;control;2022-06-14 22:45:00+00:00;0.108;;
966771;unknown;control;2022-06-14 23:00:00+00:00;0.096;;
966771;unknown;control;2022-06-14 23:15:00+00:00;0.098;;
966771;unknown;control;2022-06-14 23:30:00+00:00;1.348;;
966771;unknown;control;2022-06-14 23:45:00+00:00;1.307;;
966771;unknown;control;2022-06-15 00:00:00+00:00;1.309;;
966771;unknown;control;2022-06-15 00:15:00+00:00;1.324;;
966771;unknown;control;2022-06-15 00:30:00+00:00;1.333;;
966771;unknown;control;2022-06-15 00:45:00+00:00;1.364;;
966771;unknown;control;2022-06-15 01:00:00+00:00;1.37;;
966771;unknown;control;2022-06-15 01:15:00+00:00;1.376;;
966771;unknown;control;2022-06-15 01:30:00+00:00;1.393;;
966771;unknown;control;2022-06-15 01:45:00+00:00;1.38;;
966771;unknown;control;2022-06-15 02:00:00+00:00;0.127;;
966771;unknown;control;2022-06-15 02:15:00+00:00;0.107;;
966771;unknown;control;2022-06-15 02:30:00+00:00;0.1;;
966771;unknown;control;2022-06-15 02:45:00+00:00;0.1;;
966771;unknown;control;2022-06-15 03:00:00+00:00;0.104;;
966771;unknown;control;2022-06-15 03:15:00+00:00;0.096;;
966771;unknown;control;2022-06-15 03:30:00+00:00;0.099;;
966771;unknown;control;2022-06-15 03:45:00+00:00;0.102;;
966771;unknown;control;2022-06-15 04:00:00+00:00;0.095;;
966771;unknown;control;2022-06-15 04:15:00+00:00;0.12;;
966771;unknown;control;2022-06-15 04:30:00+00:00;0.128;;
966771;unknown;control;2022-06-15 04:45:00+00:00;0.102;;
966771;unknown;control;2022-06-15 05:00:00+00:00;0.11;;
966771;unknown;control;2022-06-15 05:15:00+00:00;0.12;;
966771;unknown;control;2022-06-15 05:30:00+00:00;0.1;;
966771;unknown;control;2022-06-15 05:45:00+00:00;0.109;;
966771;unknown;control;2022-06-15 06:00:00+00:00;0.098;;
966771;unknown;control;2022-06-15 06:15:00+00:00;0.104;;
966771;unknown;control;2022-06-15 06:30:00+00:00;0.107;;
966771;unknown;control;2022-06-15 06:45:00+00:00;0.098;;
966771;unknown;control;2022-06-15 07:00:00+00:00;0.1;;
966771;unknown;control;2022-06-15 07:15:00+00:00;0.112;;
966771;unknown;control;2022-06-15 07:30:00+00:00;0.104;;
966771;unknown;control;2022-06-15 07:45:00+00:00;0.103;;
966771;unknown;control;2022-06-15 08:00:00+00:00;0.107;;
966771;unknown;control;2022-06-15 08:15:00+00:00;0.111;;
966771;unknown;control;2022-06-15 08:30:00+00:00;0.12;;
966771;unknown;control;2022-06-15 08:45:00+00:00;0.111;;
966771;unknown;control;2022-06-15 09:00:00+00:00;0.102;;
966771;unknown;control;2022-06-15 09:15:00+00:00;0.113;;
966771;unknown;control;2022-06-15 09:30:00+00:00;0.379;;
966771;unknown;control;2022-06-15 09:45:00+00:00;0.317;;
966771;unknown;control;2022-06-15 10:00:00+00:00;0.114;;
966771;unknown;control;2022-06-15 10:15:00+00:00;0.102;;
966771;unknown;control;2022-06-15 10:30:00+00:00;0.099;;
966771;unknown;control;2022-06-15 10:45:00+00:00;0.114;;
966771;unknown;control;2022-06-15 11:00:00+00:00;0.116;;
966771;unknown;control;2022-06-15 11:15:00+00:00;0.106;;
966771;unknown;control;2022-06-15 11:30:00+00:00;0.11;;
966771;unknown;control;2022-06-15 11:45:00+00:00;0.105;;
966771;unknown;control;2022-06-15 12:00:00+00:00;0.111;;
966771;unknown;control;2022-06-15 12:15:00+00:00;0.11;;
966771;unknown;control;2022-06-15 12:30:00+00:00;0.1;;
966771;unknown;control;2022-06-15 12:45:00+00:00;0.114;;
966771;unknown;control;2022-06-15 13:00:00+00:00;0.108;;
966771;unknown;control;2022-06-15 13:15:00+00:00;0.101;;
966771;unknown;control;2022-06-15 13:30:00+00:00;0.113;;
966771;unknown;control;2022-06-15 13:45:00+00:00;0.115;;
966771;unknown;control;2022-06-15 14:00:00+00:00;0.098;;
966771;unknown;control;2022-06-15 14:15:00+00:00;0.13;;
966771;unknown;control;2022-06-15 14:30:00+00:00;0.144;;
966771;unknown;control;2022-06-15 14:45:00+00:00;0.135;;
966771;unknown;control;2022-06-15 15:00:00+00:00;0.133;;
966771;unknown;control;2022-06-15 15:15:00+00:00;0.117;;
966771;unknown;control;2022-06-15 15:30:00+00:00;0.111;;
966771;unknown;control;2022-06-15 15:45:00+00:00;0.105;;
966771;unknown;control;2022-06-15 16:00:00+00:00;0.112;;
966771;unknown;control;2022-06-15 16:15:00+00:00;0.107;;
966771;unknown;control;2022-06-15 16:30:00+00:00;0.11;;
966771;unknown;control;2022-06-15 16:45:00+00:00;0.104;;
966771;unknown;control;2022-06-15 17:00:00+00:00;0.106;;
966771;unknown;control;2022-06-15 17:15:00+00:00;0.111;;
966771;unknown;control;2022-06-15 17:30:00+00:00;0.102;;
966771;unknown;control;2022-06-15 17:45:00+00:00;0.098;;
966771;unknown;control;2022-06-15 18:00:00+00:00;0.108;;
966771;unknown;control;2022-06-15 18:15:00+00:00;0.103;;
966771;unknown;control;2022-06-15 18:30:00+00:00;0.102;;
966771;unknown;control;2022-06-15 18:45:00+00:00;0.125;;
966771;unknown;control;2022-06-15 19:00:00+00:00;0.138;;
966771;unknown;control;2022-06-15 19:15:00+00:00;0.141;;
966771;unknown;control;2022-06-15 19:30:00+00:00;0.154;;
966771;unknown;control;2022-06-15 19:45:00+00:00;0.152;;
966771;unknown;control;2022-06-15 20:00:00+00:00;0.216;;
966771;unknown;control;2022-06-15 20:15:00+00:00;0.151;;
966771;unknown;control;2022-06-15 20:30:00+00:00;0.119;;
966771;unknown;control;2022-06-15 20:45:00+00:00;0.117;;
966771;unknown;control;2022-06-15 21:00:00+00:00;0.124;;
966771;unknown;control;2022-06-15 21:15:00+00:00;0.111;;
966771;unknown;control;2022-06-15 21:30:00+00:00;0.117;;
966771;unknown;control;2022-06-15 21:45:00+00:00;0.111;;
966771;unknown;control;2022-06-15 22:00:00+00:00;0.104;;
966771;unknown;control;2022-06-15 22:15:00+00:00;0.111;;
966771;unknown;control;2022-06-15 22:30:00+00:00;0.108;;
966771;unknown;control;2022-06-15 22:45:00+00:00;0.098;;
966771;unknown;control;2022-06-15 23:00:00+00:00;0.112;;
966771;unknown;control;2022-06-15 23:15:00+00:00;0.114;;
966771;unknown;control;2022-06-15 23:30:00+00:00;1.35;;
966771;unknown;control;2022-06-15 23:45:00+00:00;1.324;;
966771;unknown;control;2022-06-16 00:00:00+00:00;1.311;;
966771;unknown;control;2022-06-16 00:15:00+00:00;1.325;;
966771;unknown;control;2022-06-16 00:30:00+00:00;1.358;;
966771;unknown;control;2022-06-16 00:45:00+00:00;1.375;;
966771;unknown;control;2022-06-16 01:00:00+00:00;1.377;;
966771;unknown;control;2022-06-16 01:15:00+00:00;0.833;;
966771;unknown;control;2022-06-16 01:30:00+00:00;0.106;;
966771;unknown;control;2022-06-16 01:45:00+00:00;0.11;;
966771;unknown;control;2022-06-16 02:00:00+00:00;0.108;;
966771;unknown;control;2022-06-16 02:15:00+00:00;0.112;;
966771;unknown;control;2022-06-16 02:30:00+00:00;0.104;;
966771;unknown;control;2022-06-16 02:45:00+00:00;0.107;;
966771;unknown;control;2022-06-16 03:00:00+00:00;0.104;;
966771;unknown;control;2022-06-16 03:15:00+00:00;0.106;;
966771;unknown;control;2022-06-16 03:30:00+00:00;0.105;;
966771;unknown;control;2022-06-16 03:45:00+00:00;0.101;;
966771;unknown;control;2022-06-16 04:00:00+00:00;0.107;;
966771;unknown;control;2022-06-16 04:15:00+00:00;0.104;;
966771;unknown;control;2022-06-16 04:30:00+00:00;0.126;;
966771;unknown;control;2022-06-16 04:45:00+00:00;0.129;;
966771;unknown;control;2022-06-16 05:00:00+00:00;0.107;;
966771;unknown;control;2022-06-16 05:15:00+00:00;0.094;;
966771;unknown;control;2022-06-16 05:30:00+00:00;0.129;;
966771;unknown;control;2022-06-16 05:45:00+00:00;0.102;;
966771;unknown;control;2022-06-16 06:00:00+00:00;0.104;;
966771;unknown;control;2022-06-16 06:15:00+00:00;0.127;;
966771;unknown;control;2022-06-16 06:30:00+00:00;0.273;;
966771;unknown;control;2022-06-16 06:45:00+00:00;0.433;;
966771;unknown;control;2022-06-16 07:00:00+00:00;0.152;;
966771;unknown;control;2022-06-16 07:15:00+00:00;0.155;;
966771;unknown;control;2022-06-16 07:30:00+00:00;0.157;;
966771;unknown;control;2022-06-16 07:45:00+00:00;0.491;;
966771;unknown;control;2022-06-16 08:00:00+00:00;0.158;;
966771;unknown;control;2022-06-16 08:15:00+00:00;0.149;;
966771;unknown;control;2022-06-16 08:30:00+00:00;0.174;;
966771;unknown;control;2022-06-16 08:45:00+00:00;0.239;;
966771;unknown;control;2022-06-16 09:00:00+00:00;0.462;;
966771;unknown;control;2022-06-16 09:15:00+00:00;0.214;;
966771;unknown;control;2022-06-16 09:30:00+00:00;0.148;;
966771;unknown;control;2022-06-16 09:45:00+00:00;0.171;;
966771;unknown;control;2022-06-16 10:00:00+00:00;0.13;;
966771;unknown;control;2022-06-16 10:15:00+00:00;0.331;;
966771;unknown;control;2022-06-16 10:30:00+00:00;0.115;;
966771;unknown;control;2022-06-16 10:45:00+00:00;0.131;;
966771;unknown;control;2022-06-16 11:00:00+00:00;0.164;;
966771;unknown;control;2022-06-16 11:15:00+00:00;0.129;;
966771;unknown;control;2022-06-16 11:30:00+00:00;0.131;;
966771;unknown;control;2022-06-16 11:45:00+00:00;0.464;;
966771;unknown;control;2022-06-16 12:00:00+00:00;0.372;;
966771;unknown;control;2022-06-16 12:15:00+00:00;0.12;;
966771;unknown;control;2022-06-16 12:30:00+00:00;0.253;;
966771;unknown;control;2022-06-16 12:45:00+00:00;0.333;;
966771;unknown;control;2022-06-16 13:00:00+00:00;0.11;;
966771;unknown;control;2022-06-16 13:15:00+00:00;0.115;;
966771;unknown;control;2022-06-16 13:30:00+00:00;0.123;;
966771;unknown;control;2022-06-16 13:45:00+00:00;0.109;;
966771;unknown;control;2022-06-16 14:00:00+00:00;0.105;;
966771;unknown;control;2022-06-16 14:15:00+00:00;0.112;;
966771;unknown;control;2022-06-16 14:30:00+00:00;0.101;;
966771;unknown;control;2022-06-16 14:45:00+00:00;0.108;;
966771;unknown;control;2022-06-16 15:00:00+00:00;0.107;;
966771;unknown;control;2022-06-16 15:15:00+00:00;0.103;;
966771;unknown;control;2022-06-16 15:30:00+00:00;0.11;;
966771;unknown;control;2022-06-16 15:45:00+00:00;0.11;;
966771;unknown;control;2022-06-16 16:00:00+00:00;0.095;;
966771;unknown;control;2022-06-16 16:15:00+00:00;0.114;;
966771;unknown;control;2022-06-16 16:30:00+00:00;0.14;;
966771;unknown;control;2022-06-16 16:45:00+00:00;0.13;;
966771;unknown;control;2022-06-16 17:00:00+00:00;0.15;;
966771;unknown;control;2022-06-16 17:15:00+00:00;0.135;;
966771;unknown;control;2022-06-16 17:30:00+00:00;0.13;;
966771;unknown;control;2022-06-16 17:45:00+00:00;0.153;;
966771;unknown;control;2022-06-16 18:00:00+00:00;0.134;;
966771;unknown;control;2022-06-16 18:15:00+00:00;0.134;;
966771;unknown;control;2022-06-16 18:30:00+00:00;0.142;;
966771;unknown;control;2022-06-16 18:45:00+00:00;0.131;;
966771;unknown;control;2022-06-16 19:00:00+00:00;0.138;;
966771;unknown;control;2022-06-16 19:15:00+00:00;0.14;;
966771;unknown;control;2022-06-16 19:30:00+00:00;0.147;;
966771;unknown;control;2022-06-16 19:45:00+00:00;0.165;;
966771;unknown;control;2022-06-16 20:00:00+00:00;0.13;;
966771;unknown;control;2022-06-16 20:15:00+00:00;0.114;;
966771;unknown;control;2022-06-16 20:30:00+00:00;0.106;;
966771;unknown;control;2022-06-16 20:45:00+00:00;0.095;;
966771;unknown;control;2022-06-16 21:00:00+00:00;0.103;;
966771;unknown;control;2022-06-16 21:15:00+00:00;0.109;;
966771;unknown;control;2022-06-16 21:30:00+00:00;0.094;;
966771;unknown;control;2022-06-16 21:45:00+00:00;0.105;;
966771;unknown;control;2022-06-16 22:00:00+00:00;0.109;;
966771;unknown;control;2022-06-16 22:15:00+00:00;0.094;;
966771;unknown;control;2022-06-16 22:30:00+00:00;0.103;;
966771;unknown;control;2022-06-16 22:45:00+00:00;0.104;;
966771;unknown;control;2022-06-16 23:00:00+00:00;0.092;;
966771;unknown;control;2022-06-16 23:15:00+00:00;0.104;;
966771;unknown;control;2022-06-16 23:30:00+00:00;1.339;;
966771;unknown;control;2022-06-16 23:45:00+00:00;1.302;;
966771;unknown;control;2022-06-17 00:00:00+00:00;1.304;;
966771;unknown;control;2022-06-17 00:15:00+00:00;1.322;;
966771;unknown;control;2022-06-17 00:30:00+00:00;1.345;;
966771;unknown;control;2022-06-17 00:45:00+00:00;0.976;;
966771;unknown;control;2022-06-17 01:00:00+00:00;0.089;;
966771;unknown;control;2022-06-17 01:15:00+00:00;0.104;;
966771;unknown;control;2022-06-17 01:30:00+00:00;0.103;;
966771;unknown;control;2022-06-17 01:45:00+00:00;0.09;;
966771;unknown;control;2022-06-17 02:00:00+00:00;0.104;;
966771;unknown;control;2022-06-17 02:15:00+00:00;0.103;;
966771;unknown;control;2022-06-17 02:30:00+00:00;0.096;;
966771;unknown;control;2022-06-17 02:45:00+00:00;0.1;;
966771;unknown;control;2022-06-17 03:00:00+00:00;0.095;;
966771;unknown;control;2022-06-17 03:15:00+00:00;0.096;;
966771;unknown;control;2022-06-17 03:30:00+00:00;0.099;;
966771;unknown;control;2022-06-17 03:45:00+00:00;0.094;;
966771;unknown;control;2022-06-17 04:00:00+00:00;0.133;;
966771;unknown;control;2022-06-17 04:15:00+00:00;0.109;;
966771;unknown;control;2022-06-17 04:30:00+00:00;0.105;;
966771;unknown;control;2022-06-17 04:45:00+00:00;0.112;;
966771;unknown;control;2022-06-17 05:00:00+00:00;0.133;;
966771;unknown;control;2022-06-17 05:15:00+00:00;0.105;;
966771;unknown;control;2022-06-17 05:30:00+00:00;0.112;;
966771;unknown;control;2022-06-17 05:45:00+00:00;0.13;;
966771;unknown;control;2022-06-17 06:00:00+00:00;0.126;;
966771;unknown;control;2022-06-17 06:15:00+00:00;0.114;;
966771;unknown;control;2022-06-17 06:30:00+00:00;0.208;;
966771;unknown;control;2022-06-17 06:45:00+00:00;0.775;;
966771;unknown;control;2022-06-17 07:00:00+00:00;0.134;;
966771;unknown;control;2022-06-17 07:15:00+00:00;0.136;;
966771;unknown;control;2022-06-17 07:30:00+00:00;0.149;;
966771;unknown;control;2022-06-17 07:45:00+00:00;0.17;;
966771;unknown;control;2022-06-17 08:00:00+00:00;0.114;;
966771;unknown;control;2022-06-17 08:15:00+00:00;0.131;;
966771;unknown;control;2022-06-17 08:30:00+00:00;0.107;;
966771;unknown;control;2022-06-17 08:45:00+00:00;0.106;;
966771;unknown;control;2022-06-17 09:00:00+00:00;0.109;;
966771;unknown;control;2022-06-17 09:15:00+00:00;0.102;;
966771;unknown;control;2022-06-17 09:30:00+00:00;0.105;;
966771;unknown;control;2022-06-17 09:45:00+00:00;0.108;;
966771;unknown;control;2022-06-17 10:00:00+00:00;0.1;;
966771;unknown;control;2022-06-17 10:15:00+00:00;0.103;;
966771;unknown;control;2022-06-17 10:30:00+00:00;0.107;;
966771;unknown;control;2022-06-17 10:45:00+00:00;0.101;;
966771;unknown;control;2022-06-17 11:00:00+00:00;0.106;;
966771;unknown;control;2022-06-17 11:15:00+00:00;0.115;;
966771;unknown;control;2022-06-17 11:30:00+00:00;0.1;;
966771;unknown;control;2022-06-17 11:45:00+00:00;0.105;;
966771;unknown;control;2022-06-17 12:00:00+00:00;0.097;;
966771;unknown;control;2022-06-17 12:15:00+00:00;0.102;;
966771;unknown;control;2022-06-17 12:30:00+00:00;0.107;;
966771;unknown;control;2022-06-17 12:45:00+00:00;0.094;;
966771;unknown;control;2022-06-17 13:00:00+00:00;0.103;;
966771;unknown;control;2022-06-17 13:15:00+00:00;0.106;;
966771;unknown;control;2022-06-17 13:30:00+00:00;0.096;;
966771;unknown;control;2022-06-17 13:45:00+00:00;0.102;;
966771;unknown;control;2022-06-17 14:00:00+00:00;0.12;;
966771;unknown;control;2022-06-17 14:15:00+00:00;0.098;;
966771;unknown;control;2022-06-17 14:30:00+00:00;0.104;;
966771;unknown;control;2022-06-17 14:45:00+00:00;0.123;;
966771;unknown;control;2022-06-17 15:00:00+00:00;0.101;;
966771;unknown;control;2022-06-17 15:15:00+00:00;0.11;;
966771;unknown;control;2022-06-17 15:30:00+00:00;0.096;;
966771;unknown;control;2022-06-17 15:45:00+00:00;0.099;;
966771;unknown;control;2022-06-17 16:00:00+00:00;0.116;;
966771;unknown;control;2022-06-17 16:15:00+00:00;0.108;;
966771;unknown;control;2022-06-17 16:30:00+00:00;0.121;;
966771;unknown;control;2022-06-17 16:45:00+00:00;0.118;;
966771;unknown;control;2022-06-17 17:00:00+00:00;0.101;;
966771;unknown;control;2022-06-17 17:15:00+00:00;0.106;;
966771;unknown;control;2022-06-17 17:30:00+00:00;0.102;;
966771;unknown;control;2022-06-17 17:45:00+00:00;0.104;;
966771;unknown;control;2022-06-17 18:00:00+00:00;0.108;;
966771;unknown;control;2022-06-17 18:15:00+00:00;0.1;;
966771;unknown;control;2022-06-17 18:30:00+00:00;0.106;;
966771;unknown;control;2022-06-17 18:45:00+00:00;0.114;;
966771;unknown;control;2022-06-17 19:00:00+00:00;0.105;;
966771;unknown;control;2022-06-17 19:15:00+00:00;0.112;;
966771;unknown;control;2022-06-17 19:30:00+00:00;0.117;;
966771;unknown;control;2022-06-17 19:45:00+00:00;0.109;;
966771;unknown;control;2022-06-17 20:00:00+00:00;0.125;;
966771;unknown;control;2022-06-17 20:15:00+00:00;0.138;;
966771;unknown;control;2022-06-17 20:30:00+00:00;0.107;;
966771;unknown;control;2022-06-17 20:45:00+00:00;0.153;;
966771;unknown;control;2022-06-17 21:00:00+00:00;0.11;;
966771;unknown;control;2022-06-17 21:15:00+00:00;0.096;;
966771;unknown;control;2022-06-17 21:30:00+00:00;0.104;;
966771;unknown;control;2022-06-17 21:45:00+00:00;0.103;;
966771;unknown;control;2022-06-17 22:00:00+00:00;0.098;;
966771;unknown;control;2022-06-17 22:15:00+00:00;0.114;;
966771;unknown;control;2022-06-17 22:30:00+00:00;0.094;;
966771;unknown;control;2022-06-17 22:45:00+00:00;0.099;;
966771;unknown;control;2022-06-17 23:00:00+00:00;0.108;;
966771;unknown;control;2022-06-17 23:15:00+00:00;0.097;;
966771;unknown;control;2022-06-17 23:30:00+00:00;1.335;;
966771;unknown;control;2022-06-17 23:45:00+00:00;1.308;;
966771;unknown;control;2022-06-18 00:00:00+00:00;1.294;;
966771;unknown;control;2022-06-18 00:15:00+00:00;1.33;;
966771;unknown;control;2022-06-18 00:30:00+00:00;1.358;;
966771;unknown;control;2022-06-18 00:45:00+00:00;1.356;;
966771;unknown;control;2022-06-18 01:00:00+00:00;1.371;;
966771;unknown;control;2022-06-18 01:15:00+00:00;0.294;;
966771;unknown;control;2022-06-18 01:30:00+00:00;0.096;;
966771;unknown;control;2022-06-18 01:45:00+00:00;0.105;;
966771;unknown;control;2022-06-18 02:00:00+00:00;0.112;;
966771;unknown;control;2022-06-18 02:15:00+00:00;0.105;;
966771;unknown;control;2022-06-18 02:30:00+00:00;0.108;;
966771;unknown;control;2022-06-18 02:45:00+00:00;0.094;;
966771;unknown;control;2022-06-18 03:00:00+00:00;0.099;;
966771;unknown;control;2022-06-18 03:15:00+00:00;0.101;;
966771;unknown;control;2022-06-18 03:30:00+00:00;0.097;;
966771;unknown;control;2022-06-18 03:45:00+00:00;0.103;;
966771;unknown;control;2022-06-18 04:00:00+00:00;0.107;;
966771;unknown;control;2022-06-18 04:15:00+00:00;0.102;;
966771;unknown;control;2022-06-18 04:30:00+00:00;0.118;;
966771;unknown;control;2022-06-18 04:45:00+00:00;0.105;;
966771;unknown;control;2022-06-18 05:00:00+00:00;0.108;;
966771;unknown;control;2022-06-18 05:15:00+00:00;0.123;;
966771;unknown;control;2022-06-18 05:30:00+00:00;0.102;;
966771;unknown;control;2022-06-18 05:45:00+00:00;0.122;;
966771;unknown;control;2022-06-18 06:00:00+00:00;0.104;;
966771;unknown;control;2022-06-18 06:15:00+00:00;0.12;;
966771;unknown;control;2022-06-18 06:30:00+00:00;0.177;;
966771;unknown;control;2022-06-18 06:45:00+00:00;0.113;;
966771;unknown;control;2022-06-18 07:00:00+00:00;0.142;;
966771;unknown;control;2022-06-18 07:15:00+00:00;0.111;;
966771;unknown;control;2022-06-18 07:30:00+00:00;0.116;;
966771;unknown;control;2022-06-18 07:45:00+00:00;0.117;;
966771;unknown;control;2022-06-18 08:00:00+00:00;0.123;;
966771;unknown;control;2022-06-18 08:15:00+00:00;0.114;;
966771;unknown;control;2022-06-18 08:30:00+00:00;0.127;;
966771;unknown;control;2022-06-18 08:45:00+00:00;0.119;;
966771;unknown;control;2022-06-18 09:00:00+00:00;0.314;;
966771;unknown;control;2022-06-18 09:15:00+00:00;0.115;;
966771;unknown;control;2022-06-18 09:30:00+00:00;0.114;;
966771;unknown;control;2022-06-18 09:45:00+00:00;0.107;;
966771;unknown;control;2022-06-18 10:00:00+00:00;0.442;;
966771;unknown;control;2022-06-18 10:15:00+00:00;0.465;;
966771;unknown;control;2022-06-18 10:30:00+00:00;0.22;;
966771;unknown;control;2022-06-18 10:45:00+00:00;0.208;;
966771;unknown;control;2022-06-18 11:00:00+00:00;0.112;;
966771;unknown;control;2022-06-18 11:15:00+00:00;0.108;;
966771;unknown;control;2022-06-18 11:30:00+00:00;0.11;;
966771;unknown;control;2022-06-18 11:45:00+00:00;0.104;;
966771;unknown;control;2022-06-18 12:00:00+00:00;0.125;;
966771;unknown;control;2022-06-18 12:15:00+00:00;0.138;;
966771;unknown;control;2022-06-18 12:30:00+00:00;0.106;;
966771;unknown;control;2022-06-18 12:45:00+00:00;0.113;;
966771;unknown;control;2022-06-18 13:00:00+00:00;0.109;;
966771;unknown;control;2022-06-18 13:15:00+00:00;0.108;;
966771;unknown;control;2022-06-18 13:30:00+00:00;0.126;;
966771;unknown;control;2022-06-18 13:45:00+00:00;0.204;;
966771;unknown;control;2022-06-18 14:00:00+00:00;0.352;;
966771;unknown;control;2022-06-18 14:15:00+00:00;0.177;;
966771;unknown;control;2022-06-18 14:30:00+00:00;0.249;;
966771;unknown;control;2022-06-18 14:45:00+00:00;0.157;;
966771;unknown;control;2022-06-18 15:00:00+00:00;0.156;;
966771;unknown;control;2022-06-18 15:15:00+00:00;0.22;;
966771;unknown;control;2022-06-18 15:30:00+00:00;0.93;;
966771;unknown;control;2022-06-18 15:45:00+00:00;0.501;;
966771;unknown;control;2022-06-18 16:00:00+00:00;0.467;;
966771;unknown;control;2022-06-18 16:15:00+00:00;0.316;;
966771;unknown;control;2022-06-18 16:30:00+00:00;0.318;;
966771;unknown;control;2022-06-18 16:45:00+00:00;0.299;;
966771;unknown;control;2022-06-18 17:00:00+00:00;0.127;;
966771;unknown;control;2022-06-18 17:15:00+00:00;0.126;;
966771;unknown;control;2022-06-18 17:30:00+00:00;0.126;;
966771;unknown;control;2022-06-18 17:45:00+00:00;0.109;;
966771;unknown;control;2022-06-18 18:00:00+00:00;0.114;;
966771;unknown;control;2022-06-18 18:15:00+00:00;0.114;;
966771;unknown;control;2022-06-18 18:30:00+00:00;0.109;;
966771;unknown;control;2022-06-18 18:45:00+00:00;0.106;;
966771;unknown;control;2022-06-18 19:00:00+00:00;0.11;;
966771;unknown;control;2022-06-18 19:15:00+00:00;0.117;;
966771;unknown;control;2022-06-18 19:30:00+00:00;0.185;;
966771;unknown;control;2022-06-18 19:45:00+00:00;0.145;;
966771;unknown;control;2022-06-18 20:00:00+00:00;0.128;;
966771;unknown;control;2022-06-18 20:15:00+00:00;0.141;;
966771;unknown;control;2022-06-18 20:30:00+00:00;0.121;;
966771;unknown;control;2022-06-18 20:45:00+00:00;0.125;;
966771;unknown;control;2022-06-18 21:00:00+00:00;0.123;;
966771;unknown;control;2022-06-18 21:15:00+00:00;0.112;;
966771;unknown;control;2022-06-18 21:30:00+00:00;0.114;;
966771;unknown;control;2022-06-18 21:45:00+00:00;0.124;;
966771;unknown;control;2022-06-18 22:00:00+00:00;0.105;;
966771;unknown;control;2022-06-18 22:15:00+00:00;0.1;;
966771;unknown;control;2022-06-18 22:30:00+00:00;0.11;;
966771;unknown;control;2022-06-18 22:45:00+00:00;0.105;;
966771;unknown;control;2022-06-18 23:00:00+00:00;0.098;;
966771;unknown;control;2022-06-18 23:15:00+00:00;0.108;;
966771;unknown;control;2022-06-18 23:30:00+00:00;1.342;;
966771;unknown;control;2022-06-18 23:45:00+00:00;1.298;;
966771;unknown;control;2022-06-19 00:00:00+00:00;1.297;;
966771;unknown;control;2022-06-19 00:15:00+00:00;1.309;;
966771;unknown;control;2022-06-19 00:30:00+00:00;1.343;;
966771;unknown;control;2022-06-19 00:45:00+00:00;1.357;;
966771;unknown;control;2022-06-19 01:00:00+00:00;1.373;;
966771;unknown;control;2022-06-19 01:15:00+00:00;0.873;;
966771;unknown;control;2022-06-19 01:30:00+00:00;0.102;;
966771;unknown;control;2022-06-19 01:45:00+00:00;0.099;;
966771;unknown;control;2022-06-19 02:00:00+00:00;0.118;;
966771;unknown;control;2022-06-19 02:15:00+00:00;0.099;;
966771;unknown;control;2022-06-19 02:30:00+00:00;0.101;;
966771;unknown;control;2022-06-19 02:45:00+00:00;0.107;;
966771;unknown;control;2022-06-19 03:00:00+00:00;0.097;;
966771;unknown;control;2022-06-19 03:15:00+00:00;0.106;;
966771;unknown;control;2022-06-19 03:30:00+00:00;0.11;;
966771;unknown;control;2022-06-19 03:45:00+00:00;0.101;;
966771;unknown;control;2022-06-19 04:00:00+00:00;0.107;;
966771;unknown;control;2022-06-19 04:15:00+00:00;0.103;;
966771;unknown;control;2022-06-19 04:30:00+00:00;0.103;;
966771;unknown;control;2022-06-19 04:45:00+00:00;0.109;;
966771;unknown;control;2022-06-19 05:00:00+00:00;0.119;;
966771;unknown;control;2022-06-19 05:15:00+00:00;0.117;;
966771;unknown;control;2022-06-19 05:30:00+00:00;0.108;;
966771;unknown;control;2022-06-19 05:45:00+00:00;0.135;;
966771;unknown;control;2022-06-19 06:00:00+00:00;0.121;;
966771;unknown;control;2022-06-19 06:15:00+00:00;0.11;;
966771;unknown;control;2022-06-19 06:30:00+00:00;0.097;;
966771;unknown;control;2022-06-19 06:45:00+00:00;0.108;;
966771;unknown;control;2022-06-19 07:00:00+00:00;0.11;;
966771;unknown;control;2022-06-19 07:15:00+00:00;0.1;;
966771;unknown;control;2022-06-19 07:30:00+00:00;0.114;;
966771;unknown;control;2022-06-19 07:45:00+00:00;0.105;;
966771;unknown;control;2022-06-19 08:00:00+00:00;0.106;;
966771;unknown;control;2022-06-19 08:15:00+00:00;0.126;;
966771;unknown;control;2022-06-19 08:30:00+00:00;0.117;;
966771;unknown;control;2022-06-19 08:45:00+00:00;0.274;;
966771;unknown;control;2022-06-19 09:00:00+00:00;0.38;;
966771;unknown;control;2022-06-19 09:15:00+00:00;0.14;;
966771;unknown;control;2022-06-19 09:30:00+00:00;0.142;;
966771;unknown;control;2022-06-19 09:45:00+00:00;0.39;;
966771;unknown;control;2022-06-19 10:00:00+00:00;0.446;;
966771;unknown;control;2022-06-19 10:15:00+00:00;0.135;;
966771;unknown;control;2022-06-19 10:30:00+00:00;0.38;;
966771;unknown;control;2022-06-19 10:45:00+00:00;0.137;;
966771;unknown;control;2022-06-19 11:00:00+00:00;0.117;;
966771;unknown;control;2022-06-19 11:15:00+00:00;0.111;;
966771;unknown;control;2022-06-19 11:30:00+00:00;0.107;;
966771;unknown;control;2022-06-19 11:45:00+00:00;0.116;;
966771;unknown;control;2022-06-19 12:00:00+00:00;0.106;;
966771;unknown;control;2022-06-19 12:15:00+00:00;0.122;;
966771;unknown;control;2022-06-19 12:30:00+00:00;0.116;;
966771;unknown;control;2022-06-19 12:45:00+00:00;0.142;;
966771;unknown;control;2022-06-19 13:00:00+00:00;0.175;;
966771;unknown;control;2022-06-19 13:15:00+00:00;0.147;;
966771;unknown;control;2022-06-19 13:30:00+00:00;0.139;;
966771;unknown;control;2022-06-19 13:45:00+00:00;0.147;;
966771;unknown;control;2022-06-19 14:00:00+00:00;0.141;;
966771;unknown;control;2022-06-19 14:15:00+00:00;0.137;;
966771;unknown;control;2022-06-19 14:30:00+00:00;0.15;;
966771;unknown;control;2022-06-19 14:45:00+00:00;0.139;;
966771;unknown;control;2022-06-19 15:00:00+00:00;0.141;;
966771;unknown;control;2022-06-19 15:15:00+00:00;0.15;;
966771;unknown;control;2022-06-19 15:30:00+00:00;0.11;;
966771;unknown;control;2022-06-19 15:45:00+00:00;0.117;;
966771;unknown;control;2022-06-19 16:00:00+00:00;0.129;;
966771;unknown;control;2022-06-19 16:15:00+00:00;0.142;;
966771;unknown;control;2022-06-19 16:30:00+00:00;0.153;;
966771;unknown;control;2022-06-19 16:45:00+00:00;0.149;;
966771;unknown;control;2022-06-19 17:00:00+00:00;0.14;;
966771;unknown;control;2022-06-19 17:15:00+00:00;0.146;;
966771;unknown;control;2022-06-19 17:30:00+00:00;0.14;;
966771;unknown;control;2022-06-19 17:45:00+00:00;0.146;;
966771;unknown;control;2022-06-19 18:00:00+00:00;0.167;;
966771;unknown;control;2022-06-19 18:15:00+00:00;0.147;;
966771;unknown;control;2022-06-19 18:30:00+00:00;0.133;;
966771;unknown;control;2022-06-19 18:45:00+00:00;0.147;;
966771;unknown;control;2022-06-19 19:00:00+00:00;0.145;;
966771;unknown;control;2022-06-19 19:15:00+00:00;0.141;;
966771;unknown;control;2022-06-19 19:30:00+00:00;0.16;;
966771;unknown;control;2022-06-19 19:45:00+00:00;0.161;;
966771;unknown;control;2022-06-19 20:00:00+00:00;0.119;;
966771;unknown;control;2022-06-19 20:15:00+00:00;0.123;;
966771;unknown;control;2022-06-19 20:30:00+00:00;0.097;;
966771;unknown;control;2022-06-19 20:45:00+00:00;0.105;;
966771;unknown;control;2022-06-19 21:00:00+00:00;0.11;;
966771;unknown;control;2022-06-19 21:15:00+00:00;0.099;;
966771;unknown;control;2022-06-19 21:30:00+00:00;0.104;;
966771;unknown;control;2022-06-19 21:45:00+00:00;0.114;;
966771;unknown;control;2022-06-19 22:00:00+00:00;0.1;;
966771;unknown;control;2022-06-19 22:15:00+00:00;0.104;;
966771;unknown;control;2022-06-19 22:30:00+00:00;0.102;;
966771;unknown;control;2022-06-19 22:45:00+00:00;0.113;;
966771;unknown;control;2022-06-19 23:00:00+00:00;0.109;;
966771;unknown;control;2022-06-19 23:15:00+00:00;0.102;;
966771;unknown;control;2022-06-19 23:30:00+00:00;1.343;;
966771;unknown;control;2022-06-19 23:45:00+00:00;1.309;;
966771;unknown;control;2022-06-20 00:00:00+00:00;1.3;;
966771;unknown;control;2022-06-20 00:15:00+00:00;1.324;;
966771;unknown;control;2022-06-20 00:30:00+00:00;0.67;;
966771;unknown;control;2022-06-20 00:45:00+00:00;0.093;;
966771;unknown;control;2022-06-20 01:00:00+00:00;0.106;;
966771;unknown;control;2022-06-20 01:15:00+00:00;0.108;;
966771;unknown;control;2022-06-20 01:30:00+00:00;0.096;;
966771;unknown;control;2022-06-20 01:45:00+00:00;0.103;;
966771;unknown;control;2022-06-20 02:00:00+00:00;0.106;;
966771;unknown;control;2022-06-20 02:15:00+00:00;0.101;;
966771;unknown;control;2022-06-20 02:30:00+00:00;0.114;;
966771;unknown;control;2022-06-20 02:45:00+00:00;0.097;;
966771;unknown;control;2022-06-20 03:00:00+00:00;0.094;;
966771;unknown;control;2022-06-20 03:15:00+00:00;0.101;;
966771;unknown;control;2022-06-20 03:30:00+00:00;0.093;;
966771;unknown;control;2022-06-20 03:45:00+00:00;0.098;;
966771;unknown;control;2022-06-20 04:00:00+00:00;0.116;;
966771;unknown;control;2022-06-20 04:15:00+00:00;0.099;;
966771;unknown;control;2022-06-20 04:30:00+00:00;0.099;;
966771;unknown;control;2022-06-20 04:45:00+00:00;0.108;;
966771;unknown;control;2022-06-20 05:00:00+00:00;0.114;;
966771;unknown;control;2022-06-20 05:15:00+00:00;0.102;;
966771;unknown;control;2022-06-20 05:30:00+00:00;0.141;;
966771;unknown;control;2022-06-20 05:45:00+00:00;0.11;;
966771;unknown;control;2022-06-20 06:00:00+00:00;0.462;;
966771;unknown;control;2022-06-20 06:15:00+00:00;0.145;;
966771;unknown;control;2022-06-20 06:30:00+00:00;0.144;;
966771;unknown;control;2022-06-20 06:45:00+00:00;0.151;;
966771;unknown;control;2022-06-20 07:00:00+00:00;0.154;;
966771;unknown;control;2022-06-20 07:15:00+00:00;0.499;;
966771;unknown;control;2022-06-20 07:30:00+00:00;0.165;;
966771;unknown;control;2022-06-20 07:45:00+00:00;0.148;;
966771;unknown;control;2022-06-20 08:00:00+00:00;0.151;;
966771;unknown;control;2022-06-20 08:15:00+00:00;0.299;;
966771;unknown;control;2022-06-20 08:30:00+00:00;0.84;;
966771;unknown;control;2022-06-20 08:45:00+00:00;0.262;;
966771;unknown;control;2022-06-20 09:00:00+00:00;0.145;;
966771;unknown;control;2022-06-20 09:15:00+00:00;0.131;;
966771;unknown;control;2022-06-20 09:30:00+00:00;0.145;;
966771;unknown;control;2022-06-20 09:45:00+00:00;0.108;;
966771;unknown;control;2022-06-20 10:00:00+00:00;0.104;;
966771;unknown;control;2022-06-20 10:15:00+00:00;0.13;;
966771;unknown;control;2022-06-20 10:30:00+00:00;0.109;;
966771;unknown;control;2022-06-20 10:45:00+00:00;0.124;;
966771;unknown;control;2022-06-20 11:00:00+00:00;0.125;;
966771;unknown;control;2022-06-20 11:15:00+00:00;0.241;;
966771;unknown;control;2022-06-20 11:30:00+00:00;0.279;;
966771;unknown;control;2022-06-20 11:45:00+00:00;0.291;;
966771;unknown;control;2022-06-20 12:00:00+00:00;0.28;;
966771;unknown;control;2022-06-20 12:15:00+00:00;0.187;;
966771;unknown;control;2022-06-20 12:30:00+00:00;0.108;;
966771;unknown;control;2022-06-20 12:45:00+00:00;0.098;;
966771;unknown;control;2022-06-20 13:00:00+00:00;0.122;;
966771;unknown;control;2022-06-20 13:15:00+00:00;0.14;;
966771;unknown;control;2022-06-20 13:30:00+00:00;0.129;;
966771;unknown;control;2022-06-20 13:45:00+00:00;0.16;;
966771;unknown;control;2022-06-20 14:00:00+00:00;0.198;;
966771;unknown;control;2022-06-20 14:15:00+00:00;0.143;;
966771;unknown;control;2022-06-20 14:30:00+00:00;0.15;;
966771;unknown;control;2022-06-20 14:45:00+00:00;0.142;;
966771;unknown;control;2022-06-20 15:00:00+00:00;0.142;;
966771;unknown;control;2022-06-20 15:15:00+00:00;0.15;;
966771;unknown;control;2022-06-20 15:30:00+00:00;0.13;;
966771;unknown;control;2022-06-20 15:45:00+00:00;0.11;;
966771;unknown;control;2022-06-20 16:00:00+00:00;0.124;;
966771;unknown;control;2022-06-20 16:15:00+00:00;0.109;;
966771;unknown;control;2022-06-20 16:30:00+00:00;0.11;;
966771;unknown;control;2022-06-20 16:45:00+00:00;0.105;;
966771;unknown;control;2022-06-20 17:00:00+00:00;0.105;;
966771;unknown;control;2022-06-20 17:15:00+00:00;0.121;;
966771;unknown;control;2022-06-20 17:30:00+00:00;0.115;;
966771;unknown;control;2022-06-20 17:45:00+00:00;0.1;;
966771;unknown;control;2022-06-20 18:00:00+00:00;0.107;;
966771;unknown;control;2022-06-20 18:15:00+00:00;0.11;;
966771;unknown;control;2022-06-20 18:30:00+00:00;0.107;;
966771;unknown;control;2022-06-20 18:45:00+00:00;0.111;;
966771;unknown;control;2022-06-20 19:00:00+00:00;0.107;;
966771;unknown;control;2022-06-20 19:15:00+00:00;0.107;;
966771;unknown;control;2022-06-20 19:30:00+00:00;0.123;;
966771;unknown;control;2022-06-20 19:45:00+00:00;0.14;;
966771;unknown;control;2022-06-20 20:00:00+00:00;0.119;;
966771;unknown;control;2022-06-20 20:15:00+00:00;0.132;;
966771;unknown;control;2022-06-20 20:30:00+00:00;0.11;;
966771;unknown;control;2022-06-20 20:45:00+00:00;0.106;;
966771;unknown;control;2022-06-20 21:00:00+00:00;0.104;;
966771;unknown;control;2022-06-20 21:15:00+00:00;0.099;;
966771;unknown;control;2022-06-20 21:30:00+00:00;0.108;;
966771;unknown;control;2022-06-20 21:45:00+00:00;0.105;;
966771;unknown;control;2022-06-20 22:00:00+00:00;0.093;;
966771;unknown;control;2022-06-20 22:15:00+00:00;0.107;;
966771;unknown;control;2022-06-20 22:30:00+00:00;0.102;;
966771;unknown;control;2022-06-20 22:45:00+00:00;0.095;;
966771;unknown;control;2022-06-20 23:00:00+00:00;0.111;;
966771;unknown;control;2022-06-20 23:15:00+00:00;0.101;;
966771;unknown;control;2022-06-20 23:30:00+00:00;1.326;;
966771;unknown;control;2022-06-20 23:45:00+00:00;1.303;;
966771;unknown;control;2022-06-21 00:00:00+00:00;1.311;;
966771;unknown;control;2022-06-21 00:15:00+00:00;1.33;;
966771;unknown;control;2022-06-21 00:30:00+00:00;1.364;;
966771;unknown;control;2022-06-21 00:45:00+00:00;0.331;;
966771;unknown;control;2022-06-21 01:00:00+00:00;0.099;;
966771;unknown;control;2022-06-21 01:15:00+00:00;0.102;;
966771;unknown;control;2022-06-21 01:30:00+00:00;0.097;;
966771;unknown;control;2022-06-21 01:45:00+00:00;0.1;;
966771;unknown;control;2022-06-21 02:00:00+00:00;0.104;;
966771;unknown;control;2022-06-21 02:15:00+00:00;0.102;;
966771;unknown;control;2022-06-21 02:30:00+00:00;0.104;;
966771;unknown;control;2022-06-21 02:45:00+00:00;0.1;;
966771;unknown;control;2022-06-21 03:00:00+00:00;0.097;;
966771;unknown;control;2022-06-21 03:15:00+00:00;0.101;;
966771;unknown;control;2022-06-21 03:30:00+00:00;0.096;;
966771;unknown;control;2022-06-21 03:45:00+00:00;0.115;;
966771;unknown;control;2022-06-21 04:00:00+00:00;0.114;;
966771;unknown;control;2022-06-21 04:15:00+00:00;0.093;;
966771;unknown;control;2022-06-21 04:30:00+00:00;0.104;;
966771;unknown;control;2022-06-21 04:45:00+00:00;0.119;;
966771;unknown;control;2022-06-21 05:00:00+00:00;0.103;;
966771;unknown;control;2022-06-21 05:15:00+00:00;0.104;;
966771;unknown;control;2022-06-21 05:30:00+00:00;0.107;;
966771;unknown;control;2022-06-21 05:45:00+00:00;0.094;;
966771;unknown;control;2022-06-21 06:00:00+00:00;0.11;;
966771;unknown;control;2022-06-21 06:15:00+00:00;0.103;;
966771;unknown;control;2022-06-21 06:30:00+00:00;0.099;;
966771;unknown;control;2022-06-21 06:45:00+00:00;0.101;;
966771;unknown;control;2022-06-21 07:00:00+00:00;0.107;;
966771;unknown;control;2022-06-21 07:15:00+00:00;0.104;;
966771;unknown;control;2022-06-21 07:30:00+00:00;0.106;;
966771;unknown;control;2022-06-21 07:45:00+00:00;0.106;;
966771;unknown;control;2022-06-21 08:00:00+00:00;0.104;;
966771;unknown;control;2022-06-21 08:15:00+00:00;0.106;;
966771;unknown;control;2022-06-21 08:30:00+00:00;0.125;;
966771;unknown;control;2022-06-21 08:45:00+00:00;0.118;;
966771;unknown;control;2022-06-21 09:00:00+00:00;0.113;;
966771;unknown;control;2022-06-21 09:15:00+00:00;0.11;;
966771;unknown;control;2022-06-21 09:30:00+00:00;0.142;;
966771;unknown;control;2022-06-21 09:45:00+00:00;0.57;;
966771;unknown;control;2022-06-21 10:00:00+00:00;0.434;;
966771;unknown;control;2022-06-21 10:15:00+00:00;0.118;;
966771;unknown;control;2022-06-21 10:30:00+00:00;0.115;;
966771;unknown;control;2022-06-21 10:45:00+00:00;0.102;;
966771;unknown;control;2022-06-21 11:00:00+00:00;0.111;;
966771;unknown;control;2022-06-21 11:15:00+00:00;0.394;;
966771;unknown;control;2022-06-21 11:30:00+00:00;0.398;;
966771;unknown;control;2022-06-21 11:45:00+00:00;0.122;;
966771;unknown;control;2022-06-21 12:00:00+00:00;0.117;;
966771;unknown;control;2022-06-21 12:15:00+00:00;0.508;;
966771;unknown;control;2022-06-21 12:30:00+00:00;0.136;;
966771;unknown;control;2022-06-21 12:45:00+00:00;0.112;;
966771;unknown;control;2022-06-21 13:00:00+00:00;0.105;;
966771;unknown;control;2022-06-21 13:15:00+00:00;0.106;;
966771;unknown;control;2022-06-21 13:30:00+00:00;0.103;;
966771;unknown;control;2022-06-21 13:45:00+00:00;0.099;;
966771;unknown;control;2022-06-21 14:00:00+00:00;0.105;;
966771;unknown;control;2022-06-21 14:15:00+00:00;0.179;;
966771;unknown;control;2022-06-21 14:30:00+00:00;0.186;;
966771;unknown;control;2022-06-21 14:45:00+00:00;0.117;;
966771;unknown;control;2022-06-21 15:00:00+00:00;0.106;;
966771;unknown;control;2022-06-21 15:15:00+00:00;0.102;;
966771;unknown;control;2022-06-21 15:30:00+00:00;0.103;;
966771;unknown;control;2022-06-21 15:45:00+00:00;0.1;;
966771;unknown;control;2022-06-21 16:00:00+00:00;0.111;;
966771;unknown;control;2022-06-21 16:15:00+00:00;0.242;;
966771;unknown;control;2022-06-21 16:30:00+00:00;0.499;;
966771;unknown;control;2022-06-21 16:45:00+00:00;0.111;;
966771;unknown;control;2022-06-21 17:00:00+00:00;0.187;;
966771;unknown;control;2022-06-21 17:15:00+00:00;0.348;;
966771;unknown;control;2022-06-21 17:30:00+00:00;0.476;;
966771;unknown;control;2022-06-21 17:45:00+00:00;0.115;;
966771;unknown;control;2022-06-21 18:00:00+00:00;0.131;;
966771;unknown;control;2022-06-21 18:15:00+00:00;0.161;;
966771;unknown;control;2022-06-21 18:30:00+00:00;0.161;;
966771;unknown;control;2022-06-21 18:45:00+00:00;0.151;;
966771;unknown;control;2022-06-21 19:00:00+00:00;0.149;;
966771;unknown;control;2022-06-21 19:15:00+00:00;0.168;;
966771;unknown;control;2022-06-21 19:30:00+00:00;0.222;;
966771;unknown;control;2022-06-21 19:45:00+00:00;0.263;;
966771;unknown;control;2022-06-21 20:00:00+00:00;0.211;;
966771;unknown;control;2022-06-21 20:15:00+00:00;0.212;;
966771;unknown;control;2022-06-21 20:30:00+00:00;0.194;;
966771;unknown;control;2022-06-21 20:45:00+00:00;0.193;;
966771;unknown;control;2022-06-21 21:00:00+00:00;0.177;;
966771;unknown;control;2022-06-21 21:15:00+00:00;0.132;;
966771;unknown;control;2022-06-21 21:30:00+00:00;0.112;;
966771;unknown;control;2022-06-21 21:45:00+00:00;0.103;;
966771;unknown;control;2022-06-21 22:00:00+00:00;0.106;;
966771;unknown;control;2022-06-21 22:15:00+00:00;0.108;;
966771;unknown;control;2022-06-21 22:30:00+00:00;0.099;;
966771;unknown;control;2022-06-21 22:45:00+00:00;0.1;;
966771;unknown;control;2022-06-21 23:00:00+00:00;0.108;;
966771;unknown;control;2022-06-21 23:15:00+00:00;0.103;;
966771;unknown;control;2022-06-21 23:30:00+00:00;1.342;;
966771;unknown;control;2022-06-21 23:45:00+00:00;1.299;;
966771;unknown;control;2022-06-22 00:00:00+00:00;1.297;;
966771;unknown;control;2022-06-22 00:15:00+00:00;1.35;;
966771;unknown;control;2022-06-22 00:30:00+00:00;1.357;;
966771;unknown;control;2022-06-22 00:45:00+00:00;0.838;;
966771;unknown;control;2022-06-22 01:00:00+00:00;0.104;;
966771;unknown;control;2022-06-22 01:15:00+00:00;0.098;;
966771;unknown;control;2022-06-22 01:30:00+00:00;0.104;;
966771;unknown;control;2022-06-22 01:45:00+00:00;0.11;;
966771;unknown;control;2022-06-22 02:00:00+00:00;0.103;;
966771;unknown;control;2022-06-22 02:15:00+00:00;0.102;;
966771;unknown;control;2022-06-22 02:30:00+00:00;0.107;;
966771;unknown;control;2022-06-22 02:45:00+00:00;0.1;;
966771;unknown;control;2022-06-22 03:00:00+00:00;0.107;;
966771;unknown;control;2022-06-22 03:15:00+00:00;0.104;;
966771;unknown;control;2022-06-22 03:30:00+00:00;0.093;;
966771;unknown;control;2022-06-22 03:45:00+00:00;0.108;;
966771;unknown;control;2022-06-22 04:00:00+00:00;0.104;;
966771;unknown;control;2022-06-22 04:15:00+00:00;0.101;;
966771;unknown;control;2022-06-22 04:30:00+00:00;0.126;;
966771;unknown;control;2022-06-22 04:45:00+00:00;0.116;;
966771;unknown;control;2022-06-22 05:00:00+00:00;0.117;;
966771;unknown;control;2022-06-22 05:15:00+00:00;0.137;;
966771;unknown;control;2022-06-22 05:30:00+00:00;0.1;;
966771;unknown;control;2022-06-22 05:45:00+00:00;0.105;;
966771;unknown;control;2022-06-22 06:00:00+00:00;0.13;;
966771;unknown;control;2022-06-22 06:15:00+00:00;0.168;;
966771;unknown;control;2022-06-22 06:30:00+00:00;0.451;;
966771;unknown;control;2022-06-22 06:45:00+00:00;0.187;;
966771;unknown;control;2022-06-22 07:00:00+00:00;0.181;;
966771;unknown;control;2022-06-22 07:15:00+00:00;0.173;;
966771;unknown;control;2022-06-22 07:30:00+00:00;0.115;;
966771;unknown;control;2022-06-22 07:45:00+00:00;0.106;;
966771;unknown;control;2022-06-22 08:00:00+00:00;0.112;;
966771;unknown;control;2022-06-22 08:15:00+00:00;0.107;;
966771;unknown;control;2022-06-22 08:30:00+00:00;0.152;;
966771;unknown;control;2022-06-22 08:45:00+00:00;0.193;;
966771;unknown;control;2022-06-22 09:00:00+00:00;0.137;;
966771;unknown;control;2022-06-22 09:15:00+00:00;0.112;;
966771;unknown;control;2022-06-22 09:30:00+00:00;0.195;;
966771;unknown;control;2022-06-22 09:45:00+00:00;0.539;;
966771;unknown;control;2022-06-22 10:00:00+00:00;0.604;;
966771;unknown;control;2022-06-22 10:15:00+00:00;0.228;;
966771;unknown;control;2022-06-22 10:30:00+00:00;0.114;;
966771;unknown;control;2022-06-22 10:45:00+00:00;0.114;;
966771;unknown;control;2022-06-22 11:00:00+00:00;0.11;;
966771;unknown;control;2022-06-22 11:15:00+00:00;0.108;;
966771;unknown;control;2022-06-22 11:30:00+00:00;0.12;;
966771;unknown;control;2022-06-22 11:45:00+00:00;0.102;;
966771;unknown;control;2022-06-22 12:00:00+00:00;0.107;;
966771;unknown;control;2022-06-22 12:15:00+00:00;0.113;;
966771;unknown;control;2022-06-22 12:30:00+00:00;0.122;;
966771;unknown;control;2022-06-22 12:45:00+00:00;0.131;;
966771;unknown;control;2022-06-22 13:00:00+00:00;0.135;;
966771;unknown;control;2022-06-22 13:15:00+00:00;0.124;;
966771;unknown;control;2022-06-22 13:30:00+00:00;0.13;;
966771;unknown;control;2022-06-22 13:45:00+00:00;0.137;;
966771;unknown;control;2022-06-22 14:00:00+00:00;0.113;;
966771;unknown;control;2022-06-22 14:15:00+00:00;0.129;;
966771;unknown;control;2022-06-22 14:30:00+00:00;0.106;;
966771;unknown;control;2022-06-22 14:45:00+00:00;0.103;;
966771;unknown;control;2022-06-22 15:00:00+00:00;0.471;;
966771;unknown;control;2022-06-22 15:15:00+00:00;0.141;;
966771;unknown;control;2022-06-22 15:30:00+00:00;0.145;;
966771;unknown;control;2022-06-22 15:45:00+00:00;0.141;;
966771;unknown;control;2022-06-22 16:00:00+00:00;0.133;;
966771;unknown;control;2022-06-22 16:15:00+00:00;0.137;;
966771;unknown;control;2022-06-22 16:30:00+00:00;0.109;;
966771;unknown;control;2022-06-22 16:45:00+00:00;0.1;;
966771;unknown;control;2022-06-22 17:00:00+00:00;0.112;;
966771;unknown;control;2022-06-22 17:15:00+00:00;0.106;;
966771;unknown;control;2022-06-22 17:30:00+00:00;0.106;;
966771;unknown;control;2022-06-22 17:45:00+00:00;0.118;;
966771;unknown;control;2022-06-22 18:00:00+00:00;0.105;;
966771;unknown;control;2022-06-22 18:15:00+00:00;0.118;;
966771;unknown;control;2022-06-22 18:30:00+00:00;0.144;;
966771;unknown;control;2022-06-22 18:45:00+00:00;0.133;;
966771;unknown;control;2022-06-22 19:00:00+00:00;0.13;;
966771;unknown;control;2022-06-22 19:15:00+00:00;0.141;;
966771;unknown;control;2022-06-22 19:30:00+00:00;0.141;;
966771;unknown;control;2022-06-22 19:45:00+00:00;0.13;;
966771;unknown;control;2022-06-22 20:00:00+00:00;0.142;;
966771;unknown;control;2022-06-22 20:15:00+00:00;0.15;;
966771;unknown;control;2022-06-22 20:30:00+00:00;0.164;;
966771;unknown;control;2022-06-22 20:45:00+00:00;0.126;;
966771;unknown;control;2022-06-22 21:00:00+00:00;0.104;;
966771;unknown;control;2022-06-22 21:15:00+00:00;0.117;;
966771;unknown;control;2022-06-22 21:30:00+00:00;0.105;;
966771;unknown;control;2022-06-22 21:45:00+00:00;0.099;;
966771;unknown;control;2022-06-22 22:00:00+00:00;0.107;;
966771;unknown;control;2022-06-22 22:15:00+00:00;0.099;;
966771;unknown;control;2022-06-22 22:30:00+00:00;0.097;;
966771;unknown;control;2022-06-22 22:45:00+00:00;0.108;;
966771;unknown;control;2022-06-22 23:00:00+00:00;0.097;;
966771;unknown;control;2022-06-22 23:15:00+00:00;0.101;;
966771;unknown;control;2022-06-22 23:30:00+00:00;1.344;;
966771;unknown;control;2022-06-22 23:45:00+00:00;1.299;;
966771;unknown;control;2022-06-23 00:00:00+00:00;1.3;;
966771;unknown;control;2022-06-23 00:15:00+00:00;1.313;;
966771;unknown;control;2022-06-23 00:30:00+00:00;1.333;;
966771;unknown;control;2022-06-23 00:45:00+00:00;1.353;;
966771;unknown;control;2022-06-23 01:00:00+00:00;0.265;;
966771;unknown;control;2022-06-23 01:15:00+00:00;0.104;;
966771;unknown;control;2022-06-23 01:30:00+00:00;0.102;;
966771;unknown;control;2022-06-23 01:45:00+00:00;0.101;;
966771;unknown;control;2022-06-23 02:00:00+00:00;0.107;;
966771;unknown;control;2022-06-23 02:15:00+00:00;0.105;;
966771;unknown;control;2022-06-23 02:30:00+00:00;0.095;;
966771;unknown;control;2022-06-23 02:45:00+00:00;0.104;;
966771;unknown;control;2022-06-23 03:00:00+00:00;0.1;;
966771;unknown;control;2022-06-23 03:15:00+00:00;0.094;;
966771;unknown;control;2022-06-23 03:30:00+00:00;0.102;;
966771;unknown;control;2022-06-23 03:45:00+00:00;0.095;;
966771;unknown;control;2022-06-23 04:00:00+00:00;0.093;;
966771;unknown;control;2022-06-23 04:15:00+00:00;0.106;;
966771;unknown;control;2022-06-23 04:30:00+00:00;0.099;;
966771;unknown;control;2022-06-23 04:45:00+00:00;0.099;;
966771;unknown;control;2022-06-23 05:00:00+00:00;0.136;;
966771;unknown;control;2022-06-23 05:15:00+00:00;0.101;;
966771;unknown;control;2022-06-23 05:30:00+00:00;0.107;;
966771;unknown;control;2022-06-23 05:45:00+00:00;0.101;;
966771;unknown;control;2022-06-23 06:00:00+00:00;0.099;;
966771;unknown;control;2022-06-23 06:15:00+00:00;0.109;;
966771;unknown;control;2022-06-23 06:30:00+00:00;0.118;;
966771;unknown;control;2022-06-23 06:45:00+00:00;0.31;;
966771;unknown;control;2022-06-23 07:00:00+00:00;0.798;;
966771;unknown;control;2022-06-23 07:15:00+00:00;0.13;;
966771;unknown;control;2022-06-23 07:30:00+00:00;0.132;;
966771;unknown;control;2022-06-23 07:45:00+00:00;0.157;;
966771;unknown;control;2022-06-23 08:00:00+00:00;0.2;;
966771;unknown;control;2022-06-23 08:15:00+00:00;0.248;;
966771;unknown;control;2022-06-23 08:30:00+00:00;0.427;;
966771;unknown;control;2022-06-23 08:45:00+00:00;0.503;;
966771;unknown;control;2022-06-23 09:00:00+00:00;0.531;;
966771;unknown;control;2022-06-23 09:15:00+00:00;0.437;;
966771;unknown;control;2022-06-23 09:30:00+00:00;0.222;;
966771;unknown;control;2022-06-23 09:45:00+00:00;0.12;;
966771;unknown;control;2022-06-23 10:00:00+00:00;0.13;;
966771;unknown;control;2022-06-23 10:15:00+00:00;0.1;;
966771;unknown;control;2022-06-23 10:30:00+00:00;0.109;;
966771;unknown;control;2022-06-23 10:45:00+00:00;0.101;;
966771;unknown;control;2022-06-23 11:00:00+00:00;0.121;;
966771;unknown;control;2022-06-23 11:15:00+00:00;0.594;;
966771;unknown;control;2022-06-23 11:30:00+00:00;0.178;;
966771;unknown;control;2022-06-23 11:45:00+00:00;0.134;;
966771;unknown;control;2022-06-23 12:00:00+00:00;0.324;;
966771;unknown;control;2022-06-23 12:15:00+00:00;0.268;;
966771;unknown;control;2022-06-23 12:30:00+00:00;0.111;;
966771;unknown;control;2022-06-23 12:45:00+00:00;0.112;;
966771;unknown;control;2022-06-23 13:00:00+00:00;0.104;;
966771;unknown;control;2022-06-23 13:15:00+00:00;0.113;;
966771;unknown;control;2022-06-23 13:30:00+00:00;0.109;;
966771;unknown;control;2022-06-23 13:45:00+00:00;0.104;;
966771;unknown;control;2022-06-23 14:00:00+00:00;0.109;;
966771;unknown;control;2022-06-23 14:15:00+00:00;0.098;;
966771;unknown;control;2022-06-23 14:30:00+00:00;0.104;;
966771;unknown;control;2022-06-23 14:45:00+00:00;0.115;;
966771;unknown;control;2022-06-23 15:00:00+00:00;0.112;;
966771;unknown;control;2022-06-23 15:15:00+00:00;0.106;;
966771;unknown;control;2022-06-23 15:30:00+00:00;0.114;;
966771;unknown;control;2022-06-23 15:45:00+00:00;0.113;;
966771;unknown;control;2022-06-23 16:00:00+00:00;0.109;;
966771;unknown;control;2022-06-23 16:15:00+00:00;0.106;;
966771;unknown;control;2022-06-23 16:30:00+00:00;0.1;;
966771;unknown;control;2022-06-23 16:45:00+00:00;0.11;;
966771;unknown;control;2022-06-23 17:00:00+00:00;0.139;;
966771;unknown;control;2022-06-23 17:15:00+00:00;0.095;;
966771;unknown;control;2022-06-23 17:30:00+00:00;0.127;;
966771;unknown;control;2022-06-23 17:45:00+00:00;0.12;;
966771;unknown;control;2022-06-23 18:00:00+00:00;0.151;;
966771;unknown;control;2022-06-23 18:15:00+00:00;0.149;;
966771;unknown;control;2022-06-23 18:30:00+00:00;0.139;;
966771;unknown;control;2022-06-23 18:45:00+00:00;0.147;;
966771;unknown;control;2022-06-23 19:00:00+00:00;0.152;;
966771;unknown;control;2022-06-23 19:15:00+00:00;0.142;;
966771;unknown;control;2022-06-23 19:30:00+00:00;0.169;;
966771;unknown;control;2022-06-23 19:45:00+00:00;0.164;;
966771;unknown;control;2022-06-23 20:00:00+00:00;0.143;;
966771;unknown;control;2022-06-23 20:15:00+00:00;0.146;;
966771;unknown;control;2022-06-23 20:30:00+00:00;0.128;;
966771;unknown;control;2022-06-23 20:45:00+00:00;0.097;;
966771;unknown;control;2022-06-23 21:00:00+00:00;0.108;;
966771;unknown;control;2022-06-23 21:15:00+00:00;0.102;;
966771;unknown;control;2022-06-23 21:30:00+00:00;0.093;;
966771;unknown;control;2022-06-23 21:45:00+00:00;0.106;;
966771;unknown;control;2022-06-23 22:00:00+00:00;0.102;;
966771;unknown;control;2022-06-23 22:15:00+00:00;0.095;;
966771;unknown;control;2022-06-23 22:30:00+00:00;0.109;;
966771;unknown;control;2022-06-23 22:45:00+00:00;0.1;;
966771;unknown;control;2022-06-23 23:00:00+00:00;0.098;;
966771;unknown;control;2022-06-23 23:15:00+00:00;0.102;;
966771;unknown;control;2022-06-23 23:30:00+00:00;1.351;;
966771;unknown;control;2022-06-23 23:45:00+00:00;1.296;;
966771;unknown;control;2022-06-24 00:00:00+00:00;1.307;;
966771;unknown;control;2022-06-24 00:15:00+00:00;1.334;;
966771;unknown;control;2022-06-24 00:30:00+00:00;0.534;;
966771;unknown;control;2022-06-24 00:45:00+00:00;0.098;;
966771;unknown;control;2022-06-24 01:00:00+00:00;0.092;;
966771;unknown;control;2022-06-24 01:15:00+00:00;0.102;;
966771;unknown;control;2022-06-24 01:30:00+00:00;0.095;;
966771;unknown;control;2022-06-24 01:45:00+00:00;0.097;;
966771;unknown;control;2022-06-24 02:00:00+00:00;0.109;;
966771;unknown;control;2022-06-24 02:15:00+00:00;0.1;;
966771;unknown;control;2022-06-24 02:30:00+00:00;0.092;;
966771;unknown;control;2022-06-24 02:45:00+00:00;0.105;;
966771;unknown;control;2022-06-24 03:00:00+00:00;0.097;;
966771;unknown;control;2022-06-24 03:15:00+00:00;0.098;;
966771;unknown;control;2022-06-24 03:30:00+00:00;0.104;;
966771;unknown;control;2022-06-24 03:45:00+00:00;0.107;;
966771;unknown;control;2022-06-24 04:00:00+00:00;0.112;;
966771;unknown;control;2022-06-24 04:15:00+00:00;0.114;;
966771;unknown;control;2022-06-24 04:30:00+00:00;0.111;;
966771;unknown;control;2022-06-24 04:45:00+00:00;0.109;;
966771;unknown;control;2022-06-24 05:00:00+00:00;0.096;;
966771;unknown;control;2022-06-24 05:15:00+00:00;0.104;;
966771;unknown;control;2022-06-24 05:30:00+00:00;0.108;;
966771;unknown;control;2022-06-24 05:45:00+00:00;0.104;;
966771;unknown;control;2022-06-24 06:00:00+00:00;0.11;;
966771;unknown;control;2022-06-24 06:15:00+00:00;0.114;;
966771;unknown;control;2022-06-24 06:30:00+00:00;0.103;;
966771;unknown;control;2022-06-24 06:45:00+00:00;0.106;;
966771;unknown;control;2022-06-24 07:00:00+00:00;0.126;;
966771;unknown;control;2022-06-24 07:15:00+00:00;0.113;;
966771;unknown;control;2022-06-24 07:30:00+00:00;0.103;;
966771;unknown;control;2022-06-24 07:45:00+00:00;0.421;;
966771;unknown;control;2022-06-24 08:00:00+00:00;0.397;;
966771;unknown;control;2022-06-24 08:15:00+00:00;0.319;;
966771;unknown;control;2022-06-24 08:30:00+00:00;0.332;;
966771;unknown;control;2022-06-24 08:45:00+00:00;0.139;;
966771;unknown;control;2022-06-24 09:00:00+00:00;0.119;;
966771;unknown;control;2022-06-24 09:15:00+00:00;0.123;;
966771;unknown;control;2022-06-24 09:30:00+00:00;0.109;;
966771;unknown;control;2022-06-24 09:45:00+00:00;0.114;;
966771;unknown;control;2022-06-24 10:00:00+00:00;0.118;;
966771;unknown;control;2022-06-24 10:15:00+00:00;0.102;;
966771;unknown;control;2022-06-24 10:30:00+00:00;0.104;;
966771;unknown;control;2022-06-24 10:45:00+00:00;0.111;;
966771;unknown;control;2022-06-24 11:00:00+00:00;0.103;;
966771;unknown;control;2022-06-24 11:15:00+00:00;0.098;;
966771;unknown;control;2022-06-24 11:30:00+00:00;0.105;;
966771;unknown;control;2022-06-24 11:45:00+00:00;0.102;;
966771;unknown;control;2022-06-24 12:00:00+00:00;0.112;;
966771;unknown;control;2022-06-24 12:15:00+00:00;0.155;;
966771;unknown;control;2022-06-24 12:30:00+00:00;0.118;;
966771;unknown;control;2022-06-24 12:45:00+00:00;0.149;;
966771;unknown;control;2022-06-24 13:00:00+00:00;0.137;;
966771;unknown;control;2022-06-24 13:15:00+00:00;0.119;;
966771;unknown;control;2022-06-24 13:30:00+00:00;0.115;;
966771;unknown;control;2022-06-24 13:45:00+00:00;0.109;;
966771;unknown;control;2022-06-24 14:00:00+00:00;0.129;;
966771;unknown;control;2022-06-24 14:15:00+00:00;0.155;;
966771;unknown;control;2022-06-24 14:30:00+00:00;0.154;;
966771;unknown;control;2022-06-24 14:45:00+00:00;0.144;;
966771;unknown;control;2022-06-24 15:00:00+00:00;0.145;;
966771;unknown;control;2022-06-24 15:15:00+00:00;0.141;;
966771;unknown;control;2022-06-24 15:30:00+00:00;0.141;;
966771;unknown;control;2022-06-24 15:45:00+00:00;0.147;;
966771;unknown;control;2022-06-24 16:00:00+00:00;0.165;;
966771;unknown;control;2022-06-24 16:15:00+00:00;0.171;;
966771;unknown;control;2022-06-24 16:30:00+00:00;0.168;;
966771;unknown;control;2022-06-24 16:45:00+00:00;0.176;;
966771;unknown;control;2022-06-24 17:00:00+00:00;0.171;;
966771;unknown;control;2022-06-24 17:15:00+00:00;0.133;;
966771;unknown;control;2022-06-24 17:30:00+00:00;0.141;;
966771;unknown;control;2022-06-24 17:45:00+00:00;0.139;;
966771;unknown;control;2022-06-24 18:00:00+00:00;0.129;;
966771;unknown;control;2022-06-24 18:15:00+00:00;0.139;;
966771;unknown;control;2022-06-24 18:30:00+00:00;0.139;;
966771;unknown;control;2022-06-24 18:45:00+00:00;0.134;;
966771;unknown;control;2022-06-24 19:00:00+00:00;0.113;;
966771;unknown;control;2022-06-24 19:15:00+00:00;0.131;;
966771;unknown;control;2022-06-24 19:30:00+00:00;0.127;;
966771;unknown;control;2022-06-24 19:45:00+00:00;0.155;;
966771;unknown;control;2022-06-24 20:00:00+00:00;0.122;;
966771;unknown;control;2022-06-24 20:15:00+00:00;0.117;;
966771;unknown;control;2022-06-24 20:30:00+00:00;0.105;;
966771;unknown;control;2022-06-24 20:45:00+00:00;0.101;;
966771;unknown;control;2022-06-24 21:00:00+00:00;0.109;;
966771;unknown;control;2022-06-24 21:15:00+00:00;0.107;;
966771;unknown;control;2022-06-24 21:30:00+00:00;0.095;;
966771;unknown;control;2022-06-24 21:45:00+00:00;0.108;;
966771;unknown;control;2022-06-24 22:00:00+00:00;0.106;;
966771;unknown;control;2022-06-24 22:15:00+00:00;0.096;;
966771;unknown;control;2022-06-24 22:30:00+00:00;0.121;;
966771;unknown;control;2022-06-24 22:45:00+00:00;0.105;;
966771;unknown;control;2022-06-24 23:00:00+00:00;0.099;;
966771;unknown;control;2022-06-24 23:15:00+00:00;0.108;;
966771;unknown;control;2022-06-24 23:30:00+00:00;1.352;;
966771;unknown;control;2022-06-24 23:45:00+00:00;1.306;;
966771;unknown;control;2022-06-25 00:00:00+00:00;1.309;;
966771;unknown;control;2022-06-25 00:15:00+00:00;1.328;;
966771;unknown;control;2022-06-25 00:30:00+00:00;1.351;;
966771;unknown;control;2022-06-25 00:45:00+00:00;1.367;;
966771;unknown;control;2022-06-25 01:00:00+00:00;1.373;;
966771;unknown;control;2022-06-25 01:15:00+00:00;1.387;;
966771;unknown;control;2022-06-25 01:30:00+00:00;1.375;;
966771;unknown;control;2022-06-25 01:45:00+00:00;1.378;;
966771;unknown;control;2022-06-25 02:00:00+00:00;0.357;;
966771;unknown;control;2022-06-25 02:15:00+00:00;0.098;;
966771;unknown;control;2022-06-25 02:30:00+00:00;0.103;;
966771;unknown;control;2022-06-25 02:45:00+00:00;0.112;;
966771;unknown;control;2022-06-25 03:00:00+00:00;0.097;;
966771;unknown;control;2022-06-25 03:15:00+00:00;0.104;;
966771;unknown;control;2022-06-25 03:30:00+00:00;0.109;;
966771;unknown;control;2022-06-25 03:45:00+00:00;0.113;;
966771;unknown;control;2022-06-25 04:00:00+00:00;0.105;;
966771;unknown;control;2022-06-25 04:15:00+00:00;0.107;;
966771;unknown;control;2022-06-25 04:30:00+00:00;0.103;;
966771;unknown;control;2022-06-25 04:45:00+00:00;0.106;;
966771;unknown;control;2022-06-25 05:00:00+00:00;0.105;;
966771;unknown;control;2022-06-25 05:15:00+00:00;0.106;;
966771;unknown;control;2022-06-25 05:30:00+00:00;0.114;;
966771;unknown;control;2022-06-25 05:45:00+00:00;0.488;;
966771;unknown;control;2022-06-25 06:00:00+00:00;0.14;;
966771;unknown;control;2022-06-25 06:15:00+00:00;0.143;;
966771;unknown;control;2022-06-25 06:30:00+00:00;0.115;;
966771;unknown;control;2022-06-25 06:45:00+00:00;0.746;;
966771;unknown;control;2022-06-25 07:00:00+00:00;0.391;;
966771;unknown;control;2022-06-25 07:15:00+00:00;0.155;;
966771;unknown;control;2022-06-25 07:30:00+00:00;0.149;;
966771;unknown;control;2022-06-25 07:45:00+00:00;0.474;;
966771;unknown;control;2022-06-25 08:00:00+00:00;0.79;;
966771;unknown;control;2022-06-25 08:15:00+00:00;0.181;;
966771;unknown;control;2022-06-25 08:30:00+00:00;0.405;;
966771;unknown;control;2022-06-25 08:45:00+00:00;0.155;;
966771;unknown;control;2022-06-25 09:00:00+00:00;0.126;;
966771;unknown;control;2022-06-25 09:15:00+00:00;0.141;;
966771;unknown;control;2022-06-25 09:30:00+00:00;0.141;;
966771;unknown;control;2022-06-25 09:45:00+00:00;0.12;;
966771;unknown;control;2022-06-25 10:00:00+00:00;0.209;;
966771;unknown;control;2022-06-25 10:15:00+00:00;0.608;;
966771;unknown;control;2022-06-25 10:30:00+00:00;0.306;;
966771;unknown;control;2022-06-25 10:45:00+00:00;0.285;;
966771;unknown;control;2022-06-25 11:00:00+00:00;0.152;;
966771;unknown;control;2022-06-25 11:15:00+00:00;0.565;;
966771;unknown;control;2022-06-25 11:30:00+00:00;0.24;;
966771;unknown;control;2022-06-25 11:45:00+00:00;0.276;;
966771;unknown;control;2022-06-25 12:00:00+00:00;0.132;;
966771;unknown;control;2022-06-25 12:15:00+00:00;0.273;;
966771;unknown;control;2022-06-25 12:30:00+00:00;0.295;;
966771;unknown;control;2022-06-25 12:45:00+00:00;0.3;;
966771;unknown;control;2022-06-25 13:00:00+00:00;0.132;;
966771;unknown;control;2022-06-25 13:15:00+00:00;0.128;;
966771;unknown;control;2022-06-25 13:30:00+00:00;0.107;;
966771;unknown;control;2022-06-25 13:45:00+00:00;0.113;;
966771;unknown;control;2022-06-25 14:00:00+00:00;0.112;;
966771;unknown;control;2022-06-25 14:15:00+00:00;0.206;;
966771;unknown;control;2022-06-25 14:30:00+00:00;0.158;;
966771;unknown;control;2022-06-25 14:45:00+00:00;0.105;;
966771;unknown;control;2022-06-25 15:00:00+00:00;0.111;;
966771;unknown;control;2022-06-25 15:15:00+00:00;0.116;;
966771;unknown;control;2022-06-25 15:30:00+00:00;0.1;;
966771;unknown;control;2022-06-25 15:45:00+00:00;0.118;;
966771;unknown;control;2022-06-25 16:00:00+00:00;0.147;;
966771;unknown;control;2022-06-25 16:15:00+00:00;0.535;;
966771;unknown;control;2022-06-25 16:30:00+00:00;0.194;;
966771;unknown;control;2022-06-25 16:45:00+00:00;0.13;;
966771;unknown;control;2022-06-25 17:00:00+00:00;0.237;;
966771;unknown;control;2022-06-25 17:15:00+00:00;0.257;;
966771;unknown;control;2022-06-25 17:30:00+00:00;0.351;;
966771;unknown;control;2022-06-25 17:45:00+00:00;0.278;;
966771;unknown;control;2022-06-25 18:00:00+00:00;0.346;;
966771;unknown;control;2022-06-25 18:15:00+00:00;0.148;;
966771;unknown;control;2022-06-25 18:30:00+00:00;0.156;;
966771;unknown;control;2022-06-25 18:45:00+00:00;0.149;;
966771;unknown;control;2022-06-25 19:00:00+00:00;0.158;;
966771;unknown;control;2022-06-25 19:15:00+00:00;0.154;;
966771;unknown;control;2022-06-25 19:30:00+00:00;0.165;;
966771;unknown;control;2022-06-25 19:45:00+00:00;0.155;;
966771;unknown;control;2022-06-25 20:00:00+00:00;0.156;;
966771;unknown;control;2022-06-25 20:15:00+00:00;0.122;;
966771;unknown;control;2022-06-25 20:30:00+00:00;0.101;;
966771;unknown;control;2022-06-25 20:45:00+00:00;0.11;;
966771;unknown;control;2022-06-25 21:00:00+00:00;0.109;;
966771;unknown;control;2022-06-25 21:15:00+00:00;0.099;;
966771;unknown;control;2022-06-25 21:30:00+00:00;0.11;;
966771;unknown;control;2022-06-25 21:45:00+00:00;0.109;;
966771;unknown;control;2022-06-25 22:00:00+00:00;0.119;;
966771;unknown;control;2022-06-25 22:15:00+00:00;0.115;;
966771;unknown;control;2022-06-25 22:30:00+00:00;0.106;;
966771;unknown;control;2022-06-25 22:45:00+00:00;0.105;;
966771;unknown;control;2022-06-25 23:00:00+00:00;0.125;;
966771;unknown;control;2022-06-25 23:15:00+00:00;0.108;;
966771;unknown;control;2022-06-25 23:30:00+00:00;1.358;;
966771;unknown;control;2022-06-25 23:45:00+00:00;1.326;;
966771;unknown;control;2022-06-26 00:00:00+00:00;1.325;;
966771;unknown;control;2022-06-26 00:15:00+00:00;1.332;;
966771;unknown;control;2022-06-26 00:30:00+00:00;1.337;;
966771;unknown;control;2022-06-26 00:45:00+00:00;1.349;;
966771;unknown;control;2022-06-26 01:00:00+00:00;1.361;;
966771;unknown;control;2022-06-26 01:15:00+00:00;1.312;;
966771;unknown;control;2022-06-26 01:30:00+00:00;0.101;;
966771;unknown;control;2022-06-26 01:45:00+00:00;0.107;;
966771;unknown;control;2022-06-26 02:00:00+00:00;0.109;;
966771;unknown;control;2022-06-26 02:15:00+00:00;0.105;;
966771;unknown;control;2022-06-26 02:30:00+00:00;0.109;;
966771;unknown;control;2022-06-26 02:45:00+00:00;0.101;;
966771;unknown;control;2022-06-26 03:00:00+00:00;0.109;;
966771;unknown;control;2022-06-26 03:15:00+00:00;0.113;;
966771;unknown;control;2022-06-26 03:30:00+00:00;0.101;;
966771;unknown;control;2022-06-26 03:45:00+00:00;0.105;;
966771;unknown;control;2022-06-26 04:00:00+00:00;0.108;;
966771;unknown;control;2022-06-26 04:15:00+00:00;0.105;;
966771;unknown;control;2022-06-26 04:30:00+00:00;0.111;;
966771;unknown;control;2022-06-26 04:45:00+00:00;0.103;;
966771;unknown;control;2022-06-26 05:00:00+00:00;0.106;;
966771;unknown;control;2022-06-26 05:15:00+00:00;0.111;;
966771;unknown;control;2022-06-26 05:30:00+00:00;0.103;;
966771;unknown;control;2022-06-26 05:45:00+00:00;0.137;;
966771;unknown;control;2022-06-26 06:00:00+00:00;0.116;;
966771;unknown;control;2022-06-26 06:15:00+00:00;0.103;;
966771;unknown;control;2022-06-26 06:30:00+00:00;0.128;;
966771;unknown;control;2022-06-26 06:45:00+00:00;0.102;;
966771;unknown;control;2022-06-26 07:00:00+00:00;0.109;;
966771;unknown;control;2022-06-26 07:15:00+00:00;0.461;;
966771;unknown;control;2022-06-26 07:30:00+00:00;0.124;;
966771;unknown;control;2022-06-26 07:45:00+00:00;0.255;;
966771;unknown;control;2022-06-26 08:00:00+00:00;0.118;;
966771;unknown;control;2022-06-26 08:15:00+00:00;0.113;;
966771;unknown;control;2022-06-26 08:30:00+00:00;0.14;;
966771;unknown;control;2022-06-26 08:45:00+00:00;0.149;;
966771;unknown;control;2022-06-26 09:00:00+00:00;0.315;;
966771;unknown;control;2022-06-26 09:15:00+00:00;0.271;;
966771;unknown;control;2022-06-26 09:30:00+00:00;0.47;;
966771;unknown;control;2022-06-26 09:45:00+00:00;0.307;;
966771;unknown;control;2022-06-26 10:00:00+00:00;0.256;;
966771;unknown;control;2022-06-26 10:15:00+00:00;0.138;;
966771;unknown;control;2022-06-26 10:30:00+00:00;0.123;;
966771;unknown;control;2022-06-26 10:45:00+00:00;0.13;;
966771;unknown;control;2022-06-26 11:00:00+00:00;0.12;;
966771;unknown;control;2022-06-26 11:15:00+00:00;0.11;;
966771;unknown;control;2022-06-26 11:30:00+00:00;0.12;;
966771;unknown;control;2022-06-26 11:45:00+00:00;0.117;;
966771;unknown;control;2022-06-26 12:00:00+00:00;0.112;;
966771;unknown;control;2022-06-26 12:15:00+00:00;0.136;;
966771;unknown;control;2022-06-26 12:30:00+00:00;0.108;;
966771;unknown;control;2022-06-26 12:45:00+00:00;0.109;;
966771;unknown;control;2022-06-26 13:00:00+00:00;0.132;;
966771;unknown;control;2022-06-26 13:15:00+00:00;0.107;;
966771;unknown;control;2022-06-26 13:30:00+00:00;0.243;;
966771;unknown;control;2022-06-26 13:45:00+00:00;0.266;;
966771;unknown;control;2022-06-26 14:00:00+00:00;0.36;;
966771;unknown;control;2022-06-26 14:15:00+00:00;0.154;;
966771;unknown;control;2022-06-26 14:30:00+00:00;0.141;;
966771;unknown;control;2022-06-26 14:45:00+00:00;0.15;;
966771;unknown;control;2022-06-26 15:00:00+00:00;0.212;;
966771;unknown;control;2022-06-26 15:15:00+00:00;0.139;;
966771;unknown;control;2022-06-26 15:30:00+00:00;0.143;;
966771;unknown;control;2022-06-26 15:45:00+00:00;0.139;;
966771;unknown;control;2022-06-26 16:00:00+00:00;0.121;;
966771;unknown;control;2022-06-26 16:15:00+00:00;0.117;;
966771;unknown;control;2022-06-26 16:30:00+00:00;0.116;;
966771;unknown;control;2022-06-26 16:45:00+00:00;0.114;;
966771;unknown;control;2022-06-26 17:00:00+00:00;0.122;;
966771;unknown;control;2022-06-26 17:15:00+00:00;0.125;;
966771;unknown;control;2022-06-26 17:30:00+00:00;0.169;;
966771;unknown;control;2022-06-26 17:45:00+00:00;0.154;;
966771;unknown;control;2022-06-26 18:00:00+00:00;0.193;;
966771;unknown;control;2022-06-26 18:15:00+00:00;0.147;;
966771;unknown;control;2022-06-26 18:30:00+00:00;0.154;;
966771;unknown;control;2022-06-26 18:45:00+00:00;0.165;;
966771;unknown;control;2022-06-26 19:00:00+00:00;0.148;;
966771;unknown;control;2022-06-26 19:15:00+00:00;0.136;;
966771;unknown;control;2022-06-26 19:30:00+00:00;0.153;;
966771;unknown;control;2022-06-26 19:45:00+00:00;0.158;;
966771;unknown;control;2022-06-26 20:00:00+00:00;0.177;;
966771;unknown;control;2022-06-26 20:15:00+00:00;0.158;;
966771;unknown;control;2022-06-26 20:30:00+00:00;0.129;;
966771;unknown;control;2022-06-26 20:45:00+00:00;0.096;;
966771;unknown;control;2022-06-26 21:00:00+00:00;0.102;;
966771;unknown;control;2022-06-26 21:15:00+00:00;0.106;;
966771;unknown;control;2022-06-26 21:30:00+00:00;0.093;;
966771;unknown;control;2022-06-26 21:45:00+00:00;0.099;;
966771;unknown;control;2022-06-26 22:00:00+00:00;0.104;;
966771;unknown;control;2022-06-26 22:15:00+00:00;0.097;;
966771;unknown;control;2022-06-26 22:30:00+00:00;0.102;;
966771;unknown;control;2022-06-26 22:45:00+00:00;0.1;;
966771;unknown;control;2022-06-26 23:00:00+00:00;0.098;;
966771;unknown;control;2022-06-26 23:15:00+00:00;0.102;;
966771;unknown;control;2022-06-26 23:30:00+00:00;1.336;;
966771;unknown;control;2022-06-26 23:45:00+00:00;1.324;;
966771;unknown;control;2022-06-27 00:00:00+00:00;1.326;;
966771;unknown;control;2022-06-27 00:15:00+00:00;1.313;;
966771;unknown;control;2022-06-27 00:30:00+00:00;1.332;;
966771;unknown;control;2022-06-27 00:45:00+00:00;1.349;;
966771;unknown;control;2022-06-27 01:00:00+00:00;1.35;;
966771;unknown;control;2022-06-27 01:15:00+00:00;0.343;;
966771;unknown;control;2022-06-27 01:30:00+00:00;0.095;;
966771;unknown;control;2022-06-27 01:45:00+00:00;0.1;;
966771;unknown;control;2022-06-27 02:00:00+00:00;0.107;;
966771;unknown;control;2022-06-27 02:15:00+00:00;0.093;;
966771;unknown;control;2022-06-27 02:30:00+00:00;0.098;;
966771;unknown;control;2022-06-27 02:45:00+00:00;0.103;;
966771;unknown;control;2022-06-27 03:00:00+00:00;0.095;;
966771;unknown;control;2022-06-27 03:15:00+00:00;0.098;;
966771;unknown;control;2022-06-27 03:30:00+00:00;0.094;;
966771;unknown;control;2022-06-27 03:45:00+00:00;0.101;;
966771;unknown;control;2022-06-27 04:00:00+00:00;0.118;;
966771;unknown;control;2022-06-27 04:15:00+00:00;0.092;;
966771;unknown;control;2022-06-27 04:30:00+00:00;0.1;;
966771;unknown;control;2022-06-27 04:45:00+00:00;0.118;;
966771;unknown;control;2022-06-27 05:00:00+00:00;0.107;;
966771;unknown;control;2022-06-27 05:15:00+00:00;0.104;;
966771;unknown;control;2022-06-27 05:30:00+00:00;0.106;;
966771;unknown;control;2022-06-27 05:45:00+00:00;0.334;;
966771;unknown;control;2022-06-27 06:00:00+00:00;0.381;;
966771;unknown;control;2022-06-27 06:15:00+00:00;0.163;;
966771;unknown;control;2022-06-27 06:30:00+00:00;0.327;;
966771;unknown;control;2022-06-27 06:45:00+00:00;0.261;;
966771;unknown;control;2022-06-27 07:00:00+00:00;0.291;;
966771;unknown;control;2022-06-27 07:15:00+00:00;0.297;;
966771;unknown;control;2022-06-27 07:30:00+00:00;0.11;;
966771;unknown;control;2022-06-27 07:45:00+00:00;0.104;;
966771;unknown;control;2022-06-27 08:00:00+00:00;0.132;;
966771;unknown;control;2022-06-27 08:15:00+00:00;0.129;;
966771;unknown;control;2022-06-27 08:30:00+00:00;0.121;;
966771;unknown;control;2022-06-27 08:45:00+00:00;0.127;;
966771;unknown;control;2022-06-27 09:00:00+00:00;0.118;;
966771;unknown;control;2022-06-27 09:15:00+00:00;0.12;;
966771;unknown;control;2022-06-27 09:30:00+00:00;0.438;;
966771;unknown;control;2022-06-27 09:45:00+00:00;0.447;;
966771;unknown;control;2022-06-27 10:00:00+00:00;0.13;;
966771;unknown;control;2022-06-27 10:15:00+00:00;0.125;;
966771;unknown;control;2022-06-27 10:30:00+00:00;0.101;;
966771;unknown;control;2022-06-27 10:45:00+00:00;0.111;;
966771;unknown;control;2022-06-27 11:00:00+00:00;0.103;;
966771;unknown;control;2022-06-27 11:15:00+00:00;0.115;;
966771;unknown;control;2022-06-27 11:30:00+00:00;0.127;;
966771;unknown;control;2022-06-27 11:45:00+00:00;0.15;;
966771;unknown;control;2022-06-27 12:00:00+00:00;0.808;;
966771;unknown;control;2022-06-27 12:15:00+00:00;0.254;;
966771;unknown;control;2022-06-27 12:30:00+00:00;0.15;;
966771;unknown;control;2022-06-27 12:45:00+00:00;0.15;;
966771;unknown;control;2022-06-27 13:00:00+00:00;0.147;;
966771;unknown;control;2022-06-27 13:15:00+00:00;0.125;;
966771;unknown;control;2022-06-27 13:30:00+00:00;0.117;;
966771;unknown;control;2022-06-27 13:45:00+00:00;0.109;;
966771;unknown;control;2022-06-27 14:00:00+00:00;0.164;;
966771;unknown;control;2022-06-27 14:15:00+00:00;0.255;;
966771;unknown;control;2022-06-27 14:30:00+00:00;0.283;;
966771;unknown;control;2022-06-27 14:45:00+00:00;0.308;;
966771;unknown;control;2022-06-27 15:00:00+00:00;0.297;;
966771;unknown;control;2022-06-27 15:15:00+00:00;0.285;;
966771;unknown;control;2022-06-27 15:30:00+00:00;0.172;;
966771;unknown;control;2022-06-27 15:45:00+00:00;0.102;;
966771;unknown;control;2022-06-27 16:00:00+00:00;0.105;;
966771;unknown;control;2022-06-27 16:15:00+00:00;0.107;;
966771;unknown;control;2022-06-27 16:30:00+00:00;0.097;;
966771;unknown;control;2022-06-27 16:45:00+00:00;0.119;;
966771;unknown;control;2022-06-27 17:00:00+00:00;0.137;;
966771;unknown;control;2022-06-27 17:15:00+00:00;0.1;;
966771;unknown;control;2022-06-27 17:30:00+00:00;0.11;;
966771;unknown;control;2022-06-27 17:45:00+00:00;0.099;;
966771;unknown;control;2022-06-27 18:00:00+00:00;0.1;;
966771;unknown;control;2022-06-27 18:15:00+00:00;0.11;;
966771;unknown;control;2022-06-27 18:30:00+00:00;0.102;;
966771;unknown;control;2022-06-27 18:45:00+00:00;0.101;;
966771;unknown;control;2022-06-27 19:00:00+00:00;0.101;;
966771;unknown;control;2022-06-27 19:15:00+00:00;0.1;;
966771;unknown;control;2022-06-27 19:30:00+00:00;0.115;;
966771;unknown;control;2022-06-27 19:45:00+00:00;0.111;;
966771;unknown;control;2022-06-27 20:00:00+00:00;0.11;;
966771;unknown;control;2022-06-27 20:15:00+00:00;0.123;;
966771;unknown;control;2022-06-27 20:30:00+00:00;0.101;;
966771;unknown;control;2022-06-27 20:45:00+00:00;0.092;;
966771;unknown;control;2022-06-27 21:00:00+00:00;0.098;;
966771;unknown;control;2022-06-27 21:15:00+00:00;0.095;;
966771;unknown;control;2022-06-27 21:30:00+00:00;0.102;;
966771;unknown;control;2022-06-27 21:45:00+00:00;0.097;;
966771;unknown;control;2022-06-27 22:00:00+00:00;0.1;;
966771;unknown;control;2022-06-27 22:15:00+00:00;0.106;;
966771;unknown;control;2022-06-27 22:30:00+00:00;0.097;;
966771;unknown;control;2022-06-27 22:45:00+00:00;0.094;;
966771;unknown;control;2022-06-27 23:00:00+00:00;0.099;;
966771;unknown;control;2022-06-27 23:15:00+00:00;0.089;;
966771;unknown;control;2022-06-27 23:30:00+00:00;1.349;;
966771;unknown;control;2022-06-27 23:45:00+00:00;1.304;;
966771;unknown;control;2022-06-28 00:00:00+00:00;1.304;;
966771;unknown;control;2022-06-28 00:15:00+00:00;1.327;;
966771;unknown;control;2022-06-28 00:30:00+00:00;1.33;;
966771;unknown;control;2022-06-28 00:45:00+00:00;0.125;;
966771;unknown;control;2022-06-28 01:00:00+00:00;0.095;;
966771;unknown;control;2022-06-28 01:15:00+00:00;0.09;;
966771;unknown;control;2022-06-28 01:30:00+00:00;0.094;;
966771;unknown;control;2022-06-28 01:45:00+00:00;0.095;;
966771;unknown;control;2022-06-28 02:00:00+00:00;0.091;;
966771;unknown;control;2022-06-28 02:15:00+00:00;0.105;;
966771;unknown;control;2022-06-28 02:30:00+00:00;0.093;;
966771;unknown;control;2022-06-28 02:45:00+00:00;0.086;;
966771;unknown;control;2022-06-28 03:00:00+00:00;0.098;;
966771;unknown;control;2022-06-28 03:15:00+00:00;0.092;;
966771;unknown;control;2022-06-28 03:30:00+00:00;0.089;;
966771;unknown;control;2022-06-28 03:45:00+00:00;0.096;;
966771;unknown;control;2022-06-28 04:00:00+00:00;0.091;;
966771;unknown;control;2022-06-28 04:15:00+00:00;0.096;;
966771;unknown;control;2022-06-28 04:30:00+00:00;0.091;;
966771;unknown;control;2022-06-28 04:45:00+00:00;0.114;;
966771;unknown;control;2022-06-28 05:00:00+00:00;0.11;;
966771;unknown;control;2022-06-28 05:15:00+00:00;0.097;;
966771;unknown;control;2022-06-28 05:30:00+00:00;0.1;;
966771;unknown;control;2022-06-28 05:45:00+00:00;0.101;;
966771;unknown;control;2022-06-28 06:00:00+00:00;0.09;;
966771;unknown;control;2022-06-28 06:15:00+00:00;0.096;;
966771;unknown;control;2022-06-28 06:30:00+00:00;0.108;;
966771;unknown;control;2022-06-28 06:45:00+00:00;0.089;;
966771;unknown;control;2022-06-28 07:00:00+00:00;0.108;;
966771;unknown;control;2022-06-28 07:15:00+00:00;0.104;;
966771;unknown;control;2022-06-28 07:30:00+00:00;0.104;;
966771;unknown;control;2022-06-28 07:45:00+00:00;0.114;;
966771;unknown;control;2022-06-28 08:00:00+00:00;0.112;;
966771;unknown;control;2022-06-28 08:15:00+00:00;0.109;;
966771;unknown;control;2022-06-28 08:30:00+00:00;0.123;;
966771;unknown;control;2022-06-28 08:45:00+00:00;0.101;;
966771;unknown;control;2022-06-28 09:00:00+00:00;0.11;;
966771;unknown;control;2022-06-28 09:15:00+00:00;0.114;;
966771;unknown;control;2022-06-28 09:30:00+00:00;0.104;;
966771;unknown;control;2022-06-28 09:45:00+00:00;0.118;;
966771;unknown;control;2022-06-28 10:00:00+00:00;0.111;;
966771;unknown;control;2022-06-28 10:15:00+00:00;0.102;;
966771;unknown;control;2022-06-28 10:30:00+00:00;0.113;;
966771;unknown;control;2022-06-28 10:45:00+00:00;0.124;;
966771;unknown;control;2022-06-28 11:00:00+00:00;0.093;;
966771;unknown;control;2022-06-28 11:15:00+00:00;0.125;;
966771;unknown;control;2022-06-28 11:30:00+00:00;0.095;;
966771;unknown;control;2022-06-28 11:45:00+00:00;0.102;;
966771;unknown;control;2022-06-28 12:00:00+00:00;0.097;;
966771;unknown;control;2022-06-28 12:15:00+00:00;0.088;;
966771;unknown;control;2022-06-28 12:30:00+00:00;0.147;;
966771;unknown;control;2022-06-28 12:45:00+00:00;0.403;;
966771;unknown;control;2022-06-28 13:00:00+00:00;0.096;;
966771;unknown;control;2022-06-28 13:15:00+00:00;0.103;;
966771;unknown;control;2022-06-28 13:30:00+00:00;0.106;;
966771;unknown;control;2022-06-28 13:45:00+00:00;0.118;;
966771;unknown;control;2022-06-28 14:00:00+00:00;0.15;;
966771;unknown;control;2022-06-28 14:15:00+00:00;0.108;;
966771;unknown;control;2022-06-28 14:30:00+00:00;0.111;;
966771;unknown;control;2022-06-28 14:45:00+00:00;0.109;;
966771;unknown;control;2022-06-28 15:00:00+00:00;0.095;;
966771;unknown;control;2022-06-28 15:15:00+00:00;0.104;;
966771;unknown;control;2022-06-28 15:30:00+00:00;0.14;;
966771;unknown;control;2022-06-28 15:45:00+00:00;0.637;;
966771;unknown;control;2022-06-28 16:00:00+00:00;0.277;;
966771;unknown;control;2022-06-28 16:15:00+00:00;0.26;;
966771;unknown;control;2022-06-28 16:30:00+00:00;0.494;;
966771;unknown;control;2022-06-28 16:45:00+00:00;0.105;;
966771;unknown;control;2022-06-28 17:00:00+00:00;0.094;;
966771;unknown;control;2022-06-28 17:15:00+00:00;0.107;;
966771;unknown;control;2022-06-28 17:30:00+00:00;0.137;;
966771;unknown;control;2022-06-28 17:45:00+00:00;0.57;;
966771;unknown;control;2022-06-28 18:00:00+00:00;0.257;;
966771;unknown;control;2022-06-28 18:15:00+00:00;0.398;;
966771;unknown;control;2022-06-28 18:30:00+00:00;0.19;;
966771;unknown;control;2022-06-28 18:45:00+00:00;0.14;;
966771;unknown;control;2022-06-28 19:00:00+00:00;0.134;;
966771;unknown;control;2022-06-28 19:15:00+00:00;0.151;;
966771;unknown;control;2022-06-28 19:30:00+00:00;0.148;;
966771;unknown;control;2022-06-28 19:45:00+00:00;0.14;;
966771;unknown;control;2022-06-28 20:00:00+00:00;0.141;;
966771;unknown;control;2022-06-28 20:15:00+00:00;0.143;;
966771;unknown;control;2022-06-28 20:30:00+00:00;0.134;;
966771;unknown;control;2022-06-28 20:45:00+00:00;0.126;;
966771;unknown;control;2022-06-28 21:00:00+00:00;0.103;;
966771;unknown;control;2022-06-28 21:15:00+00:00;0.099;;
966771;unknown;control;2022-06-28 21:30:00+00:00;0.104;;
966771;unknown;control;2022-06-28 21:45:00+00:00;0.098;;
966771;unknown;control;2022-06-28 22:00:00+00:00;0.093;;
966771;unknown;control;2022-06-28 22:15:00+00:00;0.101;;
966771;unknown;control;2022-06-28 22:30:00+00:00;0.099;;
966771;unknown;control;2022-06-28 22:45:00+00:00;0.101;;
966771;unknown;control;2022-06-28 23:00:00+00:00;0.101;;
966771;unknown;control;2022-06-28 23:15:00+00:00;0.096;;
966771;unknown;control;2022-06-28 23:30:00+00:00;1.351;;
966771;unknown;control;2022-06-28 23:45:00+00:00;1.302;;
966771;unknown;control;2022-06-29 00:00:00+00:00;1.307;;
966771;unknown;control;2022-06-29 00:15:00+00:00;1.321;;
966771;unknown;control;2022-06-29 00:30:00+00:00;0.715;;
966771;unknown;control;2022-06-29 00:45:00+00:00;0.099;;
966771;unknown;control;2022-06-29 01:00:00+00:00;0.1;;
966771;unknown;control;2022-06-29 01:15:00+00:00;0.093;;
966771;unknown;control;2022-06-29 01:30:00+00:00;0.105;;
966771;unknown;control;2022-06-29 01:45:00+00:00;0.101;;
966771;unknown;control;2022-06-29 02:00:00+00:00;0.1;;
966771;unknown;control;2022-06-29 02:15:00+00:00;0.101;;
966771;unknown;control;2022-06-29 02:30:00+00:00;0.093;;
966771;unknown;control;2022-06-29 02:45:00+00:00;0.099;;
966771;unknown;control;2022-06-29 03:00:00+00:00;0.099;;
966771;unknown;control;2022-06-29 03:15:00+00:00;0.096;;
966771;unknown;control;2022-06-29 03:30:00+00:00;0.105;;
966771;unknown;control;2022-06-29 03:45:00+00:00;0.095;;
966771;unknown;control;2022-06-29 04:00:00+00:00;0.097;;
966771;unknown;control;2022-06-29 04:15:00+00:00;0.115;;
966771;unknown;control;2022-06-29 04:30:00+00:00;0.114;;
966771;unknown;control;2022-06-29 04:45:00+00:00;0.104;;
966771;unknown;control;2022-06-29 05:00:00+00:00;0.11;;
966771;unknown;control;2022-06-29 05:15:00+00:00;0.089;;
966771;unknown;control;2022-06-29 05:30:00+00:00;0.123;;
966771;unknown;control;2022-06-29 05:45:00+00:00;0.386;;
966771;unknown;control;2022-06-29 06:00:00+00:00;0.123;;
966771;unknown;control;2022-06-29 06:15:00+00:00;0.146;;
966771;unknown;control;2022-06-29 06:30:00+00:00;0.16;;
966771;unknown;control;2022-06-29 06:45:00+00:00;0.106;;
966771;unknown;control;2022-06-29 07:00:00+00:00;0.114;;
966771;unknown;control;2022-06-29 07:15:00+00:00;0.109;;
966771;unknown;control;2022-06-29 07:30:00+00:00;0.109;;
966771;unknown;control;2022-06-29 07:45:00+00:00;0.117;;
966771;unknown;control;2022-06-29 08:00:00+00:00;0.113;;
966771;unknown;control;2022-06-29 08:15:00+00:00;0.136;;
966771;unknown;control;2022-06-29 08:30:00+00:00;0.311;;
966771;unknown;control;2022-06-29 08:45:00+00:00;0.306;;
966771;unknown;control;2022-06-29 09:00:00+00:00;0.144;;
966771;unknown;control;2022-06-29 09:15:00+00:00;0.327;;
966771;unknown;control;2022-06-29 09:30:00+00:00;0.47;;
966771;unknown;control;2022-06-29 09:45:00+00:00;0.233;;
966771;unknown;control;2022-06-29 10:00:00+00:00;0.108;;
966771;unknown;control;2022-06-29 10:15:00+00:00;0.12;;
966771;unknown;control;2022-06-29 10:30:00+00:00;0.143;;
966771;unknown;control;2022-06-29 10:45:00+00:00;0.108;;
966771;unknown;control;2022-06-29 11:00:00+00:00;0.135;;
966771;unknown;control;2022-06-29 11:15:00+00:00;0.131;;
966771;unknown;control;2022-06-29 11:30:00+00:00;0.121;;
966771;unknown;control;2022-06-29 11:45:00+00:00;0.193;;
966771;unknown;control;2022-06-29 12:00:00+00:00;0.151;;
966771;unknown;control;2022-06-29 12:15:00+00:00;0.175;;
966771;unknown;control;2022-06-29 12:30:00+00:00;0.113;;
966771;unknown;control;2022-06-29 12:45:00+00:00;0.207;;
966771;unknown;control;2022-06-29 13:00:00+00:00;0.229;;
966771;unknown;control;2022-06-29 13:15:00+00:00;0.178;;
966771;unknown;control;2022-06-29 13:30:00+00:00;0.152;;
966771;unknown;control;2022-06-29 13:45:00+00:00;0.128;;
966771;unknown;control;2022-06-29 14:00:00+00:00;0.119;;
966771;unknown;control;2022-06-29 14:15:00+00:00;0.098;;
966771;unknown;control;2022-06-29 14:30:00+00:00;0.117;;
966771;unknown;control;2022-06-29 14:45:00+00:00;0.114;;
966771;unknown;control;2022-06-29 15:00:00+00:00;0.15;;
966771;unknown;control;2022-06-29 15:15:00+00:00;0.17;;
966771;unknown;control;2022-06-29 15:30:00+00:00;0.126;;
966771;unknown;control;2022-06-29 15:45:00+00:00;0.102;;
966771;unknown;control;2022-06-29 16:00:00+00:00;0.105;;
966771;unknown;control;2022-06-29 16:15:00+00:00;0.096;;
966771;unknown;control;2022-06-29 16:30:00+00:00;0.097;;
966771;unknown;control;2022-06-29 16:45:00+00:00;0.106;;
966771;unknown;control;2022-06-29 17:00:00+00:00;0.099;;
966771;unknown;control;2022-06-29 17:15:00+00:00;0.111;;
966771;unknown;control;2022-06-29 17:30:00+00:00;0.113;;
966771;unknown;control;2022-06-29 17:45:00+00:00;0.115;;
966771;unknown;control;2022-06-29 18:00:00+00:00;0.115;;
966771;unknown;control;2022-06-29 18:15:00+00:00;0.133;;
966771;unknown;control;2022-06-29 18:30:00+00:00;0.12;;
966771;unknown;control;2022-06-29 18:45:00+00:00;0.124;;
966771;unknown;control;2022-06-29 19:00:00+00:00;0.106;;
966771;unknown;control;2022-06-29 19:15:00+00:00;0.111;;
966771;unknown;control;2022-06-29 19:30:00+00:00;0.202;;
966771;unknown;control;2022-06-29 19:45:00+00:00;0.231;;
966771;unknown;control;2022-06-29 20:00:00+00:00;0.246;;
966771;unknown;control;2022-06-29 20:15:00+00:00;0.239;;
966771;unknown;control;2022-06-29 20:30:00+00:00;0.214;;
966771;unknown;control;2022-06-29 20:45:00+00:00;0.238;;
966771;unknown;control;2022-06-29 21:00:00+00:00;0.22;;
966771;unknown;control;2022-06-29 21:15:00+00:00;0.212;;
966771;unknown;control;2022-06-29 21:30:00+00:00;0.131;;
966771;unknown;control;2022-06-29 21:45:00+00:00;0.107;;
966771;unknown;control;2022-06-29 22:00:00+00:00;0.104;;
966771;unknown;control;2022-06-29 22:15:00+00:00;0.133;;
966771;unknown;control;2022-06-29 22:30:00+00:00;0.156;;
966771;unknown;control;2022-06-29 22:45:00+00:00;0.103;;
966771;unknown;control;2022-06-29 23:00:00+00:00;0.113;;
966771;unknown;control;2022-06-29 23:15:00+00:00;0.114;;
966771;unknown;control;2022-06-29 23:30:00+00:00;1.356;;
966771;unknown;control;2022-06-29 23:45:00+00:00;1.299;;
966771;unknown;control;2022-06-30 00:00:00+00:00;1.305;;
966771;unknown;control;2022-06-30 00:15:00+00:00;1.314;;
966771;unknown;control;2022-06-30 00:30:00+00:00;1.333;;
966771;unknown;control;2022-06-30 00:45:00+00:00;1.316;;
966771;unknown;control;2022-06-30 01:00:00+00:00;0.1;;
966771;unknown;control;2022-06-30 01:15:00+00:00;0.096;;
966771;unknown;control;2022-06-30 01:30:00+00:00;0.102;;
966771;unknown;control;2022-06-30 01:45:00+00:00;0.093;;
966771;unknown;control;2022-06-30 02:00:00+00:00;0.101;;
966771;unknown;control;2022-06-30 02:15:00+00:00;0.106;;
966771;unknown;control;2022-06-30 02:30:00+00:00;0.089;;
966771;unknown;control;2022-06-30 02:45:00+00:00;0.1;;
966771;unknown;control;2022-06-30 03:00:00+00:00;0.101;;
966771;unknown;control;2022-06-30 03:15:00+00:00;0.092;;
966771;unknown;control;2022-06-30 03:30:00+00:00;0.102;;
966771;unknown;control;2022-06-30 03:45:00+00:00;0.105;;
966771;unknown;control;2022-06-30 04:00:00+00:00;0.095;;
966771;unknown;control;2022-06-30 04:15:00+00:00;0.107;;
966771;unknown;control;2022-06-30 04:30:00+00:00;0.1;;
966771;unknown;control;2022-06-30 04:45:00+00:00;0.117;;
966771;unknown;control;2022-06-30 05:00:00+00:00;0.117;;
966771;unknown;control;2022-06-30 05:15:00+00:00;0.092;;
966771;unknown;control;2022-06-30 05:30:00+00:00;0.1;;
966771;unknown;control;2022-06-30 05:45:00+00:00;0.102;;
966771;unknown;control;2022-06-30 06:00:00+00:00;0.117;;
966771;unknown;control;2022-06-30 06:15:00+00:00;0.108;;
966771;unknown;control;2022-06-30 06:30:00+00:00;0.099;;
966771;unknown;control;2022-06-30 06:45:00+00:00;0.104;;
966771;unknown;control;2022-06-30 07:00:00+00:00;0.099;;
966771;unknown;control;2022-06-30 07:15:00+00:00;0.103;;
966771;unknown;control;2022-06-30 07:30:00+00:00;0.106;;
966771;unknown;control;2022-06-30 07:45:00+00:00;0.099;;
966771;unknown;control;2022-06-30 08:00:00+00:00;0.104;;
966771;unknown;control;2022-06-30 08:15:00+00:00;0.119;;
966771;unknown;control;2022-06-30 08:30:00+00:00;0.265;;
966771;unknown;control;2022-06-30 08:45:00+00:00;0.419;;
966771;unknown;control;2022-06-30 09:00:00+00:00;0.114;;
966771;unknown;control;2022-06-30 09:15:00+00:00;0.104;;
966771;unknown;control;2022-06-30 09:30:00+00:00;0.109;;
966771;unknown;control;2022-06-30 09:45:00+00:00;0.106;;
966771;unknown;control;2022-06-30 10:00:00+00:00;0.126;;
966771;unknown;control;2022-06-30 10:15:00+00:00;0.117;;
966771;unknown;control;2022-06-30 10:30:00+00:00;0.106;;
966771;unknown;control;2022-06-30 10:45:00+00:00;0.111;;
966771;unknown;control;2022-06-30 11:00:00+00:00;0.227;;
966771;unknown;control;2022-06-30 11:15:00+00:00;0.523;;
966771;unknown;control;2022-06-30 11:30:00+00:00;0.124;;
966771;unknown;control;2022-06-30 11:45:00+00:00;0.136;;
966771;unknown;control;2022-06-30 12:00:00+00:00;0.33;;
966771;unknown;control;2022-06-30 12:15:00+00:00;0.1;;
966771;unknown;control;2022-06-30 12:30:00+00:00;0.101;;
966771;unknown;control;2022-06-30 12:45:00+00:00;0.251;;
966771;unknown;control;2022-06-30 13:00:00+00:00;0.138;;
966771;unknown;control;2022-06-30 13:15:00+00:00;0.211;;
966771;unknown;control;2022-06-30 13:30:00+00:00;0.135;;
966771;unknown;control;2022-06-30 13:45:00+00:00;0.103;;
966771;unknown;control;2022-06-30 14:00:00+00:00;0.104;;
966771;unknown;control;2022-06-30 14:15:00+00:00;0.099;;
966771;unknown;control;2022-06-30 14:30:00+00:00;0.101;;
966771;unknown;control;2022-06-30 14:45:00+00:00;0.111;;
966771;unknown;control;2022-06-30 15:00:00+00:00;0.178;;
966771;unknown;control;2022-06-30 15:15:00+00:00;0.183;;
966771;unknown;control;2022-06-30 15:30:00+00:00;0.113;;
966771;unknown;control;2022-06-30 15:45:00+00:00;0.1;;
966771;unknown;control;2022-06-30 16:00:00+00:00;0.104;;
966771;unknown;control;2022-06-30 16:15:00+00:00;0.103;;
966771;unknown;control;2022-06-30 16:30:00+00:00;0.101;;
966771;unknown;control;2022-06-30 16:45:00+00:00;0.112;;
966771;unknown;control;2022-06-30 17:00:00+00:00;0.11;;
966771;unknown;control;2022-06-30 17:15:00+00:00;0.11;;
966771;unknown;control;2022-06-30 17:30:00+00:00;0.152;;
966771;unknown;control;2022-06-30 17:45:00+00:00;0.238;;
966771;unknown;control;2022-06-30 18:00:00+00:00;0.265;;
966771;unknown;control;2022-06-30 18:15:00+00:00;0.273;;
966771;unknown;control;2022-06-30 18:30:00+00:00;0.26;;
966771;unknown;control;2022-06-30 18:45:00+00:00;0.249;;
966771;unknown;control;2022-06-30 19:00:00+00:00;0.198;;
966771;unknown;control;2022-06-30 19:15:00+00:00;0.153;;
966771;unknown;control;2022-06-30 19:30:00+00:00;0.147;;
966771;unknown;control;2022-06-30 19:45:00+00:00;0.191;;
966771;unknown;control;2022-06-30 20:00:00+00:00;0.177;;
966771;unknown;control;2022-06-30 20:15:00+00:00;0.16;;
966771;unknown;control;2022-06-30 20:30:00+00:00;0.133;;
966771;unknown;control;2022-06-30 20:45:00+00:00;0.108;;
966771;unknown;control;2022-06-30 21:00:00+00:00;0.11;;
966771;unknown;control;2022-06-30 21:15:00+00:00;0.101;;
966771;unknown;control;2022-06-30 21:30:00+00:00;0.101;;
966771;unknown;control;2022-06-30 21:45:00+00:00;0.101;;
966771;unknown;control;2022-06-30 22:00:00+00:00;0.104;;
966771;unknown;control;2022-06-30 22:15:00+00:00;0.094;;
966771;unknown;control;2022-06-30 22:30:00+00:00;0.099;;
966771;unknown;control;2022-06-30 22:45:00+00:00;0.104;;
966771;unknown;control;2022-06-30 23:00:00+00:00;0.1;;
966771;unknown;control;2022-06-30 23:15:00+00:00;0.098;;
966771;unknown;control;2022-06-30 23:30:00+00:00;1.334;;
966771;unknown;control;2022-06-30 23:45:00+00:00;1.307;;
966771;unknown;control;2022-07-01 00:00:00+00:00;1.315;;
966771;unknown;control;2022-07-01 00:15:00+00:00;1.311;;
966771;unknown;control;2022-07-01 00:30:00+00:00;0.787;;
966771;unknown;control;2022-07-01 00:45:00+00:00;0.108;;
966771;unknown;control;2022-07-01 01:00:00+00:00;0.089;;
966771;unknown;control;2022-07-01 01:15:00+00:00;0.097;;
966771;unknown;control;2022-07-01 01:30:00+00:00;0.1;;
966771;unknown;control;2022-07-01 01:45:00+00:00;0.09;;
966771;unknown;control;2022-07-01 02:00:00+00:00;0.098;;
966771;unknown;control;2022-07-01 02:15:00+00:00;0.102;;
966771;unknown;control;2022-07-01 02:30:00+00:00;0.1;;
966771;unknown;control;2022-07-01 02:45:00+00:00;0.102;;
966771;unknown;control;2022-07-01 03:00:00+00:00;0.095;;
966771;unknown;control;2022-07-01 03:15:00+00:00;0.098;;
966771;unknown;control;2022-07-01 03:30:00+00:00;0.1;;
966771;unknown;control;2022-07-01 03:45:00+00:00;0.087;;
966771;unknown;control;2022-07-01 04:00:00+00:00;0.099;;
966771;unknown;control;2022-07-01 04:15:00+00:00;0.098;;
966771;unknown;control;2022-07-01 04:30:00+00:00;0.098;;
966771;unknown;control;2022-07-01 04:45:00+00:00;0.116;;
966771;unknown;control;2022-07-01 05:00:00+00:00;0.101;;
966771;unknown;control;2022-07-01 05:15:00+00:00;0.112;;
966771;unknown;control;2022-07-01 05:30:00+00:00;0.105;;
966771;unknown;control;2022-07-01 05:45:00+00:00;0.132;;
966771;unknown;control;2022-07-01 06:00:00+00:00;0.127;;
966771;unknown;control;2022-07-01 06:15:00+00:00;0.126;;
966771;unknown;control;2022-07-01 06:30:00+00:00;0.125;;
966771;unknown;control;2022-07-01 06:45:00+00:00;0.138;;
966771;unknown;control;2022-07-01 07:00:00+00:00;0.133;;
966771;unknown;control;2022-07-01 07:15:00+00:00;0.12;;
966771;unknown;control;2022-07-01 07:30:00+00:00;0.142;;
966771;unknown;control;2022-07-01 07:45:00+00:00;0.138;;
966771;unknown;control;2022-07-01 08:00:00+00:00;0.109;;
966771;unknown;control;2022-07-01 08:15:00+00:00;0.129;;
966771;unknown;control;2022-07-01 08:30:00+00:00;0.104;;
966771;unknown;control;2022-07-01 08:45:00+00:00;0.114;;
966771;unknown;control;2022-07-01 09:00:00+00:00;0.105;;
966771;unknown;control;2022-07-01 09:15:00+00:00;0.099;;
966771;unknown;control;2022-07-01 09:30:00+00:00;0.108;;
966771;unknown;control;2022-07-01 09:45:00+00:00;0.675;;
966771;unknown;control;2022-07-01 10:00:00+00:00;0.197;;
966771;unknown;control;2022-07-01 10:15:00+00:00;0.112;;
966771;unknown;control;2022-07-01 10:30:00+00:00;0.132;;
966771;unknown;control;2022-07-01 10:45:00+00:00;0.129;;
966771;unknown;control;2022-07-01 11:00:00+00:00;0.117;;
966771;unknown;control;2022-07-01 11:15:00+00:00;0.107;;
966771;unknown;control;2022-07-01 11:30:00+00:00;0.115;;
966771;unknown;control;2022-07-01 11:45:00+00:00;0.133;;
966771;unknown;control;2022-07-01 12:00:00+00:00;0.155;;
966771;unknown;control;2022-07-01 12:15:00+00:00;0.158;;
966771;unknown;control;2022-07-01 12:30:00+00:00;0.137;;
966771;unknown;control;2022-07-01 12:45:00+00:00;0.134;;
966771;unknown;control;2022-07-01 13:00:00+00:00;0.132;;
966771;unknown;control;2022-07-01 13:15:00+00:00;0.105;;
966771;unknown;control;2022-07-01 13:30:00+00:00;0.108;;
966771;unknown;control;2022-07-01 13:45:00+00:00;0.101;;
966771;unknown;control;2022-07-01 14:00:00+00:00;0.101;;
966771;unknown;control;2022-07-01 14:15:00+00:00;0.109;;
966771;unknown;control;2022-07-01 14:30:00+00:00;0.101;;
966771;unknown;control;2022-07-01 14:45:00+00:00;0.1;;
966771;unknown;control;2022-07-01 15:00:00+00:00;0.101;;
966771;unknown;control;2022-07-01 15:15:00+00:00;0.099;;
966771;unknown;control;2022-07-01 15:30:00+00:00;0.108;;
966771;unknown;control;2022-07-01 15:45:00+00:00;0.1;;
966771;unknown;control;2022-07-01 16:00:00+00:00;0.096;;
966771;unknown;control;2022-07-01 16:15:00+00:00;0.11;;
966771;unknown;control;2022-07-01 16:30:00+00:00;0.109;;
966771;unknown;control;2022-07-01 16:45:00+00:00;0.11;;
966771;unknown;control;2022-07-01 17:00:00+00:00;0.11;;
966771;unknown;control;2022-07-01 17:15:00+00:00;0.104;;
966771;unknown;control;2022-07-01 17:30:00+00:00;0.113;;
966771;unknown;control;2022-07-01 17:45:00+00:00;0.11;;
966771;unknown;control;2022-07-01 18:00:00+00:00;0.105;;
966771;unknown;control;2022-07-01 18:15:00+00:00;0.116;;
966771;unknown;control;2022-07-01 18:30:00+00:00;0.107;;
966771;unknown;control;2022-07-01 18:45:00+00:00;0.107;;
966771;unknown;control;2022-07-01 19:00:00+00:00;0.111;;
966771;unknown;control;2022-07-01 19:15:00+00:00;0.119;;
966771;unknown;control;2022-07-01 19:30:00+00:00;0.121;;
966771;unknown;control;2022-07-01 19:45:00+00:00;0.115;;
966771;unknown;control;2022-07-01 20:00:00+00:00;0.106;;
966771;unknown;control;2022-07-01 20:15:00+00:00;0.117;;
966771;unknown;control;2022-07-01 20:30:00+00:00;0.1;;
966771;unknown;control;2022-07-01 20:45:00+00:00;0.095;;
966771;unknown;control;2022-07-01 21:00:00+00:00;0.13;;
966771;unknown;control;2022-07-01 21:15:00+00:00;0.11;;
966771;unknown;control;2022-07-01 21:30:00+00:00;0.109;;
966771;unknown;control;2022-07-01 21:45:00+00:00;0.103;;
966771;unknown;control;2022-07-01 22:00:00+00:00;0.095;;
966771;unknown;control;2022-07-01 22:15:00+00:00;0.107;;
966771;unknown;control;2022-07-01 22:30:00+00:00;0.098;;
966771;unknown;control;2022-07-01 22:45:00+00:00;0.098;;
966771;unknown;control;2022-07-01 23:00:00+00:00;0.103;;
966771;unknown;control;2022-07-01 23:15:00+00:00;0.1;;
966771;unknown;control;2022-07-01 23:30:00+00:00;1.343;;
966771;unknown;control;2022-07-01 23:45:00+00:00;1.308;;
966771;unknown;control;2022-07-02 00:00:00+00:00;1.289;;
966771;unknown;control;2022-07-02 00:15:00+00:00;1.317;;
966771;unknown;control;2022-07-02 00:30:00+00:00;1.322;;
966771;unknown;control;2022-07-02 00:45:00+00:00;1.342;;
966771;unknown;control;2022-07-02 01:00:00+00:00;0.503;;
966771;unknown;control;2022-07-02 01:15:00+00:00;0.1;;
966771;unknown;control;2022-07-02 01:30:00+00:00;0.106;;
966771;unknown;control;2022-07-02 01:45:00+00:00;0.1;;
966771;unknown;control;2022-07-02 02:00:00+00:00;0.099;;
966771;unknown;control;2022-07-02 02:15:00+00:00;0.11;;
966771;unknown;control;2022-07-02 02:30:00+00:00;0.101;;
966771;unknown;control;2022-07-02 02:45:00+00:00;0.1;;
966771;unknown;control;2022-07-02 03:00:00+00:00;0.107;;
966771;unknown;control;2022-07-02 03:15:00+00:00;0.098;;
966771;unknown;control;2022-07-02 03:30:00+00:00;0.097;;
966771;unknown;control;2022-07-02 03:45:00+00:00;0.098;;
966771;unknown;control;2022-07-02 04:00:00+00:00;0.099;;
966771;unknown;control;2022-07-02 04:15:00+00:00;0.109;;
966771;unknown;control;2022-07-02 04:30:00+00:00;0.093;;
966771;unknown;control;2022-07-02 04:45:00+00:00;0.094;;
966771;unknown;control;2022-07-02 05:00:00+00:00;0.109;;
966771;unknown;control;2022-07-02 05:15:00+00:00;0.117;;
966771;unknown;control;2022-07-02 05:30:00+00:00;0.104;;
966771;unknown;control;2022-07-02 05:45:00+00:00;0.111;;
966771;unknown;control;2022-07-02 06:00:00+00:00;0.108;;
966771;unknown;control;2022-07-02 06:15:00+00:00;0.141;;
966771;unknown;control;2022-07-02 06:30:00+00:00;0.13;;
966771;unknown;control;2022-07-02 06:45:00+00:00;0.104;;
966771;unknown;control;2022-07-02 07:00:00+00:00;0.123;;
966771;unknown;control;2022-07-02 07:15:00+00:00;0.105;;
966771;unknown;control;2022-07-02 07:30:00+00:00;0.107;;
966771;unknown;control;2022-07-02 07:45:00+00:00;0.106;;
966771;unknown;control;2022-07-02 08:00:00+00:00;0.101;;
966771;unknown;control;2022-07-02 08:15:00+00:00;0.114;;
966771;unknown;control;2022-07-02 08:30:00+00:00;0.119;;
966771;unknown;control;2022-07-02 08:45:00+00:00;0.131;;
966771;unknown;control;2022-07-02 09:00:00+00:00;0.112;;
966771;unknown;control;2022-07-02 09:15:00+00:00;0.167;;
966771;unknown;control;2022-07-02 09:30:00+00:00;0.103;;
966771;unknown;control;2022-07-02 09:45:00+00:00;0.106;;
966771;unknown;control;2022-07-02 10:00:00+00:00;0.1;;
966771;unknown;control;2022-07-02 10:15:00+00:00;0.139;;
966771;unknown;control;2022-07-02 10:30:00+00:00;0.106;;
966771;unknown;control;2022-07-02 10:45:00+00:00;0.101;;
966771;unknown;control;2022-07-02 11:00:00+00:00;0.106;;
966771;unknown;control;2022-07-02 11:15:00+00:00;0.102;;
966771;unknown;control;2022-07-02 11:30:00+00:00;0.102;;
966771;unknown;control;2022-07-02 11:45:00+00:00;0.105;;
966771;unknown;control;2022-07-02 12:00:00+00:00;0.098;;
966771;unknown;control;2022-07-02 12:15:00+00:00;0.105;;
966771;unknown;control;2022-07-02 12:30:00+00:00;0.118;;
966771;unknown;control;2022-07-02 12:45:00+00:00;0.152;;
966771;unknown;control;2022-07-02 13:00:00+00:00;0.132;;
966771;unknown;control;2022-07-02 13:15:00+00:00;0.114;;
966771;unknown;control;2022-07-02 13:30:00+00:00;0.12;;
966771;unknown;control;2022-07-02 13:45:00+00:00;0.151;;
966771;unknown;control;2022-07-02 14:00:00+00:00;0.137;;
966771;unknown;control;2022-07-02 14:15:00+00:00;0.099;;
966771;unknown;control;2022-07-02 14:30:00+00:00;0.118;;
966771;unknown;control;2022-07-02 14:45:00+00:00;0.113;;
966771;unknown;control;2022-07-02 15:00:00+00:00;0.105;;
966771;unknown;control;2022-07-02 15:15:00+00:00;0.127;;
966771;unknown;control;2022-07-02 15:30:00+00:00;0.139;;
966771;unknown;control;2022-07-02 15:45:00+00:00;0.124;;
966771;unknown;control;2022-07-02 16:00:00+00:00;0.106;;
966771;unknown;control;2022-07-02 16:15:00+00:00;0.106;;
966771;unknown;control;2022-07-02 16:30:00+00:00;0.101;;
966771;unknown;control;2022-07-02 16:45:00+00:00;0.103;;
966771;unknown;control;2022-07-02 17:00:00+00:00;0.105;;
966771;unknown;control;2022-07-02 17:15:00+00:00;0.096;;
966771;unknown;control;2022-07-02 17:30:00+00:00;0.106;;
966771;unknown;control;2022-07-02 17:45:00+00:00;0.106;;
966771;unknown;control;2022-07-02 18:00:00+00:00;0.097;;
966771;unknown;control;2022-07-02 18:15:00+00:00;0.106;;
966771;unknown;control;2022-07-02 18:30:00+00:00;0.103;;
966771;unknown;control;2022-07-02 18:45:00+00:00;0.104;;
966771;unknown;control;2022-07-02 19:00:00+00:00;0.109;;
966771;unknown;control;2022-07-02 19:15:00+00:00;0.098;;
966771;unknown;control;2022-07-02 19:30:00+00:00;0.113;;
966771;unknown;control;2022-07-02 19:45:00+00:00;0.116;;
966771;unknown;control;2022-07-02 20:00:00+00:00;0.107;;
966771;unknown;control;2022-07-02 20:15:00+00:00;0.111;;
966771;unknown;control;2022-07-02 20:30:00+00:00;0.119;;
966771;unknown;control;2022-07-02 20:45:00+00:00;0.108;;
966771;unknown;control;2022-07-02 21:00:00+00:00;0.119;;
966771;unknown;control;2022-07-02 21:15:00+00:00;0.102;;
966771;unknown;control;2022-07-02 21:30:00+00:00;0.094;;
966771;unknown;control;2022-07-02 21:45:00+00:00;0.104;;
966771;unknown;control;2022-07-02 22:00:00+00:00;0.101;;
966771;unknown;control;2022-07-02 22:15:00+00:00;0.102;;
966771;unknown;control;2022-07-02 22:30:00+00:00;0.098;;
966771;unknown;control;2022-07-02 22:45:00+00:00;0.093;;
966771;unknown;control;2022-07-02 23:00:00+00:00;0.103;;
966771;unknown;control;2022-07-02 23:15:00+00:00;0.103;;
966771;unknown;control;2022-07-02 23:30:00+00:00;1.336;;
966771;unknown;control;2022-07-02 23:45:00+00:00;1.315;;
966771;unknown;control;2022-07-03 00:00:00+00:00;1.319;;
966771;unknown;control;2022-07-03 00:15:00+00:00;1.325;;
966771;unknown;control;2022-07-03 00:30:00+00:00;1.315;;
966771;unknown;control;2022-07-03 00:45:00+00:00;0.093;;
966771;unknown;control;2022-07-03 01:00:00+00:00;0.103;;
966771;unknown;control;2022-07-03 01:15:00+00:00;0.102;;
966771;unknown;control;2022-07-03 01:30:00+00:00;0.089;;
966771;unknown;control;2022-07-03 01:45:00+00:00;0.097;;
966771;unknown;control;2022-07-03 02:00:00+00:00;0.103;;
966771;unknown;control;2022-07-03 02:15:00+00:00;0.094;;
966771;unknown;control;2022-07-03 02:30:00+00:00;0.098;;
966771;unknown;control;2022-07-03 02:45:00+00:00;0.095;;
966771;unknown;control;2022-07-03 03:00:00+00:00;0.098;;
966771;unknown;control;2022-07-03 03:15:00+00:00;0.105;;
966771;unknown;control;2022-07-03 03:30:00+00:00;0.095;;
966771;unknown;control;2022-07-03 03:45:00+00:00;0.092;;
966771;unknown;control;2022-07-03 04:00:00+00:00;0.104;;
966771;unknown;control;2022-07-03 04:15:00+00:00;0.099;;
966771;unknown;control;2022-07-03 04:30:00+00:00;0.101;;
966771;unknown;control;2022-07-03 04:45:00+00:00;0.099;;
966771;unknown;control;2022-07-03 05:00:00+00:00;0.094;;
966771;unknown;control;2022-07-03 05:15:00+00:00;0.118;;
966771;unknown;control;2022-07-03 05:30:00+00:00;0.097;;
966771;unknown;control;2022-07-03 05:45:00+00:00;0.122;;
966771;unknown;control;2022-07-03 06:00:00+00:00;0.111;;
966771;unknown;control;2022-07-03 06:15:00+00:00;0.11;;
966771;unknown;control;2022-07-03 06:30:00+00:00;0.102;;
966771;unknown;control;2022-07-03 06:45:00+00:00;0.473;;
966771;unknown;control;2022-07-03 07:00:00+00:00;0.127;;
966771;unknown;control;2022-07-03 07:15:00+00:00;0.115;;
966771;unknown;control;2022-07-03 07:30:00+00:00;0.11;;
966771;unknown;control;2022-07-03 07:45:00+00:00;0.125;;
966771;unknown;control;2022-07-03 08:00:00+00:00;0.267;;
966771;unknown;control;2022-07-03 08:15:00+00:00;0.11;;
966771;unknown;control;2022-07-03 08:30:00+00:00;0.119;;
966771;unknown;control;2022-07-03 08:45:00+00:00;0.122;;
966771;unknown;control;2022-07-03 09:00:00+00:00;0.395;;
966771;unknown;control;2022-07-03 09:15:00+00:00;0.475;;
966771;unknown;control;2022-07-03 09:30:00+00:00;0.278;;
966771;unknown;control;2022-07-03 09:45:00+00:00;0.351;;
966771;unknown;control;2022-07-03 10:00:00+00:00;0.106;;
966771;unknown;control;2022-07-03 10:15:00+00:00;0.112;;
966771;unknown;control;2022-07-03 10:30:00+00:00;0.14;;
966771;unknown;control;2022-07-03 10:45:00+00:00;0.169;;
966771;unknown;control;2022-07-03 11:00:00+00:00;0.13;;
966771;unknown;control;2022-07-03 11:15:00+00:00;0.121;;
966771;unknown;control;2022-07-03 11:30:00+00:00;0.117;;
966771;unknown;control;2022-07-03 11:45:00+00:00;0.186;;
966771;unknown;control;2022-07-03 12:00:00+00:00;0.797;;
966771;unknown;control;2022-07-03 12:15:00+00:00;0.176;;
966771;unknown;control;2022-07-03 12:30:00+00:00;0.111;;
966771;unknown;control;2022-07-03 12:45:00+00:00;0.114;;
966771;unknown;control;2022-07-03 13:00:00+00:00;0.107;;
966771;unknown;control;2022-07-03 13:15:00+00:00;0.089;;
966771;unknown;control;2022-07-03 13:30:00+00:00;0.105;;
966771;unknown;control;2022-07-03 13:45:00+00:00;0.105;;
966771;unknown;control;2022-07-03 14:00:00+00:00;0.098;;
966771;unknown;control;2022-07-03 14:15:00+00:00;0.102;;
966771;unknown;control;2022-07-03 14:30:00+00:00;0.105;;
966771;unknown;control;2022-07-03 14:45:00+00:00;0.11;;
966771;unknown;control;2022-07-03 15:00:00+00:00;0.105;;
966771;unknown;control;2022-07-03 15:15:00+00:00;0.101;;
966771;unknown;control;2022-07-03 15:30:00+00:00;0.095;;
966771;unknown;control;2022-07-03 15:45:00+00:00;0.122;;
966771;unknown;control;2022-07-03 16:00:00+00:00;0.121;;
966771;unknown;control;2022-07-03 16:15:00+00:00;0.119;;
966771;unknown;control;2022-07-03 16:30:00+00:00;0.118;;
966771;unknown;control;2022-07-03 16:45:00+00:00;0.143;;
966771;unknown;control;2022-07-03 17:00:00+00:00;0.11;;
966771;unknown;control;2022-07-03 17:15:00+00:00;0.113;;
966771;unknown;control;2022-07-03 17:30:00+00:00;0.108;;
966771;unknown;control;2022-07-03 17:45:00+00:00;0.124;;
966771;unknown;control;2022-07-03 18:00:00+00:00;0.14;;
966771;unknown;control;2022-07-03 18:15:00+00:00;0.149;;
966771;unknown;control;2022-07-03 18:30:00+00:00;0.146;;
966771;unknown;control;2022-07-03 18:45:00+00:00;0.14;;
966771;unknown;control;2022-07-03 19:00:00+00:00;0.162;;
966771;unknown;control;2022-07-03 19:15:00+00:00;0.151;;
966771;unknown;control;2022-07-03 19:30:00+00:00;0.18;;
966771;unknown;control;2022-07-03 19:45:00+00:00;0.163;;
966771;unknown;control;2022-07-03 20:00:00+00:00;0.152;;
966771;unknown;control;2022-07-03 20:15:00+00:00;0.168;;
966771;unknown;control;2022-07-03 20:30:00+00:00;0.127;;
966771;unknown;control;2022-07-03 20:45:00+00:00;0.105;;
966771;unknown;control;2022-07-03 21:00:00+00:00;0.106;;
966771;unknown;control;2022-07-03 21:15:00+00:00;0.104;;
966771;unknown;control;2022-07-03 21:30:00+00:00;0.105;;
966771;unknown;control;2022-07-03 21:45:00+00:00;0.11;;
966771;unknown;control;2022-07-03 22:00:00+00:00;0.098;;
966771;unknown;control;2022-07-03 22:15:00+00:00;0.102;;
966771;unknown;control;2022-07-03 22:30:00+00:00;0.114;;
966771;unknown;control;2022-07-03 22:45:00+00:00;0.101;;
966771;unknown;control;2022-07-03 23:00:00+00:00;0.105;;
966771;unknown;control;2022-07-03 23:15:00+00:00;0.114;;
966771;unknown;control;2022-07-03 23:30:00+00:00;1.352;;
966771;unknown;control;2022-07-03 23:45:00+00:00;1.322;;
966771;unknown;control;2022-07-04 00:00:00+00:00;1.314;;
966771;unknown;control;2022-07-04 00:15:00+00:00;1.321;;
966771;unknown;control;2022-07-04 00:30:00+00:00;1.355;;
966771;unknown;control;2022-07-04 00:45:00+00:00;1.371;;
966771;unknown;control;2022-07-04 01:00:00+00:00;1.368;;
966771;unknown;control;2022-07-04 01:15:00+00:00;0.21;;
966771;unknown;control;2022-07-04 01:30:00+00:00;0.099;;
966771;unknown;control;2022-07-04 01:45:00+00:00;0.104;;
966771;unknown;control;2022-07-04 02:00:00+00:00;0.108;;
966771;unknown;control;2022-07-04 02:15:00+00:00;0.093;;
966771;unknown;control;2022-07-04 02:30:00+00:00;0.103;;
966771;unknown;control;2022-07-04 02:45:00+00:00;0.108;;
966771;unknown;control;2022-07-04 03:00:00+00:00;0.099;;
966771;unknown;control;2022-07-04 03:15:00+00:00;0.102;;
966771;unknown;control;2022-07-04 03:30:00+00:00;0.101;;
966771;unknown;control;2022-07-04 03:45:00+00:00;0.1;;
966771;unknown;control;2022-07-04 04:00:00+00:00;0.107;;
966771;unknown;control;2022-07-04 04:15:00+00:00;0.1;;
966771;unknown;control;2022-07-04 04:30:00+00:00;0.097;;
966771;unknown;control;2022-07-04 04:45:00+00:00;0.139;;
966771;unknown;control;2022-07-04 05:00:00+00:00;0.102;;
966771;unknown;control;2022-07-04 05:15:00+00:00;0.108;;
966771;unknown;control;2022-07-04 05:30:00+00:00;0.113;;
966771;unknown;control;2022-07-04 05:45:00+00:00;0.108;;
966771;unknown;control;2022-07-04 06:00:00+00:00;0.111;;
966771;unknown;control;2022-07-04 06:15:00+00:00;0.107;;
966771;unknown;control;2022-07-04 06:30:00+00:00;0.099;;
966771;unknown;control;2022-07-04 06:45:00+00:00;0.236;;
966771;unknown;control;2022-07-04 07:00:00+00:00;0.304;;
966771;unknown;control;2022-07-04 07:15:00+00:00;0.112;;
966771;unknown;control;2022-07-04 07:30:00+00:00;0.12;;
966771;unknown;control;2022-07-04 07:45:00+00:00;0.118;;
966771;unknown;control;2022-07-04 08:00:00+00:00;0.118;;
966771;unknown;control;2022-07-04 08:15:00+00:00;0.117;;
966771;unknown;control;2022-07-04 08:30:00+00:00;0.116;;
966771;unknown;control;2022-07-04 08:45:00+00:00;0.115;;
966771;unknown;control;2022-07-04 09:00:00+00:00;0.123;;
966771;unknown;control;2022-07-04 09:15:00+00:00;0.345;;
966771;unknown;control;2022-07-04 09:30:00+00:00;0.48;;
966771;unknown;control;2022-07-04 09:45:00+00:00;0.222;;
966771;unknown;control;2022-07-04 10:00:00+00:00;0.117;;
966771;unknown;control;2022-07-04 10:15:00+00:00;0.109;;
966771;unknown;control;2022-07-04 10:30:00+00:00;0.106;;
966771;unknown;control;2022-07-04 10:45:00+00:00;0.109;;
966771;unknown;control;2022-07-04 11:00:00+00:00;0.11;;
966771;unknown;control;2022-07-04 11:15:00+00:00;0.094;;
966771;unknown;control;2022-07-04 11:30:00+00:00;0.098;;
966771;unknown;control;2022-07-04 11:45:00+00:00;0.111;;
966771;unknown;control;2022-07-04 12:00:00+00:00;0.097;;
966771;unknown;control;2022-07-04 12:15:00+00:00;0.098;;
966771;unknown;control;2022-07-04 12:30:00+00:00;0.107;;
966771;unknown;control;2022-07-04 12:45:00+00:00;0.105;;
966771;unknown;control;2022-07-04 13:00:00+00:00;0.116;;
966771;unknown;control;2022-07-04 13:15:00+00:00;0.109;;
966771;unknown;control;2022-07-04 13:30:00+00:00;0.106;;
966771;unknown;control;2022-07-04 13:45:00+00:00;0.301;;
966771;unknown;control;2022-07-04 14:00:00+00:00;0.852;;
966771;unknown;control;2022-07-04 14:15:00+00:00;0.362;;
966771;unknown;control;2022-07-04 14:30:00+00:00;0.149;;
966771;unknown;control;2022-07-04 14:45:00+00:00;0.146;;
966771;unknown;control;2022-07-04 15:00:00+00:00;0.147;;
966771;unknown;control;2022-07-04 15:15:00+00:00;0.105;;
966771;unknown;control;2022-07-04 15:30:00+00:00;0.126;;
966771;unknown;control;2022-07-04 15:45:00+00:00;0.252;;
966771;unknown;control;2022-07-04 16:00:00+00:00;0.271;;
966771;unknown;control;2022-07-04 16:15:00+00:00;0.283;;
966771;unknown;control;2022-07-04 16:30:00+00:00;0.303;;
966771;unknown;control;2022-07-04 16:45:00+00:00;0.297;;
966771;unknown;control;2022-07-04 17:00:00+00:00;0.276;;
966771;unknown;control;2022-07-04 17:15:00+00:00;0.138;;
966771;unknown;control;2022-07-04 17:30:00+00:00;0.1;;
966771;unknown;control;2022-07-04 17:45:00+00:00;0.105;;
966771;unknown;control;2022-07-04 18:00:00+00:00;0.12;;
966771;unknown;control;2022-07-04 18:15:00+00:00;0.109;;
966771;unknown;control;2022-07-04 18:30:00+00:00;0.114;;
966771;unknown;control;2022-07-04 18:45:00+00:00;0.104;;
966771;unknown;control;2022-07-04 19:00:00+00:00;0.103;;
966771;unknown;control;2022-07-04 19:15:00+00:00;0.145;;
966771;unknown;control;2022-07-04 19:30:00+00:00;0.157;;
966771;unknown;control;2022-07-04 19:45:00+00:00;0.148;;
966771;unknown;control;2022-07-04 20:00:00+00:00;0.155;;
966771;unknown;control;2022-07-04 20:15:00+00:00;0.16;;
966771;unknown;control;2022-07-04 20:30:00+00:00;0.133;;
966771;unknown;control;2022-07-04 20:45:00+00:00;0.138;;
966771;unknown;control;2022-07-04 21:00:00+00:00;0.128;;
966771;unknown;control;2022-07-04 21:15:00+00:00;0.121;;
966771;unknown;control;2022-07-04 21:30:00+00:00;0.111;;
966771;unknown;control;2022-07-04 21:45:00+00:00;0.103;;
966771;unknown;control;2022-07-04 22:00:00+00:00;0.106;;
966771;unknown;control;2022-07-04 22:15:00+00:00;0.101;;
966771;unknown;control;2022-07-04 22:30:00+00:00;0.098;;
966771;unknown;control;2022-07-04 22:45:00+00:00;0.106;;
966771;unknown;control;2022-07-04 23:00:00+00:00;0.1;;
966771;unknown;control;2022-07-04 23:15:00+00:00;0.099;;
966771;unknown;control;2022-07-04 23:30:00+00:00;1.344;;
966771;unknown;control;2022-07-04 23:45:00+00:00;1.296;;
966771;unknown;control;2022-07-05 00:00:00+00:00;1.286;;
966771;unknown;control;2022-07-05 00:15:00+00:00;1.312;;
966771;unknown;control;2022-07-05 00:30:00+00:00;1.317;;
966771;unknown;control;2022-07-05 00:45:00+00:00;1.334;;
966771;unknown;control;2022-07-05 01:00:00+00:00;1.352;;
966771;unknown;control;2022-07-05 01:15:00+00:00;0.981;;
966771;unknown;control;2022-07-05 01:30:00+00:00;0.104;;
966771;unknown;control;2022-07-05 01:45:00+00:00;0.105;;
966771;unknown;control;2022-07-05 02:00:00+00:00;0.101;;
966771;unknown;control;2022-07-05 02:15:00+00:00;0.11;;
966771;unknown;control;2022-07-05 02:30:00+00:00;0.099;;
966771;unknown;control;2022-07-05 02:45:00+00:00;0.099;;
966771;unknown;control;2022-07-05 03:00:00+00:00;0.108;;
966771;unknown;control;2022-07-05 03:15:00+00:00;0.098;;
966771;unknown;control;2022-07-05 03:30:00+00:00;0.098;;
966771;unknown;control;2022-07-05 03:45:00+00:00;0.109;;
966771;unknown;control;2022-07-05 04:00:00+00:00;0.098;;
966771;unknown;control;2022-07-05 04:15:00+00:00;0.098;;
966771;unknown;control;2022-07-05 04:30:00+00:00;0.136;;
966771;unknown;control;2022-07-05 04:45:00+00:00;0.46;;
966771;unknown;control;2022-07-05 05:00:00+00:00;0.134;;
966771;unknown;control;2022-07-05 05:15:00+00:00;0.131;;
966771;unknown;control;2022-07-05 05:30:00+00:00;0.144;;
966771;unknown;control;2022-07-05 05:45:00+00:00;0.201;;
966771;unknown;control;2022-07-05 06:00:00+00:00;0.126;;
966771;unknown;control;2022-07-05 06:15:00+00:00;0.098;;
966771;unknown;control;2022-07-05 06:30:00+00:00;0.116;;
966771;unknown;control;2022-07-05 06:45:00+00:00;0.1;;
966771;unknown;control;2022-07-05 07:00:00+00:00;0.48;;
966771;unknown;control;2022-07-05 07:15:00+00:00;0.137;;
966771;unknown;control;2022-07-05 07:30:00+00:00;0.132;;
966771;unknown;control;2022-07-05 07:45:00+00:00;0.149;;
966771;unknown;control;2022-07-05 08:00:00+00:00;0.111;;
966771;unknown;control;2022-07-05 08:15:00+00:00;0.091;;
966771;unknown;control;2022-07-05 08:30:00+00:00;0.204;;
966771;unknown;control;2022-07-05 08:45:00+00:00;0.389;;
966771;unknown;control;2022-07-05 09:00:00+00:00;0.548;;
966771;unknown;control;2022-07-05 09:15:00+00:00;0.15;;
966771;unknown;control;2022-07-05 09:30:00+00:00;0.15;;
966771;unknown;control;2022-07-05 09:45:00+00:00;0.376;;
966771;unknown;control;2022-07-05 10:00:00+00:00;0.137;;
966771;unknown;control;2022-07-05 10:15:00+00:00;0.118;;
966771;unknown;control;2022-07-05 10:30:00+00:00;0.099;;
966771;unknown;control;2022-07-05 10:45:00+00:00;0.126;;
966771;unknown;control;2022-07-05 11:00:00+00:00;0.563;;
966771;unknown;control;2022-07-05 11:15:00+00:00;0.543;;
966771;unknown;control;2022-07-05 11:30:00+00:00;0.192;;
966771;unknown;control;2022-07-05 11:45:00+00:00;0.429;;
966771;unknown;control;2022-07-05 12:00:00+00:00;0.192;;
966771;unknown;control;2022-07-05 12:15:00+00:00;0.228;;
966771;unknown;control;2022-07-05 12:30:00+00:00;0.16;;
966771;unknown;control;2022-07-05 12:45:00+00:00;0.146;;
966771;unknown;control;2022-07-05 13:00:00+00:00;0.131;;
966771;unknown;control;2022-07-05 13:15:00+00:00;0.233;;
966771;unknown;control;2022-07-05 13:30:00+00:00;0.182;;
966771;unknown;control;2022-07-05 13:45:00+00:00;0.128;;
966771;unknown;control;2022-07-05 14:00:00+00:00;0.128;;
966771;unknown;control;2022-07-05 14:15:00+00:00;0.179;;
966771;unknown;control;2022-07-05 14:30:00+00:00;0.174;;
966771;unknown;control;2022-07-05 14:45:00+00:00;0.147;;
966771;unknown;control;2022-07-05 15:00:00+00:00;0.153;;
966771;unknown;control;2022-07-05 15:15:00+00:00;0.163;;
966771;unknown;control;2022-07-05 15:30:00+00:00;0.157;;
966771;unknown;control;2022-07-05 15:45:00+00:00;0.146;;
966771;unknown;control;2022-07-05 16:00:00+00:00;0.134;;
966771;unknown;control;2022-07-05 16:15:00+00:00;0.172;;
966771;unknown;control;2022-07-05 16:30:00+00:00;0.342;;
966771;unknown;control;2022-07-05 16:45:00+00:00;0.167;;
966771;unknown;control;2022-07-05 17:00:00+00:00;0.138;;
966771;unknown;control;2022-07-05 17:15:00+00:00;0.135;;
966771;unknown;control;2022-07-05 17:30:00+00:00;0.127;;
966771;unknown;control;2022-07-05 17:45:00+00:00;0.122;;
966771;unknown;control;2022-07-05 18:00:00+00:00;0.111;;
966771;unknown;control;2022-07-05 18:15:00+00:00;0.116;;
966771;unknown;control;2022-07-05 18:30:00+00:00;0.107;;
966771;unknown;control;2022-07-05 18:45:00+00:00;0.107;;
966771;unknown;control;2022-07-05 19:00:00+00:00;0.113;;
966771;unknown;control;2022-07-05 19:15:00+00:00;0.108;;
966771;unknown;control;2022-07-05 19:30:00+00:00;0.123;;
966771;unknown;control;2022-07-05 19:45:00+00:00;0.114;;
966771;unknown;control;2022-07-05 20:00:00+00:00;0.152;;
966771;unknown;control;2022-07-05 20:15:00+00:00;0.125;;
966771;unknown;control;2022-07-05 20:30:00+00:00;0.103;;
966771;unknown;control;2022-07-05 20:45:00+00:00;0.107;;
966771;unknown;control;2022-07-05 21:00:00+00:00;0.101;;
966771;unknown;control;2022-07-05 21:15:00+00:00;0.097;;
966771;unknown;control;2022-07-05 21:30:00+00:00;0.104;;
966771;unknown;control;2022-07-05 21:45:00+00:00;0.107;;
966771;unknown;control;2022-07-05 22:00:00+00:00;0.091;;
966771;unknown;control;2022-07-05 22:15:00+00:00;0.103;;
966771;unknown;control;2022-07-05 22:30:00+00:00;0.106;;
966771;unknown;control;2022-07-05 22:45:00+00:00;0.092;;
966771;unknown;control;2022-07-05 23:00:00+00:00;0.1;;
966771;unknown;control;2022-07-05 23:15:00+00:00;0.1;;
966771;unknown;control;2022-07-05 23:30:00+00:00;1.346;;
966771;unknown;control;2022-07-05 23:45:00+00:00;1.309;;
966771;unknown;control;2022-07-06 00:00:00+00:00;1.3;;
966771;unknown;control;2022-07-06 00:15:00+00:00;1.327;;
966771;unknown;control;2022-07-06 00:30:00+00:00;1.345;;
966771;unknown;control;2022-07-06 00:45:00+00:00;1.354;;
966771;unknown;control;2022-07-06 01:00:00+00:00;1.376;;
966771;unknown;control;2022-07-06 01:15:00+00:00;0.484;;
966771;unknown;control;2022-07-06 01:30:00+00:00;0.097;;
966771;unknown;control;2022-07-06 01:45:00+00:00;0.102;;
966771;unknown;control;2022-07-06 02:00:00+00:00;0.101;;
966771;unknown;control;2022-07-06 02:15:00+00:00;0.101;;
966771;unknown;control;2022-07-06 02:30:00+00:00;0.102;;
966771;unknown;control;2022-07-06 02:45:00+00:00;0.096;;
966771;unknown;control;2022-07-06 03:00:00+00:00;0.101;;
966771;unknown;control;2022-07-06 03:15:00+00:00;0.103;;
966771;unknown;control;2022-07-06 03:30:00+00:00;0.091;;
966771;unknown;control;2022-07-06 03:45:00+00:00;0.103;;
966771;unknown;control;2022-07-06 04:00:00+00:00;0.116;;
966771;unknown;control;2022-07-06 04:15:00+00:00;0.092;;
966771;unknown;control;2022-07-06 04:30:00+00:00;0.14;;
966771;unknown;control;2022-07-06 04:45:00+00:00;0.112;;
966771;unknown;control;2022-07-06 05:00:00+00:00;0.156;;
966771;unknown;control;2022-07-06 05:15:00+00:00;0.118;;
966771;unknown;control;2022-07-06 05:30:00+00:00;0.111;;
966771;unknown;control;2022-07-06 05:45:00+00:00;0.112;;
966771;unknown;control;2022-07-06 06:00:00+00:00;0.11;;
966771;unknown;control;2022-07-06 06:15:00+00:00;0.099;;
966771;unknown;control;2022-07-06 06:30:00+00:00;0.099;;
966771;unknown;control;2022-07-06 06:45:00+00:00;0.101;;
966771;unknown;control;2022-07-06 07:00:00+00:00;0.097;;
966771;unknown;control;2022-07-06 07:15:00+00:00;0.102;;
966771;unknown;control;2022-07-06 07:30:00+00:00;0.103;;
966771;unknown;control;2022-07-06 07:45:00+00:00;0.094;;
966771;unknown;control;2022-07-06 08:00:00+00:00;0.101;;
966771;unknown;control;2022-07-06 08:15:00+00:00;0.113;;
966771;unknown;control;2022-07-06 08:30:00+00:00;0.1;;
966771;unknown;control;2022-07-06 08:45:00+00:00;0.144;;
966771;unknown;control;2022-07-06 09:00:00+00:00;0.138;;
966771;unknown;control;2022-07-06 09:15:00+00:00;0.121;;
966771;unknown;control;2022-07-06 09:30:00+00:00;0.127;;
966771;unknown;control;2022-07-06 09:45:00+00:00;0.511;;
966771;unknown;control;2022-07-06 10:00:00+00:00;0.415;;
966771;unknown;control;2022-07-06 10:15:00+00:00;0.128;;
966771;unknown;control;2022-07-06 10:30:00+00:00;0.113;;
966771;unknown;control;2022-07-06 10:45:00+00:00;0.113;;
966771;unknown;control;2022-07-06 11:00:00+00:00;0.127;;
966771;unknown;control;2022-07-06 11:15:00+00:00;0.101;;
966771;unknown;control;2022-07-06 11:30:00+00:00;0.107;;
966771;unknown;control;2022-07-06 11:45:00+00:00;0.109;;
966771;unknown;control;2022-07-06 12:00:00+00:00;0.097;;
966771;unknown;control;2022-07-06 12:15:00+00:00;0.103;;
966771;unknown;control;2022-07-06 12:30:00+00:00;0.102;;
966771;unknown;control;2022-07-06 12:45:00+00:00;0.097;;
966771;unknown;control;2022-07-06 13:00:00+00:00;0.098;;
966771;unknown;control;2022-07-06 13:15:00+00:00;0.106;;
966771;unknown;control;2022-07-06 13:30:00+00:00;0.115;;
966771;unknown;control;2022-07-06 13:45:00+00:00;0.124;;
966771;unknown;control;2022-07-06 14:00:00+00:00;0.125;;
966771;unknown;control;2022-07-06 14:15:00+00:00;0.126;;
966771;unknown;control;2022-07-06 14:30:00+00:00;0.131;;
966771;unknown;control;2022-07-06 14:45:00+00:00;0.123;;
966771;unknown;control;2022-07-06 15:00:00+00:00;0.116;;
966771;unknown;control;2022-07-06 15:15:00+00:00;0.123;;
966771;unknown;control;2022-07-06 15:30:00+00:00;0.125;;
966771;unknown;control;2022-07-06 15:45:00+00:00;0.121;;
966771;unknown;control;2022-07-06 16:00:00+00:00;0.109;;
966771;unknown;control;2022-07-06 16:15:00+00:00;0.098;;
966771;unknown;control;2022-07-06 16:30:00+00:00;0.106;;
966771;unknown;control;2022-07-06 16:45:00+00:00;0.109;;
966771;unknown;control;2022-07-06 17:00:00+00:00;0.106;;
966771;unknown;control;2022-07-06 17:15:00+00:00;0.105;;
966771;unknown;control;2022-07-06 17:30:00+00:00;0.105;;
966771;unknown;control;2022-07-06 17:45:00+00:00;0.097;;
966771;unknown;control;2022-07-06 18:00:00+00:00;0.107;;
966771;unknown;control;2022-07-06 18:15:00+00:00;0.11;;
966771;unknown;control;2022-07-06 18:30:00+00:00;0.095;;
966771;unknown;control;2022-07-06 18:45:00+00:00;0.098;;
966771;unknown;control;2022-07-06 19:00:00+00:00;0.108;;
966771;unknown;control;2022-07-06 19:15:00+00:00;0.16;;
966771;unknown;control;2022-07-06 19:30:00+00:00;0.236;;
966771;unknown;control;2022-07-06 19:45:00+00:00;0.119;;
966771;unknown;control;2022-07-06 20:00:00+00:00;0.118;;
966771;unknown;control;2022-07-06 20:15:00+00:00;0.152;;
966771;unknown;control;2022-07-06 20:30:00+00:00;0.113;;
966771;unknown;control;2022-07-06 20:45:00+00:00;0.099;;
966771;unknown;control;2022-07-06 21:00:00+00:00;0.128;;
966771;unknown;control;2022-07-06 21:15:00+00:00;0.575;;
966771;unknown;control;2022-07-06 21:30:00+00:00;0.113;;
966771;unknown;control;2022-07-06 21:45:00+00:00;0.375;;
966771;unknown;control;2022-07-06 22:00:00+00:00;0.098;;
966771;unknown;control;2022-07-06 22:15:00+00:00;0.108;;
966771;unknown;control;2022-07-06 22:30:00+00:00;0.101;;
966771;unknown;control;2022-07-06 22:45:00+00:00;0.094;;
966771;unknown;control;2022-07-06 23:00:00+00:00;0.104;;
966771;unknown;control;2022-07-06 23:15:00+00:00;0.098;;
966771;unknown;control;2022-07-06 23:30:00+00:00;1.343;;
966771;unknown;control;2022-07-06 23:45:00+00:00;1.298;;
966771;unknown;control;2022-07-07 00:00:00+00:00;1.305;;
966771;unknown;control;2022-07-07 00:15:00+00:00;1.324;;
966771;unknown;control;2022-07-07 00:30:00+00:00;1.335;;
966771;unknown;control;2022-07-07 00:45:00+00:00;1.348;;
966771;unknown;control;2022-07-07 01:00:00+00:00;1.364;;
966771;unknown;control;2022-07-07 01:15:00+00:00;0.586;;
966771;unknown;control;2022-07-07 01:30:00+00:00;0.092;;
966771;unknown;control;2022-07-07 01:45:00+00:00;0.094;;
966771;unknown;control;2022-07-07 02:00:00+00:00;0.096;;
966771;unknown;control;2022-07-07 02:15:00+00:00;0.099;;
966771;unknown;control;2022-07-07 02:30:00+00:00;0.112;;
966771;unknown;control;2022-07-07 02:45:00+00:00;0.091;;
966771;unknown;control;2022-07-07 03:00:00+00:00;0.1;;
966771;unknown;control;2022-07-07 03:15:00+00:00;0.105;;
966771;unknown;control;2022-07-07 03:30:00+00:00;0.087;;
966771;unknown;control;2022-07-07 03:45:00+00:00;0.091;;
966771;unknown;control;2022-07-07 04:00:00+00:00;0.096;;
966771;unknown;control;2022-07-07 04:15:00+00:00;0.093;;
966771;unknown;control;2022-07-07 04:30:00+00:00;0.098;;
966771;unknown;control;2022-07-07 04:45:00+00:00;0.096;;
966771;unknown;control;2022-07-07 05:00:00+00:00;0.097;;
966771;unknown;control;2022-07-07 05:15:00+00:00;0.101;;
966771;unknown;control;2022-07-07 05:30:00+00:00;0.087;;
966771;unknown;control;2022-07-07 05:45:00+00:00;0.094;;
966771;unknown;control;2022-07-07 06:00:00+00:00;0.1;;
966771;unknown;control;2022-07-07 06:15:00+00:00;0.091;;
966771;unknown;control;2022-07-07 06:30:00+00:00;0.096;;
966771;unknown;control;2022-07-07 06:45:00+00:00;0.1;;
966771;unknown;control;2022-07-07 07:00:00+00:00;0.102;;
966771;unknown;control;2022-07-07 07:15:00+00:00;0.111;;
966771;unknown;control;2022-07-07 07:30:00+00:00;0.1;;
966771;unknown;control;2022-07-07 07:45:00+00:00;0.097;;
966771;unknown;control;2022-07-07 08:00:00+00:00;0.105;;
966771;unknown;control;2022-07-07 08:15:00+00:00;0.097;;
966771;unknown;control;2022-07-07 08:30:00+00:00;0.106;;
966771;unknown;control;2022-07-07 08:45:00+00:00;0.151;;
966771;unknown;control;2022-07-07 09:00:00+00:00;0.099;;
966771;unknown;control;2022-07-07 09:15:00+00:00;0.107;;
966771;unknown;control;2022-07-07 09:30:00+00:00;0.11;;
966771;unknown;control;2022-07-07 09:45:00+00:00;0.1;;
966771;unknown;control;2022-07-07 10:00:00+00:00;0.104;;
966771;unknown;control;2022-07-07 10:15:00+00:00;0.109;;
966771;unknown;control;2022-07-07 10:30:00+00:00;0.119;;
966771;unknown;control;2022-07-07 10:45:00+00:00;0.122;;
966771;unknown;control;2022-07-07 11:00:00+00:00;0.122;;
966771;unknown;control;2022-07-07 11:15:00+00:00;0.127;;
966771;unknown;control;2022-07-07 11:30:00+00:00;0.23;;
966771;unknown;control;2022-07-07 11:45:00+00:00;0.105;;
966771;unknown;control;2022-07-07 12:00:00+00:00;0.108;;
966771;unknown;control;2022-07-07 12:15:00+00:00;0.126;;
966771;unknown;control;2022-07-07 12:30:00+00:00;0.108;;
966771;unknown;control;2022-07-07 12:45:00+00:00;0.109;;
966771;unknown;control;2022-07-07 13:00:00+00:00;0.119;;
966771;unknown;control;2022-07-07 13:15:00+00:00;0.107;;
966771;unknown;control;2022-07-07 13:30:00+00:00;0.111;;
966771;unknown;control;2022-07-07 13:45:00+00:00;0.108;;
966771;unknown;control;2022-07-07 14:00:00+00:00;0.103;;
966771;unknown;control;2022-07-07 14:15:00+00:00;0.109;;
966771;unknown;control;2022-07-07 14:30:00+00:00;0.101;;
966771;unknown;control;2022-07-07 14:45:00+00:00;0.117;;
966771;unknown;control;2022-07-07 15:00:00+00:00;0.119;;
966771;unknown;control;2022-07-07 15:15:00+00:00;0.101;;
966771;unknown;control;2022-07-07 15:30:00+00:00;0.119;;
966771;unknown;control;2022-07-07 15:45:00+00:00;0.115;;
966771;unknown;control;2022-07-07 16:00:00+00:00;0.107;;
966771;unknown;control;2022-07-07 16:15:00+00:00;0.106;;
966771;unknown;control;2022-07-07 16:30:00+00:00;0.109;;
966771;unknown;control;2022-07-07 16:45:00+00:00;0.101;;
966771;unknown;control;2022-07-07 17:00:00+00:00;0.106;;
966771;unknown;control;2022-07-07 17:15:00+00:00;0.105;;
966771;unknown;control;2022-07-07 17:30:00+00:00;0.102;;
966771;unknown;control;2022-07-07 17:45:00+00:00;0.113;;
966771;unknown;control;2022-07-07 18:00:00+00:00;0.103;;
966771;unknown;control;2022-07-07 18:15:00+00:00;0.131;;
966771;unknown;control;2022-07-07 18:30:00+00:00;0.167;;
966771;unknown;control;2022-07-07 18:45:00+00:00;0.145;;
966771;unknown;control;2022-07-07 19:00:00+00:00;0.144;;
966771;unknown;control;2022-07-07 19:15:00+00:00;0.136;;
966771;unknown;control;2022-07-07 19:30:00+00:00;0.113;;
966771;unknown;control;2022-07-07 19:45:00+00:00;0.127;;
966771;unknown;control;2022-07-07 20:00:00+00:00;0.127;;
966771;unknown;control;2022-07-07 20:15:00+00:00;0.114;;
966771;unknown;control;2022-07-07 20:30:00+00:00;0.109;;
966771;unknown;control;2022-07-07 20:45:00+00:00;0.1;;
966771;unknown;control;2022-07-07 21:00:00+00:00;0.105;;
966771;unknown;control;2022-07-07 21:15:00+00:00;0.113;;
966771;unknown;control;2022-07-07 21:30:00+00:00;0.099;;
966771;unknown;control;2022-07-07 21:45:00+00:00;0.105;;
966771;unknown;control;2022-07-07 22:00:00+00:00;0.108;;
966771;unknown;control;2022-07-07 22:15:00+00:00;0.094;;
966771;unknown;control;2022-07-07 22:30:00+00:00;0.101;;
966771;unknown;control;2022-07-07 22:45:00+00:00;0.105;;
966771;unknown;control;2022-07-07 23:00:00+00:00;0.096;;
966771;unknown;control;2022-07-07 23:15:00+00:00;0.104;;
966771;unknown;control;2022-07-07 23:30:00+00:00;1.344;;
966771;unknown;control;2022-07-07 23:45:00+00:00;1.304;;
966771;unknown;control;2022-07-08 00:00:00+00:00;1.312;;
966771;unknown;control;2022-07-08 00:15:00+00:00;1.324;;
966771;unknown;control;2022-07-08 00:30:00+00:00;0.739;;
966771;unknown;control;2022-07-08 00:45:00+00:00;0.104;;
966771;unknown;control;2022-07-08 01:00:00+00:00;0.097;;
966771;unknown;control;2022-07-08 01:15:00+00:00;0.107;;
966771;unknown;control;2022-07-08 01:30:00+00:00;0.106;;
966771;unknown;control;2022-07-08 01:45:00+00:00;0.093;;
966771;unknown;control;2022-07-08 02:00:00+00:00;0.107;;
966771;unknown;control;2022-07-08 02:15:00+00:00;0.107;;
966771;unknown;control;2022-07-08 02:30:00+00:00;0.096;;
966771;unknown;control;2022-07-08 02:45:00+00:00;0.107;;
966771;unknown;control;2022-07-08 03:00:00+00:00;0.104;;
966771;unknown;control;2022-07-08 03:15:00+00:00;0.1;;
966771;unknown;control;2022-07-08 03:30:00+00:00;0.105;;
966771;unknown;control;2022-07-08 03:45:00+00:00;0.102;;
966771;unknown;control;2022-07-08 04:00:00+00:00;0.102;;
966771;unknown;control;2022-07-08 04:15:00+00:00;0.103;;
966771;unknown;control;2022-07-08 04:30:00+00:00;0.11;;
966771;unknown;control;2022-07-08 04:45:00+00:00;0.106;;
966771;unknown;control;2022-07-08 05:00:00+00:00;0.111;;
966771;unknown;control;2022-07-08 05:15:00+00:00;0.095;;
966771;unknown;control;2022-07-08 05:30:00+00:00;0.121;;
966771;unknown;control;2022-07-08 05:45:00+00:00;0.137;;
966771;unknown;control;2022-07-08 06:00:00+00:00;0.119;;
966771;unknown;control;2022-07-08 06:15:00+00:00;0.128;;
966771;unknown;control;2022-07-08 06:30:00+00:00;0.131;;
966771;unknown;control;2022-07-08 06:45:00+00:00;0.112;;
966771;unknown;control;2022-07-08 07:00:00+00:00;0.126;;
966771;unknown;control;2022-07-08 07:15:00+00:00;0.119;;
966771;unknown;control;2022-07-08 07:30:00+00:00;0.114;;
966771;unknown;control;2022-07-08 07:45:00+00:00;0.111;;
966771;unknown;control;2022-07-08 08:00:00+00:00;0.109;;
966771;unknown;control;2022-07-08 08:15:00+00:00;0.113;;
966771;unknown;control;2022-07-08 08:30:00+00:00;0.113;;
966771;unknown;control;2022-07-08 08:45:00+00:00;0.104;;
966771;unknown;control;2022-07-08 09:00:00+00:00;0.112;;
966771;unknown;control;2022-07-08 09:15:00+00:00;0.119;;
966771;unknown;control;2022-07-08 09:30:00+00:00;0.111;;
966771;unknown;control;2022-07-08 09:45:00+00:00;0.134;;
966771;unknown;control;2022-07-08 10:00:00+00:00;0.112;;
966771;unknown;control;2022-07-08 10:15:00+00:00;0.102;;
966771;unknown;control;2022-07-08 10:30:00+00:00;0.13;;
966771;unknown;control;2022-07-08 10:45:00+00:00;0.118;;
966771;unknown;control;2022-07-08 11:00:00+00:00;0.109;;
966771;unknown;control;2022-07-08 11:15:00+00:00;0.109;;
966771;unknown;control;2022-07-08 11:30:00+00:00;0.1;;
966771;unknown;control;2022-07-08 11:45:00+00:00;0.102;;
966771;unknown;control;2022-07-08 12:00:00+00:00;0.109;;
966771;unknown;control;2022-07-08 12:15:00+00:00;0.1;;
966771;unknown;control;2022-07-08 12:30:00+00:00;0.106;;
966771;unknown;control;2022-07-08 12:45:00+00:00;0.11;;
966771;unknown;control;2022-07-08 13:00:00+00:00;0.098;;
966771;unknown;control;2022-07-08 13:15:00+00:00;0.104;;
966771;unknown;control;2022-07-08 13:30:00+00:00;0.102;;
966771;unknown;control;2022-07-08 13:45:00+00:00;0.1;;
966771;unknown;control;2022-07-08 14:00:00+00:00;0.109;;
966771;unknown;control;2022-07-08 14:15:00+00:00;0.113;;
966771;unknown;control;2022-07-08 14:30:00+00:00;0.1;;
966771;unknown;control;2022-07-08 14:45:00+00:00;0.107;;
966771;unknown;control;2022-07-08 15:00:00+00:00;0.103;;
966771;unknown;control;2022-07-08 15:15:00+00:00;0.101;;
966771;unknown;control;2022-07-08 15:30:00+00:00;0.105;;
966771;unknown;control;2022-07-08 15:45:00+00:00;0.099;;
966771;unknown;control;2022-07-08 16:00:00+00:00;0.104;;
966771;unknown;control;2022-07-08 16:15:00+00:00;0.099;;
966771;unknown;control;2022-07-08 16:30:00+00:00;0.101;;
966771;unknown;control;2022-07-08 16:45:00+00:00;0.115;;
966771;unknown;control;2022-07-08 17:00:00+00:00;0.111;;
966771;unknown;control;2022-07-08 17:15:00+00:00;0.104;;
966771;unknown;control;2022-07-08 17:30:00+00:00;0.106;;
966771;unknown;control;2022-07-08 17:45:00+00:00;0.097;;
966771;unknown;control;2022-07-08 18:00:00+00:00;0.102;;
966771;unknown;control;2022-07-08 18:15:00+00:00;0.106;;
966771;unknown;control;2022-07-08 18:30:00+00:00;0.101;;
966771;unknown;control;2022-07-08 18:45:00+00:00;0.105;;
966771;unknown;control;2022-07-08 19:00:00+00:00;0.103;;
966771;unknown;control;2022-07-08 19:15:00+00:00;0.096;;
966771;unknown;control;2022-07-08 19:30:00+00:00;0.123;;
966771;unknown;control;2022-07-08 19:45:00+00:00;0.113;;
966771;unknown;control;2022-07-08 20:00:00+00:00;0.102;;
966771;unknown;control;2022-07-08 20:15:00+00:00;0.11;;
966771;unknown;control;2022-07-08 20:30:00+00:00;0.095;;
966771;unknown;control;2022-07-08 20:45:00+00:00;0.094;;
966771;unknown;control;2022-07-08 21:00:00+00:00;0.095;;
966771;unknown;control;2022-07-08 21:15:00+00:00;0.097;;
966771;unknown;control;2022-07-08 21:30:00+00:00;0.108;;
966771;unknown;control;2022-07-08 21:45:00+00:00;0.106;;
966771;unknown;control;2022-07-08 22:00:00+00:00;0.097;;
966771;unknown;control;2022-07-08 22:15:00+00:00;0.106;;
966771;unknown;control;2022-07-08 22:30:00+00:00;0.098;;
966771;unknown;control;2022-07-08 22:45:00+00:00;0.095;;
966771;unknown;control;2022-07-08 23:00:00+00:00;0.106;;
966771;unknown;control;2022-07-08 23:15:00+00:00;0.102;;
966771;unknown;control;2022-07-08 23:30:00+00:00;1.355;;
966771;unknown;control;2022-07-08 23:45:00+00:00;1.312;;
966771;unknown;control;2022-07-09 00:00:00+00:00;1.309;;
966771;unknown;control;2022-07-09 00:15:00+00:00;1.337;;
966771;unknown;control;2022-07-09 00:30:00+00:00;1.346;;
966771;unknown;control;2022-07-09 00:45:00+00:00;1.362;;
966771;unknown;control;2022-07-09 01:00:00+00:00;1.367;;
966771;unknown;control;2022-07-09 01:15:00+00:00;1.373;;
966771;unknown;control;2022-07-09 01:30:00+00:00;1.37;;
966771;unknown;control;2022-07-09 01:45:00+00:00;0.707;;
966771;unknown;control;2022-07-09 02:00:00+00:00;0.1;;
966771;unknown;control;2022-07-09 02:15:00+00:00;0.099;;
966771;unknown;control;2022-07-09 02:30:00+00:00;0.102;;
966771;unknown;control;2022-07-09 02:45:00+00:00;0.096;;
966771;unknown;control;2022-07-09 03:00:00+00:00;0.1;;
966771;unknown;control;2022-07-09 03:15:00+00:00;0.098;;
966771;unknown;control;2022-07-09 03:30:00+00:00;0.09;;
966771;unknown;control;2022-07-09 03:45:00+00:00;0.102;;
966771;unknown;control;2022-07-09 04:00:00+00:00;0.1;;
966771;unknown;control;2022-07-09 04:15:00+00:00;0.093;;
966771;unknown;control;2022-07-09 04:30:00+00:00;0.1;;
966771;unknown;control;2022-07-09 04:45:00+00:00;0.096;;
966771;unknown;control;2022-07-09 05:00:00+00:00;0.097;;
966771;unknown;control;2022-07-09 05:15:00+00:00;0.103;;
966771;unknown;control;2022-07-09 05:30:00+00:00;0.097;;
966771;unknown;control;2022-07-09 05:45:00+00:00;0.097;;
966771;unknown;control;2022-07-09 06:00:00+00:00;0.1;;
966771;unknown;control;2022-07-09 06:15:00+00:00;0.095;;
966771;unknown;control;2022-07-09 06:30:00+00:00;0.105;;
966771;unknown;control;2022-07-09 06:45:00+00:00;0.093;;
966771;unknown;control;2022-07-09 07:00:00+00:00;0.101;;
966771;unknown;control;2022-07-09 07:15:00+00:00;0.115;;
966771;unknown;control;2022-07-09 07:30:00+00:00;0.106;;
966771;unknown;control;2022-07-09 07:45:00+00:00;0.095;;
966771;unknown;control;2022-07-09 08:00:00+00:00;0.103;;
966771;unknown;control;2022-07-09 08:15:00+00:00;0.105;;
966771;unknown;control;2022-07-09 08:30:00+00:00;0.106;;
966771;unknown;control;2022-07-09 08:45:00+00:00;0.107;;
966771;unknown;control;2022-07-09 09:00:00+00:00;0.106;;
966771;unknown;control;2022-07-09 09:15:00+00:00;0.11;;
966771;unknown;control;2022-07-09 09:30:00+00:00;0.161;;
966771;unknown;control;2022-07-09 09:45:00+00:00;0.13;;
966771;unknown;control;2022-07-09 10:00:00+00:00;0.121;;
966771;unknown;control;2022-07-09 10:15:00+00:00;0.121;;
966771;unknown;control;2022-07-09 10:30:00+00:00;0.112;;
966771;unknown;control;2022-07-09 10:45:00+00:00;0.106;;
966771;unknown;control;2022-07-09 11:00:00+00:00;0.106;;
966771;unknown;control;2022-07-09 11:15:00+00:00;0.111;;
966771;unknown;control;2022-07-09 11:30:00+00:00;0.102;;
966771;unknown;control;2022-07-09 11:45:00+00:00;0.097;;
966771;unknown;control;2022-07-09 12:00:00+00:00;0.112;;
966771;unknown;control;2022-07-09 12:15:00+00:00;0.106;;
966771;unknown;control;2022-07-09 12:30:00+00:00;0.102;;
966771;unknown;control;2022-07-09 12:45:00+00:00;0.105;;
966771;unknown;control;2022-07-09 13:00:00+00:00;0.092;;
966771;unknown;control;2022-07-09 13:15:00+00:00;0.103;;
966771;unknown;control;2022-07-09 13:30:00+00:00;0.108;;
966771;unknown;control;2022-07-09 13:45:00+00:00;0.1;;
966771;unknown;control;2022-07-09 14:00:00+00:00;0.107;;
966771;unknown;control;2022-07-09 14:15:00+00:00;0.114;;
966771;unknown;control;2022-07-09 14:30:00+00:00;0.104;;
966771;unknown;control;2022-07-09 14:45:00+00:00;0.11;;
966771;unknown;control;2022-07-09 15:00:00+00:00;0.1;;
966771;unknown;control;2022-07-09 15:15:00+00:00;0.106;;
966771;unknown;control;2022-07-09 15:30:00+00:00;0.104;;
966771;unknown;control;2022-07-09 15:45:00+00:00;0.097;;
966771;unknown;control;2022-07-09 16:00:00+00:00;0.112;;
966771;unknown;control;2022-07-09 16:15:00+00:00;0.103;;
966771;unknown;control;2022-07-09 16:30:00+00:00;0.098;;
966771;unknown;control;2022-07-09 16:45:00+00:00;0.107;;
966771;unknown;control;2022-07-09 17:00:00+00:00;0.097;;
966771;unknown;control;2022-07-09 17:15:00+00:00;0.101;;
966771;unknown;control;2022-07-09 17:30:00+00:00;0.106;;
966771;unknown;control;2022-07-09 17:45:00+00:00;0.1;;
966771;unknown;control;2022-07-09 18:00:00+00:00;0.107;;
966771;unknown;control;2022-07-09 18:15:00+00:00;0.101;;
966771;unknown;control;2022-07-09 18:30:00+00:00;0.1;;
966771;unknown;control;2022-07-09 18:45:00+00:00;0.108;;
966771;unknown;control;2022-07-09 19:00:00+00:00;0.1;;
966771;unknown;control;2022-07-09 19:15:00+00:00;0.131;;
966771;unknown;control;2022-07-09 19:30:00+00:00;0.151;;
966771;unknown;control;2022-07-09 19:45:00+00:00;0.142;;
966771;unknown;control;2022-07-09 20:00:00+00:00;0.142;;
966771;unknown;control;2022-07-09 20:15:00+00:00;0.141;;
966771;unknown;control;2022-07-09 20:30:00+00:00;0.128;;
966771;unknown;control;2022-07-09 20:45:00+00:00;0.127;;
966771;unknown;control;2022-07-09 21:00:00+00:00;0.129;;
966771;unknown;control;2022-07-09 21:15:00+00:00;0.127;;
966771;unknown;control;2022-07-09 21:30:00+00:00;0.134;;
966771;unknown;control;2022-07-09 21:45:00+00:00;0.136;;
966771;unknown;control;2022-07-09 22:00:00+00:00;0.118;;
966771;unknown;control;2022-07-09 22:15:00+00:00;0.133;;
966771;unknown;control;2022-07-09 22:30:00+00:00;0.129;;
966771;unknown;control;2022-07-09 22:45:00+00:00;0.101;;
966771;unknown;control;2022-07-09 23:00:00+00:00;0.107;;
966771;unknown;control;2022-07-09 23:15:00+00:00;0.103;;
966771;unknown;control;2022-07-09 23:30:00+00:00;1.351;;
966771;unknown;control;2022-07-09 23:45:00+00:00;1.314;;
966771;unknown;control;2022-07-10 00:00:00+00:00;1.307;;
966771;unknown;control;2022-07-10 00:15:00+00:00;1.337;;
966771;unknown;control;2022-07-10 00:30:00+00:00;1.328;;
966771;unknown;control;2022-07-10 00:45:00+00:00;1.348;;
966771;unknown;control;2022-07-10 01:00:00+00:00;1.367;;
966771;unknown;control;2022-07-10 01:15:00+00:00;0.105;;
966771;unknown;control;2022-07-10 01:30:00+00:00;0.091;;
966771;unknown;control;2022-07-10 01:45:00+00:00;0.101;;
966771;unknown;control;2022-07-10 02:00:00+00:00;0.099;;
966771;unknown;control;2022-07-10 02:15:00+00:00;0.099;;
966771;unknown;control;2022-07-10 02:30:00+00:00;0.099;;
966771;unknown;control;2022-07-10 02:45:00+00:00;0.093;;
966771;unknown;control;2022-07-10 03:00:00+00:00;0.098;;
966771;unknown;control;2022-07-10 03:15:00+00:00;0.098;;
966771;unknown;control;2022-07-10 03:30:00+00:00;0.087;;
966771;unknown;control;2022-07-10 03:45:00+00:00;0.097;;
966771;unknown;control;2022-07-10 04:00:00+00:00;0.099;;
966771;unknown;control;2022-07-10 04:15:00+00:00;0.089;;
966771;unknown;control;2022-07-10 04:30:00+00:00;0.097;;
966771;unknown;control;2022-07-10 04:45:00+00:00;0.097;;
966771;unknown;control;2022-07-10 05:00:00+00:00;0.098;;
966771;unknown;control;2022-07-10 05:15:00+00:00;0.101;;
966771;unknown;control;2022-07-10 05:30:00+00:00;0.095;;
966771;unknown;control;2022-07-10 05:45:00+00:00;0.102;;
966771;unknown;control;2022-07-10 06:00:00+00:00;0.102;;
966771;unknown;control;2022-07-10 06:15:00+00:00;0.087;;
966771;unknown;control;2022-07-10 06:30:00+00:00;0.093;;
966771;unknown;control;2022-07-10 06:45:00+00:00;0.101;;
966771;unknown;control;2022-07-10 07:00:00+00:00;0.098;;
966771;unknown;control;2022-07-10 07:15:00+00:00;0.106;;
966771;unknown;control;2022-07-10 07:30:00+00:00;0.102;;
966771;unknown;control;2022-07-10 07:45:00+00:00;0.099;;
966771;unknown;control;2022-07-10 08:00:00+00:00;0.125;;
966771;unknown;control;2022-07-10 08:15:00+00:00;0.102;;
966771;unknown;control;2022-07-10 08:30:00+00:00;0.105;;
966771;unknown;control;2022-07-10 08:45:00+00:00;0.112;;
966771;unknown;control;2022-07-10 09:00:00+00:00;0.095;;
966771;unknown;control;2022-07-10 09:15:00+00:00;0.104;;
966771;unknown;control;2022-07-10 09:30:00+00:00;0.111;;
966771;unknown;control;2022-07-10 09:45:00+00:00;0.102;;
966771;unknown;control;2022-07-10 10:00:00+00:00;0.111;;
966771;unknown;control;2022-07-10 10:15:00+00:00;0.105;;
966771;unknown;control;2022-07-10 10:30:00+00:00;0.103;;
966771;unknown;control;2022-07-10 10:45:00+00:00;0.111;;
966771;unknown;control;2022-07-10 11:00:00+00:00;0.101;;
966771;unknown;control;2022-07-10 11:15:00+00:00;0.094;;
966771;unknown;control;2022-07-10 11:30:00+00:00;0.104;;
966771;unknown;control;2022-07-10 11:45:00+00:00;0.096;;
966771;unknown;control;2022-07-10 12:00:00+00:00;0.098;;
966771;unknown;control;2022-07-10 12:15:00+00:00;0.1;;
966771;unknown;control;2022-07-10 12:30:00+00:00;0.097;;
966771;unknown;control;2022-07-10 12:45:00+00:00;0.109;;
966771;unknown;control;2022-07-10 13:00:00+00:00;0.098;;
966771;unknown;control;2022-07-10 13:15:00+00:00;0.088;;
966771;unknown;control;2022-07-10 13:30:00+00:00;0.1;;
966771;unknown;control;2022-07-10 13:45:00+00:00;0.094;;
966771;unknown;control;2022-07-10 14:00:00+00:00;0.093;;
966771;unknown;control;2022-07-10 14:15:00+00:00;0.101;;
966771;unknown;control;2022-07-10 14:30:00+00:00;0.098;;
966771;unknown;control;2022-07-10 14:45:00+00:00;0.099;;
966771;unknown;control;2022-07-10 15:00:00+00:00;0.099;;
966771;unknown;control;2022-07-10 15:15:00+00:00;0.089;;
966771;unknown;control;2022-07-10 15:30:00+00:00;0.1;;
966771;unknown;control;2022-07-10 15:45:00+00:00;0.102;;
966771;unknown;control;2022-07-10 16:00:00+00:00;0.091;;
966771;unknown;control;2022-07-10 16:15:00+00:00;0.098;;
966771;unknown;control;2022-07-10 16:30:00+00:00;0.1;;
966771;unknown;control;2022-07-10 16:45:00+00:00;0.092;;
966771;unknown;control;2022-07-10 17:00:00+00:00;0.098;;
966771;unknown;control;2022-07-10 17:15:00+00:00;0.099;;
966771;unknown;control;2022-07-10 17:30:00+00:00;0.102;;
966771;unknown;control;2022-07-10 17:45:00+00:00;0.106;;
966771;unknown;control;2022-07-10 18:00:00+00:00;0.095;;
966771;unknown;control;2022-07-10 18:15:00+00:00;0.104;;
966771;unknown;control;2022-07-10 18:30:00+00:00;0.105;;
966771;unknown;control;2022-07-10 18:45:00+00:00;0.095;;
966771;unknown;control;2022-07-10 19:00:00+00:00;0.1;;
966771;unknown;control;2022-07-10 19:15:00+00:00;0.112;;
966771;unknown;control;2022-07-10 19:30:00+00:00;0.11;;
966771;unknown;control;2022-07-10 19:45:00+00:00;0.121;;
966771;unknown;control;2022-07-10 20:00:00+00:00;0.114;;
966771;unknown;control;2022-07-10 20:15:00+00:00;0.099;;
966771;unknown;control;2022-07-10 20:30:00+00:00;0.096;;
966771;unknown;control;2022-07-10 20:45:00+00:00;0.096;;
966771;unknown;control;2022-07-10 21:00:00+00:00;0.095;;
966771;unknown;control;2022-07-10 21:15:00+00:00;0.102;;
966771;unknown;control;2022-07-10 21:30:00+00:00;0.092;;
966771;unknown;control;2022-07-10 21:45:00+00:00;0.097;;
966771;unknown;control;2022-07-10 22:00:00+00:00;0.103;;
966771;unknown;control;2022-07-10 22:15:00+00:00;0.09;;
966771;unknown;control;2022-07-10 22:30:00+00:00;0.097;;
966771;unknown;control;2022-07-10 22:45:00+00:00;0.102;;
966771;unknown;control;2022-07-10 23:00:00+00:00;0.091;;
966771;unknown;control;2022-07-10 23:15:00+00:00;0.095;;
966771;unknown;control;2022-07-10 23:30:00+00:00;1.326;;
966771;unknown;control;2022-07-10 23:45:00+00:00;1.286;;
966771;unknown;control;2022-07-11 00:00:00+00:00;1.317;;
966771;unknown;control;2022-07-11 00:15:00+00:00;0.271;;
966771;unknown;control;2022-07-11 00:30:00+00:00;0.096;;
966771;unknown;control;2022-07-11 00:45:00+00:00;0.104;;
966771;unknown;control;2022-07-11 01:00:00+00:00;0.089;;
966771;unknown;control;2022-07-11 01:15:00+00:00;0.096;;
966771;unknown;control;2022-07-11 01:30:00+00:00;0.097;;
966771;unknown;control;2022-07-11 01:45:00+00:00;0.086;;
966771;unknown;control;2022-07-11 02:00:00+00:00;0.098;;
966771;unknown;control;2022-07-11 02:15:00+00:00;0.101;;
966771;unknown;control;2022-07-11 02:30:00+00:00;0.089;;
966771;unknown;control;2022-07-11 02:45:00+00:00;0.091;;
966771;unknown;control;2022-07-11 03:00:00+00:00;0.095;;
966771;unknown;control;2022-07-11 03:15:00+00:00;0.097;;
966771;unknown;control;2022-07-11 03:30:00+00:00;0.097;;
966771;unknown;control;2022-07-11 03:45:00+00:00;0.086;;
966771;unknown;control;2022-07-11 04:00:00+00:00;0.097;;
966771;unknown;control;2022-07-11 04:15:00+00:00;0.107;;
966771;unknown;control;2022-07-11 04:30:00+00:00;0.089;;
966771;unknown;control;2022-07-11 04:45:00+00:00;0.095;;
966771;unknown;control;2022-07-11 05:00:00+00:00;0.101;;
966771;unknown;control;2022-07-11 05:15:00+00:00;0.092;;
966771;unknown;control;2022-07-11 05:30:00+00:00;0.097;;
966771;unknown;control;2022-07-11 05:45:00+00:00;0.097;;
966771;unknown;control;2022-07-11 06:00:00+00:00;0.096;;
966771;unknown;control;2022-07-11 06:15:00+00:00;0.099;;
966771;unknown;control;2022-07-11 06:30:00+00:00;0.089;;
966771;unknown;control;2022-07-11 06:45:00+00:00;0.094;;
966771;unknown;control;2022-07-11 07:00:00+00:00;0.105;;
966771;unknown;control;2022-07-11 07:15:00+00:00;0.097;;
966771;unknown;control;2022-07-11 07:30:00+00:00;0.1;;
966771;unknown;control;2022-07-11 07:45:00+00:00;0.103;;
966771;unknown;control;2022-07-11 08:00:00+00:00;0.091;;
966771;unknown;control;2022-07-11 08:15:00+00:00;0.101;;
966771;unknown;control;2022-07-11 08:30:00+00:00;0.103;;
966771;unknown;control;2022-07-11 08:45:00+00:00;0.099;;
966771;unknown;control;2022-07-11 09:00:00+00:00;0.102;;
966771;unknown;control;2022-07-11 09:15:00+00:00;0.102;;
966771;unknown;control;2022-07-11 09:30:00+00:00;0.1;;
966771;unknown;control;2022-07-11 09:45:00+00:00;0.107;;
966771;unknown;control;2022-07-11 10:00:00+00:00;0.099;;
966771;unknown;control;2022-07-11 10:15:00+00:00;0.099;;
966771;unknown;control;2022-07-11 10:30:00+00:00;0.109;;
966771;unknown;control;2022-07-11 10:45:00+00:00;0.102;;
966771;unknown;control;2022-07-11 11:00:00+00:00;0.099;;
966771;unknown;control;2022-07-11 11:15:00+00:00;0.117;;
966771;unknown;control;2022-07-11 11:30:00+00:00;0.111;;
966771;unknown;control;2022-07-11 11:45:00+00:00;0.114;;
966771;unknown;control;2022-07-11 12:00:00+00:00;0.109;;
966771;unknown;control;2022-07-11 12:15:00+00:00;0.106;;
966771;unknown;control;2022-07-11 12:30:00+00:00;0.153;;
966771;unknown;control;2022-07-11 12:45:00+00:00;0.152;;
966771;unknown;control;2022-07-11 13:00:00+00:00;0.105;;
966771;unknown;control;2022-07-11 13:15:00+00:00;0.115;;
966771;unknown;control;2022-07-11 13:30:00+00:00;0.131;;
966771;unknown;control;2022-07-11 13:45:00+00:00;0.391;;
966771;unknown;control;2022-07-11 14:00:00+00:00;0.729;;
966771;unknown;control;2022-07-11 14:15:00+00:00;0.219;;
966771;unknown;control;2022-07-11 14:30:00+00:00;0.168;;
966771;unknown;control;2022-07-11 14:45:00+00:00;0.159;;
966771;unknown;control;2022-07-11 15:00:00+00:00;0.154;;
966771;unknown;control;2022-07-11 15:15:00+00:00;0.254;;
966771;unknown;control;2022-07-11 15:30:00+00:00;0.278;;
966771;unknown;control;2022-07-11 15:45:00+00:00;0.284;;
966771;unknown;control;2022-07-11 16:00:00+00:00;0.299;;
966771;unknown;control;2022-07-11 16:15:00+00:00;0.287;;
966771;unknown;control;2022-07-11 16:30:00+00:00;0.189;;
966771;unknown;control;2022-07-11 16:45:00+00:00;0.116;;
966771;unknown;control;2022-07-11 17:00:00+00:00;0.105;;
966771;unknown;control;2022-07-11 17:15:00+00:00;0.121;;
966771;unknown;control;2022-07-11 17:30:00+00:00;0.109;;
966771;unknown;control;2022-07-11 17:45:00+00:00;0.103;;
966771;unknown;control;2022-07-11 18:00:00+00:00;0.102;;
966771;unknown;control;2022-07-11 18:15:00+00:00;0.107;;
966771;unknown;control;2022-07-11 18:30:00+00:00;0.097;;
966771;unknown;control;2022-07-11 18:45:00+00:00;0.105;;
966771;unknown;control;2022-07-11 19:00:00+00:00;0.109;;
966771;unknown;control;2022-07-11 19:15:00+00:00;0.101;;
966771;unknown;control;2022-07-11 19:30:00+00:00;0.132;;
966771;unknown;control;2022-07-11 19:45:00+00:00;0.204;;
966771;unknown;control;2022-07-11 20:00:00+00:00;0.15;;
966771;unknown;control;2022-07-11 20:15:00+00:00;0.451;;
966771;unknown;control;2022-07-11 20:30:00+00:00;0.278;;
966771;unknown;control;2022-07-11 20:45:00+00:00;0.298;;
966771;unknown;control;2022-07-11 21:00:00+00:00;0.181;;
966771;unknown;control;2022-07-11 21:15:00+00:00;0.105;;
966771;unknown;control;2022-07-11 21:30:00+00:00;0.101;;
966771;unknown;control;2022-07-11 21:45:00+00:00;0.105;;
966771;unknown;control;2022-07-11 22:00:00+00:00;0.104;;
966771;unknown;control;2022-07-11 22:15:00+00:00;0.1;;
966771;unknown;control;2022-07-11 22:30:00+00:00;0.104;;
966771;unknown;control;2022-07-11 22:45:00+00:00;0.095;;
966771;unknown;control;2022-07-11 23:00:00+00:00;0.102;;
966771;unknown;control;2022-07-11 23:15:00+00:00;0.105;;
966771;unknown;control;2022-07-11 23:30:00+00:00;1.343;;
966771;unknown;control;2022-07-11 23:45:00+00:00;1.312;;
966771;unknown;control;2022-07-12 00:00:00+00:00;1.311;;
966771;unknown;control;2022-07-12 00:15:00+00:00;1.324;;
966771;unknown;control;2022-07-12 00:30:00+00:00;1.356;;
966771;unknown;control;2022-07-12 00:45:00+00:00;1.376;;
966771;unknown;control;2022-07-12 01:00:00+00:00;1.365;;
966771;unknown;control;2022-07-12 01:15:00+00:00;0.676;;
966771;unknown;control;2022-07-12 01:30:00+00:00;0.103;;
966771;unknown;control;2022-07-12 01:45:00+00:00;0.099;;
966771;unknown;control;2022-07-12 02:00:00+00:00;0.104;;
966771;unknown;control;2022-07-12 02:15:00+00:00;0.099;;
966771;unknown;control;2022-07-12 02:30:00+00:00;0.105;;
966771;unknown;control;2022-07-12 02:45:00+00:00;0.104;;
966771;unknown;control;2022-07-12 03:00:00+00:00;0.095;;
966771;unknown;control;2022-07-12 03:15:00+00:00;0.102;;
966771;unknown;control;2022-07-12 03:30:00+00:00;0.102;;
966771;unknown;control;2022-07-12 03:45:00+00:00;0.092;;
966771;unknown;control;2022-07-12 04:00:00+00:00;0.49;;
966771;unknown;control;2022-07-12 04:15:00+00:00;0.129;;
966771;unknown;control;2022-07-12 04:30:00+00:00;0.143;;
966771;unknown;control;2022-07-12 04:45:00+00:00;0.161;;
966771;unknown;control;2022-07-12 05:00:00+00:00;0.345;;
966771;unknown;control;2022-07-12 05:15:00+00:00;0.405;;
966771;unknown;control;2022-07-12 05:30:00+00:00;0.135;;
966771;unknown;control;2022-07-12 05:45:00+00:00;0.13;;
966771;unknown;control;2022-07-12 06:00:00+00:00;0.164;;
966771;unknown;control;2022-07-12 06:15:00+00:00;0.207;;
966771;unknown;control;2022-07-12 06:30:00+00:00;0.102;;
966771;unknown;control;2022-07-12 06:45:00+00:00;0.097;;
966771;unknown;control;2022-07-12 07:00:00+00:00;0.103;;
966771;unknown;control;2022-07-12 07:15:00+00:00;0.389;;
966771;unknown;control;2022-07-12 07:30:00+00:00;0.132;;
966771;unknown;control;2022-07-12 07:45:00+00:00;0.143;;
966771;unknown;control;2022-07-12 08:00:00+00:00;0.135;;
966771;unknown;control;2022-07-12 08:15:00+00:00;0.103;;
966771;unknown;control;2022-07-12 08:30:00+00:00;0.207;;
966771;unknown;control;2022-07-12 08:45:00+00:00;0.108;;
966771;unknown;control;2022-07-12 09:00:00+00:00;0.104;;
966771;unknown;control;2022-07-12 09:15:00+00:00;0.1;;
966771;unknown;control;2022-07-12 09:30:00+00:00;0.207;;
966771;unknown;control;2022-07-12 09:45:00+00:00;0.535;;
966771;unknown;control;2022-07-12 10:00:00+00:00;0.185;;
966771;unknown;control;2022-07-12 10:15:00+00:00;0.126;;
966771;unknown;control;2022-07-12 10:30:00+00:00;0.113;;
966771;unknown;control;2022-07-12 10:45:00+00:00;0.103;;
966771;unknown;control;2022-07-12 11:00:00+00:00;0.105;;
966771;unknown;control;2022-07-12 11:15:00+00:00;0.12;;
966771;unknown;control;2022-07-12 11:30:00+00:00;0.119;;
966771;unknown;control;2022-07-12 11:45:00+00:00;0.15;;
966771;unknown;control;2022-07-12 12:00:00+00:00;0.141;;
966771;unknown;control;2022-07-12 12:15:00+00:00;0.114;;
966771;unknown;control;2022-07-12 12:30:00+00:00;0.127;;
966771;unknown;control;2022-07-12 12:45:00+00:00;0.109;;
966771;unknown;control;2022-07-12 13:00:00+00:00;0.104;;
966771;unknown;control;2022-07-12 13:15:00+00:00;0.097;;
966771;unknown;control;2022-07-12 13:30:00+00:00;0.101;;
966771;unknown;control;2022-07-12 13:45:00+00:00;0.107;;
966771;unknown;control;2022-07-12 14:00:00+00:00;0.104;;
966771;unknown;control;2022-07-12 14:15:00+00:00;0.094;;
966771;unknown;control;2022-07-12 14:30:00+00:00;0.1;;
966771;unknown;control;2022-07-12 14:45:00+00:00;0.206;;
966771;unknown;control;2022-07-12 15:00:00+00:00;0.195;;
966771;unknown;control;2022-07-12 15:15:00+00:00;0.208;;
966771;unknown;control;2022-07-12 15:30:00+00:00;0.216;;
966771;unknown;control;2022-07-12 15:45:00+00:00;0.245;;
966771;unknown;control;2022-07-12 16:00:00+00:00;0.311;;
966771;unknown;control;2022-07-12 16:15:00+00:00;0.121;;
966771;unknown;control;2022-07-12 16:30:00+00:00;0.11;;
966771;unknown;control;2022-07-12 16:45:00+00:00;0.117;;
966771;unknown;control;2022-07-12 17:00:00+00:00;0.113;;
966771;unknown;control;2022-07-12 17:15:00+00:00;0.103;;
966771;unknown;control;2022-07-12 17:30:00+00:00;0.108;;
966771;unknown;control;2022-07-12 17:45:00+00:00;0.115;;
966771;unknown;control;2022-07-12 18:00:00+00:00;0.162;;
966771;unknown;control;2022-07-12 18:15:00+00:00;0.165;;
966771;unknown;control;2022-07-12 18:30:00+00:00;0.152;;
966771;unknown;control;2022-07-12 18:45:00+00:00;0.153;;
966771;unknown;control;2022-07-12 19:00:00+00:00;0.143;;
966771;unknown;control;2022-07-12 19:15:00+00:00;0.131;;
966771;unknown;control;2022-07-12 19:30:00+00:00;0.163;;
966771;unknown;control;2022-07-12 19:45:00+00:00;0.149;;
966771;unknown;control;2022-07-12 20:00:00+00:00;0.124;;
966771;unknown;control;2022-07-12 20:15:00+00:00;0.12;;
966771;unknown;control;2022-07-12 20:30:00+00:00;0.1;;
966771;unknown;control;2022-07-12 20:45:00+00:00;0.102;;
966771;unknown;control;2022-07-12 21:00:00+00:00;0.108;;
966771;unknown;control;2022-07-12 21:15:00+00:00;0.098;;
966771;unknown;control;2022-07-12 21:30:00+00:00;0.101;;
966771;unknown;control;2022-07-12 21:45:00+00:00;0.108;;
966771;unknown;control;2022-07-12 22:00:00+00:00;0.099;;
966771;unknown;control;2022-07-12 22:15:00+00:00;0.106;;
966771;unknown;control;2022-07-12 22:30:00+00:00;0.1;;
966771;unknown;control;2022-07-12 22:45:00+00:00;0.099;;
966771;unknown;control;2022-07-12 23:00:00+00:00;0.109;;
966771;unknown;control;2022-07-12 23:15:00+00:00;0.102;;
966771;unknown;control;2022-07-12 23:30:00+00:00;1.339;;
966771;unknown;control;2022-07-12 23:45:00+00:00;1.31;;
966771;unknown;control;2022-07-13 00:00:00+00:00;1.309;;
966771;unknown;control;2022-07-13 00:15:00+00:00;1.34;;
966771;unknown;control;2022-07-13 00:30:00+00:00;1.359;;
966771;unknown;control;2022-07-13 00:45:00+00:00;1.204;;
966771;unknown;control;2022-07-13 01:00:00+00:00;0.107;;
966771;unknown;control;2022-07-13 01:15:00+00:00;0.107;;
966771;unknown;control;2022-07-13 01:30:00+00:00;0.102;;
966771;unknown;control;2022-07-13 01:45:00+00:00;0.106;;
966771;unknown;control;2022-07-13 02:00:00+00:00;0.101;;
966771;unknown;control;2022-07-13 02:15:00+00:00;0.106;;
966771;unknown;control;2022-07-13 02:30:00+00:00;0.106;;
966771;unknown;control;2022-07-13 02:45:00+00:00;0.106;;
966771;unknown;control;2022-07-13 03:00:00+00:00;0.102;;
966771;unknown;control;2022-07-13 03:15:00+00:00;0.117;;
966771;unknown;control;2022-07-13 03:30:00+00:00;0.099;;
966771;unknown;control;2022-07-13 03:45:00+00:00;0.103;;
966771;unknown;control;2022-07-13 04:00:00+00:00;0.099;;
966771;unknown;control;2022-07-13 04:15:00+00:00;0.102;;
966771;unknown;control;2022-07-13 04:30:00+00:00;0.139;;
966771;unknown;control;2022-07-13 04:45:00+00:00;0.105;;
966771;unknown;control;2022-07-13 05:00:00+00:00;0.112;;
966771;unknown;control;2022-07-13 05:15:00+00:00;0.675;;
966771;unknown;control;2022-07-13 05:30:00+00:00;0.386;;
966771;unknown;control;2022-07-13 05:45:00+00:00;0.127;;
966771;unknown;control;2022-07-13 06:00:00+00:00;0.132;;
966771;unknown;control;2022-07-13 06:15:00+00:00;0.151;;
966771;unknown;control;2022-07-13 06:30:00+00:00;0.111;;
966771;unknown;control;2022-07-13 06:45:00+00:00;0.101;;
966771;unknown;control;2022-07-13 07:00:00+00:00;0.097;;
966771;unknown;control;2022-07-13 07:15:00+00:00;0.105;;
966771;unknown;control;2022-07-13 07:30:00+00:00;0.1;;
966771;unknown;control;2022-07-13 07:45:00+00:00;0.102;;
966771;unknown;control;2022-07-13 08:00:00+00:00;0.366;;
966771;unknown;control;2022-07-13 08:15:00+00:00;0.118;;
966771;unknown;control;2022-07-13 08:30:00+00:00;0.125;;
966771;unknown;control;2022-07-13 08:45:00+00:00;0.107;;
966771;unknown;control;2022-07-13 09:00:00+00:00;0.11;;
966771;unknown;control;2022-07-13 09:15:00+00:00;0.114;;
966771;unknown;control;2022-07-13 09:30:00+00:00;0.113;;
966771;unknown;control;2022-07-13 09:45:00+00:00;0.445;;
966771;unknown;control;2022-07-13 10:00:00+00:00;0.172;;
966771;unknown;control;2022-07-13 10:15:00+00:00;0.127;;
966771;unknown;control;2022-07-13 10:30:00+00:00;0.142;;
966771;unknown;control;2022-07-13 10:45:00+00:00;0.154;;
966771;unknown;control;2022-07-13 11:00:00+00:00;0.115;;
966771;unknown;control;2022-07-13 11:15:00+00:00;0.117;;
966771;unknown;control;2022-07-13 11:30:00+00:00;0.121;;
966771;unknown;control;2022-07-13 11:45:00+00:00;0.487;;
966771;unknown;control;2022-07-13 12:00:00+00:00;0.293;;
966771;unknown;control;2022-07-13 12:15:00+00:00;0.41;;
966771;unknown;control;2022-07-13 12:30:00+00:00;0.247;;
966771;unknown;control;2022-07-13 12:45:00+00:00;0.368;;
966771;unknown;control;2022-07-13 13:00:00+00:00;0.312;;
966771;unknown;control;2022-07-13 13:15:00+00:00;0.241;;
966771;unknown;control;2022-07-13 13:30:00+00:00;0.196;;
966771;unknown;control;2022-07-13 13:45:00+00:00;0.106;;
966771;unknown;control;2022-07-13 14:00:00+00:00;0.116;;
966771;unknown;control;2022-07-13 14:15:00+00:00;0.151;;
966771;unknown;control;2022-07-13 14:30:00+00:00;0.121;;
966771;unknown;control;2022-07-13 14:45:00+00:00;0.12;;
966771;unknown;control;2022-07-13 15:00:00+00:00;0.111;;
966771;unknown;control;2022-07-13 15:15:00+00:00;0.117;;
966771;unknown;control;2022-07-13 15:30:00+00:00;0.12;;
966771;unknown;control;2022-07-13 15:45:00+00:00;0.114;;
966771;unknown;control;2022-07-13 16:00:00+00:00;0.141;;
966771;unknown;control;2022-07-13 16:15:00+00:00;0.143;;
966771;unknown;control;2022-07-13 16:30:00+00:00;0.139;;
966771;unknown;control;2022-07-13 16:45:00+00:00;0.148;;
966771;unknown;control;2022-07-13 17:00:00+00:00;0.134;;
966771;unknown;control;2022-07-13 17:15:00+00:00;0.102;;
966771;unknown;control;2022-07-13 17:30:00+00:00;0.103;;
966771;unknown;control;2022-07-13 17:45:00+00:00;0.111;;
966771;unknown;control;2022-07-13 18:00:00+00:00;0.101;;
966771;unknown;control;2022-07-13 18:15:00+00:00;0.108;;
966771;unknown;control;2022-07-13 18:30:00+00:00;0.104;;
966771;unknown;control;2022-07-13 18:45:00+00:00;0.106;;
966771;unknown;control;2022-07-13 19:00:00+00:00;0.136;;
966771;unknown;control;2022-07-13 19:15:00+00:00;0.112;;
966771;unknown;control;2022-07-13 19:30:00+00:00;0.125;;
966771;unknown;control;2022-07-13 19:45:00+00:00;0.158;;
966771;unknown;control;2022-07-13 20:00:00+00:00;0.179;;
966771;unknown;control;2022-07-13 20:15:00+00:00;0.169;;
966771;unknown;control;2022-07-13 20:30:00+00:00;0.138;;
966771;unknown;control;2022-07-13 20:45:00+00:00;0.101;;
966771;unknown;control;2022-07-13 21:00:00+00:00;0.105;;
966771;unknown;control;2022-07-13 21:15:00+00:00;0.102;;
966771;unknown;control;2022-07-13 21:30:00+00:00;0.1;;
966771;unknown;control;2022-07-13 21:45:00+00:00;0.108;;
966771;unknown;control;2022-07-13 22:00:00+00:00;0.106;;
966771;unknown;control;2022-07-13 22:15:00+00:00;0.096;;
966771;unknown;control;2022-07-13 22:30:00+00:00;0.106;;
966771;unknown;control;2022-07-13 22:45:00+00:00;0.103;;
966771;unknown;control;2022-07-13 23:00:00+00:00;0.103;;
966771;unknown;control;2022-07-13 23:15:00+00:00;0.107;;
966771;unknown;control;2022-07-13 23:30:00+00:00;1.347;;
966771;unknown;control;2022-07-13 23:45:00+00:00;1.321;;
966771;unknown;control;2022-07-14 00:00:00+00:00;1.328;;
966771;unknown;control;2022-07-14 00:15:00+00:00;1.332;;
966771;unknown;control;2022-07-14 00:30:00+00:00;1.346;;
966771;unknown;control;2022-07-14 00:45:00+00:00;0.65;;
966771;unknown;control;2022-07-14 01:00:00+00:00;0.101;;
966771;unknown;control;2022-07-14 01:15:00+00:00;0.108;;
966771;unknown;control;2022-07-14 01:30:00+00:00;0.102;;
966771;unknown;control;2022-07-14 01:45:00+00:00;0.104;;
966771;unknown;control;2022-07-14 02:00:00+00:00;0.108;;
966771;unknown;control;2022-07-14 02:15:00+00:00;0.111;;
966771;unknown;control;2022-07-14 02:30:00+00:00;0.1;;
966771;unknown;control;2022-07-14 02:45:00+00:00;0.108;;
966771;unknown;control;2022-07-14 03:00:00+00:00;0.099;;
966771;unknown;control;2022-07-14 03:15:00+00:00;0.1;;
966771;unknown;control;2022-07-14 03:30:00+00:00;0.106;;
966771;unknown;control;2022-07-14 03:45:00+00:00;0.098;;
966771;unknown;control;2022-07-14 04:00:00+00:00;0.105;;
966771;unknown;control;2022-07-14 04:15:00+00:00;0.1;;
966771;unknown;control;2022-07-14 04:30:00+00:00;0.113;;
966771;unknown;control;2022-07-14 04:45:00+00:00;0.108;;
966771;unknown;control;2022-07-14 05:00:00+00:00;0.446;;
966771;unknown;control;2022-07-14 05:15:00+00:00;0.116;;
966771;unknown;control;2022-07-14 05:30:00+00:00;0.155;;
966771;unknown;control;2022-07-14 05:45:00+00:00;0.142;;
966771;unknown;control;2022-07-14 06:00:00+00:00;0.132;;
966771;unknown;control;2022-07-14 06:15:00+00:00;0.543;;
966771;unknown;control;2022-07-14 06:30:00+00:00;0.632;;
966771;unknown;control;2022-07-14 06:45:00+00:00;0.142;;
966771;unknown;control;2022-07-14 07:00:00+00:00;0.139;;
966771;unknown;control;2022-07-14 07:15:00+00:00;0.152;;
966771;unknown;control;2022-07-14 07:30:00+00:00;0.228;;
966771;unknown;control;2022-07-14 07:45:00+00:00;0.262;;
966771;unknown;control;2022-07-14 08:00:00+00:00;0.278;;
966771;unknown;control;2022-07-14 08:15:00+00:00;0.292;;
966771;unknown;control;2022-07-14 08:30:00+00:00;0.285;;
966771;unknown;control;2022-07-14 08:45:00+00:00;0.225;;
966771;unknown;control;2022-07-14 09:00:00+00:00;0.133;;
966771;unknown;control;2022-07-14 09:15:00+00:00;0.116;;
966771;unknown;control;2022-07-14 09:30:00+00:00;0.479;;
966771;unknown;control;2022-07-14 09:45:00+00:00;0.26;;
966771;unknown;control;2022-07-14 10:00:00+00:00;0.115;;
966771;unknown;control;2022-07-14 10:15:00+00:00;0.113;;
966771;unknown;control;2022-07-14 10:30:00+00:00;0.133;;
966771;unknown;control;2022-07-14 10:45:00+00:00;0.106;;
966771;unknown;control;2022-07-14 11:00:00+00:00;0.114;;
966771;unknown;control;2022-07-14 11:15:00+00:00;0.118;;
966771;unknown;control;2022-07-14 11:30:00+00:00;0.113;;
966771;unknown;control;2022-07-14 11:45:00+00:00;0.108;;
966771;unknown;control;2022-07-14 12:00:00+00:00;0.104;;
966771;unknown;control;2022-07-14 12:15:00+00:00;0.1;;
966771;unknown;control;2022-07-14 12:30:00+00:00;0.113;;
966771;unknown;control;2022-07-14 12:45:00+00:00;0.106;;
966771;unknown;control;2022-07-14 13:00:00+00:00;0.102;;
966771;unknown;control;2022-07-14 13:15:00+00:00;0.108;;
966771;unknown;control;2022-07-14 13:30:00+00:00;0.1;;
966771;unknown;control;2022-07-14 13:45:00+00:00;0.1;;
966771;unknown;control;2022-07-14 14:00:00+00:00;0.109;;
966771;unknown;control;2022-07-14 14:15:00+00:00;0.105;;
966771;unknown;control;2022-07-14 14:30:00+00:00;0.113;;
966771;unknown;control;2022-07-14 14:45:00+00:00;0.109;;
966771;unknown;control;2022-07-14 15:00:00+00:00;0.098;;
966771;unknown;control;2022-07-14 15:15:00+00:00;0.116;;
966771;unknown;control;2022-07-14 15:30:00+00:00;0.109;;
966771;unknown;control;2022-07-14 15:45:00+00:00;0.105;;
966771;unknown;control;2022-07-14 16:00:00+00:00;0.121;;
966771;unknown;control;2022-07-14 16:15:00+00:00;0.143;;
966771;unknown;control;2022-07-14 16:30:00+00:00;0.607;;
966771;unknown;control;2022-07-14 16:45:00+00:00;0.434;;
966771;unknown;control;2022-07-14 17:00:00+00:00;0.2;;
966771;unknown;control;2022-07-14 17:15:00+00:00;0.107;;
966771;unknown;control;2022-07-14 17:30:00+00:00;0.118;;
966771;unknown;control;2022-07-14 17:45:00+00:00;0.113;;
966771;unknown;control;2022-07-14 18:00:00+00:00;0.134;;
966771;unknown;control;2022-07-14 18:15:00+00:00;0.138;;
966771;unknown;control;2022-07-14 18:30:00+00:00;0.117;;
966771;unknown;control;2022-07-14 18:45:00+00:00;0.135;;
966771;unknown;control;2022-07-14 19:00:00+00:00;0.141;;
966771;unknown;control;2022-07-14 19:15:00+00:00;0.14;;
966771;unknown;control;2022-07-14 19:30:00+00:00;0.151;;
966771;unknown;control;2022-07-14 19:45:00+00:00;0.16;;
966771;unknown;control;2022-07-14 20:00:00+00:00;0.139;;
966771;unknown;control;2022-07-14 20:15:00+00:00;0.141;;
966771;unknown;control;2022-07-14 20:30:00+00:00;0.104;;
966771;unknown;control;2022-07-14 20:45:00+00:00;0.099;;
966771;unknown;control;2022-07-14 21:00:00+00:00;0.109;;
966771;unknown;control;2022-07-14 21:15:00+00:00;0.102;;
966771;unknown;control;2022-07-14 21:30:00+00:00;0.1;;
966771;unknown;control;2022-07-14 21:45:00+00:00;0.105;;
966771;unknown;control;2022-07-14 22:00:00+00:00;0.099;;
966771;unknown;control;2022-07-14 22:15:00+00:00;0.1;;
966771;unknown;control;2022-07-14 22:30:00+00:00;0.106;;
966771;unknown;control;2022-07-14 22:45:00+00:00;0.097;;
966771;unknown;control;2022-07-14 23:00:00+00:00;0.102;;
966771;unknown;control;2022-07-14 23:15:00+00:00;0.105;;
966771;unknown;control;2022-07-14 23:30:00+00:00;1.327;;
966771;unknown;control;2022-07-14 23:45:00+00:00;1.292;;
966771;unknown;control;2022-07-15 00:00:00+00:00;1.318;;
966771;unknown;control;2022-07-15 00:15:00+00:00;1.341;;
966771;unknown;control;2022-07-15 00:30:00+00:00;1.363;;
966771;unknown;control;2022-07-15 00:45:00+00:00;0.338;;
966771;unknown;control;2022-07-15 01:00:00+00:00;0.093;;
966771;unknown;control;2022-07-15 01:15:00+00:00;0.097;;
966771;unknown;control;2022-07-15 01:30:00+00:00;0.095;;
966771;unknown;control;2022-07-15 01:45:00+00:00;0.093;;
966771;unknown;control;2022-07-15 02:00:00+00:00;0.107;;
966771;unknown;control;2022-07-15 02:15:00+00:00;0.102;;
966771;unknown;control;2022-07-15 02:30:00+00:00;0.102;;
966771;unknown;control;2022-07-15 02:45:00+00:00;0.107;;
966771;unknown;control;2022-07-15 03:00:00+00:00;0.096;;
966771;unknown;control;2022-07-15 03:15:00+00:00;0.097;;
966771;unknown;control;2022-07-15 03:30:00+00:00;0.112;;
966771;unknown;control;2022-07-15 03:45:00+00:00;0.097;;
966771;unknown;control;2022-07-15 04:00:00+00:00;0.104;;
966771;unknown;control;2022-07-15 04:15:00+00:00;0.101;;
966771;unknown;control;2022-07-15 04:30:00+00:00;0.103;;
966771;unknown;control;2022-07-15 04:45:00+00:00;0.102;;
966771;unknown;control;2022-07-15 05:00:00+00:00;0.15;;
966771;unknown;control;2022-07-15 05:15:00+00:00;0.109;;
966771;unknown;control;2022-07-15 05:30:00+00:00;0.335;;
966771;unknown;control;2022-07-15 05:45:00+00:00;0.491;;
966771;unknown;control;2022-07-15 06:00:00+00:00;0.113;;
966771;unknown;control;2022-07-15 06:15:00+00:00;0.133;;
966771;unknown;control;2022-07-15 06:30:00+00:00;0.458;;
966771;unknown;control;2022-07-15 06:45:00+00:00;0.106;;
966771;unknown;control;2022-07-15 07:00:00+00:00;0.12;;
966771;unknown;control;2022-07-15 07:15:00+00:00;0.132;;
966771;unknown;control;2022-07-15 07:30:00+00:00;0.13;;
966771;unknown;control;2022-07-15 07:45:00+00:00;0.125;;
966771;unknown;control;2022-07-15 08:00:00+00:00;0.118;;
966771;unknown;control;2022-07-15 08:15:00+00:00;0.103;;
966771;unknown;control;2022-07-15 08:30:00+00:00;0.106;;
966771;unknown;control;2022-07-15 08:45:00+00:00;0.106;;
966771;unknown;control;2022-07-15 09:00:00+00:00;0.1;;
966771;unknown;control;2022-07-15 09:15:00+00:00;0.097;;
966771;unknown;control;2022-07-15 09:30:00+00:00;0.208;;
966771;unknown;control;2022-07-15 09:45:00+00:00;0.552;;
966771;unknown;control;2022-07-15 10:00:00+00:00;0.546;;
966771;unknown;control;2022-07-15 10:15:00+00:00;0.18;;
966771;unknown;control;2022-07-15 10:30:00+00:00;0.11;;
966771;unknown;control;2022-07-15 10:45:00+00:00;0.107;;
966771;unknown;control;2022-07-15 11:00:00+00:00;0.127;;
966771;unknown;control;2022-07-15 11:15:00+00:00;0.119;;
966771;unknown;control;2022-07-15 11:30:00+00:00;0.114;;
966771;unknown;control;2022-07-15 11:45:00+00:00;0.106;;
966771;unknown;control;2022-07-15 12:00:00+00:00;0.104;;
966771;unknown;control;2022-07-15 12:15:00+00:00;0.111;;
966771;unknown;control;2022-07-15 12:30:00+00:00;0.128;;
966771;unknown;control;2022-07-15 12:45:00+00:00;0.122;;
966771;unknown;control;2022-07-15 13:00:00+00:00;0.12;;
966771;unknown;control;2022-07-15 13:15:00+00:00;0.115;;
966771;unknown;control;2022-07-15 13:30:00+00:00;0.144;;
966771;unknown;control;2022-07-15 13:45:00+00:00;0.128;;
966771;unknown;control;2022-07-15 14:00:00+00:00;0.132;;
966771;unknown;control;2022-07-15 14:15:00+00:00;0.129;;
966771;unknown;control;2022-07-15 14:30:00+00:00;0.124;;
966771;unknown;control;2022-07-15 14:45:00+00:00;0.111;;
966771;unknown;control;2022-07-15 15:00:00+00:00;0.101;;
966771;unknown;control;2022-07-15 15:15:00+00:00;0.097;;
966771;unknown;control;2022-07-15 15:30:00+00:00;0.1;;
966771;unknown;control;2022-07-15 15:45:00+00:00;0.119;;
966771;unknown;control;2022-07-15 16:00:00+00:00;0.132;;
966771;unknown;control;2022-07-15 16:15:00+00:00;0.141;;
966771;unknown;control;2022-07-15 16:30:00+00:00;0.196;;
966771;unknown;control;2022-07-15 16:45:00+00:00;0.185;;
966771;unknown;control;2022-07-15 17:00:00+00:00;0.152;;
966771;unknown;control;2022-07-15 17:15:00+00:00;0.172;;
966771;unknown;control;2022-07-15 17:30:00+00:00;0.145;;
966771;unknown;control;2022-07-15 17:45:00+00:00;0.143;;
966771;unknown;control;2022-07-15 18:00:00+00:00;0.135;;
966771;unknown;control;2022-07-15 18:15:00+00:00;0.139;;
966771;unknown;control;2022-07-15 18:30:00+00:00;0.136;;
966771;unknown;control;2022-07-15 18:45:00+00:00;0.13;;
966771;unknown;control;2022-07-15 19:00:00+00:00;0.143;;
966771;unknown;control;2022-07-15 19:15:00+00:00;0.144;;
966771;unknown;control;2022-07-15 19:30:00+00:00;0.147;;
966771;unknown;control;2022-07-15 19:45:00+00:00;0.15;;
966771;unknown;control;2022-07-15 20:00:00+00:00;0.149;;
966771;unknown;control;2022-07-15 20:15:00+00:00;0.15;;
966771;unknown;control;2022-07-15 20:30:00+00:00;0.131;;
966771;unknown;control;2022-07-15 20:45:00+00:00;0.135;;
966771;unknown;control;2022-07-15 21:00:00+00:00;0.131;;
966771;unknown;control;2022-07-15 21:15:00+00:00;0.134;;
966771;unknown;control;2022-07-15 21:30:00+00:00;0.105;;
966771;unknown;control;2022-07-15 21:45:00+00:00;0.1;;
966771;unknown;control;2022-07-15 22:00:00+00:00;0.104;;
966771;unknown;control;2022-07-15 22:15:00+00:00;0.094;;
966771;unknown;control;2022-07-15 22:30:00+00:00;0.095;;
966771;unknown;control;2022-07-15 22:45:00+00:00;0.102;;
966771;unknown;control;2022-07-15 23:00:00+00:00;0.102;;
966771;unknown;control;2022-07-15 23:15:00+00:00;0.137;;
966771;unknown;control;2022-07-15 23:30:00+00:00;1.344;;
966771;unknown;control;2022-07-15 23:45:00+00:00;1.294;;
966771;unknown;control;2022-07-16 00:00:00+00:00;1.307;;
966771;unknown;control;2022-07-16 00:15:00+00:00;1.334;;
966771;unknown;control;2022-07-16 00:30:00+00:00;1.349;;
966771;unknown;control;2022-07-16 00:45:00+00:00;1.374;;
966771;unknown;control;2022-07-16 01:00:00+00:00;1.369;;
966771;unknown;control;2022-07-16 01:15:00+00:00;1.375;;
966771;unknown;control;2022-07-16 01:30:00+00:00;1.386;;
966771;unknown;control;2022-07-16 01:45:00+00:00;0.101;;
966771;unknown;control;2022-07-16 02:00:00+00:00;0.094;;
966771;unknown;control;2022-07-16 02:15:00+00:00;0.103;;
966771;unknown;control;2022-07-16 02:30:00+00:00;0.097;;
966771;unknown;control;2022-07-16 02:45:00+00:00;0.102;;
966771;unknown;control;2022-07-16 03:00:00+00:00;0.105;;
966771;unknown;control;2022-07-16 03:15:00+00:00;0.097;;
966771;unknown;control;2022-07-16 03:30:00+00:00;0.101;;
966771;unknown;control;2022-07-16 03:45:00+00:00;0.095;;
966771;unknown;control;2022-07-16 04:00:00+00:00;0.091;;
966771;unknown;control;2022-07-16 04:15:00+00:00;0.1;;
966771;unknown;control;2022-07-16 04:30:00+00:00;0.103;;
966771;unknown;control;2022-07-16 04:45:00+00:00;0.092;;
966771;unknown;control;2022-07-16 05:00:00+00:00;0.116;;
966771;unknown;control;2022-07-16 05:15:00+00:00;0.11;;
966771;unknown;control;2022-07-16 05:30:00+00:00;0.115;;
966771;unknown;control;2022-07-16 05:45:00+00:00;0.102;;
966771;unknown;control;2022-07-16 06:00:00+00:00;0.1;;
966771;unknown;control;2022-07-16 06:15:00+00:00;0.101;;
966771;unknown;control;2022-07-16 06:30:00+00:00;0.1;;
966771;unknown;control;2022-07-16 06:45:00+00:00;0.096;;
966771;unknown;control;2022-07-16 07:00:00+00:00;0.11;;
966771;unknown;control;2022-07-16 07:15:00+00:00;0.237;;
966771;unknown;control;2022-07-16 07:30:00+00:00;0.175;;
966771;unknown;control;2022-07-16 07:45:00+00:00;0.164;;
966771;unknown;control;2022-07-16 08:00:00+00:00;0.153;;
966771;unknown;control;2022-07-16 08:15:00+00:00;0.121;;
966771;unknown;control;2022-07-16 08:30:00+00:00;0.119;;
966771;unknown;control;2022-07-16 08:45:00+00:00;0.117;;
966771;unknown;control;2022-07-16 09:00:00+00:00;0.11;;
966771;unknown;control;2022-07-16 09:15:00+00:00;0.149;;
966771;unknown;control;2022-07-16 09:30:00+00:00;0.117;;
966771;unknown;control;2022-07-16 09:45:00+00:00;0.106;;
966771;unknown;control;2022-07-16 10:00:00+00:00;0.112;;
966771;unknown;control;2022-07-16 10:15:00+00:00;0.105;;
966771;unknown;control;2022-07-16 10:30:00+00:00;0.136;;
966771;unknown;control;2022-07-16 10:45:00+00:00;0.294;;
966771;unknown;control;2022-07-16 11:00:00+00:00;0.137;;
966771;unknown;control;2022-07-16 11:15:00+00:00;0.104;;
966771;unknown;control;2022-07-16 11:30:00+00:00;0.395;;
966771;unknown;control;2022-07-16 11:45:00+00:00;0.195;;
966771;unknown;control;2022-07-16 12:00:00+00:00;0.109;;
966771;unknown;control;2022-07-16 12:15:00+00:00;0.113;;
966771;unknown;control;2022-07-16 12:30:00+00:00;0.098;;
966771;unknown;control;2022-07-16 12:45:00+00:00;0.104;;
966771;unknown;control;2022-07-16 13:00:00+00:00;0.1;;
966771;unknown;control;2022-07-16 13:15:00+00:00;0.098;;
966771;unknown;control;2022-07-16 13:30:00+00:00;0.113;;
966771;unknown;control;2022-07-16 13:45:00+00:00;0.101;;
966771;unknown;control;2022-07-16 14:00:00+00:00;0.095;;
966771;unknown;control;2022-07-16 14:15:00+00:00;0.107;;
966771;unknown;control;2022-07-16 14:30:00+00:00;0.121;;
966771;unknown;control;2022-07-16 14:45:00+00:00;0.107;;
966771;unknown;control;2022-07-16 15:00:00+00:00;0.106;;
966771;unknown;control;2022-07-16 15:15:00+00:00;0.121;;
966771;unknown;control;2022-07-16 15:30:00+00:00;0.1;;
966771;unknown;control;2022-07-16 15:45:00+00:00;0.101;;
966771;unknown;control;2022-07-16 16:00:00+00:00;0.097;;
966771;unknown;control;2022-07-16 16:15:00+00:00;0.107;;
966771;unknown;control;2022-07-16 16:30:00+00:00;0.11;;
966771;unknown;control;2022-07-16 16:45:00+00:00;0.104;;
966771;unknown;control;2022-07-16 17:00:00+00:00;0.112;;
966771;unknown;control;2022-07-16 17:15:00+00:00;0.106;;
966771;unknown;control;2022-07-16 17:30:00+00:00;0.102;;
966771;unknown;control;2022-07-16 17:45:00+00:00;0.107;;
966771;unknown;control;2022-07-16 18:00:00+00:00;0.113;;
966771;unknown;control;2022-07-16 18:15:00+00:00;0.104;;
966771;unknown;control;2022-07-16 18:30:00+00:00;0.142;;
966771;unknown;control;2022-07-16 18:45:00+00:00;0.115;;
966771;unknown;control;2022-07-16 19:00:00+00:00;0.116;;
966771;unknown;control;2022-07-16 19:15:00+00:00;0.146;;
966771;unknown;control;2022-07-16 19:30:00+00:00;0.172;;
966771;unknown;control;2022-07-16 19:45:00+00:00;0.267;;
966771;unknown;control;2022-07-16 20:00:00+00:00;0.635;;
966771;unknown;control;2022-07-16 20:15:00+00:00;0.174;;
966771;unknown;control;2022-07-16 20:30:00+00:00;0.156;;
966771;unknown;control;2022-07-16 20:45:00+00:00;0.384;;
966771;unknown;control;2022-07-16 21:00:00+00:00;0.126;;
966771;unknown;control;2022-07-16 21:15:00+00:00;0.113;;
966771;unknown;control;2022-07-16 21:30:00+00:00;0.111;;
966771;unknown;control;2022-07-16 21:45:00+00:00;0.101;;
966771;unknown;control;2022-07-16 22:00:00+00:00;0.106;;
966771;unknown;control;2022-07-16 22:15:00+00:00;0.099;;
966771;unknown;control;2022-07-16 22:30:00+00:00;0.095;;
966771;unknown;control;2022-07-16 22:45:00+00:00;0.107;;
966771;unknown;control;2022-07-16 23:00:00+00:00;0.106;;
966771;unknown;control;2022-07-16 23:15:00+00:00;0.098;;
966771;unknown;control;2022-07-16 23:30:00+00:00;1.35;;
966771;unknown;control;2022-07-16 23:45:00+00:00;1.296;;
966771;unknown;control;2022-07-17 00:00:00+00:00;1.313;;
966771;unknown;control;2022-07-17 00:15:00+00:00;1.341;;
966771;unknown;control;2022-07-17 00:30:00+00:00;1.344;;
966771;unknown;control;2022-07-17 00:45:00+00:00;1.368;;
966771;unknown;control;2022-07-17 01:00:00+00:00;1.376;;
966771;unknown;control;2022-07-17 01:15:00+00:00;0.929;;
966771;unknown;control;2022-07-17 01:30:00+00:00;0.103;;
966771;unknown;control;2022-07-17 01:45:00+00:00;0.104;;
966771;unknown;control;2022-07-17 02:00:00+00:00;0.097;;
966771;unknown;control;2022-07-17 02:15:00+00:00;0.097;;
966771;unknown;control;2022-07-17 02:30:00+00:00;0.103;;
966771;unknown;control;2022-07-17 02:45:00+00:00;0.097;;
966771;unknown;control;2022-07-17 03:00:00+00:00;0.112;;
966771;unknown;control;2022-07-17 03:15:00+00:00;0.101;;
966771;unknown;control;2022-07-17 03:30:00+00:00;0.093;;
966771;unknown;control;2022-07-17 03:45:00+00:00;0.099;;
966771;unknown;control;2022-07-17 04:00:00+00:00;0.103;;
966771;unknown;control;2022-07-17 04:15:00+00:00;0.097;;
966771;unknown;control;2022-07-17 04:30:00+00:00;0.106;;
966771;unknown;control;2022-07-17 04:45:00+00:00;0.097;;
966771;unknown;control;2022-07-17 05:00:00+00:00;0.095;;
966771;unknown;control;2022-07-17 05:15:00+00:00;0.104;;
966771;unknown;control;2022-07-17 05:30:00+00:00;0.096;;
966771;unknown;control;2022-07-17 05:45:00+00:00;0.091;;
966771;unknown;control;2022-07-17 06:00:00+00:00;0.1;;
966771;unknown;control;2022-07-17 06:15:00+00:00;0.109;;
966771;unknown;control;2022-07-17 06:30:00+00:00;0.103;;
966771;unknown;control;2022-07-17 06:45:00+00:00;0.441;;
966771;unknown;control;2022-07-17 07:00:00+00:00;0.12;;
966771;unknown;control;2022-07-17 07:15:00+00:00;0.119;;
966771;unknown;control;2022-07-17 07:30:00+00:00;0.115;;
966771;unknown;control;2022-07-17 07:45:00+00:00;0.204;;
966771;unknown;control;2022-07-17 08:00:00+00:00;0.113;;
966771;unknown;control;2022-07-17 08:15:00+00:00;0.136;;
966771;unknown;control;2022-07-17 08:30:00+00:00;0.118;;
966771;unknown;control;2022-07-17 08:45:00+00:00;0.136;;
966771;unknown;control;2022-07-17 09:00:00+00:00;0.131;;
966771;unknown;control;2022-07-17 09:15:00+00:00;0.112;;
966771;unknown;control;2022-07-17 09:30:00+00:00;0.238;;
966771;unknown;control;2022-07-17 09:45:00+00:00;0.341;;
966771;unknown;control;2022-07-17 10:00:00+00:00;0.355;;
966771;unknown;control;2022-07-17 10:15:00+00:00;0.452;;
966771;unknown;control;2022-07-17 10:30:00+00:00;0.463;;
966771;unknown;control;2022-07-17 10:45:00+00:00;0.317;;
966771;unknown;control;2022-07-17 11:00:00+00:00;0.428;;
966771;unknown;control;2022-07-17 11:15:00+00:00;0.281;;
966771;unknown;control;2022-07-17 11:30:00+00:00;0.501;;
966771;unknown;control;2022-07-17 11:45:00+00:00;0.346;;
966771;unknown;control;2022-07-17 12:00:00+00:00;0.205;;
966771;unknown;control;2022-07-17 12:15:00+00:00;0.154;;
966771;unknown;control;2022-07-17 12:30:00+00:00;0.144;;
966771;unknown;control;2022-07-17 12:45:00+00:00;0.136;;
966771;unknown;control;2022-07-17 13:00:00+00:00;0.144;;
966771;unknown;control;2022-07-17 13:15:00+00:00;0.142;;
966771;unknown;control;2022-07-17 13:30:00+00:00;0.139;;
966771;unknown;control;2022-07-17 13:45:00+00:00;0.146;;
966771;unknown;control;2022-07-17 14:00:00+00:00;0.143;;
966771;unknown;control;2022-07-17 14:15:00+00:00;0.145;;
966771;unknown;control;2022-07-17 14:30:00+00:00;0.153;;
966771;unknown;control;2022-07-17 14:45:00+00:00;0.145;;
966771;unknown;control;2022-07-17 15:00:00+00:00;0.141;;
966771;unknown;control;2022-07-17 15:15:00+00:00;0.16;;
966771;unknown;control;2022-07-17 15:30:00+00:00;0.14;;
966771;unknown;control;2022-07-17 15:45:00+00:00;0.133;;
966771;unknown;control;2022-07-17 16:00:00+00:00;0.135;;
966771;unknown;control;2022-07-17 16:15:00+00:00;0.145;;
966771;unknown;control;2022-07-17 16:30:00+00:00;0.147;;
966771;unknown;control;2022-07-17 16:45:00+00:00;0.15;;
966771;unknown;control;2022-07-17 17:00:00+00:00;0.158;;
966771;unknown;control;2022-07-17 17:15:00+00:00;0.157;;
966771;unknown;control;2022-07-17 17:30:00+00:00;0.153;;
966771;unknown;control;2022-07-17 17:45:00+00:00;0.152;;
966771;unknown;control;2022-07-17 18:00:00+00:00;0.172;;
966771;unknown;control;2022-07-17 18:15:00+00:00;0.139;;
966771;unknown;control;2022-07-17 18:30:00+00:00;0.143;;
966771;unknown;control;2022-07-17 18:45:00+00:00;0.145;;
966771;unknown;control;2022-07-17 19:00:00+00:00;0.142;;
966771;unknown;control;2022-07-17 19:15:00+00:00;0.144;;
966771;unknown;control;2022-07-17 19:30:00+00:00;0.155;;
966771;unknown;control;2022-07-17 19:45:00+00:00;0.146;;
966771;unknown;control;2022-07-17 20:00:00+00:00;0.145;;
966771;unknown;control;2022-07-17 20:15:00+00:00;0.153;;
966771;unknown;control;2022-07-17 20:30:00+00:00;0.14;;
966771;unknown;control;2022-07-17 20:45:00+00:00;0.106;;
966771;unknown;control;2022-07-17 21:00:00+00:00;0.108;;
966771;unknown;control;2022-07-17 21:15:00+00:00;0.101;;
966771;unknown;control;2022-07-17 21:30:00+00:00;0.1;;
966771;unknown;control;2022-07-17 21:45:00+00:00;0.109;;
966771;unknown;control;2022-07-17 22:00:00+00:00;0.104;;
966771;unknown;control;2022-07-17 22:15:00+00:00;0.1;;
966771;unknown;control;2022-07-17 22:30:00+00:00;0.107;;
966771;unknown;control;2022-07-17 22:45:00+00:00;0.101;;
966771;unknown;control;2022-07-17 23:00:00+00:00;0.101;;
966771;unknown;control;2022-07-17 23:15:00+00:00;0.109;;
966771;unknown;control;2022-07-17 23:30:00+00:00;1.337;;
966771;unknown;control;2022-07-17 23:45:00+00:00;1.295;;
966771;unknown;control;2022-07-18 00:00:00+00:00;1.318;;
966771;unknown;control;2022-07-18 00:15:00+00:00;1.326;;
966771;unknown;control;2022-07-18 00:30:00+00:00;1.331;;
966771;unknown;control;2022-07-18 00:45:00+00:00;1.357;;
966771;unknown;control;2022-07-18 01:00:00+00:00;0.871;;
966771;unknown;control;2022-07-18 01:15:00+00:00;0.103;;
966771;unknown;control;2022-07-18 01:30:00+00:00;0.107;;
966771;unknown;control;2022-07-18 01:45:00+00:00;0.1;;
966771;unknown;control;2022-07-18 02:00:00+00:00;0.103;;
966771;unknown;control;2022-07-18 02:15:00+00:00;0.109;;
966771;unknown;control;2022-07-18 02:30:00+00:00;0.103;;
966771;unknown;control;2022-07-18 02:45:00+00:00;0.1;;
966771;unknown;control;2022-07-18 03:00:00+00:00;0.105;;
966771;unknown;control;2022-07-18 03:15:00+00:00;0.101;;
966771;unknown;control;2022-07-18 03:30:00+00:00;0.105;;
966771;unknown;control;2022-07-18 03:45:00+00:00;0.106;;
966771;unknown;control;2022-07-18 04:00:00+00:00;0.101;;
966771;unknown;control;2022-07-18 04:15:00+00:00;0.106;;
966771;unknown;control;2022-07-18 04:30:00+00:00;0.126;;
966771;unknown;control;2022-07-18 04:45:00+00:00;0.405;;
966771;unknown;control;2022-07-18 05:00:00+00:00;0.152;;
966771;unknown;control;2022-07-18 05:15:00+00:00;0.148;;
966771;unknown;control;2022-07-18 05:30:00+00:00;0.15;;
966771;unknown;control;2022-07-18 05:45:00+00:00;0.106;;
966771;unknown;control;2022-07-18 06:00:00+00:00;0.115;;
966771;unknown;control;2022-07-18 06:15:00+00:00;0.114;;
966771;unknown;control;2022-07-18 06:30:00+00:00;0.105;;
966771;unknown;control;2022-07-18 06:45:00+00:00;0.096;;
966771;unknown;control;2022-07-18 07:00:00+00:00;0.094;;
966771;unknown;control;2022-07-18 07:15:00+00:00;0.111;;
966771;unknown;control;2022-07-18 07:30:00+00:00;0.447;;
966771;unknown;control;2022-07-18 07:45:00+00:00;0.126;;
966771;unknown;control;2022-07-18 08:00:00+00:00;0.139;;
966771;unknown;control;2022-07-18 08:15:00+00:00;0.154;;
966771;unknown;control;2022-07-18 08:30:00+00:00;0.101;;
966771;unknown;control;2022-07-18 08:45:00+00:00;0.189;;
966771;unknown;control;2022-07-18 09:00:00+00:00;0.151;;
966771;unknown;control;2022-07-18 09:15:00+00:00;0.111;;
966771;unknown;control;2022-07-18 09:30:00+00:00;0.11;;
966771;unknown;control;2022-07-18 09:45:00+00:00;0.108;;
966771;unknown;control;2022-07-18 10:00:00+00:00;0.106;;
966771;unknown;control;2022-07-18 10:15:00+00:00;0.131;;
966771;unknown;control;2022-07-18 10:30:00+00:00;0.108;;
966771;unknown;control;2022-07-18 10:45:00+00:00;0.104;;
966771;unknown;control;2022-07-18 11:00:00+00:00;0.363;;
966771;unknown;control;2022-07-18 11:15:00+00:00;0.711;;
966771;unknown;control;2022-07-18 11:30:00+00:00;0.14;;
966771;unknown;control;2022-07-18 11:45:00+00:00;0.476;;
966771;unknown;control;2022-07-18 12:00:00+00:00;0.399;;
966771;unknown;control;2022-07-18 12:15:00+00:00;0.236;;
966771;unknown;control;2022-07-18 12:30:00+00:00;0.403;;
966771;unknown;control;2022-07-18 12:45:00+00:00;0.51;;
966771;unknown;control;2022-07-18 13:00:00+00:00;0.289;;
966771;unknown;control;2022-07-18 13:15:00+00:00;0.305;;
966771;unknown;control;2022-07-18 13:30:00+00:00;0.245;;
966771;unknown;control;2022-07-18 13:45:00+00:00;0.135;;
966771;unknown;control;2022-07-18 14:00:00+00:00;0.24;;
966771;unknown;control;2022-07-18 14:15:00+00:00;0.122;;
966771;unknown;control;2022-07-18 14:30:00+00:00;0.124;;
966771;unknown;control;2022-07-18 14:45:00+00:00;0.126;;
966771;unknown;control;2022-07-18 15:00:00+00:00;0.106;;
966771;unknown;control;2022-07-18 15:15:00+00:00;0.118;;
966771;unknown;control;2022-07-18 15:30:00+00:00;0.121;;
966771;unknown;control;2022-07-18 15:45:00+00:00;0.116;;
966771;unknown;control;2022-07-18 16:00:00+00:00;0.134;;
966771;unknown;control;2022-07-18 16:15:00+00:00;0.139;;
966771;unknown;control;2022-07-18 16:30:00+00:00;0.13;;
966771;unknown;control;2022-07-18 16:45:00+00:00;0.116;;
966771;unknown;control;2022-07-18 17:00:00+00:00;0.119;;
966771;unknown;control;2022-07-18 17:15:00+00:00;0.152;;
966771;unknown;control;2022-07-18 17:30:00+00:00;0.159;;
966771;unknown;control;2022-07-18 17:45:00+00:00;0.151;;
966771;unknown;control;2022-07-18 18:00:00+00:00;0.141;;
966771;unknown;control;2022-07-18 18:15:00+00:00;0.133;;
966771;unknown;control;2022-07-18 18:30:00+00:00;0.126;;
966771;unknown;control;2022-07-18 18:45:00+00:00;0.12;;
966771;unknown;control;2022-07-18 19:00:00+00:00;0.136;;
966771;unknown;control;2022-07-18 19:15:00+00:00;0.155;;
966771;unknown;control;2022-07-18 19:30:00+00:00;0.147;;
966771;unknown;control;2022-07-18 19:45:00+00:00;0.15;;
966771;unknown;control;2022-07-18 20:00:00+00:00;0.127;;
966771;unknown;control;2022-07-18 20:15:00+00:00;0.116;;
966771;unknown;control;2022-07-18 20:30:00+00:00;0.108;;
966771;unknown;control;2022-07-18 20:45:00+00:00;0.101;;
966771;unknown;control;2022-07-18 21:00:00+00:00;0.105;;
966771;unknown;control;2022-07-18 21:15:00+00:00;0.112;;
966771;unknown;control;2022-07-18 21:30:00+00:00;0.105;;
966771;unknown;control;2022-07-18 21:45:00+00:00;0.1;;
966771;unknown;control;2022-07-18 22:00:00+00:00;0.111;;
966771;unknown;control;2022-07-18 22:15:00+00:00;0.103;;
966771;unknown;control;2022-07-18 22:30:00+00:00;0.105;;
966771;unknown;control;2022-07-18 22:45:00+00:00;0.11;;
966771;unknown;control;2022-07-18 23:00:00+00:00;0.098;;
966771;unknown;control;2022-07-18 23:15:00+00:00;0.104;;
966771;unknown;control;2022-07-18 23:30:00+00:00;1.351;;
966771;unknown;control;2022-07-18 23:45:00+00:00;1.312;;
966771;unknown;control;2022-07-19 00:00:00+00:00;1.334;;
966771;unknown;control;2022-07-19 00:15:00+00:00;1.357;;
966771;unknown;control;2022-07-19 00:30:00+00:00;1.361;;
966771;unknown;control;2022-07-19 00:45:00+00:00;0.91;;
966771;unknown;control;2022-07-19 01:00:00+00:00;0.106;;
966771;unknown;control;2022-07-19 01:15:00+00:00;0.096;;
966771;unknown;control;2022-07-19 01:30:00+00:00;0.103;;
966771;unknown;control;2022-07-19 01:45:00+00:00;0.106;;
966771;unknown;control;2022-07-19 02:00:00+00:00;0.099;;
966771;unknown;control;2022-07-19 02:15:00+00:00;0.109;;
966771;unknown;control;2022-07-19 02:30:00+00:00;0.101;;
966771;unknown;control;2022-07-19 02:45:00+00:00;0.095;;
966771;unknown;control;2022-07-19 03:00:00+00:00;0.106;;
966771;unknown;control;2022-07-19 03:15:00+00:00;0.199;;
966771;unknown;control;2022-07-19 03:30:00+00:00;1.384;;
966771;unknown;control;2022-07-19 03:45:00+00:00;0.962;;
966771;unknown;control;2022-07-19 04:00:00+00:00;0.096;;
966771;unknown;control;2022-07-19 04:15:00+00:00;0.1;;
966771;unknown;control;2022-07-19 04:30:00+00:00;0.125;;
966771;unknown;control;2022-07-19 04:45:00+00:00;0.111;;
966771;unknown;control;2022-07-19 05:00:00+00:00;0.098;;
966771;unknown;control;2022-07-19 05:15:00+00:00;0.107;;
966771;unknown;control;2022-07-19 05:30:00+00:00;0.104;;
966771;unknown;control;2022-07-19 05:45:00+00:00;0.095;;
966771;unknown;control;2022-07-19 06:00:00+00:00;0.109;;
966771;unknown;control;2022-07-19 06:15:00+00:00;0.117;;
966771;unknown;control;2022-07-19 06:30:00+00:00;0.126;;
966771;unknown;control;2022-07-19 06:45:00+00:00;0.14;;
966771;unknown;control;2022-07-19 07:00:00+00:00;0.133;;
966771;unknown;control;2022-07-19 07:15:00+00:00;0.129;;
966771;unknown;control;2022-07-19 07:30:00+00:00;0.121;;
966771;unknown;control;2022-07-19 07:45:00+00:00;0.121;;
966771;unknown;control;2022-07-19 08:00:00+00:00;0.126;;
966771;unknown;control;2022-07-19 08:15:00+00:00;0.118;;
966771;unknown;control;2022-07-19 08:30:00+00:00;0.1;;
966771;unknown;control;2022-07-19 08:45:00+00:00;0.113;;
966771;unknown;control;2022-07-19 09:00:00+00:00;0.109;;
966771;unknown;control;2022-07-19 09:15:00+00:00;0.104;;
966771;unknown;control;2022-07-19 09:30:00+00:00;0.259;;
966771;unknown;control;2022-07-19 09:45:00+00:00;0.25;;
966771;unknown;control;2022-07-19 10:00:00+00:00;0.18;;
966771;unknown;control;2022-07-19 10:15:00+00:00;0.131;;
966771;unknown;control;2022-07-19 10:30:00+00:00;0.11;;
966771;unknown;control;2022-07-19 10:45:00+00:00;0.108;;
966771;unknown;control;2022-07-19 11:00:00+00:00;0.122;;
966771;unknown;control;2022-07-19 11:15:00+00:00;0.11;;
966771;unknown;control;2022-07-19 11:30:00+00:00;0.108;;
966771;unknown;control;2022-07-19 11:45:00+00:00;0.115;;
966771;unknown;control;2022-07-19 12:00:00+00:00;0.157;;
966771;unknown;control;2022-07-19 12:15:00+00:00;0.193;;
966771;unknown;control;2022-07-19 12:30:00+00:00;0.198;;
966771;unknown;control;2022-07-19 12:45:00+00:00;0.151;;
966771;unknown;control;2022-07-19 13:00:00+00:00;0.123;;
966771;unknown;control;2022-07-19 13:15:00+00:00;0.127;;
966771;unknown;control;2022-07-19 13:30:00+00:00;0.133;;
966771;unknown;control;2022-07-19 13:45:00+00:00;0.132;;
966771;unknown;control;2022-07-19 14:00:00+00:00;0.131;;
966771;unknown;control;2022-07-19 14:15:00+00:00;0.106;;
966771;unknown;control;2022-07-19 14:30:00+00:00;0.112;;
966771;unknown;control;2022-07-19 14:45:00+00:00;0.113;;
966771;unknown;control;2022-07-19 15:00:00+00:00;0.103;;
966771;unknown;control;2022-07-19 15:15:00+00:00;0.44;;
966771;unknown;control;2022-07-19 15:30:00+00:00;0.152;;
966771;unknown;control;2022-07-19 15:45:00+00:00;0.139;;
966771;unknown;control;2022-07-19 16:00:00+00:00;0.127;;
966771;unknown;control;2022-07-19 16:15:00+00:00;0.119;;
966771;unknown;control;2022-07-19 16:30:00+00:00;0.099;;
966771;unknown;control;2022-07-19 16:45:00+00:00;0.104;;
966771;unknown;control;2022-07-19 17:00:00+00:00;0.113;;
966771;unknown;control;2022-07-19 17:15:00+00:00;0.18;;
966771;unknown;control;2022-07-19 17:30:00+00:00;0.136;;
966771;unknown;control;2022-07-19 17:45:00+00:00;0.137;;
966771;unknown;control;2022-07-19 18:00:00+00:00;0.127;;
966771;unknown;control;2022-07-19 18:15:00+00:00;0.138;;
966771;unknown;control;2022-07-19 18:30:00+00:00;0.134;;
966771;unknown;control;2022-07-19 18:45:00+00:00;0.129;;
966771;unknown;control;2022-07-19 19:00:00+00:00;0.133;;
966771;unknown;control;2022-07-19 19:15:00+00:00;0.138;;
966771;unknown;control;2022-07-19 19:30:00+00:00;0.138;;
966771;unknown;control;2022-07-19 19:45:00+00:00;0.146;;
966771;unknown;control;2022-07-19 20:00:00+00:00;0.14;;
966771;unknown;control;2022-07-19 20:15:00+00:00;0.133;;
966771;unknown;control;2022-07-19 20:30:00+00:00;0.131;;
966771;unknown;control;2022-07-19 20:45:00+00:00;0.127;;
966771;unknown;control;2022-07-19 21:00:00+00:00;0.118;;
966771;unknown;control;2022-07-19 21:15:00+00:00;0.099;;
966771;unknown;control;2022-07-19 21:30:00+00:00;0.097;;
966771;unknown;control;2022-07-19 21:45:00+00:00;0.094;;
966771;unknown;control;2022-07-19 22:00:00+00:00;0.102;;
966771;unknown;control;2022-07-19 22:15:00+00:00;0.093;;
966771;unknown;control;2022-07-19 22:30:00+00:00;0.087;;
966771;unknown;control;2022-07-19 22:45:00+00:00;0.099;;
966771;unknown;control;2022-07-19 23:00:00+00:00;0.107;;
966771;unknown;control;2022-07-19 23:15:00+00:00;0.097;;
966771;unknown;control;2022-07-19 23:30:00+00:00;1.34;;
966771;unknown;control;2022-07-19 23:45:00+00:00;1.334;;
966771;unknown;control;2022-07-20 00:00:00+00:00;1.358;;
966771;unknown;control;2022-07-20 00:15:00+00:00;0.608;;
966771;unknown;control;2022-07-20 00:30:00+00:00;0.111;;
966771;unknown;control;2022-07-20 00:45:00+00:00;0.107;;
966771;unknown;control;2022-07-20 01:00:00+00:00;0.107;;
966771;unknown;control;2022-07-20 01:15:00+00:00;0.085;;
966771;unknown;control;2022-07-20 01:30:00+00:00;0.092;;
966771;unknown;control;2022-07-20 01:45:00+00:00;0.098;;
966771;unknown;control;2022-07-20 02:00:00+00:00;0.093;;
966771;unknown;control;2022-07-20 02:15:00+00:00;0.092;;
966771;unknown;control;2022-07-20 02:30:00+00:00;0.098;;
966771;unknown;control;2022-07-20 02:45:00+00:00;0.091;;
966771;unknown;control;2022-07-20 03:00:00+00:00;0.089;;
966771;unknown;control;2022-07-20 03:15:00+00:00;0.1;;
966771;unknown;control;2022-07-20 03:30:00+00:00;0.568;;
966771;unknown;control;2022-07-20 03:45:00+00:00;1.377;;
966771;unknown;control;2022-07-20 04:00:00+00:00;0.157;;
966771;unknown;control;2022-07-20 04:15:00+00:00;0.09;;
966771;unknown;control;2022-07-20 04:30:00+00:00;0.107;;
966771;unknown;control;2022-07-20 04:45:00+00:00;0.099;;
966771;unknown;control;2022-07-20 05:00:00+00:00;0.095;;
966771;unknown;control;2022-07-20 05:15:00+00:00;0.105;;
966771;unknown;control;2022-07-20 05:30:00+00:00;0.092;;
966771;unknown;control;2022-07-20 05:45:00+00:00;0.083;;
966771;unknown;control;2022-07-20 06:00:00+00:00;0.094;;
966771;unknown;control;2022-07-20 06:15:00+00:00;0.094;;
966771;unknown;control;2022-07-20 06:30:00+00:00;0.09;;
966771;unknown;control;2022-07-20 06:45:00+00:00;0.099;;
966771;unknown;control;2022-07-20 07:00:00+00:00;0.185;;
966771;unknown;control;2022-07-20 07:15:00+00:00;0.136;;
966771;unknown;control;2022-07-20 07:30:00+00:00;0.107;;
966771;unknown;control;2022-07-20 07:45:00+00:00;0.101;;
966771;unknown;control;2022-07-20 08:00:00+00:00;0.126;;
966771;unknown;control;2022-07-20 08:15:00+00:00;0.109;;
966771;unknown;control;2022-07-20 08:30:00+00:00;0.1;;
966771;unknown;control;2022-07-20 08:45:00+00:00;0.109;;
966771;unknown;control;2022-07-20 09:00:00+00:00;0.106;;
966771;unknown;control;2022-07-20 09:15:00+00:00;0.1;;
966771;unknown;control;2022-07-20 09:30:00+00:00;0.616;;
966771;unknown;control;2022-07-20 09:45:00+00:00;0.616;;
966771;unknown;control;2022-07-20 10:00:00+00:00;0.208;;
966771;unknown;control;2022-07-20 10:15:00+00:00;0.112;;
966771;unknown;control;2022-07-20 10:30:00+00:00;0.116;;
966771;unknown;control;2022-07-20 10:45:00+00:00;0.274;;
966771;unknown;control;2022-07-20 11:00:00+00:00;0.492;;
966771;unknown;control;2022-07-20 11:15:00+00:00;0.117;;
966771;unknown;control;2022-07-20 11:30:00+00:00;0.126;;
966771;unknown;control;2022-07-20 11:45:00+00:00;0.442;;
966771;unknown;control;2022-07-20 12:00:00+00:00;0.1;;
966771;unknown;control;2022-07-20 12:15:00+00:00;0.104;;
966771;unknown;control;2022-07-20 12:30:00+00:00;0.102;;
966771;unknown;control;2022-07-20 12:45:00+00:00;0.139;;
966771;unknown;control;2022-07-20 13:00:00+00:00;0.131;;
966771;unknown;control;2022-07-20 13:15:00+00:00;0.135;;
966771;unknown;control;2022-07-20 13:30:00+00:00;0.127;;
966771;unknown;control;2022-07-20 13:45:00+00:00;0.127;;
966771;unknown;control;2022-07-20 14:00:00+00:00;0.11;;
966771;unknown;control;2022-07-20 14:15:00+00:00;0.092;;
966771;unknown;control;2022-07-20 14:30:00+00:00;0.101;;
966771;unknown;control;2022-07-20 14:45:00+00:00;0.101;;
966771;unknown;control;2022-07-20 15:00:00+00:00;0.092;;
966771;unknown;control;2022-07-20 15:15:00+00:00;0.106;;
966771;unknown;control;2022-07-20 15:30:00+00:00;0.102;;
966771;unknown;control;2022-07-20 15:45:00+00:00;0.104;;
966771;unknown;control;2022-07-20 16:00:00+00:00;0.108;;
966771;unknown;control;2022-07-20 16:15:00+00:00;0.129;;
966771;unknown;control;2022-07-20 16:30:00+00:00;0.111;;
966771;unknown;control;2022-07-20 16:45:00+00:00;0.11;;
966771;unknown;control;2022-07-20 17:00:00+00:00;0.1;;
966771;unknown;control;2022-07-20 17:15:00+00:00;0.101;;
966771;unknown;control;2022-07-20 17:30:00+00:00;0.108;;
966771;unknown;control;2022-07-20 17:45:00+00:00;0.106;;
966771;unknown;control;2022-07-20 18:00:00+00:00;0.109;;
966771;unknown;control;2022-07-20 18:15:00+00:00;0.109;;
966771;unknown;control;2022-07-20 18:30:00+00:00;0.121;;
966771;unknown;control;2022-07-20 18:45:00+00:00;0.171;;
966771;unknown;control;2022-07-20 19:00:00+00:00;0.186;;
966771;unknown;control;2022-07-20 19:15:00+00:00;0.182;;
966771;unknown;control;2022-07-20 19:30:00+00:00;0.193;;
966771;unknown;control;2022-07-20 19:45:00+00:00;0.184;;
966771;unknown;control;2022-07-20 20:00:00+00:00;0.168;;
966771;unknown;control;2022-07-20 20:15:00+00:00;0.147;;
966771;unknown;control;2022-07-20 20:30:00+00:00;0.142;;
966771;unknown;control;2022-07-20 20:45:00+00:00;0.114;;
966771;unknown;control;2022-07-20 21:00:00+00:00;0.106;;
966771;unknown;control;2022-07-20 21:15:00+00:00;0.114;;
966771;unknown;control;2022-07-20 21:30:00+00:00;0.089;;
966771;unknown;control;2022-07-20 21:45:00+00:00;0.096;;
966771;unknown;control;2022-07-20 22:00:00+00:00;0.093;;
966771;unknown;control;2022-07-20 22:15:00+00:00;0.099;;
966771;unknown;control;2022-07-20 22:30:00+00:00;0.102;;
966771;unknown;control;2022-07-20 22:45:00+00:00;0.096;;
966771;unknown;control;2022-07-20 23:00:00+00:00;0.104;;
966771;unknown;control;2022-07-20 23:15:00+00:00;0.095;;
966771;unknown;control;2022-07-20 23:30:00+00:00;1.334;;
966771;unknown;control;2022-07-20 23:45:00+00:00;1.3;;
966771;unknown;control;2022-07-21 00:00:00+00:00;1.316;;
966771;unknown;control;2022-07-21 00:15:00+00:00;1.335;;
966771;unknown;control;2022-07-21 00:30:00+00:00;1.206;;
966771;unknown;control;2022-07-21 00:45:00+00:00;0.098;;
966771;unknown;control;2022-07-21 01:00:00+00:00;0.088;;
966771;unknown;control;2022-07-21 01:15:00+00:00;0.097;;
966771;unknown;control;2022-07-21 01:30:00+00:00;0.1;;
966771;unknown;control;2022-07-21 01:45:00+00:00;0.092;;
966771;unknown;control;2022-07-21 02:00:00+00:00;0.102;;
966771;unknown;control;2022-07-21 02:15:00+00:00;0.098;;
966771;unknown;control;2022-07-21 02:30:00+00:00;0.088;;
966771;unknown;control;2022-07-21 02:45:00+00:00;0.097;;
966771;unknown;control;2022-07-21 03:00:00+00:00;0.094;;
966771;unknown;control;2022-07-21 03:15:00+00:00;0.094;;
966771;unknown;control;2022-07-21 03:30:00+00:00;0.098;;
966771;unknown;control;2022-07-21 03:45:00+00:00;0.095;;
966771;unknown;control;2022-07-21 04:00:00+00:00;0.106;;
966771;unknown;control;2022-07-21 04:15:00+00:00;0.096;;
966771;unknown;control;2022-07-21 04:30:00+00:00;0.09;;
966771;unknown;control;2022-07-21 04:45:00+00:00;0.102;;
966771;unknown;control;2022-07-21 05:00:00+00:00;0.126;;
966771;unknown;control;2022-07-21 05:15:00+00:00;0.1;;
966771;unknown;control;2022-07-21 05:30:00+00:00;0.111;;
966771;unknown;control;2022-07-21 05:45:00+00:00;0.098;;
966771;unknown;control;2022-07-21 06:00:00+00:00;0.094;;
966771;unknown;control;2022-07-21 06:15:00+00:00;0.103;;
966771;unknown;control;2022-07-21 06:30:00+00:00;0.103;;
966771;unknown;control;2022-07-21 06:45:00+00:00;0.394;;
966771;unknown;control;2022-07-21 07:00:00+00:00;0.7;;
966771;unknown;control;2022-07-21 07:15:00+00:00;0.159;;
966771;unknown;control;2022-07-21 07:30:00+00:00;0.165;;
966771;unknown;control;2022-07-21 07:45:00+00:00;0.163;;
966771;unknown;control;2022-07-21 08:00:00+00:00;0.11;;
966771;unknown;control;2022-07-21 08:15:00+00:00;0.123;;
966771;unknown;control;2022-07-21 08:30:00+00:00;0.256;;
966771;unknown;control;2022-07-21 08:45:00+00:00;0.275;;
966771;unknown;control;2022-07-21 09:00:00+00:00;0.292;;
966771;unknown;control;2022-07-21 09:15:00+00:00;0.137;;
966771;unknown;control;2022-07-21 09:30:00+00:00;0.105;;
966771;unknown;control;2022-07-21 09:45:00+00:00;0.099;;
966771;unknown;control;2022-07-21 10:00:00+00:00;0.1;;
966771;unknown;control;2022-07-21 10:15:00+00:00;0.096;;
966771;unknown;control;2022-07-21 10:30:00+00:00;0.104;;
966771;unknown;control;2022-07-21 10:45:00+00:00;0.109;;
966771;unknown;control;2022-07-21 11:00:00+00:00;0.098;;
966771;unknown;control;2022-07-21 11:15:00+00:00;0.104;;
966771;unknown;control;2022-07-21 11:30:00+00:00;0.107;;
966771;unknown;control;2022-07-21 11:45:00+00:00;0.097;;
966771;unknown;control;2022-07-21 12:00:00+00:00;0.101;;
966771;unknown;control;2022-07-21 12:15:00+00:00;0.105;;
966771;unknown;control;2022-07-21 12:30:00+00:00;0.093;;
966771;unknown;control;2022-07-21 12:45:00+00:00;0.101;;
966771;unknown;control;2022-07-21 13:00:00+00:00;0.103;;
966771;unknown;control;2022-07-21 13:15:00+00:00;0.1;;
966771;unknown;control;2022-07-21 13:30:00+00:00;0.117;;
966771;unknown;control;2022-07-21 13:45:00+00:00;0.105;;
966771;unknown;control;2022-07-21 14:00:00+00:00;0.099;;
966771;unknown;control;2022-07-21 14:15:00+00:00;0.138;;
966771;unknown;control;2022-07-21 14:30:00+00:00;0.135;;
966771;unknown;control;2022-07-21 14:45:00+00:00;0.129;;
966771;unknown;control;2022-07-21 15:00:00+00:00;0.135;;
966771;unknown;control;2022-07-21 15:15:00+00:00;0.131;;
966771;unknown;control;2022-07-21 15:30:00+00:00;0.461;;
966771;unknown;control;2022-07-21 15:45:00+00:00;0.443;;
966771;unknown;control;2022-07-21 16:00:00+00:00;0.278;;
966771;unknown;control;2022-07-21 16:15:00+00:00;0.447;;
966771;unknown;control;2022-07-21 16:30:00+00:00;0.167;;
966771;unknown;control;2022-07-21 16:45:00+00:00;0.097;;
966771;unknown;control;2022-07-21 17:00:00+00:00;0.108;;
966771;unknown;control;2022-07-21 17:15:00+00:00;0.108;;
966771;unknown;control;2022-07-21 17:30:00+00:00;0.159;;
966771;unknown;control;2022-07-21 17:45:00+00:00;0.259;;
966771;unknown;control;2022-07-21 18:00:00+00:00;0.301;;
966771;unknown;control;2022-07-21 18:15:00+00:00;0.197;;
966771;unknown;control;2022-07-21 18:30:00+00:00;0.135;;
966771;unknown;control;2022-07-21 18:45:00+00:00;0.141;;
966771;unknown;control;2022-07-21 19:00:00+00:00;0.13;;
966771;unknown;control;2022-07-21 19:15:00+00:00;0.144;;
966771;unknown;control;2022-07-21 19:30:00+00:00;0.171;;
966771;unknown;control;2022-07-21 19:45:00+00:00;0.152;;
966771;unknown;control;2022-07-21 20:00:00+00:00;0.156;;
966771;unknown;control;2022-07-21 20:15:00+00:00;0.157;;
966771;unknown;control;2022-07-21 20:30:00+00:00;0.115;;
966771;unknown;control;2022-07-21 20:45:00+00:00;0.108;;
966771;unknown;control;2022-07-21 21:00:00+00:00;0.097;;
966771;unknown;control;2022-07-21 21:15:00+00:00;0.095;;
966771;unknown;control;2022-07-21 21:30:00+00:00;0.103;;
966771;unknown;control;2022-07-21 21:45:00+00:00;0.097;;
966771;unknown;control;2022-07-21 22:00:00+00:00;0.096;;
966771;unknown;control;2022-07-21 22:15:00+00:00;0.103;;
966771;unknown;control;2022-07-21 22:30:00+00:00;0.1;;
966771;unknown;control;2022-07-21 22:45:00+00:00;0.095;;
966771;unknown;control;2022-07-21 23:00:00+00:00;0.097;;
966771;unknown;control;2022-07-21 23:15:00+00:00;0.091;;
966771;unknown;control;2022-07-21 23:30:00+00:00;1.335;;
966771;unknown;control;2022-07-21 23:45:00+00:00;1.304;;
966771;unknown;control;2022-07-22 00:00:00+00:00;1.297;;
966771;unknown;control;2022-07-22 00:15:00+00:00;1.327;;
966771;unknown;control;2022-07-22 00:30:00+00:00;1.35;;
966771;unknown;control;2022-07-22 00:45:00+00:00;1.067;;
966771;unknown;control;2022-07-22 01:00:00+00:00;0.099;;
966771;unknown;control;2022-07-22 01:15:00+00:00;0.102;;
966771;unknown;control;2022-07-22 01:30:00+00:00;0.094;;
966771;unknown;control;2022-07-22 01:45:00+00:00;0.102;;
966771;unknown;control;2022-07-22 02:00:00+00:00;0.097;;
966771;unknown;control;2022-07-22 02:15:00+00:00;0.089;;
966771;unknown;control;2022-07-22 02:30:00+00:00;0.098;;
966771;unknown;control;2022-07-22 02:45:00+00:00;0.098;;
966771;unknown;control;2022-07-22 03:00:00+00:00;0.093;;
966771;unknown;control;2022-07-22 03:15:00+00:00;0.105;;
966771;unknown;control;2022-07-22 03:30:00+00:00;0.097;;
966771;unknown;control;2022-07-22 03:45:00+00:00;0.091;;
966771;unknown;control;2022-07-22 04:00:00+00:00;0.099;;
966771;unknown;control;2022-07-22 04:15:00+00:00;0.098;;
966771;unknown;control;2022-07-22 04:30:00+00:00;0.116;;
966771;unknown;control;2022-07-22 04:45:00+00:00;0.13;;
966771;unknown;control;2022-07-22 05:00:00+00:00;0.113;;
966771;unknown;control;2022-07-22 05:15:00+00:00;0.121;;
966771;unknown;control;2022-07-22 05:30:00+00:00;0.118;;
966771;unknown;control;2022-07-22 05:45:00+00:00;0.103;;
966771;unknown;control;2022-07-22 06:00:00+00:00;0.107;;
966771;unknown;control;2022-07-22 06:15:00+00:00;0.113;;
966771;unknown;control;2022-07-22 06:30:00+00:00;0.093;;
966771;unknown;control;2022-07-22 06:45:00+00:00;0.101;;
966771;unknown;control;2022-07-22 07:00:00+00:00;0.113;;
966771;unknown;control;2022-07-22 07:15:00+00:00;0.106;;
966771;unknown;control;2022-07-22 07:30:00+00:00;0.115;;
966771;unknown;control;2022-07-22 07:45:00+00:00;0.109;;
966771;unknown;control;2022-07-22 08:00:00+00:00;0.104;;
966771;unknown;control;2022-07-22 08:15:00+00:00;0.113;;
966771;unknown;control;2022-07-22 08:30:00+00:00;0.109;;
966771;unknown;control;2022-07-22 08:45:00+00:00;0.102;;
966771;unknown;control;2022-07-22 09:00:00+00:00;0.108;;
966771;unknown;control;2022-07-22 09:15:00+00:00;0.116;;
966771;unknown;control;2022-07-22 09:30:00+00:00;0.106;;
966771;unknown;control;2022-07-22 09:45:00+00:00;0.144;;
966771;unknown;control;2022-07-22 10:00:00+00:00;0.119;;
966771;unknown;control;2022-07-22 10:15:00+00:00;0.111;;
966771;unknown;control;2022-07-22 10:30:00+00:00;0.285;;
966771;unknown;control;2022-07-22 10:45:00+00:00;0.395;;
966771;unknown;control;2022-07-22 11:00:00+00:00;0.235;;
966771;unknown;control;2022-07-22 11:15:00+00:00;0.113;;
966771;unknown;control;2022-07-22 11:30:00+00:00;0.105;;
966771;unknown;control;2022-07-22 11:45:00+00:00;0.106;;
966771;unknown;control;2022-07-22 12:00:00+00:00;0.123;;
966771;unknown;control;2022-07-22 12:15:00+00:00;0.119;;
966771;unknown;control;2022-07-22 12:30:00+00:00;0.109;;
966771;unknown;control;2022-07-22 12:45:00+00:00;0.11;;
966771;unknown;control;2022-07-22 13:00:00+00:00;0.101;;
966771;unknown;control;2022-07-22 13:15:00+00:00;0.105;;
966771;unknown;control;2022-07-22 13:30:00+00:00;0.104;;
966771;unknown;control;2022-07-22 13:45:00+00:00;0.091;;
966771;unknown;control;2022-07-22 14:00:00+00:00;0.102;;
966771;unknown;control;2022-07-22 14:15:00+00:00;0.107;;
966771;unknown;control;2022-07-22 14:30:00+00:00;0.095;;
966771;unknown;control;2022-07-22 14:45:00+00:00;0.098;;
966771;unknown;control;2022-07-22 15:00:00+00:00;0.098;;
966771;unknown;control;2022-07-22 15:15:00+00:00;0.096;;
966771;unknown;control;2022-07-22 15:30:00+00:00;0.102;;
966771;unknown;control;2022-07-22 15:45:00+00:00;0.101;;
966771;unknown;control;2022-07-22 16:00:00+00:00;0.092;;
966771;unknown;control;2022-07-22 16:15:00+00:00;0.103;;
966771;unknown;control;2022-07-22 16:30:00+00:00;0.11;;
966771;unknown;control;2022-07-22 16:45:00+00:00;0.105;;
966771;unknown;control;2022-07-22 17:00:00+00:00;0.117;;
966771;unknown;control;2022-07-22 17:15:00+00:00;0.117;;
966771;unknown;control;2022-07-22 17:30:00+00:00;0.112;;
966771;unknown;control;2022-07-22 17:45:00+00:00;0.12;;
966771;unknown;control;2022-07-22 18:00:00+00:00;0.108;;
966771;unknown;control;2022-07-22 18:15:00+00:00;0.097;;
966771;unknown;control;2022-07-22 18:30:00+00:00;0.104;;
966771;unknown;control;2022-07-22 18:45:00+00:00;0.099;;
966771;unknown;control;2022-07-22 19:00:00+00:00;0.094;;
966771;unknown;control;2022-07-22 19:15:00+00:00;0.097;;
966771;unknown;control;2022-07-22 19:30:00+00:00;0.12;;
966771;unknown;control;2022-07-22 19:45:00+00:00;0.114;;
966771;unknown;control;2022-07-22 20:00:00+00:00;0.125;;
966771;unknown;control;2022-07-22 20:15:00+00:00;0.111;;
966771;unknown;control;2022-07-22 20:30:00+00:00;0.092;;
966771;unknown;control;2022-07-22 20:45:00+00:00;0.09;;
966771;unknown;control;2022-07-22 21:00:00+00:00;0.102;;
966771;unknown;control;2022-07-22 21:15:00+00:00;0.096;;
966771;unknown;control;2022-07-22 21:30:00+00:00;0.095;;
966771;unknown;control;2022-07-22 21:45:00+00:00;0.101;;
966771;unknown;control;2022-07-22 22:00:00+00:00;0.09;;
966771;unknown;control;2022-07-22 22:15:00+00:00;0.093;;
966771;unknown;control;2022-07-22 22:30:00+00:00;0.101;;
966771;unknown;control;2022-07-22 22:45:00+00:00;0.094;;
966771;unknown;control;2022-07-22 23:00:00+00:00;0.097;;
966771;unknown;control;2022-07-22 23:15:00+00:00;0.101;;
966771;unknown;control;2022-07-22 23:30:00+00:00;1.332;;
966771;unknown;control;2022-07-22 23:45:00+00:00;1.3;;
966771;unknown;control;2022-07-23 00:00:00+00:00;1.321;;
966771;unknown;control;2022-07-23 00:15:00+00:00;1.334;;
966771;unknown;control;2022-07-23 00:30:00+00:00;1.373;;
966771;unknown;control;2022-07-23 00:45:00+00:00;1.375;;
966771;unknown;control;2022-07-23 01:00:00+00:00;0.497;;
966771;unknown;control;2022-07-23 01:15:00+00:00;0.095;;
966771;unknown;control;2022-07-23 01:30:00+00:00;0.1;;
966771;unknown;control;2022-07-23 01:45:00+00:00;0.09;;
966771;unknown;control;2022-07-23 02:00:00+00:00;0.099;;
966771;unknown;control;2022-07-23 02:15:00+00:00;0.102;;
966771;unknown;control;2022-07-23 02:30:00+00:00;0.088;;
966771;unknown;control;2022-07-23 02:45:00+00:00;0.095;;
966771;unknown;control;2022-07-23 03:00:00+00:00;0.101;;
966771;unknown;control;2022-07-23 03:15:00+00:00;0.092;;
966771;unknown;control;2022-07-23 03:30:00+00:00;0.1;;
966771;unknown;control;2022-07-23 03:45:00+00:00;0.114;;
966771;unknown;control;2022-07-23 04:00:00+00:00;0.097;;
966771;unknown;control;2022-07-23 04:15:00+00:00;0.097;;
966771;unknown;control;2022-07-23 04:30:00+00:00;0.102;;
966771;unknown;control;2022-07-23 04:45:00+00:00;0.15;;
966771;unknown;control;2022-07-23 05:00:00+00:00;0.136;;
966771;unknown;control;2022-07-23 05:15:00+00:00;0.111;;
966771;unknown;control;2022-07-23 05:30:00+00:00;0.103;;
966771;unknown;control;2022-07-23 05:45:00+00:00;0.1;;
966771;unknown;control;2022-07-23 06:00:00+00:00;0.109;;
966771;unknown;control;2022-07-23 06:15:00+00:00;0.098;;
966771;unknown;control;2022-07-23 06:30:00+00:00;0.12;;
966771;unknown;control;2022-07-23 06:45:00+00:00;0.102;;
966771;unknown;control;2022-07-23 07:00:00+00:00;0.098;;
966771;unknown;control;2022-07-23 07:15:00+00:00;0.111;;
966771;unknown;control;2022-07-23 07:30:00+00:00;0.105;;
966771;unknown;control;2022-07-23 07:45:00+00:00;0.097;;
966771;unknown;control;2022-07-23 08:00:00+00:00;0.101;;
966771;unknown;control;2022-07-23 08:15:00+00:00;0.113;;
966771;unknown;control;2022-07-23 08:30:00+00:00;0.212;;
966771;unknown;control;2022-07-23 08:45:00+00:00;0.135;;
966771;unknown;control;2022-07-23 09:00:00+00:00;0.123;;
966771;unknown;control;2022-07-23 09:15:00+00:00;0.104;;
966771;unknown;control;2022-07-23 09:30:00+00:00;0.108;;
966771;unknown;control;2022-07-23 09:45:00+00:00;0.259;;
966771;unknown;control;2022-07-23 10:00:00+00:00;0.121;;
966771;unknown;control;2022-07-23 10:15:00+00:00;0.377;;
966771;unknown;control;2022-07-23 10:30:00+00:00;0.308;;
966771;unknown;control;2022-07-23 10:45:00+00:00;0.262;;
966771;unknown;control;2022-07-23 11:00:00+00:00;0.254;;
966771;unknown;control;2022-07-23 11:15:00+00:00;0.134;;
966771;unknown;control;2022-07-23 11:30:00+00:00;0.14;;
966771;unknown;control;2022-07-23 11:45:00+00:00;0.141;;
966771;unknown;control;2022-07-23 12:00:00+00:00;0.132;;
966771;unknown;control;2022-07-23 12:15:00+00:00;0.136;;
966771;unknown;control;2022-07-23 12:30:00+00:00;0.107;;
966771;unknown;control;2022-07-23 12:45:00+00:00;0.101;;
966771;unknown;control;2022-07-23 13:00:00+00:00;0.107;;
966771;unknown;control;2022-07-23 13:15:00+00:00;0.305;;
966771;unknown;control;2022-07-23 13:30:00+00:00;0.253;;
966771;unknown;control;2022-07-23 13:45:00+00:00;0.122;;
966771;unknown;control;2022-07-23 14:00:00+00:00;0.127;;
966771;unknown;control;2022-07-23 14:15:00+00:00;0.119;;
966771;unknown;control;2022-07-23 14:30:00+00:00;0.107;;
966771;unknown;control;2022-07-23 14:45:00+00:00;0.102;;
966771;unknown;control;2022-07-23 15:00:00+00:00;0.104;;
966771;unknown;control;2022-07-23 15:15:00+00:00;0.105;;
966771;unknown;control;2022-07-23 15:30:00+00:00;0.101;;
966771;unknown;control;2022-07-23 15:45:00+00:00;0.102;;
966771;unknown;control;2022-07-23 16:00:00+00:00;0.103;;
966771;unknown;control;2022-07-23 16:15:00+00:00;0.1;;
966771;unknown;control;2022-07-23 16:30:00+00:00;0.175;;
966771;unknown;control;2022-07-23 16:45:00+00:00;0.335;;
966771;unknown;control;2022-07-23 17:00:00+00:00;0.107;;
966771;unknown;control;2022-07-23 17:15:00+00:00;0.11;;
966771;unknown;control;2022-07-23 17:30:00+00:00;0.11;;
966771;unknown;control;2022-07-23 17:45:00+00:00;0.125;;
966771;unknown;control;2022-07-23 18:00:00+00:00;0.141;;
966771;unknown;control;2022-07-23 18:15:00+00:00;0.146;;
966771;unknown;control;2022-07-23 18:30:00+00:00;0.15;;
966771;unknown;control;2022-07-23 18:45:00+00:00;0.132;;
966771;unknown;control;2022-07-23 19:00:00+00:00;0.133;;
966771;unknown;control;2022-07-23 19:15:00+00:00;0.125;;
966771;unknown;control;2022-07-23 19:30:00+00:00;0.157;;
966771;unknown;control;2022-07-23 19:45:00+00:00;0.146;;
966771;unknown;control;2022-07-23 20:00:00+00:00;0.142;;
966771;unknown;control;2022-07-23 20:15:00+00:00;0.156;;
966771;unknown;control;2022-07-23 20:30:00+00:00;0.132;;
966771;unknown;control;2022-07-23 20:45:00+00:00;0.124;;
966771;unknown;control;2022-07-23 21:00:00+00:00;0.135;;
966771;unknown;control;2022-07-23 21:15:00+00:00;0.136;;
966771;unknown;control;2022-07-23 21:30:00+00:00;0.13;;
966771;unknown;control;2022-07-23 21:45:00+00:00;0.134;;
966771;unknown;control;2022-07-23 22:00:00+00:00;0.127;;
966771;unknown;control;2022-07-23 22:15:00+00:00;0.129;;
966771;unknown;control;2022-07-23 22:30:00+00:00;0.105;;
966771;unknown;control;2022-07-23 22:45:00+00:00;0.095;;
966771;unknown;control;2022-07-23 23:00:00+00:00;0.098;;
966771;unknown;control;2022-07-23 23:15:00+00:00;0.097;;
966771;unknown;control;2022-07-23 23:30:00+00:00;1.328;;
966771;unknown;control;2022-07-23 23:45:00+00:00;1.299;;
966771;unknown;control;2022-07-24 00:00:00+00:00;1.304;;
966771;unknown;control;2022-07-24 00:15:00+00:00;1.33;;
966771;unknown;control;2022-07-24 00:30:00+00:00;1.348;;
966771;unknown;control;2022-07-24 00:45:00+00:00;0.316;;
966771;unknown;control;2022-07-24 01:00:00+00:00;0.083;;
966771;unknown;control;2022-07-24 01:15:00+00:00;0.095;;
966771;unknown;control;2022-07-24 01:30:00+00:00;0.098;;
966771;unknown;control;2022-07-24 01:45:00+00:00;0.096;;
966771;unknown;control;2022-07-24 02:00:00+00:00;0.099;;
966771;unknown;control;2022-07-24 02:15:00+00:00;0.094;;
966771;unknown;control;2022-07-24 02:30:00+00:00;0.089;;
966771;unknown;control;2022-07-24 02:45:00+00:00;0.095;;
966771;unknown;control;2022-07-24 03:00:00+00:00;0.092;;
966771;unknown;control;2022-07-24 03:15:00+00:00;0.093;;
966771;unknown;control;2022-07-24 03:30:00+00:00;0.098;;
966771;unknown;control;2022-07-24 03:45:00+00:00;0.095;;
966771;unknown;control;2022-07-24 04:00:00+00:00;0.096;;
966771;unknown;control;2022-07-24 04:15:00+00:00;0.095;;
966771;unknown;control;2022-07-24 04:30:00+00:00;0.084;;
966771;unknown;control;2022-07-24 04:45:00+00:00;0.114;;
966771;unknown;control;2022-07-24 05:00:00+00:00;0.102;;
966771;unknown;control;2022-07-24 05:15:00+00:00;0.092;;
966771;unknown;control;2022-07-24 05:30:00+00:00;0.139;;
966771;unknown;control;2022-07-24 05:45:00+00:00;0.455;;
966771;unknown;control;2022-07-24 06:00:00+00:00;0.424;;
966771;unknown;control;2022-07-24 06:15:00+00:00;0.152;;
966771;unknown;control;2022-07-24 06:30:00+00:00;0.144;;
966771;unknown;control;2022-07-24 06:45:00+00:00;0.155;;
966771;unknown;control;2022-07-24 07:00:00+00:00;0.469;;
966771;unknown;control;2022-07-24 07:15:00+00:00;0.305;;
966771;unknown;control;2022-07-24 07:30:00+00:00;0.132;;
966771;unknown;control;2022-07-24 07:45:00+00:00;0.199;;
966771;unknown;control;2022-07-24 08:00:00+00:00;0.434;;
966771;unknown;control;2022-07-24 08:15:00+00:00;0.168;;
966771;unknown;control;2022-07-24 08:30:00+00:00;0.147;;
966771;unknown;control;2022-07-24 08:45:00+00:00;0.142;;
966771;unknown;control;2022-07-24 09:00:00+00:00;0.146;;
966771;unknown;control;2022-07-24 09:15:00+00:00;0.121;;
966771;unknown;control;2022-07-24 09:30:00+00:00;0.11;;
966771;unknown;control;2022-07-24 09:45:00+00:00;0.101;;
966771;unknown;control;2022-07-24 10:00:00+00:00;0.108;;
966771;unknown;control;2022-07-24 10:15:00+00:00;0.11;;
966771;unknown;control;2022-07-24 10:30:00+00:00;0.129;;
966771;unknown;control;2022-07-24 10:45:00+00:00;0.114;;
966771;unknown;control;2022-07-24 11:00:00+00:00;0.109;;
966771;unknown;control;2022-07-24 11:15:00+00:00;0.211;;
966771;unknown;control;2022-07-24 11:30:00+00:00;0.247;;
966771;unknown;control;2022-07-24 11:45:00+00:00;0.312;;
966771;unknown;control;2022-07-24 12:00:00+00:00;0.248;;
966771;unknown;control;2022-07-24 12:15:00+00:00;0.228;;
966771;unknown;control;2022-07-24 12:30:00+00:00;0.341;;
966771;unknown;control;2022-07-24 12:45:00+00:00;0.103;;
966771;unknown;control;2022-07-24 13:00:00+00:00;0.1;;
966771;unknown;control;2022-07-24 13:15:00+00:00;0.086;;
966771;unknown;control;2022-07-24 13:30:00+00:00;0.097;;
966771;unknown;control;2022-07-24 13:45:00+00:00;0.1;;
966771;unknown;control;2022-07-24 14:00:00+00:00;0.101;;
966771;unknown;control;2022-07-24 14:15:00+00:00;0.109;;
966771;unknown;control;2022-07-24 14:30:00+00:00;0.117;;
966771;unknown;control;2022-07-24 14:45:00+00:00;0.105;;
966771;unknown;control;2022-07-24 15:00:00+00:00;0.221;;
966771;unknown;control;2022-07-24 15:15:00+00:00;0.109;;
966771;unknown;control;2022-07-24 15:30:00+00:00;0.105;;
966771;unknown;control;2022-07-24 15:45:00+00:00;0.12;;
966771;unknown;control;2022-07-24 16:00:00+00:00;0.47;;
966771;unknown;control;2022-07-24 16:15:00+00:00;0.386;;
966771;unknown;control;2022-07-24 16:30:00+00:00;0.212;;
966771;unknown;control;2022-07-24 16:45:00+00:00;0.104;;
966771;unknown;control;2022-07-24 17:00:00+00:00;0.105;;
966771;unknown;control;2022-07-24 17:15:00+00:00;0.109;;
966771;unknown;control;2022-07-24 17:30:00+00:00;0.1;;
966771;unknown;control;2022-07-24 17:45:00+00:00;0.136;;
966771;unknown;control;2022-07-24 18:00:00+00:00;0.119;;
966771;unknown;control;2022-07-24 18:15:00+00:00;0.118;;
966771;unknown;control;2022-07-24 18:30:00+00:00;0.423;;
966771;unknown;control;2022-07-24 18:45:00+00:00;0.423;;
966771;unknown;control;2022-07-24 19:00:00+00:00;0.16;;
966771;unknown;control;2022-07-24 19:15:00+00:00;0.159;;
966771;unknown;control;2022-07-24 19:30:00+00:00;0.439;;
966771;unknown;control;2022-07-24 19:45:00+00:00;0.121;;
966771;unknown;control;2022-07-24 20:00:00+00:00;0.104;;
966771;unknown;control;2022-07-24 20:15:00+00:00;0.104;;
966771;unknown;control;2022-07-24 20:30:00+00:00;0.096;;
966771;unknown;control;2022-07-24 20:45:00+00:00;0.096;;
966771;unknown;control;2022-07-24 21:00:00+00:00;0.118;;
966771;unknown;control;2022-07-24 21:15:00+00:00;0.102;;
966771;unknown;control;2022-07-24 21:30:00+00:00;0.097;;
966771;unknown;control;2022-07-24 21:45:00+00:00;0.092;;
966771;unknown;control;2022-07-24 22:00:00+00:00;0.098;;
966771;unknown;control;2022-07-24 22:15:00+00:00;0.097;;
966771;unknown;control;2022-07-24 22:30:00+00:00;0.086;;
966771;unknown;control;2022-07-24 22:45:00+00:00;0.099;;
966771;unknown;control;2022-07-24 23:00:00+00:00;0.099;;
966771;unknown;control;2022-07-24 23:15:00+00:00;0.082;;
966771;unknown;control;2022-07-24 23:30:00+00:00;1.339;;
966771;unknown;control;2022-07-24 23:45:00+00:00;1.304;;
966771;unknown;control;2022-07-25 00:00:00+00:00;1.31;;
966771;unknown;control;2022-07-25 00:15:00+00:00;1.335;;
966771;unknown;control;2022-07-25 00:30:00+00:00;1.356;;
966771;unknown;control;2022-07-25 00:45:00+00:00;0.252;;
966771;unknown;control;2022-07-25 01:00:00+00:00;0.096;;
966771;unknown;control;2022-07-25 01:15:00+00:00;0.094;;
966771;unknown;control;2022-07-25 01:30:00+00:00;0.089;;
966771;unknown;control;2022-07-25 01:45:00+00:00;0.099;;
966771;unknown;control;2022-07-25 02:00:00+00:00;0.094;;
966771;unknown;control;2022-07-25 02:15:00+00:00;0.092;;
966771;unknown;control;2022-07-25 02:30:00+00:00;0.097;;
966771;unknown;control;2022-07-25 02:45:00+00:00;0.09;;
966771;unknown;control;2022-07-25 03:00:00+00:00;0.087;;
966771;unknown;control;2022-07-25 03:15:00+00:00;0.097;;
966771;unknown;control;2022-07-25 03:30:00+00:00;0.097;;
966771;unknown;control;2022-07-25 03:45:00+00:00;0.101;;
966771;unknown;control;2022-07-25 04:00:00+00:00;0.112;;
966771;unknown;control;2022-07-25 04:15:00+00:00;0.1;;
966771;unknown;control;2022-07-25 04:30:00+00:00;0.12;;
966771;unknown;control;2022-07-25 04:45:00+00:00;0.1;;
966771;unknown;control;2022-07-25 05:00:00+00:00;0.108;;
966771;unknown;control;2022-07-25 05:15:00+00:00;0.097;;
966771;unknown;control;2022-07-25 05:30:00+00:00;0.094;;
966771;unknown;control;2022-07-25 05:45:00+00:00;0.095;;
966771;unknown;control;2022-07-25 06:00:00+00:00;0.383;;
966771;unknown;control;2022-07-25 06:15:00+00:00;0.69;;
966771;unknown;control;2022-07-25 06:30:00+00:00;0.132;;
966771;unknown;control;2022-07-25 06:45:00+00:00;0.134;;
966771;unknown;control;2022-07-25 07:00:00+00:00;0.15;;
966771;unknown;control;2022-07-25 07:15:00+00:00;0.384;;
966771;unknown;control;2022-07-25 07:30:00+00:00;0.302;;
966771;unknown;control;2022-07-25 07:45:00+00:00;0.297;;
966771;unknown;control;2022-07-25 08:00:00+00:00;0.308;;
966771;unknown;control;2022-07-25 08:15:00+00:00;0.315;;
966771;unknown;control;2022-07-25 08:30:00+00:00;0.26;;
966771;unknown;control;2022-07-25 08:45:00+00:00;0.119;;
966771;unknown;control;2022-07-25 09:00:00+00:00;0.105;;
966771;unknown;control;2022-07-25 09:15:00+00:00;0.1;;
966771;unknown;control;2022-07-25 09:30:00+00:00;0.108;;
966771;unknown;control;2022-07-25 09:45:00+00:00;0.103;;
966771;unknown;control;2022-07-25 10:00:00+00:00;0.104;;
966771;unknown;control;2022-07-25 10:15:00+00:00;0.112;;
966771;unknown;control;2022-07-25 10:30:00+00:00;0.1;;
966771;unknown;control;2022-07-25 10:45:00+00:00;0.099;;
966771;unknown;control;2022-07-25 11:00:00+00:00;0.103;;
966771;unknown;control;2022-07-25 11:15:00+00:00;0.096;;
966771;unknown;control;2022-07-25 11:30:00+00:00;0.098;;
966771;unknown;control;2022-07-25 11:45:00+00:00;0.117;;
966771;unknown;control;2022-07-25 12:00:00+00:00;0.097;;
966771;unknown;control;2022-07-25 12:15:00+00:00;0.092;;
966771;unknown;control;2022-07-25 12:30:00+00:00;0.185;;
966771;unknown;control;2022-07-25 12:45:00+00:00;0.267;;
966771;unknown;control;2022-07-25 13:00:00+00:00;0.1;;
966771;unknown;control;2022-07-25 13:15:00+00:00;0.1;;
966771;unknown;control;2022-07-25 13:30:00+00:00;0.093;;
966771;unknown;control;2022-07-25 13:45:00+00:00;0.106;;
966771;unknown;control;2022-07-25 14:00:00+00:00;0.105;;
966771;unknown;control;2022-07-25 14:15:00+00:00;0.125;;
966771;unknown;control;2022-07-25 14:30:00+00:00;0.135;;
966771;unknown;control;2022-07-25 14:45:00+00:00;0.134;;
966771;unknown;control;2022-07-25 15:00:00+00:00;0.127;;
966771;unknown;control;2022-07-25 15:15:00+00:00;0.134;;
966771;unknown;control;2022-07-25 15:30:00+00:00;0.314;;
966771;unknown;control;2022-07-25 15:45:00+00:00;0.239;;
966771;unknown;control;2022-07-25 16:00:00+00:00;0.249;;
966771;unknown;control;2022-07-25 16:15:00+00:00;0.213;;
966771;unknown;control;2022-07-25 16:30:00+00:00;0.134;;
966771;unknown;control;2022-07-25 16:45:00+00:00;0.154;;
966771;unknown;control;2022-07-25 17:00:00+00:00;0.133;;
966771;unknown;control;2022-07-25 17:15:00+00:00;0.137;;
966771;unknown;control;2022-07-25 17:30:00+00:00;0.142;;
966771;unknown;control;2022-07-25 17:45:00+00:00;0.129;;
966771;unknown;control;2022-07-25 18:00:00+00:00;0.137;;
966771;unknown;control;2022-07-25 18:15:00+00:00;0.156;;
966771;unknown;control;2022-07-25 18:30:00+00:00;0.143;;
966771;unknown;control;2022-07-25 18:45:00+00:00;0.148;;
966771;unknown;control;2022-07-25 19:00:00+00:00;0.145;;
966771;unknown;control;2022-07-25 19:15:00+00:00;0.145;;
966771;unknown;control;2022-07-25 19:30:00+00:00;0.162;;
966771;unknown;control;2022-07-25 19:45:00+00:00;0.16;;
966771;unknown;control;2022-07-25 20:00:00+00:00;0.144;;
966771;unknown;control;2022-07-25 20:15:00+00:00;0.11;;
966771;unknown;control;2022-07-25 20:30:00+00:00;0.097;;
966771;unknown;control;2022-07-25 20:45:00+00:00;0.089;;
966771;unknown;control;2022-07-25 21:00:00+00:00;0.099;;
966771;unknown;control;2022-07-25 21:15:00+00:00;0.095;;
966771;unknown;control;2022-07-25 21:30:00+00:00;0.093;;
966771;unknown;control;2022-07-25 21:45:00+00:00;0.107;;
966771;unknown;control;2022-07-25 22:00:00+00:00;0.107;;
966771;unknown;control;2022-07-25 22:15:00+00:00;0.098;;
966771;unknown;control;2022-07-25 22:30:00+00:00;0.104;;
966771;unknown;control;2022-07-25 22:45:00+00:00;0.098;;
966771;unknown;control;2022-07-25 23:00:00+00:00;0.097;;
966771;unknown;control;2022-07-25 23:15:00+00:00;0.106;;
966771;unknown;control;2022-07-25 23:30:00+00:00;1.349;;
966771;unknown;control;2022-07-25 23:45:00+00:00;1.316;;
966771;unknown;control;2022-07-26 00:00:00+00:00;1.325;;
966771;unknown;control;2022-07-26 00:15:00+00:00;1.332;;
966771;unknown;control;2022-07-26 00:30:00+00:00;1.046;;
966771;unknown;control;2022-07-26 00:45:00+00:00;0.101;;
966771;unknown;control;2022-07-26 01:00:00+00:00;0.094;;
966771;unknown;control;2022-07-26 01:15:00+00:00;0.1;;
966771;unknown;control;2022-07-26 01:30:00+00:00;0.099;;
966771;unknown;control;2022-07-26 01:45:00+00:00;0.091;;
966771;unknown;control;2022-07-26 02:00:00+00:00;0.102;;
966771;unknown;control;2022-07-26 02:15:00+00:00;0.1;;
966771;unknown;control;2022-07-26 02:30:00+00:00;0.091;;
966771;unknown;control;2022-07-26 02:45:00+00:00;0.106;;
966771;unknown;control;2022-07-26 03:00:00+00:00;0.101;;
966771;unknown;control;2022-07-26 03:15:00+00:00;0.092;;
966771;unknown;control;2022-07-26 03:30:00+00:00;0.105;;
966771;unknown;control;2022-07-26 03:45:00+00:00;0.099;;
966771;unknown;control;2022-07-26 04:00:00+00:00;0.091;;
966771;unknown;control;2022-07-26 04:15:00+00:00;0.104;;
966771;unknown;control;2022-07-26 04:30:00+00:00;0.131;;
966771;unknown;control;2022-07-26 04:45:00+00:00;0.114;;
966771;unknown;control;2022-07-26 05:00:00+00:00;0.111;;
966771;unknown;control;2022-07-26 05:15:00+00:00;0.342;;
966771;unknown;control;2022-07-26 05:30:00+00:00;0.61;;
966771;unknown;control;2022-07-26 05:45:00+00:00;0.127;;
966771;unknown;control;2022-07-26 06:00:00+00:00;0.122;;
966771;unknown;control;2022-07-26 06:15:00+00:00;0.132;;
966771;unknown;control;2022-07-26 06:30:00+00:00;0.13;;
966771;unknown;control;2022-07-26 06:45:00+00:00;0.096;;
966771;unknown;control;2022-07-26 07:00:00+00:00;0.503;;
966771;unknown;control;2022-07-26 07:15:00+00:00;0.522;;
966771;unknown;control;2022-07-26 07:30:00+00:00;0.401;;
966771;unknown;control;2022-07-26 07:45:00+00:00;0.199;;
966771;unknown;control;2022-07-26 08:00:00+00:00;0.198;;
966771;unknown;control;2022-07-26 08:15:00+00:00;0.294;;
966771;unknown;control;2022-07-26 08:30:00+00:00;0.475;;
966771;unknown;control;2022-07-26 08:45:00+00:00;0.195;;
966771;unknown;control;2022-07-26 09:00:00+00:00;0.112;;
966771;unknown;control;2022-07-26 09:15:00+00:00;0.128;;
966771;unknown;control;2022-07-26 09:30:00+00:00;0.113;;
966771;unknown;control;2022-07-26 09:45:00+00:00;0.308;;
966771;unknown;control;2022-07-26 10:00:00+00:00;0.444;;
966771;unknown;control;2022-07-26 10:15:00+00:00;0.102;;
966771;unknown;control;2022-07-26 10:30:00+00:00;0.118;;
966771;unknown;control;2022-07-26 10:45:00+00:00;0.11;;
966771;unknown;control;2022-07-26 11:00:00+00:00;0.118;;
966771;unknown;control;2022-07-26 11:15:00+00:00;0.525;;
966771;unknown;control;2022-07-26 11:30:00+00:00;0.291;;
966771;unknown;control;2022-07-26 11:45:00+00:00;0.295;;
966771;unknown;control;2022-07-26 12:00:00+00:00;0.432;;
966771;unknown;control;2022-07-26 12:15:00+00:00;0.34;;
966771;unknown;control;2022-07-26 12:30:00+00:00;0.279;;
966771;unknown;control;2022-07-26 12:45:00+00:00;0.479;;
966771;unknown;control;2022-07-26 13:00:00+00:00;0.421;;
966771;unknown;control;2022-07-26 13:15:00+00:00;0.257;;
966771;unknown;control;2022-07-26 13:30:00+00:00;0.193;;
966771;unknown;control;2022-07-26 13:45:00+00:00;0.136;;
966771;unknown;control;2022-07-26 14:00:00+00:00;0.111;;
966771;unknown;control;2022-07-26 14:15:00+00:00;0.108;;
966771;unknown;control;2022-07-26 14:30:00+00:00;0.107;;
966771;unknown;control;2022-07-26 14:45:00+00:00;0.092;;
966771;unknown;control;2022-07-26 15:00:00+00:00;0.109;;
966771;unknown;control;2022-07-26 15:15:00+00:00;0.105;;
966771;unknown;control;2022-07-26 15:30:00+00:00;0.104;;
966771;unknown;control;2022-07-26 15:45:00+00:00;0.117;;
966771;unknown;control;2022-07-26 16:00:00+00:00;0.117;;
966771;unknown;control;2022-07-26 16:15:00+00:00;0.122;;
966771;unknown;control;2022-07-26 16:30:00+00:00;0.398;;
966771;unknown;control;2022-07-26 16:45:00+00:00;0.11;;
966771;unknown;control;2022-07-26 17:00:00+00:00;0.103;;
966771;unknown;control;2022-07-26 17:15:00+00:00;0.094;;
966771;unknown;control;2022-07-26 17:30:00+00:00;0.107;;
966771;unknown;control;2022-07-26 17:45:00+00:00;0.105;;
966771;unknown;control;2022-07-26 18:00:00+00:00;0.096;;
966771;unknown;control;2022-07-26 18:15:00+00:00;0.132;;
966771;unknown;control;2022-07-26 18:30:00+00:00;0.141;;
966771;unknown;control;2022-07-26 18:45:00+00:00;0.161;;
966771;unknown;control;2022-07-26 19:00:00+00:00;0.144;;
966771;unknown;control;2022-07-26 19:15:00+00:00;0.142;;
966771;unknown;control;2022-07-26 19:30:00+00:00;0.147;;
966771;unknown;control;2022-07-26 19:45:00+00:00;0.145;;
966771;unknown;control;2022-07-26 20:00:00+00:00;0.156;;
966771;unknown;control;2022-07-26 20:15:00+00:00;0.114;;
966771;unknown;control;2022-07-26 20:30:00+00:00;0.097;;
966771;unknown;control;2022-07-26 20:45:00+00:00;0.108;;
966771;unknown;control;2022-07-26 21:00:00+00:00;0.098;;
966771;unknown;control;2022-07-26 21:15:00+00:00;0.089;;
966771;unknown;control;2022-07-26 21:30:00+00:00;0.097;;
966771;unknown;control;2022-07-26 21:45:00+00:00;0.105;;
966771;unknown;control;2022-07-26 22:00:00+00:00;0.086;;
966771;unknown;control;2022-07-26 22:15:00+00:00;0.101;;
966771;unknown;control;2022-07-26 22:30:00+00:00;0.092;;
966771;unknown;control;2022-07-26 22:45:00+00:00;0.091;;
966771;unknown;control;2022-07-26 23:00:00+00:00;0.104;;
966771;unknown;control;2022-07-26 23:15:00+00:00;0.102;;
966771;unknown;control;2022-07-26 23:30:00+00:00;1.338;;
966771;unknown;control;2022-07-26 23:45:00+00:00;1.296;;
966771;unknown;control;2022-07-27 00:00:00+00:00;1.311;;
966771;unknown;control;2022-07-27 00:15:00+00:00;1.332;;
966771;unknown;control;2022-07-27 00:30:00+00:00;0.511;;
966771;unknown;control;2022-07-27 00:45:00+00:00;0.097;;
966771;unknown;control;2022-07-27 01:00:00+00:00;0.091;;
966771;unknown;control;2022-07-27 01:15:00+00:00;0.099;;
966771;unknown;control;2022-07-27 01:30:00+00:00;0.099;;
966771;unknown;control;2022-07-27 01:45:00+00:00;0.09;;
966771;unknown;control;2022-07-27 02:00:00+00:00;0.095;;
966771;unknown;control;2022-07-27 02:15:00+00:00;0.103;;
966771;unknown;control;2022-07-27 02:30:00+00:00;0.092;;
966771;unknown;control;2022-07-27 02:45:00+00:00;0.091;;
966771;unknown;control;2022-07-27 03:00:00+00:00;0.097;;
966771;unknown;control;2022-07-27 03:15:00+00:00;0.091;;
966771;unknown;control;2022-07-27 03:30:00+00:00;0.092;;
966771;unknown;control;2022-07-27 03:45:00+00:00;0.096;;
966771;unknown;control;2022-07-27 04:00:00+00:00;0.092;;
966771;unknown;control;2022-07-27 04:15:00+00:00;0.105;;
966771;unknown;control;2022-07-27 04:30:00+00:00;0.11;;
966771;unknown;control;2022-07-27 04:45:00+00:00;0.115;;
966771;unknown;control;2022-07-27 05:00:00+00:00;0.309;;
966771;unknown;control;2022-07-27 05:15:00+00:00;0.516;;
966771;unknown;control;2022-07-27 05:30:00+00:00;0.243;;
966771;unknown;control;2022-07-27 05:45:00+00:00;0.125;;
966771;unknown;control;2022-07-27 06:00:00+00:00;0.253;;
966771;unknown;control;2022-07-27 06:15:00+00:00;0.542;;
966771;unknown;control;2022-07-27 06:30:00+00:00;0.174;;
966771;unknown;control;2022-07-27 06:45:00+00:00;0.096;;
966771;unknown;control;2022-07-27 07:00:00+00:00;0.102;;
966771;unknown;control;2022-07-27 07:15:00+00:00;0.325;;
966771;unknown;control;2022-07-27 07:30:00+00:00;0.532;;
966771;unknown;control;2022-07-27 07:45:00+00:00;0.233;;
966771;unknown;control;2022-07-27 08:00:00+00:00;0.307;;
966771;unknown;control;2022-07-27 08:15:00+00:00;0.175;;
966771;unknown;control;2022-07-27 08:30:00+00:00;0.196;;
966771;unknown;control;2022-07-27 08:45:00+00:00;0.107;;
966771;unknown;control;2022-07-27 09:00:00+00:00;0.109;;
966771;unknown;control;2022-07-27 09:15:00+00:00;0.127;;
966771;unknown;control;2022-07-27 09:30:00+00:00;0.127;;
966771;unknown;control;2022-07-27 09:45:00+00:00;0.118;;
966771;unknown;control;2022-07-27 10:00:00+00:00;0.109;;
966771;unknown;control;2022-07-27 10:15:00+00:00;0.107;;
966771;unknown;control;2022-07-27 10:30:00+00:00;0.133;;
966771;unknown;control;2022-07-27 10:45:00+00:00;0.113;;
966771;unknown;control;2022-07-27 11:00:00+00:00;0.11;;
966771;unknown;control;2022-07-27 11:15:00+00:00;0.27;;
966771;unknown;control;2022-07-27 11:30:00+00:00;0.115;;
966771;unknown;control;2022-07-27 11:45:00+00:00;0.113;;
966771;unknown;control;2022-07-27 12:00:00+00:00;0.12;;
966771;unknown;control;2022-07-27 12:15:00+00:00;0.102;;
966771;unknown;control;2022-07-27 12:30:00+00:00;0.094;;
966771;unknown;control;2022-07-27 12:45:00+00:00;0.103;;
966771;unknown;control;2022-07-27 13:00:00+00:00;0.118;;
966771;unknown;control;2022-07-27 13:15:00+00:00;0.124;;
966771;unknown;control;2022-07-27 13:30:00+00:00;0.147;;
966771;unknown;control;2022-07-27 13:45:00+00:00;0.125;;
966771;unknown;control;2022-07-27 14:00:00+00:00;0.131;;
966771;unknown;control;2022-07-27 14:15:00+00:00;0.107;;
966771;unknown;control;2022-07-27 14:30:00+00:00;0.097;;
966771;unknown;control;2022-07-27 14:45:00+00:00;0.093;;
966771;unknown;control;2022-07-27 15:00:00+00:00;0.574;;
966771;unknown;control;2022-07-27 15:15:00+00:00;0.431;;
966771;unknown;control;2022-07-27 15:30:00+00:00;0.27;;
966771;unknown;control;2022-07-27 15:45:00+00:00;0.11;;
966771;unknown;control;2022-07-27 16:00:00+00:00;0.137;;
966771;unknown;control;2022-07-27 16:15:00+00:00;0.136;;
966771;unknown;control;2022-07-27 16:30:00+00:00;0.126;;
966771;unknown;control;2022-07-27 16:45:00+00:00;0.133;;
966771;unknown;control;2022-07-27 17:00:00+00:00;0.134;;
966771;unknown;control;2022-07-27 17:15:00+00:00;0.144;;
966771;unknown;control;2022-07-27 17:30:00+00:00;0.166;;
966771;unknown;control;2022-07-27 17:45:00+00:00;0.185;;
966771;unknown;control;2022-07-27 18:00:00+00:00;0.193;;
966771;unknown;control;2022-07-27 18:15:00+00:00;0.17;;
966771;unknown;control;2022-07-27 18:30:00+00:00;0.149;;
966771;unknown;control;2022-07-27 18:45:00+00:00;0.162;;
966771;unknown;control;2022-07-27 19:00:00+00:00;0.149;;
966771;unknown;control;2022-07-27 19:15:00+00:00;0.149;;
966771;unknown;control;2022-07-27 19:30:00+00:00;0.163;;
966771;unknown;control;2022-07-27 19:45:00+00:00;0.152;;
966771;unknown;control;2022-07-27 20:00:00+00:00;0.164;;
966771;unknown;control;2022-07-27 20:15:00+00:00;0.153;;
966771;unknown;control;2022-07-27 20:30:00+00:00;0.135;;
966771;unknown;control;2022-07-27 20:45:00+00:00;0.125;;
966771;unknown;control;2022-07-27 21:00:00+00:00;0.11;;
966771;unknown;control;2022-07-27 21:15:00+00:00;0.098;;
966771;unknown;control;2022-07-27 21:30:00+00:00;0.097;;
966771;unknown;control;2022-07-27 21:45:00+00:00;0.108;;
966771;unknown;control;2022-07-27 22:00:00+00:00;0.108;;
966771;unknown;control;2022-07-27 22:15:00+00:00;0.092;;
966771;unknown;control;2022-07-27 22:30:00+00:00;0.102;;
966771;unknown;control;2022-07-27 22:45:00+00:00;0.102;;
966771;unknown;control;2022-07-27 23:00:00+00:00;0.099;;
966771;unknown;control;2022-07-27 23:15:00+00:00;0.099;;
966771;unknown;control;2022-07-27 23:30:00+00:00;1.353;;
966771;unknown;control;2022-07-27 23:45:00+00:00;1.331;;
966771;unknown;control;2022-07-28 00:00:00+00:00;1.369;;
966771;unknown;control;2022-07-28 00:15:00+00:00;1.359;;
966771;unknown;control;2022-07-28 00:30:00+00:00;1.372;;
966771;unknown;control;2022-07-28 00:45:00+00:00;0.768;;
966771;unknown;control;2022-07-28 01:00:00+00:00;0.116;;
966771;unknown;control;2022-07-28 01:15:00+00:00;0.103;;
966771;unknown;control;2022-07-28 01:30:00+00:00;0.1;;
966771;unknown;control;2022-07-28 01:45:00+00:00;0.106;;
966771;unknown;control;2022-07-28 02:00:00+00:00;0.1;;
966771;unknown;control;2022-07-28 02:15:00+00:00;0.096;;
966771;unknown;control;2022-07-28 02:30:00+00:00;0.106;;
966771;unknown;control;2022-07-28 02:45:00+00:00;0.106;;
966771;unknown;control;2022-07-28 03:00:00+00:00;0.094;;
966771;unknown;control;2022-07-28 03:15:00+00:00;0.097;;
966771;unknown;control;2022-07-28 03:30:00+00:00;0.105;;
966771;unknown;control;2022-07-28 03:45:00+00:00;0.096;;
966771;unknown;control;2022-07-28 04:00:00+00:00;0.103;;
966771;unknown;control;2022-07-28 04:15:00+00:00;0.101;;
966771;unknown;control;2022-07-28 04:30:00+00:00;0.1;;
966771;unknown;control;2022-07-28 04:45:00+00:00;0.123;;
966771;unknown;control;2022-07-28 05:00:00+00:00;0.114;;
966771;unknown;control;2022-07-28 05:15:00+00:00;0.105;;
966771;unknown;control;2022-07-28 05:30:00+00:00;0.11;;
966771;unknown;control;2022-07-28 05:45:00+00:00;0.105;;
966771;unknown;control;2022-07-28 06:00:00+00:00;0.095;;
966771;unknown;control;2022-07-28 06:15:00+00:00;0.113;;
966771;unknown;control;2022-07-28 06:30:00+00:00;0.104;;
966771;unknown;control;2022-07-28 06:45:00+00:00;0.091;;
966771;unknown;control;2022-07-28 07:00:00+00:00;0.095;;
966771;unknown;control;2022-07-28 07:15:00+00:00;0.101;;
966771;unknown;control;2022-07-28 07:30:00+00:00;0.092;;
966771;unknown;control;2022-07-28 07:45:00+00:00;0.092;;
966771;unknown;control;2022-07-28 08:00:00+00:00;0.1;;
966771;unknown;control;2022-07-28 08:15:00+00:00;0.093;;
966771;unknown;control;2022-07-28 08:30:00+00:00;0.098;;
966771;unknown;control;2022-07-28 08:45:00+00:00;0.098;;
966771;unknown;control;2022-07-28 09:00:00+00:00;0.084;;
966771;unknown;control;2022-07-28 09:15:00+00:00;0.099;;
966771;unknown;control;2022-07-28 09:30:00+00:00;0.102;;
966771;unknown;control;2022-07-28 09:45:00+00:00;0.092;;
966771;unknown;control;2022-07-28 10:00:00+00:00;0.092;;
966771;unknown;control;2022-07-28 10:15:00+00:00;0.097;;
966771;unknown;control;2022-07-28 10:30:00+00:00;0.092;;
966771;unknown;control;2022-07-28 10:45:00+00:00;0.101;;
966771;unknown;control;2022-07-28 11:00:00+00:00;0.098;;
966771;unknown;control;2022-07-28 11:15:00+00:00;0.085;;
966771;unknown;control;2022-07-28 11:30:00+00:00;0.099;;
966771;unknown;control;2022-07-28 11:45:00+00:00;0.099;;
966771;unknown;control;2022-07-28 12:00:00+00:00;0.093;;
966771;unknown;control;2022-07-28 12:15:00+00:00;0.1;;
966771;unknown;control;2022-07-28 12:30:00+00:00;0.092;;
966771;unknown;control;2022-07-28 12:45:00+00:00;0.091;;
966771;unknown;control;2022-07-28 13:00:00+00:00;0.098;;
966771;unknown;control;2022-07-28 13:15:00+00:00;0.094;;
966771;unknown;control;2022-07-28 13:30:00+00:00;0.092;;
966771;unknown;control;2022-07-28 13:45:00+00:00;0.097;;
966771;unknown;control;2022-07-28 14:00:00+00:00;0.094;;
966771;unknown;control;2022-07-28 14:15:00+00:00;0.102;;
966771;unknown;control;2022-07-28 14:30:00+00:00;0.111;;
966771;unknown;control;2022-07-28 14:45:00+00:00;0.09;;
966771;unknown;control;2022-07-28 15:00:00+00:00;0.088;;
966771;unknown;control;2022-07-28 15:15:00+00:00;0.097;;
966771;unknown;control;2022-07-28 15:30:00+00:00;0.096;;
966771;unknown;control;2022-07-28 15:45:00+00:00;0.098;;
966771;unknown;control;2022-07-28 16:00:00+00:00;0.097;;
966771;unknown;control;2022-07-28 16:15:00+00:00;0.085;;
966771;unknown;control;2022-07-28 16:30:00+00:00;0.093;;
966771;unknown;control;2022-07-28 16:45:00+00:00;0.097;;
966771;unknown;control;2022-07-28 17:00:00+00:00;0.088;;
966771;unknown;control;2022-07-28 17:15:00+00:00;0.092;;
966771;unknown;control;2022-07-28 17:30:00+00:00;0.095;;
966771;unknown;control;2022-07-28 17:45:00+00:00;0.092;;
966771;unknown;control;2022-07-28 18:00:00+00:00;0.098;;
966771;unknown;control;2022-07-28 18:15:00+00:00;0.101;;
966771;unknown;control;2022-07-28 18:30:00+00:00;0.089;;
966771;unknown;control;2022-07-28 18:45:00+00:00;0.095;;
966771;unknown;control;2022-07-28 19:00:00+00:00;0.095;;
966771;unknown;control;2022-07-28 19:15:00+00:00;0.089;;
966771;unknown;control;2022-07-28 19:30:00+00:00;0.113;;
966771;unknown;control;2022-07-28 19:45:00+00:00;0.106;;
966771;unknown;control;2022-07-28 20:00:00+00:00;0.099;;
966771;unknown;control;2022-07-28 20:15:00+00:00;0.109;;
966771;unknown;control;2022-07-28 20:30:00+00:00;0.097;;
966771;unknown;control;2022-07-28 20:45:00+00:00;0.094;;
966771;unknown;control;2022-07-28 21:00:00+00:00;0.095;;
966771;unknown;control;2022-07-28 21:15:00+00:00;0.092;;
966771;unknown;control;2022-07-28 21:30:00+00:00;0.095;;
966771;unknown;control;2022-07-28 21:45:00+00:00;0.102;;
966771;unknown;control;2022-07-28 22:00:00+00:00;0.093;;
966771;unknown;control;2022-07-28 22:15:00+00:00;0.089;;
966771;unknown;control;2022-07-28 22:30:00+00:00;0.098;;
966771;unknown;control;2022-07-28 22:45:00+00:00;0.095;;
966771;unknown;control;2022-07-28 23:00:00+00:00;0.1;;
966771;unknown;control;2022-07-28 23:15:00+00:00;0.104;;
966771;unknown;control;2022-07-28 23:30:00+00:00;1.325;;
966771;unknown;control;2022-07-28 23:45:00+00:00;1.288;;
966771;unknown;control;2022-07-29 00:00:00+00:00;1.305;;
966771;unknown;control;2022-07-29 00:15:00+00:00;0.922;;
966771;unknown;control;2022-07-29 00:30:00+00:00;0.091;;
966771;unknown;control;2022-07-29 00:45:00+00:00;0.095;;
966771;unknown;control;2022-07-29 01:00:00+00:00;0.091;;
966771;unknown;control;2022-07-29 01:15:00+00:00;0.098;;
966771;unknown;control;2022-07-29 01:30:00+00:00;0.092;;
966771;unknown;control;2022-07-29 01:45:00+00:00;0.085;;
966771;unknown;control;2022-07-29 02:00:00+00:00;0.096;;
966771;unknown;control;2022-07-29 02:15:00+00:00;0.101;;
966771;unknown;control;2022-07-29 02:30:00+00:00;0.087;;
966771;unknown;control;2022-07-29 02:45:00+00:00;0.099;;
966771;unknown;control;2022-07-29 03:00:00+00:00;0.101;;
966771;unknown;control;2022-07-29 03:15:00+00:00;0.088;;
966771;unknown;control;2022-07-29 03:30:00+00:00;0.097;;
966771;unknown;control;2022-07-29 03:45:00+00:00;0.09;;
966771;unknown;control;2022-07-29 04:00:00+00:00;0.083;;
966771;unknown;control;2022-07-29 04:15:00+00:00;0.103;;
966771;unknown;control;2022-07-29 04:30:00+00:00;0.095;;
966771;unknown;control;2022-07-29 04:45:00+00:00;0.087;;
966771;unknown;control;2022-07-29 05:00:00+00:00;0.097;;
966771;unknown;control;2022-07-29 05:15:00+00:00;0.093;;
966771;unknown;control;2022-07-29 05:30:00+00:00;0.094;;
966771;unknown;control;2022-07-29 05:45:00+00:00;0.098;;
966771;unknown;control;2022-07-29 06:00:00+00:00;0.094;;
966771;unknown;control;2022-07-29 06:15:00+00:00;0.088;;
966771;unknown;control;2022-07-29 06:30:00+00:00;0.091;;
966771;unknown;control;2022-07-29 06:45:00+00:00;0.087;;
966771;unknown;control;2022-07-29 07:00:00+00:00;0.09;;
966771;unknown;control;2022-07-29 07:15:00+00:00;0.097;;
966771;unknown;control;2022-07-29 07:30:00+00:00;0.094;;
966771;unknown;control;2022-07-29 07:45:00+00:00;0.09;;
966771;unknown;control;2022-07-29 08:00:00+00:00;0.092;;
966771;unknown;control;2022-07-29 08:15:00+00:00;0.088;;
966771;unknown;control;2022-07-29 08:30:00+00:00;0.091;;
966771;unknown;control;2022-07-29 08:45:00+00:00;0.097;;
966771;unknown;control;2022-07-29 09:00:00+00:00;0.089;;
966771;unknown;control;2022-07-29 09:15:00+00:00;0.09;;
966771;unknown;control;2022-07-29 09:30:00+00:00;0.095;;
966771;unknown;control;2022-07-29 09:45:00+00:00;0.093;;
966771;unknown;control;2022-07-29 10:00:00+00:00;0.098;;
966771;unknown;control;2022-07-29 10:15:00+00:00;0.104;;
966771;unknown;control;2022-07-29 10:30:00+00:00;0.094;;
966771;unknown;control;2022-07-29 10:45:00+00:00;0.092;;
966771;unknown;control;2022-07-29 11:00:00+00:00;0.096;;
966771;unknown;control;2022-07-29 11:15:00+00:00;0.09;;
966771;unknown;control;2022-07-29 11:30:00+00:00;0.097;;
966771;unknown;control;2022-07-29 11:45:00+00:00;0.101;;
966771;unknown;control;2022-07-29 12:00:00+00:00;0.091;;
966771;unknown;control;2022-07-29 12:15:00+00:00;0.092;;
966771;unknown;control;2022-07-29 12:30:00+00:00;0.091;;
966771;unknown;control;2022-07-29 12:45:00+00:00;0.088;;
966771;unknown;control;2022-07-29 13:00:00+00:00;0.093;;
966771;unknown;control;2022-07-29 13:15:00+00:00;0.095;;
966771;unknown;control;2022-07-29 13:30:00+00:00;0.084;;
966771;unknown;control;2022-07-29 13:45:00+00:00;0.088;;
966771;unknown;control;2022-07-29 14:00:00+00:00;0.092;;
966771;unknown;control;2022-07-29 14:15:00+00:00;0.087;;
966771;unknown;control;2022-07-29 14:30:00+00:00;0.094;;
966771;unknown;control;2022-07-29 14:45:00+00:00;0.095;;
966771;unknown;control;2022-07-29 15:00:00+00:00;0.083;;
966771;unknown;control;2022-07-29 15:15:00+00:00;0.089;;
966771;unknown;control;2022-07-29 15:30:00+00:00;0.095;;
966771;unknown;control;2022-07-29 15:45:00+00:00;0.091;;
966771;unknown;control;2022-07-29 16:00:00+00:00;0.096;;
966771;unknown;control;2022-07-29 16:15:00+00:00;0.095;;
966771;unknown;control;2022-07-29 16:30:00+00:00;0.082;;
966771;unknown;control;2022-07-29 16:45:00+00:00;0.093;;
966771;unknown;control;2022-07-29 17:00:00+00:00;0.097;;
966771;unknown;control;2022-07-29 17:15:00+00:00;0.092;;
966771;unknown;control;2022-07-29 17:30:00+00:00;0.098;;
966771;unknown;control;2022-07-29 17:45:00+00:00;0.091;;
966771;unknown;control;2022-07-29 18:00:00+00:00;0.084;;
966771;unknown;control;2022-07-29 18:15:00+00:00;0.098;;
966771;unknown;control;2022-07-29 18:30:00+00:00;0.096;;
966771;unknown;control;2022-07-29 18:45:00+00:00;0.089;;
966771;unknown;control;2022-07-29 19:00:00+00:00;0.101;;
966771;unknown;control;2022-07-29 19:15:00+00:00;0.09;;
966771;unknown;control;2022-07-29 19:30:00+00:00;0.094;;
966771;unknown;control;2022-07-29 19:45:00+00:00;0.113;;
966771;unknown;control;2022-07-29 20:00:00+00:00;0.109;;
966771;unknown;control;2022-07-29 20:15:00+00:00;0.108;;
966771;unknown;control;2022-07-29 20:30:00+00:00;0.095;;
966771;unknown;control;2022-07-29 20:45:00+00:00;0.088;;
966771;unknown;control;2022-07-29 21:00:00+00:00;0.089;;
966771;unknown;control;2022-07-29 21:15:00+00:00;0.103;;
966771;unknown;control;2022-07-29 21:30:00+00:00;0.098;;
966771;unknown;control;2022-07-29 21:45:00+00:00;0.089;;
966771;unknown;control;2022-07-29 22:00:00+00:00;0.096;;
966771;unknown;control;2022-07-29 22:15:00+00:00;0.095;;
966771;unknown;control;2022-07-29 22:30:00+00:00;0.09;;
966771;unknown;control;2022-07-29 22:45:00+00:00;0.1;;
966771;unknown;control;2022-07-29 23:00:00+00:00;0.09;;
966771;unknown;control;2022-07-29 23:15:00+00:00;0.09;;
966771;unknown;control;2022-07-29 23:30:00+00:00;1.362;;
966771;unknown;control;2022-07-29 23:45:00+00:00;1.32;;
966771;unknown;control;2022-07-30 00:00:00+00:00;0.846;;
966771;unknown;control;2022-07-30 00:15:00+00:00;0.097;;
966771;unknown;control;2022-07-30 00:30:00+00:00;0.089;;
966771;unknown;control;2022-07-30 00:45:00+00:00;0.087;;
966771;unknown;control;2022-07-30 01:00:00+00:00;0.096;;
966771;unknown;control;2022-07-30 01:15:00+00:00;0.089;;
966771;unknown;control;2022-07-30 01:30:00+00:00;0.088;;
966771;unknown;control;2022-07-30 01:45:00+00:00;0.099;;
966771;unknown;control;2022-07-30 02:00:00+00:00;0.093;;
966771;unknown;control;2022-07-30 02:15:00+00:00;0.095;;
966771;unknown;control;2022-07-30 02:30:00+00:00;0.096;;
966771;unknown;control;2022-07-30 02:45:00+00:00;0.087;;
966771;unknown;control;2022-07-30 03:00:00+00:00;0.095;;
966771;unknown;control;2022-07-30 03:15:00+00:00;0.1;;
966771;unknown;control;2022-07-30 03:30:00+00:00;0.086;;
966771;unknown;control;2022-07-30 03:45:00+00:00;0.09;;
966771;unknown;control;2022-07-30 04:00:00+00:00;0.1;;
966771;unknown;control;2022-07-30 04:15:00+00:00;0.093;;
966771;unknown;control;2022-07-30 04:30:00+00:00;0.09;;
966771;unknown;control;2022-07-30 04:45:00+00:00;0.091;;
966771;unknown;control;2022-07-30 05:00:00+00:00;0.09;;
966771;unknown;control;2022-07-30 05:15:00+00:00;0.098;;
966771;unknown;control;2022-07-30 05:30:00+00:00;0.096;;
966771;unknown;control;2022-07-30 05:45:00+00:00;0.088;;
966771;unknown;control;2022-07-30 06:00:00+00:00;0.095;;
966771;unknown;control;2022-07-30 06:15:00+00:00;0.103;;
966771;unknown;control;2022-07-30 06:30:00+00:00;0.091;;
966771;unknown;control;2022-07-30 06:45:00+00:00;0.1;;
966771;unknown;control;2022-07-30 07:00:00+00:00;0.096;;
966771;unknown;control;2022-07-30 07:15:00+00:00;0.087;;
966771;unknown;control;2022-07-30 07:30:00+00:00;0.109;;
966771;unknown;control;2022-07-30 07:45:00+00:00;0.111;;
966771;unknown;control;2022-07-30 08:00:00+00:00;0.104;;
966771;unknown;control;2022-07-30 08:15:00+00:00;0.092;;
966771;unknown;control;2022-07-30 08:30:00+00:00;0.092;;
966771;unknown;control;2022-07-30 08:45:00+00:00;0.087;;
966771;unknown;control;2022-07-30 09:00:00+00:00;0.096;;
966771;unknown;control;2022-07-30 09:15:00+00:00;0.096;;
966771;unknown;control;2022-07-30 09:30:00+00:00;0.086;;
966771;unknown;control;2022-07-30 09:45:00+00:00;0.099;;
966771;unknown;control;2022-07-30 10:00:00+00:00;0.1;;
966771;unknown;control;2022-07-30 10:15:00+00:00;0.088;;
966771;unknown;control;2022-07-30 10:30:00+00:00;0.098;;
966771;unknown;control;2022-07-30 10:45:00+00:00;0.099;;
966771;unknown;control;2022-07-30 11:00:00+00:00;0.091;;
966771;unknown;control;2022-07-30 11:15:00+00:00;0.095;;
966771;unknown;control;2022-07-30 11:30:00+00:00;0.096;;
966771;unknown;control;2022-07-30 11:45:00+00:00;0.092;;
966771;unknown;control;2022-07-30 12:00:00+00:00;0.1;;
966771;unknown;control;2022-07-30 12:15:00+00:00;0.097;;
966771;unknown;control;2022-07-30 12:30:00+00:00;0.086;;
966771;unknown;control;2022-07-30 12:45:00+00:00;0.095;;
966771;unknown;control;2022-07-30 13:00:00+00:00;0.095;;
966771;unknown;control;2022-07-30 13:15:00+00:00;0.091;;
966771;unknown;control;2022-07-30 13:30:00+00:00;0.098;;
966771;unknown;control;2022-07-30 13:45:00+00:00;0.088;;
966771;unknown;control;2022-07-30 14:00:00+00:00;0.084;;
966771;unknown;control;2022-07-30 14:15:00+00:00;0.1;;
966771;unknown;control;2022-07-30 14:30:00+00:00;0.098;;
966771;unknown;control;2022-07-30 14:45:00+00:00;0.082;;
966771;unknown;control;2022-07-30 15:00:00+00:00;0.091;;
966771;unknown;control;2022-07-30 15:15:00+00:00;0.097;;
966771;unknown;control;2022-07-30 15:30:00+00:00;0.091;;
966771;unknown;control;2022-07-30 15:45:00+00:00;0.101;;
966771;unknown;control;2022-07-30 16:00:00+00:00;0.093;;
966771;unknown;control;2022-07-30 16:15:00+00:00;0.087;;
966771;unknown;control;2022-07-30 16:30:00+00:00;0.095;;
966771;unknown;control;2022-07-30 16:45:00+00:00;0.096;;
966771;unknown;control;2022-07-30 17:00:00+00:00;0.087;;
966771;unknown;control;2022-07-30 17:15:00+00:00;0.098;;
966771;unknown;control;2022-07-30 17:30:00+00:00;0.092;;
966771;unknown;control;2022-07-30 17:45:00+00:00;0.085;;
966771;unknown;control;2022-07-30 18:00:00+00:00;0.1;;
966771;unknown;control;2022-07-30 18:15:00+00:00;0.103;;
966771;unknown;control;2022-07-30 18:30:00+00:00;0.098;;
966771;unknown;control;2022-07-30 18:45:00+00:00;0.1;;
966771;unknown;control;2022-07-30 19:00:00+00:00;0.1;;
966771;unknown;control;2022-07-30 19:15:00+00:00;0.1;;
966771;unknown;control;2022-07-30 19:30:00+00:00;0.115;;
966771;unknown;control;2022-07-30 19:45:00+00:00;0.107;;
966771;unknown;control;2022-07-30 20:00:00+00:00;0.106;;
966771;unknown;control;2022-07-30 20:15:00+00:00;0.115;;
966771;unknown;control;2022-07-30 20:30:00+00:00;0.102;;
966771;unknown;control;2022-07-30 20:45:00+00:00;0.087;;
966771;unknown;control;2022-07-30 21:00:00+00:00;0.095;;
966771;unknown;control;2022-07-30 21:15:00+00:00;0.102;;
966771;unknown;control;2022-07-30 21:30:00+00:00;0.097;;
966771;unknown;control;2022-07-30 21:45:00+00:00;0.105;;
966771;unknown;control;2022-07-30 22:00:00+00:00;0.096;;
966771;unknown;control;2022-07-30 22:15:00+00:00;0.091;;
966771;unknown;control;2022-07-30 22:30:00+00:00;0.105;;
966771;unknown;control;2022-07-30 22:45:00+00:00;0.102;;
966771;unknown;control;2022-07-30 23:00:00+00:00;0.095;;
966771;unknown;control;2022-07-30 23:15:00+00:00;0.1;;
966771;unknown;control;2022-07-30 23:30:00+00:00;1.353;;
966771;unknown;control;2022-07-30 23:45:00+00:00;1.313;;
966771;unknown;control;2022-07-31 00:00:00+00:00;1.321;;
966771;unknown;control;2022-07-31 00:15:00+00:00;1.327;;
966771;unknown;control;2022-07-31 00:30:00+00:00;1.354;;
966771;unknown;control;2022-07-31 00:45:00+00:00;0.644;;
966771;unknown;control;2022-07-31 01:00:00+00:00;0.104;;
966771;unknown;control;2022-07-31 01:15:00+00:00;0.092;;
966771;unknown;control;2022-07-31 01:30:00+00:00;0.097;;
966771;unknown;control;2022-07-31 01:45:00+00:00;0.092;;
966771;unknown;control;2022-07-31 02:00:00+00:00;0.089;;
966771;unknown;control;2022-07-31 02:15:00+00:00;0.098;;
966771;unknown;control;2022-07-31 02:30:00+00:00;0.1;;
966771;unknown;control;2022-07-31 02:45:00+00:00;0.096;;
966771;unknown;control;2022-07-31 03:00:00+00:00;0.101;;
966771;unknown;control;2022-07-31 03:15:00+00:00;0.091;;
966771;unknown;control;2022-07-31 03:30:00+00:00;0.088;;
966771;unknown;control;2022-07-31 03:45:00+00:00;0.101;;
966771;unknown;control;2022-07-31 04:00:00+00:00;0.101;;
966771;unknown;control;2022-07-31 04:15:00+00:00;0.095;;
966771;unknown;control;2022-07-31 04:30:00+00:00;0.098;;
966771;unknown;control;2022-07-31 04:45:00+00:00;0.116;;
966771;unknown;control;2022-07-31 05:00:00+00:00;0.154;;
966771;unknown;control;2022-07-31 05:15:00+00:00;0.119;;
966771;unknown;control;2022-07-31 05:30:00+00:00;0.118;;
966771;unknown;control;2022-07-31 05:45:00+00:00;0.117;;
966771;unknown;control;2022-07-31 06:00:00+00:00;0.111;;
966771;unknown;control;2022-07-31 06:15:00+00:00;0.102;;
966771;unknown;control;2022-07-31 06:30:00+00:00;0.099;;
966771;unknown;control;2022-07-31 06:45:00+00:00;0.101;;
966771;unknown;control;2022-07-31 07:00:00+00:00;0.098;;
966771;unknown;control;2022-07-31 07:15:00+00:00;0.088;;
966771;unknown;control;2022-07-31 07:30:00+00:00;0.098;;
966771;unknown;control;2022-07-31 07:45:00+00:00;0.104;;
966771;unknown;control;2022-07-31 08:00:00+00:00;0.096;;
966771;unknown;control;2022-07-31 08:15:00+00:00;0.099;;
966771;unknown;control;2022-07-31 08:30:00+00:00;0.091;;
966771;unknown;control;2022-07-31 08:45:00+00:00;0.092;;
966771;unknown;control;2022-07-31 09:00:00+00:00;0.1;;
966771;unknown;control;2022-07-31 09:15:00+00:00;0.097;;
966771;unknown;control;2022-07-31 09:30:00+00:00;0.091;;
966771;unknown;control;2022-07-31 09:45:00+00:00;0.103;;
966771;unknown;control;2022-07-31 10:00:00+00:00;0.1;;
966771;unknown;control;2022-07-31 10:15:00+00:00;0.094;;
966771;unknown;control;2022-07-31 10:30:00+00:00;0.103;;
966771;unknown;control;2022-07-31 10:45:00+00:00;0.094;;
966771;unknown;control;2022-07-31 11:00:00+00:00;0.097;;
966771;unknown;control;2022-07-31 11:15:00+00:00;0.104;;
966771;unknown;control;2022-07-31 11:30:00+00:00;0.098;;
966771;unknown;control;2022-07-31 11:45:00+00:00;0.097;;
966771;unknown;control;2022-07-31 12:00:00+00:00;0.099;;
966771;unknown;control;2022-07-31 12:15:00+00:00;0.096;;
966771;unknown;control;2022-07-31 12:30:00+00:00;0.098;;
966771;unknown;control;2022-07-31 12:45:00+00:00;0.1;;
966771;unknown;control;2022-07-31 13:00:00+00:00;0.091;;
966771;unknown;control;2022-07-31 13:15:00+00:00;0.092;;
966771;unknown;control;2022-07-31 13:30:00+00:00;0.098;;
966771;unknown;control;2022-07-31 13:45:00+00:00;0.092;;
966771;unknown;control;2022-07-31 14:00:00+00:00;0.097;;
966771;unknown;control;2022-07-31 14:15:00+00:00;0.097;;
966771;unknown;control;2022-07-31 14:30:00+00:00;0.086;;
966771;unknown;control;2022-07-31 14:45:00+00:00;0.105;;
966771;unknown;control;2022-07-31 15:00:00+00:00;0.102;;
966771;unknown;control;2022-07-31 15:15:00+00:00;0.091;;
966771;unknown;control;2022-07-31 15:30:00+00:00;0.103;;
966771;unknown;control;2022-07-31 15:45:00+00:00;0.107;;
966771;unknown;control;2022-07-31 16:00:00+00:00;0.098;;
966771;unknown;control;2022-07-31 16:15:00+00:00;0.112;;
966771;unknown;control;2022-07-31 16:30:00+00:00;0.111;;
966771;unknown;control;2022-07-31 16:45:00+00:00;0.098;;
966771;unknown;control;2022-07-31 17:00:00+00:00;0.187;;
966771;unknown;control;2022-07-31 17:15:00+00:00;0.614;;
966771;unknown;control;2022-07-31 17:30:00+00:00;0.21;;
966771;unknown;control;2022-07-31 17:45:00+00:00;0.106;;
966771;unknown;control;2022-07-31 18:00:00+00:00;0.109;;
966771;unknown;control;2022-07-31 18:15:00+00:00;0.127;;
966771;unknown;control;2022-07-31 18:30:00+00:00;0.131;;
966771;unknown;control;2022-07-31 18:45:00+00:00;0.131;;
966771;unknown;control;2022-07-31 19:00:00+00:00;0.136;;
966771;unknown;control;2022-07-31 19:15:00+00:00;0.146;;
966771;unknown;control;2022-07-31 19:30:00+00:00;0.144;;
966771;unknown;control;2022-07-31 19:45:00+00:00;0.148;;
966771;unknown;control;2022-07-31 20:00:00+00:00;0.146;;
966771;unknown;control;2022-07-31 20:15:00+00:00;0.147;;
966771;unknown;control;2022-07-31 20:30:00+00:00;0.147;;
966771;unknown;control;2022-07-31 20:45:00+00:00;0.131;;
966771;unknown;control;2022-07-31 21:00:00+00:00;0.114;;
966771;unknown;control;2022-07-31 21:15:00+00:00;0.108;;
966771;unknown;control;2022-07-31 21:30:00+00:00;0.102;;
966771;unknown;control;2022-07-31 21:45:00+00:00;0.114;;
966771;unknown;control;2022-07-31 22:00:00+00:00;0.108;;
966771;unknown;control;2022-07-31 22:15:00+00:00;0.118;;
966771;unknown;control;2022-07-31 22:30:00+00:00;0.109;;
966771;unknown;control;2022-07-31 22:45:00+00:00;0.101;;
966771;unknown;control;2022-07-31 23:00:00+00:00;0.102;;
966771;unknown;control;2022-07-31 23:15:00+00:00;0.107;;
966771;unknown;control;2022-07-31 23:30:00+00:00;1.336;;
966771;unknown;control;2022-07-31 23:45:00+00:00;1.305;;
966771;unknown;control;2022-08-01 00:00:00+00:00;1.321;;
966771;unknown;control;2022-08-01 00:15:00+00:00;1.323;;
966771;unknown;control;2022-08-01 00:30:00+00:00;1.33;;
966771;unknown;control;2022-08-01 00:45:00+00:00;0.151;;
966771;unknown;control;2022-08-01 01:00:00+00:00;0.095;;
966771;unknown;control;2022-08-01 01:15:00+00:00;0.104;;
966771;unknown;control;2022-08-01 01:30:00+00:00;0.106;;
966771;unknown;control;2022-08-01 01:45:00+00:00;0.098;;
966771;unknown;control;2022-08-01 02:00:00+00:00;0.097;;
966771;unknown;control;2022-08-01 02:15:00+00:00;0.1;;
966771;unknown;control;2022-08-01 02:30:00+00:00;0.09;;
966771;unknown;control;2022-08-01 02:45:00+00:00;0.093;;
966771;unknown;control;2022-08-01 03:00:00+00:00;0.097;;
966771;unknown;control;2022-08-01 03:15:00+00:00;0.089;;
966771;unknown;control;2022-08-01 03:30:00+00:00;0.099;;
966771;unknown;control;2022-08-01 03:45:00+00:00;0.101;;
966771;unknown;control;2022-08-01 04:00:00+00:00;0.094;;
966771;unknown;control;2022-08-01 04:15:00+00:00;0.103;;
966771;unknown;control;2022-08-01 04:30:00+00:00;0.095;;
966771;unknown;control;2022-08-01 04:45:00+00:00;0.085;;
966771;unknown;control;2022-08-01 05:00:00+00:00;0.102;;
966771;unknown;control;2022-08-01 05:15:00+00:00;0.103;;
966771;unknown;control;2022-08-01 05:30:00+00:00;0.09;;
966771;unknown;control;2022-08-01 05:45:00+00:00;0.096;;
966771;unknown;control;2022-08-01 06:00:00+00:00;0.095;;
966771;unknown;control;2022-08-01 06:15:00+00:00;0.094;;
966771;unknown;control;2022-08-01 06:30:00+00:00;0.101;;
966771;unknown;control;2022-08-01 06:45:00+00:00;0.093;;
966771;unknown;control;2022-08-01 07:00:00+00:00;0.087;;
966771;unknown;control;2022-08-01 07:15:00+00:00;0.106;;
966771;unknown;control;2022-08-01 07:30:00+00:00;0.102;;
966771;unknown;control;2022-08-01 07:45:00+00:00;0.499;;
966771;unknown;control;2022-08-01 08:00:00+00:00;0.189;;
966771;unknown;control;2022-08-01 08:15:00+00:00;0.109;;
966771;unknown;control;2022-08-01 08:30:00+00:00;0.098;;
966771;unknown;control;2022-08-01 08:45:00+00:00;0.108;;
966771;unknown;control;2022-08-01 09:00:00+00:00;0.107;;
966771;unknown;control;2022-08-01 09:15:00+00:00;0.105;;
966771;unknown;control;2022-08-01 09:30:00+00:00;0.107;;
966771;unknown;control;2022-08-01 09:45:00+00:00;0.105;;
966771;unknown;control;2022-08-01 10:00:00+00:00;0.098;;
966771;unknown;control;2022-08-01 10:15:00+00:00;0.107;;
966771;unknown;control;2022-08-01 10:30:00+00:00;0.112;;
966771;unknown;control;2022-08-01 10:45:00+00:00;0.096;;
966771;unknown;control;2022-08-01 11:00:00+00:00;0.103;;
966771;unknown;control;2022-08-01 11:15:00+00:00;0.102;;
966771;unknown;control;2022-08-01 11:30:00+00:00;0.101;;
966771;unknown;control;2022-08-01 11:45:00+00:00;0.12;;
966771;unknown;control;2022-08-01 12:00:00+00:00;0.15;;
966771;unknown;control;2022-08-01 12:15:00+00:00;0.123;;
966771;unknown;control;2022-08-01 12:30:00+00:00;0.155;;
966771;unknown;control;2022-08-01 12:45:00+00:00;0.113;;
966771;unknown;control;2022-08-01 13:00:00+00:00;0.111;;
966771;unknown;control;2022-08-01 13:15:00+00:00;0.106;;
966771;unknown;control;2022-08-01 13:30:00+00:00;0.105;;
966771;unknown;control;2022-08-01 13:45:00+00:00;0.1;;
966771;unknown;control;2022-08-01 14:00:00+00:00;0.094;;
966771;unknown;control;2022-08-01 14:15:00+00:00;0.105;;
966771;unknown;control;2022-08-01 14:30:00+00:00;0.099;;
966771;unknown;control;2022-08-01 14:45:00+00:00;0.193;;
966771;unknown;control;2022-08-01 15:00:00+00:00;0.364;;
966771;unknown;control;2022-08-01 15:15:00+00:00;0.092;;
966771;unknown;control;2022-08-01 15:30:00+00:00;0.088;;
966771;unknown;control;2022-08-01 15:45:00+00:00;0.112;;
966771;unknown;control;2022-08-01 16:00:00+00:00;0.099;;
966771;unknown;control;2022-08-01 16:15:00+00:00;0.083;;
966771;unknown;control;2022-08-01 16:30:00+00:00;0.096;;
966771;unknown;control;2022-08-01 16:45:00+00:00;0.102;;
966771;unknown;control;2022-08-01 17:00:00+00:00;0.092;;
966771;unknown;control;2022-08-01 17:15:00+00:00;0.095;;
966771;unknown;control;2022-08-01 17:30:00+00:00;0.101;;
966771;unknown;control;2022-08-01 17:45:00+00:00;0.091;;
966771;unknown;control;2022-08-01 18:00:00+00:00;0.098;;
966771;unknown;control;2022-08-01 18:15:00+00:00;0.096;;
966771;unknown;control;2022-08-01 18:30:00+00:00;0.086;;
966771;unknown;control;2022-08-01 18:45:00+00:00;0.099;;
966771;unknown;control;2022-08-01 19:00:00+00:00;0.101;;
966771;unknown;control;2022-08-01 19:15:00+00:00;0.093;;
966771;unknown;control;2022-08-01 19:30:00+00:00;0.107;;
966771;unknown;control;2022-08-01 19:45:00+00:00;0.159;;
966771;unknown;control;2022-08-01 20:00:00+00:00;0.173;;
966771;unknown;control;2022-08-01 20:15:00+00:00;0.132;;
966771;unknown;control;2022-08-01 20:30:00+00:00;0.116;;
966771;unknown;control;2022-08-01 20:45:00+00:00;0.105;;
966771;unknown;control;2022-08-01 21:00:00+00:00;0.108;;
966771;unknown;control;2022-08-01 21:15:00+00:00;0.098;;
966771;unknown;control;2022-08-01 21:30:00+00:00;0.09;;
966771;unknown;control;2022-08-01 21:45:00+00:00;0.104;;
966771;unknown;control;2022-08-01 22:00:00+00:00;0.1;;
966771;unknown;control;2022-08-01 22:15:00+00:00;0.089;;
966771;unknown;control;2022-08-01 22:30:00+00:00;0.098;;
966771;unknown;control;2022-08-01 22:45:00+00:00;0.1;;
966771;unknown;control;2022-08-01 23:00:00+00:00;0.092;;
966771;unknown;control;2022-08-01 23:15:00+00:00;0.094;;
966771;unknown;control;2022-08-01 23:30:00+00:00;1.36;;
966771;unknown;control;2022-08-01 23:45:00+00:00;1.311;;
966771;unknown;control;2022-08-02 00:00:00+00:00;1.327;;
966771;unknown;control;2022-08-02 00:15:00+00:00;0.747;;
966771;unknown;control;2022-08-02 00:30:00+00:00;0.087;;
966771;unknown;control;2022-08-02 00:45:00+00:00;0.101;;
966771;unknown;control;2022-08-02 01:00:00+00:00;0.095;;
966771;unknown;control;2022-08-02 01:15:00+00:00;0.093;;
966771;unknown;control;2022-08-02 01:30:00+00:00;0.099;;
966771;unknown;control;2022-08-02 01:45:00+00:00;0.095;;
966771;unknown;control;2022-08-02 02:00:00+00:00;0.092;;
966771;unknown;control;2022-08-02 02:15:00+00:00;0.101;;
966771;unknown;control;2022-08-02 02:30:00+00:00;0.088;;
966771;unknown;control;2022-08-02 02:45:00+00:00;0.089;;
966771;unknown;control;2022-08-02 03:00:00+00:00;0.104;;
966771;unknown;control;2022-08-02 03:15:00+00:00;0.088;;
966771;unknown;control;2022-08-02 03:30:00+00:00;0.085;;
966771;unknown;control;2022-08-02 03:45:00+00:00;0.092;;
966771;unknown;control;2022-08-02 04:00:00+00:00;0.086;;
966771;unknown;control;2022-08-02 04:15:00+00:00;0.085;;
966771;unknown;control;2022-08-02 04:30:00+00:00;0.092;;
966771;unknown;control;2022-08-02 04:45:00+00:00;0.087;;
966771;unknown;control;2022-08-02 05:00:00+00:00;0.097;;
966771;unknown;control;2022-08-02 05:15:00+00:00;0.102;;
966771;unknown;control;2022-08-02 05:30:00+00:00;0.092;;
966771;unknown;control;2022-08-02 05:45:00+00:00;0.099;;
966771;unknown;control;2022-08-02 06:00:00+00:00;0.098;;
966771;unknown;control;2022-08-02 06:15:00+00:00;0.119;;
966771;unknown;control;2022-08-02 06:30:00+00:00;0.598;;
966771;unknown;control;2022-08-02 06:45:00+00:00;0.114;;
966771;unknown;control;2022-08-02 07:00:00+00:00;0.104;;
966771;unknown;control;2022-08-02 07:15:00+00:00;0.33;;
966771;unknown;control;2022-08-02 07:30:00+00:00;0.207;;
966771;unknown;control;2022-08-02 07:45:00+00:00;0.094;;
966771;unknown;control;2022-08-02 08:00:00+00:00;0.095;;
966771;unknown;control;2022-08-02 08:15:00+00:00;0.105;;
966771;unknown;control;2022-08-02 08:30:00+00:00;0.093;;
966771;unknown;control;2022-08-02 08:45:00+00:00;0.093;;
966771;unknown;control;2022-08-02 09:00:00+00:00;0.097;;
966771;unknown;control;2022-08-02 09:15:00+00:00;0.084;;
966771;unknown;control;2022-08-02 09:30:00+00:00;0.098;;
966771;unknown;control;2022-08-02 09:45:00+00:00;0.102;;
966771;unknown;control;2022-08-02 10:00:00+00:00;0.088;;
966771;unknown;control;2022-08-02 10:15:00+00:00;0.136;;
966771;unknown;control;2022-08-02 10:30:00+00:00;0.113;;
966771;unknown;control;2022-08-02 10:45:00+00:00;0.136;;
966771;unknown;control;2022-08-02 11:00:00+00:00;0.097;;
966771;unknown;control;2022-08-02 11:15:00+00:00;0.104;;
966771;unknown;control;2022-08-02 11:30:00+00:00;0.247;;
966771;unknown;control;2022-08-02 11:45:00+00:00;0.408;;
966771;unknown;control;2022-08-02 12:00:00+00:00;0.284;;
966771;unknown;control;2022-08-02 12:15:00+00:00;0.202;;
966771;unknown;control;2022-08-02 12:30:00+00:00;0.319;;
966771;unknown;control;2022-08-02 12:45:00+00:00;0.371;;
966771;unknown;control;2022-08-02 13:00:00+00:00;0.25;;
966771;unknown;control;2022-08-02 13:15:00+00:00;0.123;;
966771;unknown;control;2022-08-02 13:30:00+00:00;0.102;;
966771;unknown;control;2022-08-02 13:45:00+00:00;0.088;;
966771;unknown;control;2022-08-02 14:00:00+00:00;0.121;;
966771;unknown;control;2022-08-02 14:15:00+00:00;0.121;;
966771;unknown;control;2022-08-02 14:30:00+00:00;0.136;;
966771;unknown;control;2022-08-02 14:45:00+00:00;0.286;;
966771;unknown;control;2022-08-02 15:00:00+00:00;0.297;;
966771;unknown;control;2022-08-02 15:15:00+00:00;0.135;;
966771;unknown;control;2022-08-02 15:30:00+00:00;0.146;;
966771;unknown;control;2022-08-02 15:45:00+00:00;0.162;;
966771;unknown;control;2022-08-02 16:00:00+00:00;0.975;;
966771;unknown;control;2022-08-02 16:15:00+00:00;0.756;;
966771;unknown;control;2022-08-02 16:30:00+00:00;0.178;;
966771;unknown;control;2022-08-02 16:45:00+00:00;0.144;;
966771;unknown;control;2022-08-02 17:00:00+00:00;0.149;;
966771;unknown;control;2022-08-02 17:15:00+00:00;0.115;;
966771;unknown;control;2022-08-02 17:30:00+00:00;0.243;;
966771;unknown;control;2022-08-02 17:45:00+00:00;0.313;;
966771;unknown;control;2022-08-02 18:00:00+00:00;0.334;;
966771;unknown;control;2022-08-02 18:15:00+00:00;0.323;;
966771;unknown;control;2022-08-02 18:30:00+00:00;0.318;;
966771;unknown;control;2022-08-02 18:45:00+00:00;0.319;;
966771;unknown;control;2022-08-02 19:00:00+00:00;0.207;;
966771;unknown;control;2022-08-02 19:15:00+00:00;0.138;;
966771;unknown;control;2022-08-02 19:30:00+00:00;0.154;;
966771;unknown;control;2022-08-02 19:45:00+00:00;0.156;;
966771;unknown;control;2022-08-02 20:00:00+00:00;0.146;;
966771;unknown;control;2022-08-02 20:15:00+00:00;0.128;;
966771;unknown;control;2022-08-02 20:30:00+00:00;0.102;;
966771;unknown;control;2022-08-02 20:45:00+00:00;0.099;;
966771;unknown;control;2022-08-02 21:00:00+00:00;0.105;;
966771;unknown;control;2022-08-02 21:15:00+00:00;0.1;;
966771;unknown;control;2022-08-02 21:30:00+00:00;0.104;;
966771;unknown;control;2022-08-02 21:45:00+00:00;0.107;;
966771;unknown;control;2022-08-02 22:00:00+00:00;0.098;;
966771;unknown;control;2022-08-02 22:15:00+00:00;0.105;;
966771;unknown;control;2022-08-02 22:30:00+00:00;0.108;;
966771;unknown;control;2022-08-02 22:45:00+00:00;0.098;;
966771;unknown;control;2022-08-02 23:00:00+00:00;0.106;;
966771;unknown;control;2022-08-02 23:15:00+00:00;0.108;;
966771;unknown;control;2022-08-02 23:30:00+00:00;1.336;;
966771;unknown;control;2022-08-02 23:45:00+00:00;1.309;;
966771;unknown;control;2022-08-03 00:00:00+00:00;1.113;;
966771;unknown;control;2022-08-03 00:15:00+00:00;0.098;;
966771;unknown;control;2022-08-03 00:30:00+00:00;0.096;;
966771;unknown;control;2022-08-03 00:45:00+00:00;0.102;;
966771;unknown;control;2022-08-03 01:00:00+00:00;0.099;;
966771;unknown;control;2022-08-03 01:15:00+00:00;0.099;;
966771;unknown;control;2022-08-03 01:30:00+00:00;0.106;;
966771;unknown;control;2022-08-03 01:45:00+00:00;0.102;;
966771;unknown;control;2022-08-03 02:00:00+00:00;0.101;;
966771;unknown;control;2022-08-03 02:15:00+00:00;0.106;;
966771;unknown;control;2022-08-03 02:30:00+00:00;0.108;;
966771;unknown;control;2022-08-03 02:45:00+00:00;0.111;;
966771;unknown;control;2022-08-03 03:00:00+00:00;0.113;;
966771;unknown;control;2022-08-03 03:15:00+00:00;0.104;;
966771;unknown;control;2022-08-03 03:30:00+00:00;0.398;;
966771;unknown;control;2022-08-03 03:45:00+00:00;0.136;;
966771;unknown;control;2022-08-03 04:00:00+00:00;0.156;;
966771;unknown;control;2022-08-03 04:15:00+00:00;0.178;;
966771;unknown;control;2022-08-03 04:30:00+00:00;0.528;;
966771;unknown;control;2022-08-03 04:45:00+00:00;0.265;;
966771;unknown;control;2022-08-03 05:00:00+00:00;0.164;;
966771;unknown;control;2022-08-03 05:15:00+00:00;0.159;;
966771;unknown;control;2022-08-03 05:30:00+00:00;0.153;;
966771;unknown;control;2022-08-03 05:45:00+00:00;0.536;;
966771;unknown;control;2022-08-03 06:00:00+00:00;0.153;;
966771;unknown;control;2022-08-03 06:15:00+00:00;0.133;;
966771;unknown;control;2022-08-03 06:30:00+00:00;0.164;;
966771;unknown;control;2022-08-03 06:45:00+00:00;0.184;;
966771;unknown;control;2022-08-03 07:00:00+00:00;0.461;;
966771;unknown;control;2022-08-03 07:15:00+00:00;0.136;;
966771;unknown;control;2022-08-03 07:30:00+00:00;0.157;;
966771;unknown;control;2022-08-03 07:45:00+00:00;0.095;;
966771;unknown;control;2022-08-03 08:00:00+00:00;0.112;;
966771;unknown;control;2022-08-03 08:15:00+00:00;0.101;;
966771;unknown;control;2022-08-03 08:30:00+00:00;0.091;;
966771;unknown;control;2022-08-03 08:45:00+00:00;0.101;;
966771;unknown;control;2022-08-03 09:00:00+00:00;0.097;;
966771;unknown;control;2022-08-03 09:15:00+00:00;0.095;;
966771;unknown;control;2022-08-03 09:30:00+00:00;0.225;;
966771;unknown;control;2022-08-03 09:45:00+00:00;0.53;;
966771;unknown;control;2022-08-03 10:00:00+00:00;0.099;;
966771;unknown;control;2022-08-03 10:15:00+00:00;0.105;;
966771;unknown;control;2022-08-03 10:30:00+00:00;0.101;;
966771;unknown;control;2022-08-03 10:45:00+00:00;0.111;;
966771;unknown;control;2022-08-03 11:00:00+00:00;0.124;;
966771;unknown;control;2022-08-03 11:15:00+00:00;0.127;;
966771;unknown;control;2022-08-03 11:30:00+00:00;0.118;;
966771;unknown;control;2022-08-03 11:45:00+00:00;0.128;;
966771;unknown;control;2022-08-03 12:00:00+00:00;0.119;;
966771;unknown;control;2022-08-03 12:15:00+00:00;0.129;;
966771;unknown;control;2022-08-03 12:30:00+00:00;0.132;;
966771;unknown;control;2022-08-03 12:45:00+00:00;0.125;;
966771;unknown;control;2022-08-03 13:00:00+00:00;0.108;;
966771;unknown;control;2022-08-03 13:15:00+00:00;0.112;;
966771;unknown;control;2022-08-03 13:30:00+00:00;0.131;;
966771;unknown;control;2022-08-03 13:45:00+00:00;0.121;;
966771;unknown;control;2022-08-03 14:00:00+00:00;0.418;;
966771;unknown;control;2022-08-03 14:15:00+00:00;0.226;;
966771;unknown;control;2022-08-03 14:30:00+00:00;0.17;;
966771;unknown;control;2022-08-03 14:45:00+00:00;0.113;;
966771;unknown;control;2022-08-03 15:00:00+00:00;0.189;;
966771;unknown;control;2022-08-03 15:15:00+00:00;0.52;;
966771;unknown;control;2022-08-03 15:30:00+00:00;0.321;;
966771;unknown;control;2022-08-03 15:45:00+00:00;0.296;;
966771;unknown;control;2022-08-03 16:00:00+00:00;0.281;;
966771;unknown;control;2022-08-03 16:15:00+00:00;0.158;;
966771;unknown;control;2022-08-03 16:30:00+00:00;0.137;;
966771;unknown;control;2022-08-03 16:45:00+00:00;0.142;;
966771;unknown;control;2022-08-03 17:00:00+00:00;0.134;;
966771;unknown;control;2022-08-03 17:15:00+00:00;0.162;;
966771;unknown;control;2022-08-03 17:30:00+00:00;0.139;;
966771;unknown;control;2022-08-03 17:45:00+00:00;0.155;;
966771;unknown;control;2022-08-03 18:00:00+00:00;0.133;;
966771;unknown;control;2022-08-03 18:15:00+00:00;0.391;;
966771;unknown;control;2022-08-03 18:30:00+00:00;0.272;;
966771;unknown;control;2022-08-03 18:45:00+00:00;0.756;;
966771;unknown;control;2022-08-03 19:00:00+00:00;0.325;;
966771;unknown;control;2022-08-03 19:15:00+00:00;0.251;;
966771;unknown;control;2022-08-03 19:30:00+00:00;0.427;;
966771;unknown;control;2022-08-03 19:45:00+00:00;0.221;;
966771;unknown;control;2022-08-03 20:00:00+00:00;0.155;;
966771;unknown;control;2022-08-03 20:15:00+00:00;0.161;;
966771;unknown;control;2022-08-03 20:30:00+00:00;0.135;;
966771;unknown;control;2022-08-03 20:45:00+00:00;0.132;;
966771;unknown;control;2022-08-03 21:00:00+00:00;0.1;;
966771;unknown;control;2022-08-03 21:15:00+00:00;0.102;;
966771;unknown;control;2022-08-03 21:30:00+00:00;0.107;;
966771;unknown;control;2022-08-03 21:45:00+00:00;0.102;;
966771;unknown;control;2022-08-03 22:00:00+00:00;0.098;;
966771;unknown;control;2022-08-03 22:15:00+00:00;0.101;;
966771;unknown;control;2022-08-03 22:30:00+00:00;0.1;;
966771;unknown;control;2022-08-03 22:45:00+00:00;0.098;;
966771;unknown;control;2022-08-03 23:00:00+00:00;0.106;;
966771;unknown;control;2022-08-03 23:15:00+00:00;0.104;;
966771;unknown;control;2022-08-03 23:30:00+00:00;1.348;;
966771;unknown;control;2022-08-03 23:45:00+00:00;1.323;;
966771;unknown;control;2022-08-04 00:00:00+00:00;1.325;;
966771;unknown;control;2022-08-04 00:15:00+00:00;0.495;;
966771;unknown;control;2022-08-04 00:30:00+00:00;0.1;;
966771;unknown;control;2022-08-04 00:45:00+00:00;0.1;;
966771;unknown;control;2022-08-04 01:00:00+00:00;0.099;;
966771;unknown;control;2022-08-04 01:15:00+00:00;0.102;;
966771;unknown;control;2022-08-04 01:30:00+00:00;0.103;;
966771;unknown;control;2022-08-04 01:45:00+00:00;0.09;;
966771;unknown;control;2022-08-04 02:00:00+00:00;0.098;;
966771;unknown;control;2022-08-04 02:15:00+00:00;0.107;;
966771;unknown;control;2022-08-04 02:30:00+00:00;0.096;;
966771;unknown;control;2022-08-04 02:45:00+00:00;0.094;;
966771;unknown;control;2022-08-04 03:00:00+00:00;0.1;;
966771;unknown;control;2022-08-04 03:15:00+00:00;0.101;;
966771;unknown;control;2022-08-04 03:30:00+00:00;0.094;;
966771;unknown;control;2022-08-04 03:45:00+00:00;0.113;;
966771;unknown;control;2022-08-04 04:00:00+00:00;0.1;;
966771;unknown;control;2022-08-04 04:15:00+00:00;0.105;;
966771;unknown;control;2022-08-04 04:30:00+00:00;0.121;;
966771;unknown;control;2022-08-04 04:45:00+00:00;0.123;;
966771;unknown;control;2022-08-04 05:00:00+00:00;0.102;;
966771;unknown;control;2022-08-04 05:15:00+00:00;0.106;;
966771;unknown;control;2022-08-04 05:30:00+00:00;0.1;;
966771;unknown;control;2022-08-04 05:45:00+00:00;0.093;;
966771;unknown;control;2022-08-04 06:00:00+00:00;0.101;;
966771;unknown;control;2022-08-04 06:15:00+00:00;0.1;;
966771;unknown;control;2022-08-04 06:30:00+00:00;0.106;;
966771;unknown;control;2022-08-04 06:45:00+00:00;0.114;;
966771;unknown;control;2022-08-04 07:00:00+00:00;0.12;;
966771;unknown;control;2022-08-04 07:15:00+00:00;0.106;;
966771;unknown;control;2022-08-04 07:30:00+00:00;0.106;;
966771;unknown;control;2022-08-04 07:45:00+00:00;0.097;;
966771;unknown;control;2022-08-04 08:00:00+00:00;0.095;;
966771;unknown;control;2022-08-04 08:15:00+00:00;0.099;;
966771;unknown;control;2022-08-04 08:30:00+00:00;0.097;;
966771;unknown;control;2022-08-04 08:45:00+00:00;0.089;;
966771;unknown;control;2022-08-04 09:00:00+00:00;0.098;;
966771;unknown;control;2022-08-04 09:15:00+00:00;0.113;;
966771;unknown;control;2022-08-04 09:30:00+00:00;0.295;;
966771;unknown;control;2022-08-04 09:45:00+00:00;0.252;;
966771;unknown;control;2022-08-04 10:00:00+00:00;0.241;;
966771;unknown;control;2022-08-04 10:15:00+00:00;0.107;;
966771;unknown;control;2022-08-04 10:30:00+00:00;0.116;;
966771;unknown;control;2022-08-04 10:45:00+00:00;0.107;;
966771;unknown;control;2022-08-04 11:00:00+00:00;0.103;;
966771;unknown;control;2022-08-04 11:15:00+00:00;0.108;;
966771;unknown;control;2022-08-04 11:30:00+00:00;0.106;;
966771;unknown;control;2022-08-04 11:45:00+00:00;0.357;;
966771;unknown;control;2022-08-04 12:00:00+00:00;0.295;;
966771;unknown;control;2022-08-04 12:15:00+00:00;0.272;;
966771;unknown;control;2022-08-04 12:30:00+00:00;0.274;;
966771;unknown;control;2022-08-04 12:45:00+00:00;0.204;;
966771;unknown;control;2022-08-04 13:00:00+00:00;0.289;;
966771;unknown;control;2022-08-04 13:15:00+00:00;0.272;;
966771;unknown;control;2022-08-04 13:30:00+00:00;0.098;;
966771;unknown;control;2022-08-04 13:45:00+00:00;0.13;;
966771;unknown;control;2022-08-04 14:00:00+00:00;0.12;;
966771;unknown;control;2022-08-04 14:15:00+00:00;0.131;;
966771;unknown;control;2022-08-04 14:30:00+00:00;0.137;;
966771;unknown;control;2022-08-04 14:45:00+00:00;0.125;;
966771;unknown;control;2022-08-04 15:00:00+00:00;0.179;;
966771;unknown;control;2022-08-04 15:15:00+00:00;0.252;;
966771;unknown;control;2022-08-04 15:30:00+00:00;0.592;;
966771;unknown;control;2022-08-04 15:45:00+00:00;0.282;;
966771;unknown;control;2022-08-04 16:00:00+00:00;0.146;;
966771;unknown;control;2022-08-04 16:15:00+00:00;0.146;;
966771;unknown;control;2022-08-04 16:30:00+00:00;0.135;;
966771;unknown;control;2022-08-04 16:45:00+00:00;0.132;;
966771;unknown;control;2022-08-04 17:00:00+00:00;0.148;;
966771;unknown;control;2022-08-04 17:15:00+00:00;0.171;;
966771;unknown;control;2022-08-04 17:30:00+00:00;0.133;;
966771;unknown;control;2022-08-04 17:45:00+00:00;0.142;;
966771;unknown;control;2022-08-04 18:00:00+00:00;0.159;;
966771;unknown;control;2022-08-04 18:15:00+00:00;0.172;;
966771;unknown;control;2022-08-04 18:30:00+00:00;0.153;;
966771;unknown;control;2022-08-04 18:45:00+00:00;0.153;;
966771;unknown;control;2022-08-04 19:00:00+00:00;0.143;;
966771;unknown;control;2022-08-04 19:15:00+00:00;0.151;;
966771;unknown;control;2022-08-04 19:30:00+00:00;0.158;;
966771;unknown;control;2022-08-04 19:45:00+00:00;0.157;;
966771;unknown;control;2022-08-04 20:00:00+00:00;0.108;;
966771;unknown;control;2022-08-04 20:15:00+00:00;0.113;;
966771;unknown;control;2022-08-04 20:30:00+00:00;0.109;;
966771;unknown;control;2022-08-04 20:45:00+00:00;0.108;;
966771;unknown;control;2022-08-04 21:00:00+00:00;0.115;;
966771;unknown;control;2022-08-04 21:15:00+00:00;0.109;;
966771;unknown;control;2022-08-04 21:30:00+00:00;0.1;;
966771;unknown;control;2022-08-04 21:45:00+00:00;0.114;;
966771;unknown;control;2022-08-04 22:00:00+00:00;0.102;;
966771;unknown;control;2022-08-04 22:15:00+00:00;0.101;;
966771;unknown;control;2022-08-04 22:30:00+00:00;0.102;;
966771;unknown;control;2022-08-04 22:45:00+00:00;0.099;;
966771;unknown;control;2022-08-04 23:00:00+00:00;0.099;;
966771;unknown;control;2022-08-04 23:15:00+00:00;0.107;;
966771;unknown;control;2022-08-04 23:30:00+00:00;1.331;;
966771;unknown;control;2022-08-04 23:45:00+00:00;1.29;;
966771;unknown;control;2022-08-05 00:00:00+00:00;1.305;;
966771;unknown;control;2022-08-05 00:15:00+00:00;1.337;;
966771;unknown;control;2022-08-05 00:30:00+00:00;0.647;;
966771;unknown;control;2022-08-05 00:45:00+00:00;0.105;;
966771;unknown;control;2022-08-05 01:00:00+00:00;0.102;;
966771;unknown;control;2022-08-05 01:15:00+00:00;0.114;;
966771;unknown;control;2022-08-05 01:30:00+00:00;0.103;;
966771;unknown;control;2022-08-05 01:45:00+00:00;0.099;;
966771;unknown;control;2022-08-05 02:00:00+00:00;0.104;;
966771;unknown;control;2022-08-05 02:15:00+00:00;0.109;;
966771;unknown;control;2022-08-05 02:30:00+00:00;0.099;;
966771;unknown;control;2022-08-05 02:45:00+00:00;0.098;;
966771;unknown;control;2022-08-05 03:00:00+00:00;0.117;;
966771;unknown;control;2022-08-05 03:15:00+00:00;0.099;;
966771;unknown;control;2022-08-05 03:30:00+00:00;0.097;;
966771;unknown;control;2022-08-05 03:45:00+00:00;0.102;;
966771;unknown;control;2022-08-05 04:00:00+00:00;0.11;;
966771;unknown;control;2022-08-05 04:15:00+00:00;0.126;;
966771;unknown;control;2022-08-05 04:30:00+00:00;0.112;;
966771;unknown;control;2022-08-05 04:45:00+00:00;0.106;;
966771;unknown;control;2022-08-05 05:00:00+00:00;0.121;;
966771;unknown;control;2022-08-05 05:15:00+00:00;0.301;;
966771;unknown;control;2022-08-05 05:30:00+00:00;0.271;;
966771;unknown;control;2022-08-05 05:45:00+00:00;0.131;;
966771;unknown;control;2022-08-05 06:00:00+00:00;0.135;;
966771;unknown;control;2022-08-05 06:15:00+00:00;0.133;;
966771;unknown;control;2022-08-05 06:30:00+00:00;0.095;;
966771;unknown;control;2022-08-05 06:45:00+00:00;0.2;;
966771;unknown;control;2022-08-05 07:00:00+00:00;0.123;;
966771;unknown;control;2022-08-05 07:15:00+00:00;0.106;;
966771;unknown;control;2022-08-05 07:30:00+00:00;0.109;;
966771;unknown;control;2022-08-05 07:45:00+00:00;0.1;;
966771;unknown;control;2022-08-05 08:00:00+00:00;0.106;;
966771;unknown;control;2022-08-05 08:15:00+00:00;0.108;;
966771;unknown;control;2022-08-05 08:30:00+00:00;0.095;;
966771;unknown;control;2022-08-05 08:45:00+00:00;0.097;;
966771;unknown;control;2022-08-05 09:00:00+00:00;0.097;;
966771;unknown;control;2022-08-05 09:15:00+00:00;0.088;;
966771;unknown;control;2022-08-05 09:30:00+00:00;0.099;;
966771;unknown;control;2022-08-05 09:45:00+00:00;0.114;;
966771;unknown;control;2022-08-05 10:00:00+00:00;0.106;;
966771;unknown;control;2022-08-05 10:15:00+00:00;0.131;;
966771;unknown;control;2022-08-05 10:30:00+00:00;0.112;;
966771;unknown;control;2022-08-05 10:45:00+00:00;0.103;;
966771;unknown;control;2022-08-05 11:00:00+00:00;0.111;;
966771;unknown;control;2022-08-05 11:15:00+00:00;0.107;;
966771;unknown;control;2022-08-05 11:30:00+00:00;0.096;;
966771;unknown;control;2022-08-05 11:45:00+00:00;0.109;;
966771;unknown;control;2022-08-05 12:00:00+00:00;0.198;;
966771;unknown;control;2022-08-05 12:15:00+00:00;0.105;;
966771;unknown;control;2022-08-05 12:30:00+00:00;0.106;;
966771;unknown;control;2022-08-05 12:45:00+00:00;0.132;;
966771;unknown;control;2022-08-05 13:00:00+00:00;0.148;;
966771;unknown;control;2022-08-05 13:15:00+00:00;0.15;;
966771;unknown;control;2022-08-05 13:30:00+00:00;0.189;;
966771;unknown;control;2022-08-05 13:45:00+00:00;0.17;;
966771;unknown;control;2022-08-05 14:00:00+00:00;0.148;;
966771;unknown;control;2022-08-05 14:15:00+00:00;0.203;;
966771;unknown;control;2022-08-05 14:30:00+00:00;0.166;;
966771;unknown;control;2022-08-05 14:45:00+00:00;0.345;;
966771;unknown;control;2022-08-05 15:00:00+00:00;0.375;;
966771;unknown;control;2022-08-05 15:15:00+00:00;0.179;;
966771;unknown;control;2022-08-05 15:30:00+00:00;0.303;;
966771;unknown;control;2022-08-05 15:45:00+00:00;0.141;;
966771;unknown;control;2022-08-05 16:00:00+00:00;0.101;;
966771;unknown;control;2022-08-05 16:15:00+00:00;0.105;;
966771;unknown;control;2022-08-05 16:30:00+00:00;0.107;;
966771;unknown;control;2022-08-05 16:45:00+00:00;0.116;;
966771;unknown;control;2022-08-05 17:00:00+00:00;0.145;;
966771;unknown;control;2022-08-05 17:15:00+00:00;0.154;;
966771;unknown;control;2022-08-05 17:30:00+00:00;0.139;;
966771;unknown;control;2022-08-05 17:45:00+00:00;0.143;;
966771;unknown;control;2022-08-05 18:00:00+00:00;0.166;;
966771;unknown;control;2022-08-05 18:15:00+00:00;0.138;;
966771;unknown;control;2022-08-05 18:30:00+00:00;0.136;;
966771;unknown;control;2022-08-05 18:45:00+00:00;0.154;;
966771;unknown;control;2022-08-05 19:00:00+00:00;0.225;;
966771;unknown;control;2022-08-05 19:15:00+00:00;0.256;;
966771;unknown;control;2022-08-05 19:30:00+00:00;0.275;;
966771;unknown;control;2022-08-05 19:45:00+00:00;0.238;;
966771;unknown;control;2022-08-05 20:00:00+00:00;0.223;;
966771;unknown;control;2022-08-05 20:15:00+00:00;0.222;;
966771;unknown;control;2022-08-05 20:30:00+00:00;0.113;;
966771;unknown;control;2022-08-05 20:45:00+00:00;0.107;;
966771;unknown;control;2022-08-05 21:00:00+00:00;0.112;;
966771;unknown;control;2022-08-05 21:15:00+00:00;0.101;;
966771;unknown;control;2022-08-05 21:30:00+00:00;0.104;;
966771;unknown;control;2022-08-05 21:45:00+00:00;0.107;;
966771;unknown;control;2022-08-05 22:00:00+00:00;0.102;;
966771;unknown;control;2022-08-05 22:15:00+00:00;0.1;;
966771;unknown;control;2022-08-05 22:30:00+00:00;0.107;;
966771;unknown;control;2022-08-05 22:45:00+00:00;0.098;;
966771;unknown;control;2022-08-05 23:00:00+00:00;0.099;;
966771;unknown;control;2022-08-05 23:15:00+00:00;0.113;;
966771;unknown;control;2022-08-05 23:30:00+00:00;1.345;;
966771;unknown;control;2022-08-05 23:45:00+00:00;1.299;;
966771;unknown;control;2022-08-06 00:00:00+00:00;1.319;;
966771;unknown;control;2022-08-06 00:15:00+00:00;1.333;;
966771;unknown;control;2022-08-06 00:30:00+00:00;1.349;;
966771;unknown;control;2022-08-06 00:45:00+00:00;1.366;;
966771;unknown;control;2022-08-06 01:00:00+00:00;0.27;;
966771;unknown;control;2022-08-06 01:15:00+00:00;0.098;;
966771;unknown;control;2022-08-06 01:30:00+00:00;0.106;;
966771;unknown;control;2022-08-06 01:45:00+00:00;0.102;;
966771;unknown;control;2022-08-06 02:00:00+00:00;0.099;;
966771;unknown;control;2022-08-06 02:15:00+00:00;0.107;;
966771;unknown;control;2022-08-06 02:30:00+00:00;0.099;;
966771;unknown;control;2022-08-06 02:45:00+00:00;0.1;;
966771;unknown;control;2022-08-06 03:00:00+00:00;0.103;;
966771;unknown;control;2022-08-06 03:15:00+00:00;0.1;;
966771;unknown;control;2022-08-06 03:30:00+00:00;0.095;;
966771;unknown;control;2022-08-06 03:45:00+00:00;0.105;;
966771;unknown;control;2022-08-06 04:00:00+00:00;0.116;;
966771;unknown;control;2022-08-06 04:15:00+00:00;0.099;;
966771;unknown;control;2022-08-06 04:30:00+00:00;0.104;;
966771;unknown;control;2022-08-06 04:45:00+00:00;0.101;;
966771;unknown;control;2022-08-06 05:00:00+00:00;0.093;;
966771;unknown;control;2022-08-06 05:15:00+00:00;0.113;;
966771;unknown;control;2022-08-06 05:30:00+00:00;0.1;;
966771;unknown;control;2022-08-06 05:45:00+00:00;0.091;;
966771;unknown;control;2022-08-06 06:00:00+00:00;0.106;;
966771;unknown;control;2022-08-06 06:15:00+00:00;0.109;;
966771;unknown;control;2022-08-06 06:30:00+00:00;0.133;;
966771;unknown;control;2022-08-06 06:45:00+00:00;0.141;;
966771;unknown;control;2022-08-06 07:00:00+00:00;0.145;;
966771;unknown;control;2022-08-06 07:15:00+00:00;0.13;;
966771;unknown;control;2022-08-06 07:30:00+00:00;0.115;;
966771;unknown;control;2022-08-06 07:45:00+00:00;0.106;;
966771;unknown;control;2022-08-06 08:00:00+00:00;0.215;;
966771;unknown;control;2022-08-06 08:15:00+00:00;0.28;;
966771;unknown;control;2022-08-06 08:30:00+00:00;0.137;;
966771;unknown;control;2022-08-06 08:45:00+00:00;0.15;;
966771;unknown;control;2022-08-06 09:00:00+00:00;0.125;;
966771;unknown;control;2022-08-06 09:15:00+00:00;0.118;;
966771;unknown;control;2022-08-06 09:30:00+00:00;0.116;;
966771;unknown;control;2022-08-06 09:45:00+00:00;0.12;;
966771;unknown;control;2022-08-06 10:00:00+00:00;0.108;;
966771;unknown;control;2022-08-06 10:15:00+00:00;0.123;;
966771;unknown;control;2022-08-06 10:30:00+00:00;0.617;;
966771;unknown;control;2022-08-06 10:45:00+00:00;0.146;;
966771;unknown;control;2022-08-06 11:00:00+00:00;0.114;;
966771;unknown;control;2022-08-06 11:15:00+00:00;0.353;;
966771;unknown;control;2022-08-06 11:30:00+00:00;0.249;;
966771;unknown;control;2022-08-06 11:45:00+00:00;0.164;;
966771;unknown;control;2022-08-06 12:00:00+00:00;0.128;;
966771;unknown;control;2022-08-06 12:15:00+00:00;0.116;;
966771;unknown;control;2022-08-06 12:30:00+00:00;0.153;;
966771;unknown;control;2022-08-06 12:45:00+00:00;0.249;;
966771;unknown;control;2022-08-06 13:00:00+00:00;0.097;;
966771;unknown;control;2022-08-06 13:15:00+00:00;0.101;;
966771;unknown;control;2022-08-06 13:30:00+00:00;0.1;;
966771;unknown;control;2022-08-06 13:45:00+00:00;0.102;;
966771;unknown;control;2022-08-06 14:00:00+00:00;0.105;;
966771;unknown;control;2022-08-06 14:15:00+00:00;0.147;;
966771;unknown;control;2022-08-06 14:30:00+00:00;0.14;;
966771;unknown;control;2022-08-06 14:45:00+00:00;0.132;;
966771;unknown;control;2022-08-06 15:00:00+00:00;0.337;;
966771;unknown;control;2022-08-06 15:15:00+00:00;0.177;;
966771;unknown;control;2022-08-06 15:30:00+00:00;0.289;;
966771;unknown;control;2022-08-06 15:45:00+00:00;0.207;;
966771;unknown;control;2022-08-06 16:00:00+00:00;0.125;;
966771;unknown;control;2022-08-06 16:15:00+00:00;0.46;;
966771;unknown;control;2022-08-06 16:30:00+00:00;0.481;;
966771;unknown;control;2022-08-06 16:45:00+00:00;0.852;;
966771;unknown;control;2022-08-06 17:00:00+00:00;0.135;;
966771;unknown;control;2022-08-06 17:15:00+00:00;0.111;;
966771;unknown;control;2022-08-06 17:30:00+00:00;0.251;;
966771;unknown;control;2022-08-06 17:45:00+00:00;0.238;;
966771;unknown;control;2022-08-06 18:00:00+00:00;0.148;;
966771;unknown;control;2022-08-06 18:15:00+00:00;0.151;;
966771;unknown;control;2022-08-06 18:30:00+00:00;0.133;;
966771;unknown;control;2022-08-06 18:45:00+00:00;0.133;;
966771;unknown;control;2022-08-06 19:00:00+00:00;0.14;;
966771;unknown;control;2022-08-06 19:15:00+00:00;0.145;;
966771;unknown;control;2022-08-06 19:30:00+00:00;0.16;;
966771;unknown;control;2022-08-06 19:45:00+00:00;0.134;;
966771;unknown;control;2022-08-06 20:00:00+00:00;0.181;;
966771;unknown;control;2022-08-06 20:15:00+00:00;0.153;;
966771;unknown;control;2022-08-06 20:30:00+00:00;0.113;;
966771;unknown;control;2022-08-06 20:45:00+00:00;0.118;;
966771;unknown;control;2022-08-06 21:00:00+00:00;0.119;;
966771;unknown;control;2022-08-06 21:15:00+00:00;0.114;;
966771;unknown;control;2022-08-06 21:30:00+00:00;0.11;;
966771;unknown;control;2022-08-06 21:45:00+00:00;0.106;;
966771;unknown;control;2022-08-06 22:00:00+00:00;0.11;;
966771;unknown;control;2022-08-06 22:15:00+00:00;0.11;;
966771;unknown;control;2022-08-06 22:30:00+00:00;0.093;;
966771;unknown;control;2022-08-06 22:45:00+00:00;0.106;;
966771;unknown;control;2022-08-06 23:00:00+00:00;0.101;;
966771;unknown;control;2022-08-06 23:15:00+00:00;0.092;;
966771;unknown;control;2022-08-06 23:30:00+00:00;1.342;;
966771;unknown;control;2022-08-06 23:45:00+00:00;1.306;;
966771;unknown;control;2022-08-07 00:00:00+00:00;1.297;;
966771;unknown;control;2022-08-07 00:15:00+00:00;1.327;;
966771;unknown;control;2022-08-07 00:30:00+00:00;1.333;;
966771;unknown;control;2022-08-07 00:45:00+00:00;1.336;;
966771;unknown;control;2022-08-07 01:00:00+00:00;0.388;;
966771;unknown;control;2022-08-07 01:15:00+00:00;0.102;;
966771;unknown;control;2022-08-07 01:30:00+00:00;0.095;;
966771;unknown;control;2022-08-07 01:45:00+00:00;0.098;;
966771;unknown;control;2022-08-07 02:00:00+00:00;0.097;;
966771;unknown;control;2022-08-07 02:15:00+00:00;0.092;;
966771;unknown;control;2022-08-07 02:30:00+00:00;0.105;;
966771;unknown;control;2022-08-07 02:45:00+00:00;0.095;;
966771;unknown;control;2022-08-07 03:00:00+00:00;0.09;;
966771;unknown;control;2022-08-07 03:15:00+00:00;0.104;;
966771;unknown;control;2022-08-07 03:30:00+00:00;0.094;;
966771;unknown;control;2022-08-07 03:45:00+00:00;0.099;;
966771;unknown;control;2022-08-07 04:00:00+00:00;0.104;;
966771;unknown;control;2022-08-07 04:15:00+00:00;0.107;;
966771;unknown;control;2022-08-07 04:30:00+00:00;0.1;;
966771;unknown;control;2022-08-07 04:45:00+00:00;0.098;;
966771;unknown;control;2022-08-07 05:00:00+00:00;0.098;;
966771;unknown;control;2022-08-07 05:15:00+00:00;0.105;;
966771;unknown;control;2022-08-07 05:30:00+00:00;0.119;;
966771;unknown;control;2022-08-07 05:45:00+00:00;0.426;;
966771;unknown;control;2022-08-07 06:00:00+00:00;0.125;;
966771;unknown;control;2022-08-07 06:15:00+00:00;0.106;;
966771;unknown;control;2022-08-07 06:30:00+00:00;0.116;;
966771;unknown;control;2022-08-07 06:45:00+00:00;0.093;;
966771;unknown;control;2022-08-07 07:00:00+00:00;0.096;;
966771;unknown;control;2022-08-07 07:15:00+00:00;0.113;;
966771;unknown;control;2022-08-07 07:30:00+00:00;0.294;;
966771;unknown;control;2022-08-07 07:45:00+00:00;0.109;;
966771;unknown;control;2022-08-07 08:00:00+00:00;0.103;;
966771;unknown;control;2022-08-07 08:15:00+00:00;0.143;;
966771;unknown;control;2022-08-07 08:30:00+00:00;0.133;;
966771;unknown;control;2022-08-07 08:45:00+00:00;0.207;;
966771;unknown;control;2022-08-07 09:00:00+00:00;0.249;;
966771;unknown;control;2022-08-07 09:15:00+00:00;0.274;;
966771;unknown;control;2022-08-07 09:30:00+00:00;0.183;;
966771;unknown;control;2022-08-07 09:45:00+00:00;0.119;;
966771;unknown;control;2022-08-07 10:00:00+00:00;0.222;;
966771;unknown;control;2022-08-07 10:15:00+00:00;0.2;;
966771;unknown;control;2022-08-07 10:30:00+00:00;0.175;;
966771;unknown;control;2022-08-07 10:45:00+00:00;0.174;;
966771;unknown;control;2022-08-07 11:00:00+00:00;0.139;;
966771;unknown;control;2022-08-07 11:15:00+00:00;0.125;;
966771;unknown;control;2022-08-07 11:30:00+00:00;0.225;;
966771;unknown;control;2022-08-07 11:45:00+00:00;0.149;;
966771;unknown;control;2022-08-07 12:00:00+00:00;0.123;;
966771;unknown;control;2022-08-07 12:15:00+00:00;0.373;;
966771;unknown;control;2022-08-07 12:30:00+00:00;0.157;;
966771;unknown;control;2022-08-07 12:45:00+00:00;0.122;;
966771;unknown;control;2022-08-07 13:00:00+00:00;0.343;;
966771;unknown;control;2022-08-07 13:15:00+00:00;0.201;;
966771;unknown;control;2022-08-07 13:30:00+00:00;0.116;;
966771;unknown;control;2022-08-07 13:45:00+00:00;0.103;;
966771;unknown;control;2022-08-07 14:00:00+00:00;0.106;;
966771;unknown;control;2022-08-07 14:15:00+00:00;0.098;;
966771;unknown;control;2022-08-07 14:30:00+00:00;0.097;;
966771;unknown;control;2022-08-07 14:45:00+00:00;0.104;;
966771;unknown;control;2022-08-07 15:00:00+00:00;0.099;;
966771;unknown;control;2022-08-07 15:15:00+00:00;0.099;;
966771;unknown;control;2022-08-07 15:30:00+00:00;0.101;;
966771;unknown;control;2022-08-07 15:45:00+00:00;0.095;;
966771;unknown;control;2022-08-07 16:00:00+00:00;0.234;;
966771;unknown;control;2022-08-07 16:15:00+00:00;0.495;;
966771;unknown;control;2022-08-07 16:30:00+00:00;0.361;;
966771;unknown;control;2022-08-07 16:45:00+00:00;0.197;;
966771;unknown;control;2022-08-07 17:00:00+00:00;0.146;;
966771;unknown;control;2022-08-07 17:15:00+00:00;0.128;;
966771;unknown;control;2022-08-07 17:30:00+00:00;0.287;;
966771;unknown;control;2022-08-07 17:45:00+00:00;0.511;;
966771;unknown;control;2022-08-07 18:00:00+00:00;0.118;;
966771;unknown;control;2022-08-07 18:15:00+00:00;0.141;;
966771;unknown;control;2022-08-07 18:30:00+00:00;0.504;;
966771;unknown;control;2022-08-07 18:45:00+00:00;0.318;;
966771;unknown;control;2022-08-07 19:00:00+00:00;0.159;;
966771;unknown;control;2022-08-07 19:15:00+00:00;0.128;;
966771;unknown;control;2022-08-07 19:30:00+00:00;0.115;;
966771;unknown;control;2022-08-07 19:45:00+00:00;0.117;;
966771;unknown;control;2022-08-07 20:00:00+00:00;0.108;;
966771;unknown;control;2022-08-07 20:15:00+00:00;0.101;;
966771;unknown;control;2022-08-07 20:30:00+00:00;0.103;;
966771;unknown;control;2022-08-07 20:45:00+00:00;0.105;;
966771;unknown;control;2022-08-07 21:00:00+00:00;0.096;;
966771;unknown;control;2022-08-07 21:15:00+00:00;0.103;;
966771;unknown;control;2022-08-07 21:30:00+00:00;0.105;;
966771;unknown;control;2022-08-07 21:45:00+00:00;0.093;;
966771;unknown;control;2022-08-07 22:00:00+00:00;0.103;;
966771;unknown;control;2022-08-07 22:15:00+00:00;0.103;;
966771;unknown;control;2022-08-07 22:30:00+00:00;0.095;;
966771;unknown;control;2022-08-07 22:45:00+00:00;0.102;;
966771;unknown;control;2022-08-07 23:00:00+00:00;0.102;;
966771;unknown;control;2022-08-07 23:15:00+00:00;0.096;;
966771;unknown;control;2022-08-07 23:30:00+00:00;1.354;;
966771;unknown;control;2022-08-07 23:45:00+00:00;1.312;;
966771;unknown;control;2022-08-08 00:00:00+00:00;1.305;;
966771;unknown;control;2022-08-08 00:15:00+00:00;1.337;;
966771;unknown;control;2022-08-08 00:30:00+00:00;1.342;;
966771;unknown;control;2022-08-08 00:45:00+00:00;0.181;;
966771;unknown;control;2022-08-08 01:00:00+00:00;0.1;;
966771;unknown;control;2022-08-08 01:15:00+00:00;0.099;;
966771;unknown;control;2022-08-08 01:30:00+00:00;0.101;;
966771;unknown;control;2022-08-08 01:45:00+00:00;0.103;;
966771;unknown;control;2022-08-08 02:00:00+00:00;0.099;;
966771;unknown;control;2022-08-08 02:15:00+00:00;0.101;;
966771;unknown;control;2022-08-08 02:30:00+00:00;0.099;;
966771;unknown;control;2022-08-08 02:45:00+00:00;0.097;;
966771;unknown;control;2022-08-08 03:00:00+00:00;0.114;;
966771;unknown;control;2022-08-08 03:15:00+00:00;0.102;;
966771;unknown;control;2022-08-08 03:30:00+00:00;0.101;;
966771;unknown;control;2022-08-08 03:45:00+00:00;0.144;;
966771;unknown;control;2022-08-08 04:00:00+00:00;0.165;;
966771;unknown;control;2022-08-08 04:15:00+00:00;0.152;;
966771;unknown;control;2022-08-08 04:30:00+00:00;0.117;;
966771;unknown;control;2022-08-08 04:45:00+00:00;0.231;;
966771;unknown;control;2022-08-08 05:00:00+00:00;0.766;;
966771;unknown;control;2022-08-08 05:15:00+00:00;0.182;;
966771;unknown;control;2022-08-08 05:30:00+00:00;0.147;;
966771;unknown;control;2022-08-08 05:45:00+00:00;0.131;;
966771;unknown;control;2022-08-08 06:00:00+00:00;0.163;;
966771;unknown;control;2022-08-08 06:15:00+00:00;0.107;;
966771;unknown;control;2022-08-08 06:30:00+00:00;0.099;;
966771;unknown;control;2022-08-08 06:45:00+00:00;0.105;;
966771;unknown;control;2022-08-08 07:00:00+00:00;0.091;;
966771;unknown;control;2022-08-08 07:15:00+00:00;0.089;;
966771;unknown;control;2022-08-08 07:30:00+00:00;0.417;;
966771;unknown;control;2022-08-08 07:45:00+00:00;0.121;;
966771;unknown;control;2022-08-08 08:00:00+00:00;0.132;;
966771;unknown;control;2022-08-08 08:15:00+00:00;0.157;;
966771;unknown;control;2022-08-08 08:30:00+00:00;0.103;;
966771;unknown;control;2022-08-08 08:45:00+00:00;0.094;;
966771;unknown;control;2022-08-08 09:00:00+00:00;0.098;;
966771;unknown;control;2022-08-08 09:15:00+00:00;0.157;;
966771;unknown;control;2022-08-08 09:30:00+00:00;0.393;;
966771;unknown;control;2022-08-08 09:45:00+00:00;0.134;;
966771;unknown;control;2022-08-08 10:00:00+00:00;0.135;;
966771;unknown;control;2022-08-08 10:15:00+00:00;0.139;;
966771;unknown;control;2022-08-08 10:30:00+00:00;0.147;;
966771;unknown;control;2022-08-08 10:45:00+00:00;0.1;;
966771;unknown;control;2022-08-08 11:00:00+00:00;0.216;;
966771;unknown;control;2022-08-08 11:15:00+00:00;0.221;;
966771;unknown;control;2022-08-08 11:30:00+00:00;0.788;;
966771;unknown;control;2022-08-08 11:45:00+00:00;0.178;;
966771;unknown;control;2022-08-08 12:00:00+00:00;0.159;;
966771;unknown;control;2022-08-08 12:15:00+00:00;0.148;;
966771;unknown;control;2022-08-08 12:30:00+00:00;0.577;;
966771;unknown;control;2022-08-08 12:45:00+00:00;0.542;;
966771;unknown;control;2022-08-08 13:00:00+00:00;0.377;;
966771;unknown;control;2022-08-08 13:15:00+00:00;0.434;;
966771;unknown;control;2022-08-08 13:30:00+00:00;0.305;;
966771;unknown;control;2022-08-08 13:45:00+00:00;0.294;;
966771;unknown;control;2022-08-08 14:00:00+00:00;0.15;;
966771;unknown;control;2022-08-08 14:15:00+00:00;0.096;;
966771;unknown;control;2022-08-08 14:30:00+00:00;0.107;;
966771;unknown;control;2022-08-08 14:45:00+00:00;0.134;;
966771;unknown;control;2022-08-08 15:00:00+00:00;0.125;;
966771;unknown;control;2022-08-08 15:15:00+00:00;0.112;;
966771;unknown;control;2022-08-08 15:30:00+00:00;0.146;;
966771;unknown;control;2022-08-08 15:45:00+00:00;0.132;;
966771;unknown;control;2022-08-08 16:00:00+00:00;0.177;;
966771;unknown;control;2022-08-08 16:15:00+00:00;0.326;;
966771;unknown;control;2022-08-08 16:30:00+00:00;0.114;;
966771;unknown;control;2022-08-08 16:45:00+00:00;0.109;;
966771;unknown;control;2022-08-08 17:00:00+00:00;0.216;;
966771;unknown;control;2022-08-08 17:15:00+00:00;0.11;;
966771;unknown;control;2022-08-08 17:30:00+00:00;0.129;;
966771;unknown;control;2022-08-08 17:45:00+00:00;0.158;;
966771;unknown;control;2022-08-08 18:00:00+00:00;0.141;;
966771;unknown;control;2022-08-08 18:15:00+00:00;0.13;;
966771;unknown;control;2022-08-08 18:30:00+00:00;0.143;;
966771;unknown;control;2022-08-08 18:45:00+00:00;0.137;;
966771;unknown;control;2022-08-08 19:00:00+00:00;0.145;;
966771;unknown;control;2022-08-08 19:15:00+00:00;0.153;;
966771;unknown;control;2022-08-08 19:30:00+00:00;0.145;;
966771;unknown;control;2022-08-08 19:45:00+00:00;0.203;;
966771;unknown;control;2022-08-08 20:00:00+00:00;0.159;;
966771;unknown;control;2022-08-08 20:15:00+00:00;0.112;;
966771;unknown;control;2022-08-08 20:30:00+00:00;0.113;;
966771;unknown;control;2022-08-08 20:45:00+00:00;0.115;;
966771;unknown;control;2022-08-08 21:00:00+00:00;0.108;;
966771;unknown;control;2022-08-08 21:15:00+00:00;0.101;;
966771;unknown;control;2022-08-08 21:30:00+00:00;0.112;;
966771;unknown;control;2022-08-08 21:45:00+00:00;0.101;;
966771;unknown;control;2022-08-08 22:00:00+00:00;0.102;;
966771;unknown;control;2022-08-08 22:15:00+00:00;0.111;;
966771;unknown;control;2022-08-08 22:30:00+00:00;0.101;;
966771;unknown;control;2022-08-08 22:45:00+00:00;0.099;;
966771;unknown;control;2022-08-08 23:00:00+00:00;0.109;;
966771;unknown;control;2022-08-08 23:15:00+00:00;0.101;;
966771;unknown;control;2022-08-08 23:30:00+00:00;1.359;;
966771;unknown;control;2022-08-08 23:45:00+00:00;1.325;;
966771;unknown;control;2022-08-09 00:00:00+00:00;1.308;;
966771;unknown;control;2022-08-09 00:15:00+00:00;0.959;;
966771;unknown;control;2022-08-09 00:30:00+00:00;0.113;;
966771;unknown;control;2022-08-09 00:45:00+00:00;0.098;;
966771;unknown;control;2022-08-09 01:00:00+00:00;0.103;;
966771;unknown;control;2022-08-09 01:15:00+00:00;0.11;;
966771;unknown;control;2022-08-09 01:30:00+00:00;0.102;;
966771;unknown;control;2022-08-09 01:45:00+00:00;0.106;;
966771;unknown;control;2022-08-09 02:00:00+00:00;0.11;;
966771;unknown;control;2022-08-09 02:15:00+00:00;0.1;;
966771;unknown;control;2022-08-09 02:30:00+00:00;0.103;;
966771;unknown;control;2022-08-09 02:45:00+00:00;0.109;;
966771;unknown;control;2022-08-09 03:00:00+00:00;0.099;;
966771;unknown;control;2022-08-09 03:15:00+00:00;0.106;;
966771;unknown;control;2022-08-09 03:30:00+00:00;0.104;;
966771;unknown;control;2022-08-09 03:45:00+00:00;0.102;;
966771;unknown;control;2022-08-09 04:00:00+00:00;0.109;;
966771;unknown;control;2022-08-09 04:15:00+00:00;0.115;;
966771;unknown;control;2022-08-09 04:30:00+00:00;0.102;;
966771;unknown;control;2022-08-09 04:45:00+00:00;0.13;;
966771;unknown;control;2022-08-09 05:00:00+00:00;0.121;;
966771;unknown;control;2022-08-09 05:15:00+00:00;0.112;;
966771;unknown;control;2022-08-09 05:30:00+00:00;0.116;;
966771;unknown;control;2022-08-09 05:45:00+00:00;0.13;;
966771;unknown;control;2022-08-09 06:00:00+00:00;0.12;;
966771;unknown;control;2022-08-09 06:15:00+00:00;0.124;;
966771;unknown;control;2022-08-09 06:30:00+00:00;0.102;;
966771;unknown;control;2022-08-09 06:45:00+00:00;0.103;;
966771;unknown;control;2022-08-09 07:00:00+00:00;0.111;;
966771;unknown;control;2022-08-09 07:15:00+00:00;0.322;;
966771;unknown;control;2022-08-09 07:30:00+00:00;0.629;;
966771;unknown;control;2022-08-09 07:45:00+00:00;0.127;;
966771;unknown;control;2022-08-09 08:00:00+00:00;0.133;;
966771;unknown;control;2022-08-09 08:15:00+00:00;0.148;;
966771;unknown;control;2022-08-09 08:30:00+00:00;0.145;;
966771;unknown;control;2022-08-09 08:45:00+00:00;0.12;;
966771;unknown;control;2022-08-09 09:00:00+00:00;0.105;;
966771;unknown;control;2022-08-09 09:15:00+00:00;0.101;;
966771;unknown;control;2022-08-09 09:30:00+00:00;0.229;;
966771;unknown;control;2022-08-09 09:45:00+00:00;0.478;;
966771;unknown;control;2022-08-09 10:00:00+00:00;0.101;;
966771;unknown;control;2022-08-09 10:15:00+00:00;0.101;;
966771;unknown;control;2022-08-09 10:30:00+00:00;0.109;;
966771;unknown;control;2022-08-09 10:45:00+00:00;0.113;;
966771;unknown;control;2022-08-09 11:00:00+00:00;0.466;;
966771;unknown;control;2022-08-09 11:15:00+00:00;0.277;;
966771;unknown;control;2022-08-09 11:30:00+00:00;0.115;;
966771;unknown;control;2022-08-09 11:45:00+00:00;0.319;;
966771;unknown;control;2022-08-09 12:00:00+00:00;0.236;;
966771;unknown;control;2022-08-09 12:15:00+00:00;0.102;;
966771;unknown;control;2022-08-09 12:30:00+00:00;0.098;;
966771;unknown;control;2022-08-09 12:45:00+00:00;0.106;;
966771;unknown;control;2022-08-09 13:00:00+00:00;0.103;;
966771;unknown;control;2022-08-09 13:15:00+00:00;0.095;;
966771;unknown;control;2022-08-09 13:30:00+00:00;0.098;;
966771;unknown;control;2022-08-09 13:45:00+00:00;0.096;;
966771;unknown;control;2022-08-09 14:00:00+00:00;0.09;;
966771;unknown;control;2022-08-09 14:15:00+00:00;0.097;;
966771;unknown;control;2022-08-09 14:30:00+00:00;0.096;;
966771;unknown;control;2022-08-09 14:45:00+00:00;0.09;;
966771;unknown;control;2022-08-09 15:00:00+00:00;0.096;;
966771;unknown;control;2022-08-09 15:15:00+00:00;0.095;;
966771;unknown;control;2022-08-09 15:30:00+00:00;0.09;;
966771;unknown;control;2022-08-09 15:45:00+00:00;0.101;;
966771;unknown;control;2022-08-09 16:00:00+00:00;0.108;;
966771;unknown;control;2022-08-09 16:15:00+00:00;0.132;;
966771;unknown;control;2022-08-09 16:30:00+00:00;0.137;;
966771;unknown;control;2022-08-09 16:45:00+00:00;0.107;;
966771;unknown;control;2022-08-09 17:00:00+00:00;0.091;;
966771;unknown;control;2022-08-09 17:15:00+00:00;0.101;;
966771;unknown;control;2022-08-09 17:30:00+00:00;0.122;;
966771;unknown;control;2022-08-09 17:45:00+00:00;0.097;;
966771;unknown;control;2022-08-09 18:00:00+00:00;0.135;;
966771;unknown;control;2022-08-09 18:15:00+00:00;0.156;;
966771;unknown;control;2022-08-09 18:30:00+00:00;0.129;;
966771;unknown;control;2022-08-09 18:45:00+00:00;0.138;;
966771;unknown;control;2022-08-09 19:00:00+00:00;0.144;;
966771;unknown;control;2022-08-09 19:15:00+00:00;0.14;;
966771;unknown;control;2022-08-09 19:30:00+00:00;0.177;;
966771;unknown;control;2022-08-09 19:45:00+00:00;0.236;;
966771;unknown;control;2022-08-09 20:00:00+00:00;0.215;;
966771;unknown;control;2022-08-09 20:15:00+00:00;0.224;;
966771;unknown;control;2022-08-09 20:30:00+00:00;0.202;;
966771;unknown;control;2022-08-09 20:45:00+00:00;0.099;;
966771;unknown;control;2022-08-09 21:00:00+00:00;0.103;;
966771;unknown;control;2022-08-09 21:15:00+00:00;0.103;;
966771;unknown;control;2022-08-09 21:30:00+00:00;0.099;;
966771;unknown;control;2022-08-09 21:45:00+00:00;0.105;;
966771;unknown;control;2022-08-09 22:00:00+00:00;0.102;;
966771;unknown;control;2022-08-09 22:15:00+00:00;0.097;;
966771;unknown;control;2022-08-09 22:30:00+00:00;0.11;;
966771;unknown;control;2022-08-09 22:45:00+00:00;0.097;;
966771;unknown;control;2022-08-09 23:00:00+00:00;0.096;;
966771;unknown;control;2022-08-09 23:15:00+00:00;0.109;;
966771;unknown;control;2022-08-09 23:30:00+00:00;1.357;;
966771;unknown;control;2022-08-09 23:45:00+00:00;1.304;;
966771;unknown;control;2022-08-10 00:00:00+00:00;1.314;;
966771;unknown;control;2022-08-10 00:15:00+00:00;1.33;;
966771;unknown;control;2022-08-10 00:30:00+00:00;0.722;;
966771;unknown;control;2022-08-10 00:45:00+00:00;0.103;;
966771;unknown;control;2022-08-10 01:00:00+00:00;0.147;;
966771;unknown;control;2022-08-10 01:15:00+00:00;0.141;;
966771;unknown;control;2022-08-10 01:30:00+00:00;0.108;;
966771;unknown;control;2022-08-10 01:45:00+00:00;0.118;;
966771;unknown;control;2022-08-10 02:00:00+00:00;0.116;;
966771;unknown;control;2022-08-10 02:15:00+00:00;0.12;;
966771;unknown;control;2022-08-10 02:30:00+00:00;0.099;;
966771;unknown;control;2022-08-10 02:45:00+00:00;0.11;;
966771;unknown;control;2022-08-10 03:00:00+00:00;0.108;;
966771;unknown;control;2022-08-10 03:15:00+00:00;0.093;;
966771;unknown;control;2022-08-10 03:30:00+00:00;0.105;;
966771;unknown;control;2022-08-10 03:45:00+00:00;0.107;;
966771;unknown;control;2022-08-10 04:00:00+00:00;0.096;;
966771;unknown;control;2022-08-10 04:15:00+00:00;0.114;;
966771;unknown;control;2022-08-10 04:30:00+00:00;0.109;;
966771;unknown;control;2022-08-10 04:45:00+00:00;0.121;;
966771;unknown;control;2022-08-10 05:00:00+00:00;0.11;;
966771;unknown;control;2022-08-10 05:15:00+00:00;0.108;;
966771;unknown;control;2022-08-10 05:30:00+00:00;0.101;;
966771;unknown;control;2022-08-10 05:45:00+00:00;0.106;;
966771;unknown;control;2022-08-10 06:00:00+00:00;0.11;;
966771;unknown;control;2022-08-10 06:15:00+00:00;0.102;;
966771;unknown;control;2022-08-10 06:30:00+00:00;0.108;;
966771;unknown;control;2022-08-10 06:45:00+00:00;0.095;;
966771;unknown;control;2022-08-10 07:00:00+00:00;0.092;;
966771;unknown;control;2022-08-10 07:15:00+00:00;0.102;;
966771;unknown;control;2022-08-10 07:30:00+00:00;0.093;;
966771;unknown;control;2022-08-10 07:45:00+00:00;0.089;;
966771;unknown;control;2022-08-10 08:00:00+00:00;0.099;;
966771;unknown;control;2022-08-10 08:15:00+00:00;0.101;;
966771;unknown;control;2022-08-10 08:30:00+00:00;0.098;;
966771;unknown;control;2022-08-10 08:45:00+00:00;0.097;;
966771;unknown;control;2022-08-10 09:00:00+00:00;0.096;;
966771;unknown;control;2022-08-10 09:15:00+00:00;0.096;;
966771;unknown;control;2022-08-10 09:30:00+00:00;0.191;;
966771;unknown;control;2022-08-10 09:45:00+00:00;0.546;;
966771;unknown;control;2022-08-10 10:00:00+00:00;0.107;;
966771;unknown;control;2022-08-10 10:15:00+00:00;0.123;;
966771;unknown;control;2022-08-10 10:30:00+00:00;0.093;;
966771;unknown;control;2022-08-10 10:45:00+00:00;0.095;;
966771;unknown;control;2022-08-10 11:00:00+00:00;0.109;;
966771;unknown;control;2022-08-10 11:15:00+00:00;0.092;;
966771;unknown;control;2022-08-10 11:30:00+00:00;0.103;;
966771;unknown;control;2022-08-10 11:45:00+00:00;0.102;;
966771;unknown;control;2022-08-10 12:00:00+00:00;0.086;;
966771;unknown;control;2022-08-10 12:15:00+00:00;0.101;;
966771;unknown;control;2022-08-10 12:30:00+00:00;0.104;;
966771;unknown;control;2022-08-10 12:45:00+00:00;0.231;;
966771;unknown;control;2022-08-10 13:00:00+00:00;0.48;;
966771;unknown;control;2022-08-10 13:15:00+00:00;0.541;;
966771;unknown;control;2022-08-10 13:30:00+00:00;0.499;;
966771;unknown;control;2022-08-10 13:45:00+00:00;0.158;;
966771;unknown;control;2022-08-10 14:00:00+00:00;0.108;;
966771;unknown;control;2022-08-10 14:15:00+00:00;0.189;;
966771;unknown;control;2022-08-10 14:30:00+00:00;0.136;;
966771;unknown;control;2022-08-10 14:45:00+00:00;0.098;;
966771;unknown;control;2022-08-10 15:00:00+00:00;0.096;;
966771;unknown;control;2022-08-10 15:15:00+00:00;0.111;;
966771;unknown;control;2022-08-10 15:30:00+00:00;0.094;;
966771;unknown;control;2022-08-10 15:45:00+00:00;0.102;;
966771;unknown;control;2022-08-10 16:00:00+00:00;0.104;;
966771;unknown;control;2022-08-10 16:15:00+00:00;0.114;;
966771;unknown;control;2022-08-10 16:30:00+00:00;0.12;;
966771;unknown;control;2022-08-10 16:45:00+00:00;0.108;;
966771;unknown;control;2022-08-10 17:00:00+00:00;0.109;;
966771;unknown;control;2022-08-10 17:15:00+00:00;0.1;;
966771;unknown;control;2022-08-10 17:30:00+00:00;0.106;;
966771;unknown;control;2022-08-10 17:45:00+00:00;0.105;;
966771;unknown;control;2022-08-10 18:00:00+00:00;0.103;;
966771;unknown;control;2022-08-10 18:15:00+00:00;0.104;;
966771;unknown;control;2022-08-10 18:30:00+00:00;0.139;;
966771;unknown;control;2022-08-10 18:45:00+00:00;0.138;;
966771;unknown;control;2022-08-10 19:00:00+00:00;0.14;;
966771;unknown;control;2022-08-10 19:15:00+00:00;0.159;;
966771;unknown;control;2022-08-10 19:30:00+00:00;0.135;;
966771;unknown;control;2022-08-10 19:45:00+00:00;0.104;;
966771;unknown;control;2022-08-10 20:00:00+00:00;0.114;;
966771;unknown;control;2022-08-10 20:15:00+00:00;0.107;;
966771;unknown;control;2022-08-10 20:30:00+00:00;0.099;;
966771;unknown;control;2022-08-10 20:45:00+00:00;0.101;;
966771;unknown;control;2022-08-10 21:00:00+00:00;0.109;;
966771;unknown;control;2022-08-10 21:15:00+00:00;0.1;;
966771;unknown;control;2022-08-10 21:30:00+00:00;0.105;;
966771;unknown;control;2022-08-10 21:45:00+00:00;0.104;;
966771;unknown;control;2022-08-10 22:00:00+00:00;0.1;;
966771;unknown;control;2022-08-10 22:15:00+00:00;0.1;;
966771;unknown;control;2022-08-10 22:30:00+00:00;0.105;;
966771;unknown;control;2022-08-10 22:45:00+00:00;0.101;;
966771;unknown;control;2022-08-10 23:00:00+00:00;0.1;;
966771;unknown;control;2022-08-10 23:15:00+00:00;0.102;;
966771;unknown;control;2022-08-10 23:30:00+00:00;1.375;;
966771;unknown;control;2022-08-10 23:45:00+00:00;1.331;;
966771;unknown;control;2022-08-11 00:00:00+00:00;1.331;;
966771;unknown;control;2022-08-11 00:15:00+00:00;0.233;;
966771;unknown;control;2022-08-11 00:30:00+00:00;0.102;;
966771;unknown;control;2022-08-11 00:45:00+00:00;0.108;;
966771;unknown;control;2022-08-11 01:00:00+00:00;0.099;;
966771;unknown;control;2022-08-11 01:15:00+00:00;0.098;;
966771;unknown;control;2022-08-11 01:30:00+00:00;0.108;;
966771;unknown;control;2022-08-11 01:45:00+00:00;0.105;;
966771;unknown;control;2022-08-11 02:00:00+00:00;0.096;;
966771;unknown;control;2022-08-11 02:15:00+00:00;0.108;;
966771;unknown;control;2022-08-11 02:30:00+00:00;0.103;;
966771;unknown;control;2022-08-11 02:45:00+00:00;0.095;;
966771;unknown;control;2022-08-11 03:00:00+00:00;0.109;;
966771;unknown;control;2022-08-11 03:15:00+00:00;0.104;;
966771;unknown;control;2022-08-11 03:30:00+00:00;0.098;;
966771;unknown;control;2022-08-11 03:45:00+00:00;0.106;;
966771;unknown;control;2022-08-11 04:00:00+00:00;0.104;;
966771;unknown;control;2022-08-11 04:15:00+00:00;0.128;;
966771;unknown;control;2022-08-11 04:30:00+00:00;0.118;;
966771;unknown;control;2022-08-11 04:45:00+00:00;0.127;;
966771;unknown;control;2022-08-11 05:00:00+00:00;0.098;;
966771;unknown;control;2022-08-11 05:15:00+00:00;0.111;;
966771;unknown;control;2022-08-11 05:30:00+00:00;0.498;;
966771;unknown;control;2022-08-11 05:45:00+00:00;0.146;;
966771;unknown;control;2022-08-11 06:00:00+00:00;0.153;;
966771;unknown;control;2022-08-11 06:15:00+00:00;0.169;;
966771;unknown;control;2022-08-11 06:30:00+00:00;0.426;;
966771;unknown;control;2022-08-11 06:45:00+00:00;0.841;;
966771;unknown;control;2022-08-11 07:00:00+00:00;0.155;;
966771;unknown;control;2022-08-11 07:15:00+00:00;0.138;;
966771;unknown;control;2022-08-11 07:30:00+00:00;0.147;;
966771;unknown;control;2022-08-11 07:45:00+00:00;0.115;;
966771;unknown;control;2022-08-11 08:00:00+00:00;0.096;;
966771;unknown;control;2022-08-11 08:15:00+00:00;0.192;;
966771;unknown;control;2022-08-11 08:30:00+00:00;0.247;;
966771;unknown;control;2022-08-11 08:45:00+00:00;0.312;;
966771;unknown;control;2022-08-11 09:00:00+00:00;0.596;;
966771;unknown;control;2022-08-11 09:15:00+00:00;0.237;;
966771;unknown;control;2022-08-11 09:30:00+00:00;0.116;;
966771;unknown;control;2022-08-11 09:45:00+00:00;0.117;;
966771;unknown;control;2022-08-11 10:00:00+00:00;0.094;;
966771;unknown;control;2022-08-11 10:15:00+00:00;0.097;;
966771;unknown;control;2022-08-11 10:30:00+00:00;0.113;;
966771;unknown;control;2022-08-11 10:45:00+00:00;0.193;;
966771;unknown;control;2022-08-11 11:00:00+00:00;0.668;;
966771;unknown;control;2022-08-11 11:15:00+00:00;0.29;;
966771;unknown;control;2022-08-11 11:30:00+00:00;0.28;;
966771;unknown;control;2022-08-11 11:45:00+00:00;0.529;;
966771;unknown;control;2022-08-11 12:00:00+00:00;0.109;;
966771;unknown;control;2022-08-11 12:15:00+00:00;0.1;;
966771;unknown;control;2022-08-11 12:30:00+00:00;0.098;;
966771;unknown;control;2022-08-11 12:45:00+00:00;0.106;;
966771;unknown;control;2022-08-11 13:00:00+00:00;0.098;;
966771;unknown;control;2022-08-11 13:15:00+00:00;0.098;;
966771;unknown;control;2022-08-11 13:30:00+00:00;0.102;;
966771;unknown;control;2022-08-11 13:45:00+00:00;0.105;;
966771;unknown;control;2022-08-11 14:00:00+00:00;0.096;;
966771;unknown;control;2022-08-11 14:15:00+00:00;0.1;;
966771;unknown;control;2022-08-11 14:30:00+00:00;0.094;;
966771;unknown;control;2022-08-11 14:45:00+00:00;0.233;;
966771;unknown;control;2022-08-11 15:00:00+00:00;0.243;;
966771;unknown;control;2022-08-11 15:15:00+00:00;0.091;;
966771;unknown;control;2022-08-11 15:30:00+00:00;0.105;;
966771;unknown;control;2022-08-11 15:45:00+00:00;0.124;;
966771;unknown;control;2022-08-11 16:00:00+00:00;0.105;;
966771;unknown;control;2022-08-11 16:15:00+00:00;0.097;;
966771;unknown;control;2022-08-11 16:30:00+00:00;0.106;;
966771;unknown;control;2022-08-11 16:45:00+00:00;0.118;;
966771;unknown;control;2022-08-11 17:00:00+00:00;0.102;;
966771;unknown;control;2022-08-11 17:15:00+00:00;0.107;;
966771;unknown;control;2022-08-11 17:30:00+00:00;0.213;;
966771;unknown;control;2022-08-11 17:45:00+00:00;0.121;;
966771;unknown;control;2022-08-11 18:00:00+00:00;0.137;;
966771;unknown;control;2022-08-11 18:15:00+00:00;0.132;;
966771;unknown;control;2022-08-11 18:30:00+00:00;0.129;;
966771;unknown;control;2022-08-11 18:45:00+00:00;0.146;;
966771;unknown;control;2022-08-11 19:00:00+00:00;0.151;;
966771;unknown;control;2022-08-11 19:15:00+00:00;0.153;;
966771;unknown;control;2022-08-11 19:30:00+00:00;0.167;;
966771;unknown;control;2022-08-11 19:45:00+00:00;0.125;;
966771;unknown;control;2022-08-11 20:00:00+00:00;0.113;;
966771;unknown;control;2022-08-11 20:15:00+00:00;0.114;;
966771;unknown;control;2022-08-11 20:30:00+00:00;0.102;;
966771;unknown;control;2022-08-11 20:45:00+00:00;0.098;;
966771;unknown;control;2022-08-11 21:00:00+00:00;0.106;;
966771;unknown;control;2022-08-11 21:15:00+00:00;0.108;;
966771;unknown;control;2022-08-11 21:30:00+00:00;0.101;;
966771;unknown;control;2022-08-11 21:45:00+00:00;0.102;;
966771;unknown;control;2022-08-11 22:00:00+00:00;0.095;;
966771;unknown;control;2022-08-11 22:15:00+00:00;0.098;;
966771;unknown;control;2022-08-11 22:30:00+00:00;0.101;;
966771;unknown;control;2022-08-11 22:45:00+00:00;0.095;;
966771;unknown;control;2022-08-11 23:00:00+00:00;0.095;;
966771;unknown;control;2022-08-11 23:15:00+00:00;0.102;;
966771;unknown;control;2022-08-11 23:30:00+00:00;1.327;;
966771;unknown;control;2022-08-11 23:45:00+00:00;1.301;;
966771;unknown;control;2022-08-12 00:00:00+00:00;1.309;;
966771;unknown;control;2022-08-12 00:15:00+00:00;1.329;;
966771;unknown;control;2022-08-12 00:30:00+00:00;1.098;;
966771;unknown;control;2022-08-12 00:45:00+00:00;0.111;;
966771;unknown;control;2022-08-12 01:00:00+00:00;0.091;;
966771;unknown;control;2022-08-12 01:15:00+00:00;0.096;;
966771;unknown;control;2022-08-12 01:30:00+00:00;0.107;;
966771;unknown;control;2022-08-12 01:45:00+00:00;0.096;;
966771;unknown;control;2022-08-12 02:00:00+00:00;0.098;;
966771;unknown;control;2022-08-12 02:15:00+00:00;0.1;;
966771;unknown;control;2022-08-12 02:30:00+00:00;0.096;;
966771;unknown;control;2022-08-12 02:45:00+00:00;0.104;;
966771;unknown;control;2022-08-12 03:00:00+00:00;0.103;;
966771;unknown;control;2022-08-12 03:15:00+00:00;0.087;;
966771;unknown;control;2022-08-12 03:30:00+00:00;0.095;;
966771;unknown;control;2022-08-12 03:45:00+00:00;0.106;;
966771;unknown;control;2022-08-12 04:00:00+00:00;0.095;;
966771;unknown;control;2022-08-12 04:15:00+00:00;0.111;;
966771;unknown;control;2022-08-12 04:30:00+00:00;0.125;;
966771;unknown;control;2022-08-12 04:45:00+00:00;0.096;;
966771;unknown;control;2022-08-12 05:00:00+00:00;0.106;;
966771;unknown;control;2022-08-12 05:15:00+00:00;0.111;;
966771;unknown;control;2022-08-12 05:30:00+00:00;0.092;;
966771;unknown;control;2022-08-12 05:45:00+00:00;0.109;;
966771;unknown;control;2022-08-12 06:00:00+00:00;0.113;;
966771;unknown;control;2022-08-12 06:15:00+00:00;0.098;;
966771;unknown;control;2022-08-12 06:30:00+00:00;0.093;;
966771;unknown;control;2022-08-12 06:45:00+00:00;0.098;;
966771;unknown;control;2022-08-12 07:00:00+00:00;0.09;;
966771;unknown;control;2022-08-12 07:15:00+00:00;0.097;;
966771;unknown;control;2022-08-12 07:30:00+00:00;0.093;;
966771;unknown;control;2022-08-12 07:45:00+00:00;0.114;;
966771;unknown;control;2022-08-12 08:00:00+00:00;0.102;;
966771;unknown;control;2022-08-12 08:15:00+00:00;0.104;;
966771;unknown;control;2022-08-12 08:30:00+00:00;0.096;;
966771;unknown;control;2022-08-12 08:45:00+00:00;0.099;;
966771;unknown;control;2022-08-12 09:00:00+00:00;0.093;;
966771;unknown;control;2022-08-12 09:15:00+00:00;0.113;;
966771;unknown;control;2022-08-12 09:30:00+00:00;0.311;;
966771;unknown;control;2022-08-12 09:45:00+00:00;0.099;;
966771;unknown;control;2022-08-12 10:00:00+00:00;0.093;;
966771;unknown;control;2022-08-12 10:15:00+00:00;0.103;;
966771;unknown;control;2022-08-12 10:30:00+00:00;0.106;;
966771;unknown;control;2022-08-12 10:45:00+00:00;0.114;;
966771;unknown;control;2022-08-12 11:00:00+00:00;0.132;;
966771;unknown;control;2022-08-12 11:15:00+00:00;0.118;;
966771;unknown;control;2022-08-12 11:30:00+00:00;0.124;;
966771;unknown;control;2022-08-12 11:45:00+00:00;0.119;;
966771;unknown;control;2022-08-12 12:00:00+00:00;0.102;;
966771;unknown;control;2022-08-12 12:15:00+00:00;0.094;;
966771;unknown;control;2022-08-12 12:30:00+00:00;0.105;;
966771;unknown;control;2022-08-12 12:45:00+00:00;0.154;;
966771;unknown;control;2022-08-12 13:00:00+00:00;0.239;;
966771;unknown;control;2022-08-12 13:15:00+00:00;0.314;;
966771;unknown;control;2022-08-12 13:30:00+00:00;0.22;;
966771;unknown;control;2022-08-12 13:45:00+00:00;0.216;;
966771;unknown;control;2022-08-12 14:00:00+00:00;0.238;;
966771;unknown;control;2022-08-12 14:15:00+00:00;0.202;;
966771;unknown;control;2022-08-12 14:30:00+00:00;0.212;;
966771;unknown;control;2022-08-12 14:45:00+00:00;0.21;;
966771;unknown;control;2022-08-12 15:00:00+00:00;0.209;;
966771;unknown;control;2022-08-12 15:15:00+00:00;0.196;;
966771;unknown;control;2022-08-12 15:30:00+00:00;0.214;;
966771;unknown;control;2022-08-12 15:45:00+00:00;0.177;;
966771;unknown;control;2022-08-12 16:00:00+00:00;0.121;;
966771;unknown;control;2022-08-12 16:15:00+00:00;0.114;;
966771;unknown;control;2022-08-12 16:30:00+00:00;0.111;;
966771;unknown;control;2022-08-12 16:45:00+00:00;0.101;;
966771;unknown;control;2022-08-12 17:00:00+00:00;0.11;;
966771;unknown;control;2022-08-12 17:15:00+00:00;0.109;;
966771;unknown;control;2022-08-12 17:30:00+00:00;0.105;;
966771;unknown;control;2022-08-12 17:45:00+00:00;0.111;;
966771;unknown;control;2022-08-12 18:00:00+00:00;0.098;;
966771;unknown;control;2022-08-12 18:15:00+00:00;0.104;;
966771;unknown;control;2022-08-12 18:30:00+00:00;0.108;;
966771;unknown;control;2022-08-12 18:45:00+00:00;0.106;;
966771;unknown;control;2022-08-12 19:00:00+00:00;0.114;;
966771;unknown;control;2022-08-12 19:15:00+00:00;0.117;;
966771;unknown;control;2022-08-12 19:30:00+00:00;0.11;;
966771;unknown;control;2022-08-12 19:45:00+00:00;0.11;;
966771;unknown;control;2022-08-12 20:00:00+00:00;0.105;;
966771;unknown;control;2022-08-12 20:15:00+00:00;0.095;;
966771;unknown;control;2022-08-12 20:30:00+00:00;0.098;;
966771;unknown;control;2022-08-12 20:45:00+00:00;0.105;;
966771;unknown;control;2022-08-12 21:00:00+00:00;0.124;;
966771;unknown;control;2022-08-12 21:15:00+00:00;0.1;;
966771;unknown;control;2022-08-12 21:30:00+00:00;0.101;;
966771;unknown;control;2022-08-12 21:45:00+00:00;0.115;;
966771;unknown;control;2022-08-12 22:00:00+00:00;0.101;;
966771;unknown;control;2022-08-12 22:15:00+00:00;0.105;;
966771;unknown;control;2022-08-12 22:30:00+00:00;0.096;;
966771;unknown;control;2022-08-12 22:45:00+00:00;0.097;;
966771;unknown;control;2022-08-12 23:00:00+00:00;0.107;;
966771;unknown;control;2022-08-12 23:15:00+00:00;0.095;;
966771;unknown;control;2022-08-12 23:30:00+00:00;1.345;;
966771;unknown;control;2022-08-12 23:45:00+00:00;1.316;;
966771;unknown;control;2022-08-13 00:00:00+00:00;1.309;;
966771;unknown;control;2022-08-13 00:15:00+00:00;1.327;;
966771;unknown;control;2022-08-13 00:30:00+00:00;0.79;;
966771;unknown;control;2022-08-13 00:45:00+00:00;0.103;;
966771;unknown;control;2022-08-13 01:00:00+00:00;0.1;;
966771;unknown;control;2022-08-13 01:15:00+00:00;0.102;;
966771;unknown;control;2022-08-13 01:30:00+00:00;0.103;;
966771;unknown;control;2022-08-13 01:45:00+00:00;0.101;;
966771;unknown;control;2022-08-13 02:00:00+00:00;0.105;;
966771;unknown;control;2022-08-13 02:15:00+00:00;0.096;;
966771;unknown;control;2022-08-13 02:30:00+00:00;0.1;;
966771;unknown;control;2022-08-13 02:45:00+00:00;0.103;;
966771;unknown;control;2022-08-13 03:00:00+00:00;0.094;;
966771;unknown;control;2022-08-13 03:15:00+00:00;0.096;;
966771;unknown;control;2022-08-13 03:30:00+00:00;0.106;;
966771;unknown;control;2022-08-13 03:45:00+00:00;0.095;;
966771;unknown;control;2022-08-13 04:00:00+00:00;0.11;;
966771;unknown;control;2022-08-13 04:15:00+00:00;0.105;;
966771;unknown;control;2022-08-13 04:30:00+00:00;0.107;;
966771;unknown;control;2022-08-13 04:45:00+00:00;0.103;;
966771;unknown;control;2022-08-13 05:00:00+00:00;0.115;;
966771;unknown;control;2022-08-13 05:15:00+00:00;0.162;;
966771;unknown;control;2022-08-13 05:30:00+00:00;0.118;;
966771;unknown;control;2022-08-13 05:45:00+00:00;0.11;;
966771;unknown;control;2022-08-13 06:00:00+00:00;0.158;;
966771;unknown;control;2022-08-13 06:15:00+00:00;0.121;;
966771;unknown;control;2022-08-13 06:30:00+00:00;0.129;;
966771;unknown;control;2022-08-13 06:45:00+00:00;0.112;;
966771;unknown;control;2022-08-13 07:00:00+00:00;0.21;;
966771;unknown;control;2022-08-13 07:15:00+00:00;0.166;;
966771;unknown;control;2022-08-13 07:30:00+00:00;0.123;;
966771;unknown;control;2022-08-13 07:45:00+00:00;0.116;;
966771;unknown;control;2022-08-13 08:00:00+00:00;0.115;;
966771;unknown;control;2022-08-13 08:15:00+00:00;0.14;;
966771;unknown;control;2022-08-13 08:30:00+00:00;0.19;;
966771;unknown;control;2022-08-13 08:45:00+00:00;0.246;;
966771;unknown;control;2022-08-13 09:00:00+00:00;0.345;;
966771;unknown;control;2022-08-13 09:15:00+00:00;0.328;;
966771;unknown;control;2022-08-13 09:30:00+00:00;0.431;;
966771;unknown;control;2022-08-13 09:45:00+00:00;0.681;;
966771;unknown;control;2022-08-13 10:00:00+00:00;0.2;;
966771;unknown;control;2022-08-13 10:15:00+00:00;0.131;;
966771;unknown;control;2022-08-13 10:30:00+00:00;0.4;;
966771;unknown;control;2022-08-13 10:45:00+00:00;0.482;;
966771;unknown;control;2022-08-13 11:00:00+00:00;0.46;;
966771;unknown;control;2022-08-13 11:15:00+00:00;0.253;;
966771;unknown;control;2022-08-13 11:30:00+00:00;0.269;;
966771;unknown;control;2022-08-13 11:45:00+00:00;0.105;;
966771;unknown;control;2022-08-13 12:00:00+00:00;0.108;;
966771;unknown;control;2022-08-13 12:15:00+00:00;0.133;;
966771;unknown;control;2022-08-13 12:30:00+00:00;0.115;;
966771;unknown;control;2022-08-13 12:45:00+00:00;0.106;;
966771;unknown;control;2022-08-13 13:00:00+00:00;0.104;;
966771;unknown;control;2022-08-13 13:15:00+00:00;0.107;;
966771;unknown;control;2022-08-13 13:30:00+00:00;0.106;;
966771;unknown;control;2022-08-13 13:45:00+00:00;0.11;;
966771;unknown;control;2022-08-13 14:00:00+00:00;0.093;;
966771;unknown;control;2022-08-13 14:15:00+00:00;0.108;;
966771;unknown;control;2022-08-13 14:30:00+00:00;0.115;;
966771;unknown;control;2022-08-13 14:45:00+00:00;0.119;;
966771;unknown;control;2022-08-13 15:00:00+00:00;0.126;;
966771;unknown;control;2022-08-13 15:15:00+00:00;0.123;;
966771;unknown;control;2022-08-13 15:30:00+00:00;0.101;;
966771;unknown;control;2022-08-13 15:45:00+00:00;0.227;;
966771;unknown;control;2022-08-13 16:00:00+00:00;0.312;;
966771;unknown;control;2022-08-13 16:15:00+00:00;0.305;;
966771;unknown;control;2022-08-13 16:30:00+00:00;0.447;;
966771;unknown;control;2022-08-13 16:45:00+00:00;0.43;;
966771;unknown;control;2022-08-13 17:00:00+00:00;0.177;;
966771;unknown;control;2022-08-13 17:15:00+00:00;0.105;;
966771;unknown;control;2022-08-13 17:30:00+00:00;0.113;;
966771;unknown;control;2022-08-13 17:45:00+00:00;0.116;;
966771;unknown;control;2022-08-13 18:00:00+00:00;0.224;;
966771;unknown;control;2022-08-13 18:15:00+00:00;0.138;;
966771;unknown;control;2022-08-13 18:30:00+00:00;0.578;;
966771;unknown;control;2022-08-13 18:45:00+00:00;0.338;;
966771;unknown;control;2022-08-13 19:00:00+00:00;0.244;;
966771;unknown;control;2022-08-13 19:15:00+00:00;0.163;;
966771;unknown;control;2022-08-13 19:30:00+00:00;0.156;;
966771;unknown;control;2022-08-13 19:45:00+00:00;0.504;;
966771;unknown;control;2022-08-13 20:00:00+00:00;0.137;;
966771;unknown;control;2022-08-13 20:15:00+00:00;0.134;;
966771;unknown;control;2022-08-13 20:30:00+00:00;0.132;;
966771;unknown;control;2022-08-13 20:45:00+00:00;0.122;;
966771;unknown;control;2022-08-13 21:00:00+00:00;0.155;;
966771;unknown;control;2022-08-13 21:15:00+00:00;0.107;;
966771;unknown;control;2022-08-13 21:30:00+00:00;0.112;;
966771;unknown;control;2022-08-13 21:45:00+00:00;0.108;;
966771;unknown;control;2022-08-13 22:00:00+00:00;0.113;;
966771;unknown;control;2022-08-13 22:15:00+00:00;0.1;;
966771;unknown;control;2022-08-13 22:30:00+00:00;0.108;;
966771;unknown;control;2022-08-13 22:45:00+00:00;0.105;;
966771;unknown;control;2022-08-13 23:00:00+00:00;0.097;;
966771;unknown;control;2022-08-13 23:15:00+00:00;0.109;;
966771;unknown;control;2022-08-13 23:30:00+00:00;1.371;;
966771;unknown;control;2022-08-13 23:45:00+00:00;1.328;;
966771;unknown;control;2022-08-14 00:00:00+00:00;1.321;;
966771;unknown;control;2022-08-14 00:15:00+00:00;1.348;;
966771;unknown;control;2022-08-14 00:30:00+00:00;1.351;;
966771;unknown;control;2022-08-14 00:45:00+00:00;1.369;;
966771;unknown;control;2022-08-14 01:00:00+00:00;1.371;;
966771;unknown;control;2022-08-14 01:15:00+00:00;1.368;;
966771;unknown;control;2022-08-14 01:30:00+00:00;1.372;;
966771;unknown;control;2022-08-14 01:45:00+00:00;0.461;;
966771;unknown;control;2022-08-14 02:00:00+00:00;0.095;;
966771;unknown;control;2022-08-14 02:15:00+00:00;0.106;;
966771;unknown;control;2022-08-14 02:30:00+00:00;0.102;;
966771;unknown;control;2022-08-14 02:45:00+00:00;0.1;;
966771;unknown;control;2022-08-14 03:00:00+00:00;0.113;;
966771;unknown;control;2022-08-14 03:15:00+00:00;0.096;;
966771;unknown;control;2022-08-14 03:30:00+00:00;0.104;;
966771;unknown;control;2022-08-14 03:45:00+00:00;0.108;;
966771;unknown;control;2022-08-14 04:00:00+00:00;0.098;;
966771;unknown;control;2022-08-14 04:15:00+00:00;0.096;;
966771;unknown;control;2022-08-14 04:30:00+00:00;0.108;;
966771;unknown;control;2022-08-14 04:45:00+00:00;0.099;;
966771;unknown;control;2022-08-14 05:00:00+00:00;0.107;;
966771;unknown;control;2022-08-14 05:15:00+00:00;0.104;;
966771;unknown;control;2022-08-14 05:30:00+00:00;0.093;;
966771;unknown;control;2022-08-14 05:45:00+00:00;0.105;;
966771;unknown;control;2022-08-14 06:00:00+00:00;0.096;;
966771;unknown;control;2022-08-14 06:15:00+00:00;0.098;;
966771;unknown;control;2022-08-14 06:30:00+00:00;0.113;;
966771;unknown;control;2022-08-14 06:45:00+00:00;0.094;;
966771;unknown;control;2022-08-14 07:00:00+00:00;0.478;;
966771;unknown;control;2022-08-14 07:15:00+00:00;0.143;;
966771;unknown;control;2022-08-14 07:30:00+00:00;0.534;;
966771;unknown;control;2022-08-14 07:45:00+00:00;0.179;;
966771;unknown;control;2022-08-14 08:00:00+00:00;0.169;;
966771;unknown;control;2022-08-14 08:15:00+00:00;0.146;;
966771;unknown;control;2022-08-14 08:30:00+00:00;0.151;;
966771;unknown;control;2022-08-14 08:45:00+00:00;0.457;;
966771;unknown;control;2022-08-14 09:00:00+00:00;0.145;;
966771;unknown;control;2022-08-14 09:15:00+00:00;0.134;;
966771;unknown;control;2022-08-14 09:30:00+00:00;0.143;;
966771;unknown;control;2022-08-14 09:45:00+00:00;0.212;;
966771;unknown;control;2022-08-14 10:00:00+00:00;0.172;;
966771;unknown;control;2022-08-14 10:15:00+00:00;0.1;;
966771;unknown;control;2022-08-14 10:30:00+00:00;0.095;;
966771;unknown;control;2022-08-14 10:45:00+00:00;0.117;;
966771;unknown;control;2022-08-14 11:00:00+00:00;0.121;;
966771;unknown;control;2022-08-14 11:15:00+00:00;0.118;;
966771;unknown;control;2022-08-14 11:30:00+00:00;0.122;;
966771;unknown;control;2022-08-14 11:45:00+00:00;0.122;;
966771;unknown;control;2022-08-14 12:00:00+00:00;0.113;;
966771;unknown;control;2022-08-14 12:15:00+00:00;0.1;;
966771;unknown;control;2022-08-14 12:30:00+00:00;0.095;;
966771;unknown;control;2022-08-14 12:45:00+00:00;0.106;;
966771;unknown;control;2022-08-14 13:00:00+00:00;0.108;;
966771;unknown;control;2022-08-14 13:15:00+00:00;0.104;;
966771;unknown;control;2022-08-14 13:30:00+00:00;0.111;;
966771;unknown;control;2022-08-14 13:45:00+00:00;0.098;;
966771;unknown;control;2022-08-14 14:00:00+00:00;0.09;;
966771;unknown;control;2022-08-14 14:15:00+00:00;0.102;;
966771;unknown;control;2022-08-14 14:30:00+00:00;0.128;;
966771;unknown;control;2022-08-14 14:45:00+00:00;0.092;;
966771;unknown;control;2022-08-14 15:00:00+00:00;0.104;;
966771;unknown;control;2022-08-14 15:15:00+00:00;0.117;;
966771;unknown;control;2022-08-14 15:30:00+00:00;0.117;;
966771;unknown;control;2022-08-14 15:45:00+00:00;0.111;;
966771;unknown;control;2022-08-14 16:00:00+00:00;0.135;;
966771;unknown;control;2022-08-14 16:15:00+00:00;0.199;;
966771;unknown;control;2022-08-14 16:30:00+00:00;0.395;;
966771;unknown;control;2022-08-14 16:45:00+00:00;0.437;;
966771;unknown;control;2022-08-14 17:00:00+00:00;0.291;;
966771;unknown;control;2022-08-14 17:15:00+00:00;0.105;;
966771;unknown;control;2022-08-14 17:30:00+00:00;0.125;;
966771;unknown;control;2022-08-14 17:45:00+00:00;0.354;;
966771;unknown;control;2022-08-14 18:00:00+00:00;0.631;;
966771;unknown;control;2022-08-14 18:15:00+00:00;0.201;;
966771;unknown;control;2022-08-14 18:30:00+00:00;0.163;;
966771;unknown;control;2022-08-14 18:45:00+00:00;0.17;;
966771;unknown;control;2022-08-14 19:00:00+00:00;0.524;;
966771;unknown;control;2022-08-14 19:15:00+00:00;0.161;;
966771;unknown;control;2022-08-14 19:30:00+00:00;0.149;;
966771;unknown;control;2022-08-14 19:45:00+00:00;0.141;;
966771;unknown;control;2022-08-14 20:00:00+00:00;0.142;;
966771;unknown;control;2022-08-14 20:15:00+00:00;0.111;;
966771;unknown;control;2022-08-14 20:30:00+00:00;0.104;;
966771;unknown;control;2022-08-14 20:45:00+00:00;0.105;;
966771;unknown;control;2022-08-14 21:00:00+00:00;0.1;;
966771;unknown;control;2022-08-14 21:15:00+00:00;0.11;;
966771;unknown;control;2022-08-14 21:30:00+00:00;0.104;;
966771;unknown;control;2022-08-14 21:45:00+00:00;0.093;;
966771;unknown;control;2022-08-14 22:00:00+00:00;0.104;;
966771;unknown;control;2022-08-14 22:15:00+00:00;0.106;;
966771;unknown;control;2022-08-14 22:30:00+00:00;0.095;;
966771;unknown;control;2022-08-14 22:45:00+00:00;0.101;;
966771;unknown;control;2022-08-14 23:00:00+00:00;0.106;;
966771;unknown;control;2022-08-14 23:15:00+00:00;0.093;;
966771;unknown;control;2022-08-14 23:30:00+00:00;1.342;;
966771;unknown;control;2022-08-14 23:45:00+00:00;1.305;;
966771;unknown;control;2022-08-15 00:00:00+00:00;1.3;;
966771;unknown;control;2022-08-15 00:15:00+00:00;1.316;;
966771;unknown;control;2022-08-15 00:30:00+00:00;1.338;;
966771;unknown;control;2022-08-15 00:45:00+00:00;1.355;;
966771;unknown;control;2022-08-15 01:00:00+00:00;1.366;;
966771;unknown;control;2022-08-15 01:15:00+00:00;0.103;;
966771;unknown;control;2022-08-15 01:30:00+00:00;0.1;;
966771;unknown;control;2022-08-15 01:45:00+00:00;0.103;;
966771;unknown;control;2022-08-15 02:00:00+00:00;0.095;;
966771;unknown;control;2022-08-15 02:15:00+00:00;0.099;;
966771;unknown;control;2022-08-15 02:30:00+00:00;0.104;;
966771;unknown;control;2022-08-15 02:45:00+00:00;0.096;;
966771;unknown;control;2022-08-15 03:00:00+00:00;0.097;;
966771;unknown;control;2022-08-15 03:15:00+00:00;0.106;;
966771;unknown;control;2022-08-15 03:30:00+00:00;0.095;;
966771;unknown;control;2022-08-15 03:45:00+00:00;0.097;;
966771;unknown;control;2022-08-15 04:00:00+00:00;0.121;;
966771;unknown;control;2022-08-15 04:15:00+00:00;0.108;;
966771;unknown;control;2022-08-15 04:30:00+00:00;0.124;;
966771;unknown;control;2022-08-15 04:45:00+00:00;0.111;;
966771;unknown;control;2022-08-15 05:00:00+00:00;0.102;;
966771;unknown;control;2022-08-15 05:15:00+00:00;0.106;;
966771;unknown;control;2022-08-15 05:30:00+00:00;0.617;;
966771;unknown;control;2022-08-15 05:45:00+00:00;0.421;;
966771;unknown;control;2022-08-15 06:00:00+00:00;0.14;;
966771;unknown;control;2022-08-15 06:15:00+00:00;0.137;;
966771;unknown;control;2022-08-15 06:30:00+00:00;0.149;;
966771;unknown;control;2022-08-15 06:45:00+00:00;0.227;;
966771;unknown;control;2022-08-15 07:00:00+00:00;0.252;;
966771;unknown;control;2022-08-15 07:15:00+00:00;0.277;;
966771;unknown;control;2022-08-15 07:30:00+00:00;0.286;;
966771;unknown;control;2022-08-15 07:45:00+00:00;0.275;;
966771;unknown;control;2022-08-15 08:00:00+00:00;0.159;;
966771;unknown;control;2022-08-15 08:15:00+00:00;0.113;;
966771;unknown;control;2022-08-15 08:30:00+00:00;0.109;;
966771;unknown;control;2022-08-15 08:45:00+00:00;0.096;;
966771;unknown;control;2022-08-15 09:00:00+00:00;0.107;;
966771;unknown;control;2022-08-15 09:15:00+00:00;0.106;;
966771;unknown;control;2022-08-15 09:30:00+00:00;0.116;;
966771;unknown;control;2022-08-15 09:45:00+00:00;0.503;;
966771;unknown;control;2022-08-15 10:00:00+00:00;0.103;;
966771;unknown;control;2022-08-15 10:15:00+00:00;0.104;;
966771;unknown;control;2022-08-15 10:30:00+00:00;0.108;;
966771;unknown;control;2022-08-15 10:45:00+00:00;0.098;;
966771;unknown;control;2022-08-15 11:00:00+00:00;0.1;;
966771;unknown;control;2022-08-15 11:15:00+00:00;0.104;;
966771;unknown;control;2022-08-15 11:30:00+00:00;0.094;;
966771;unknown;control;2022-08-15 11:45:00+00:00;0.11;;
966771;unknown;control;2022-08-15 12:00:00+00:00;0.11;;
966771;unknown;control;2022-08-15 12:15:00+00:00;0.102;;
966771;unknown;control;2022-08-15 12:30:00+00:00;0.113;;
966771;unknown;control;2022-08-15 12:45:00+00:00;0.108;;
966771;unknown;control;2022-08-15 13:00:00+00:00;0.145;;
966771;unknown;control;2022-08-15 13:15:00+00:00;0.144;;
966771;unknown;control;2022-08-15 13:30:00+00:00;0.142;;
966771;unknown;control;2022-08-15 13:45:00+00:00;0.134;;
966771;unknown;control;2022-08-15 14:00:00+00:00;0.147;;
966771;unknown;control;2022-08-15 14:15:00+00:00;0.145;;
966771;unknown;control;2022-08-15 14:30:00+00:00;0.114;;
966771;unknown;control;2022-08-15 14:45:00+00:00;0.11;;
966771;unknown;control;2022-08-15 15:00:00+00:00;0.109;;
966771;unknown;control;2022-08-15 15:15:00+00:00;0.286;;
966771;unknown;control;2022-08-15 15:30:00+00:00;0.139;;
966771;unknown;control;2022-08-15 15:45:00+00:00;0.113;;
966771;unknown;control;2022-08-15 16:00:00+00:00;0.116;;
966771;unknown;control;2022-08-15 16:15:00+00:00;0.115;;
966771;unknown;control;2022-08-15 16:30:00+00:00;0.104;;
966771;unknown;control;2022-08-15 16:45:00+00:00;0.102;;
966771;unknown;control;2022-08-15 17:00:00+00:00;0.133;;
966771;unknown;control;2022-08-15 17:15:00+00:00;0.352;;
966771;unknown;control;2022-08-15 17:30:00+00:00;0.151;;
966771;unknown;control;2022-08-15 17:45:00+00:00;0.138;;
966771;unknown;control;2022-08-15 18:00:00+00:00;0.124;;
966771;unknown;control;2022-08-15 18:15:00+00:00;0.135;;
966771;unknown;control;2022-08-15 18:30:00+00:00;0.138;;
966771;unknown;control;2022-08-15 18:45:00+00:00;0.127;;
966771;unknown;control;2022-08-15 19:00:00+00:00;0.15;;
966771;unknown;control;2022-08-15 19:15:00+00:00;0.155;;
966771;unknown;control;2022-08-15 19:30:00+00:00;0.158;;
966771;unknown;control;2022-08-15 19:45:00+00:00;0.164;;
966771;unknown;control;2022-08-15 20:00:00+00:00;0.108;;
966771;unknown;control;2022-08-15 20:15:00+00:00;0.1;;
966771;unknown;control;2022-08-15 20:30:00+00:00;0.106;;
966771;unknown;control;2022-08-15 20:45:00+00:00;0.102;;
966771;unknown;control;2022-08-15 21:00:00+00:00;0.098;;
966771;unknown;control;2022-08-15 21:15:00+00:00;0.107;;
966771;unknown;control;2022-08-15 21:30:00+00:00;0.102;;
966771;unknown;control;2022-08-15 21:45:00+00:00;0.098;;
966771;unknown;control;2022-08-15 22:00:00+00:00;0.106;;
966771;unknown;control;2022-08-15 22:15:00+00:00;0.1;;
966771;unknown;control;2022-08-15 22:30:00+00:00;0.101;;
966771;unknown;control;2022-08-15 22:45:00+00:00;0.102;;
966771;unknown;control;2022-08-15 23:00:00+00:00;0.1;;
966771;unknown;control;2022-08-15 23:15:00+00:00;0.098;;
966771;unknown;control;2022-08-15 23:30:00+00:00;1.361;;
966771;unknown;control;2022-08-15 23:45:00+00:00;1.314;;
966771;unknown;control;2022-08-16 00:00:00+00:00;1.331;;
966771;unknown;control;2022-08-16 00:15:00+00:00;0.959;;
966771;unknown;control;2022-08-16 00:30:00+00:00;0.092;;
966771;unknown;control;2022-08-16 00:45:00+00:00;0.102;;
966771;unknown;control;2022-08-16 01:00:00+00:00;0.107;;
966771;unknown;control;2022-08-16 01:15:00+00:00;0.092;;
966771;unknown;control;2022-08-16 01:30:00+00:00;0.104;;
966771;unknown;control;2022-08-16 01:45:00+00:00;0.105;;
966771;unknown;control;2022-08-16 02:00:00+00:00;0.092;;
966771;unknown;control;2022-08-16 02:15:00+00:00;0.101;;
966771;unknown;control;2022-08-16 02:30:00+00:00;0.102;;
966771;unknown;control;2022-08-16 02:45:00+00:00;0.091;;
966771;unknown;control;2022-08-16 03:00:00+00:00;0.1;;
966771;unknown;control;2022-08-16 03:15:00+00:00;0.107;;
966771;unknown;control;2022-08-16 03:30:00+00:00;0.099;;
966771;unknown;control;2022-08-16 03:45:00+00:00;0.101;;
966771;unknown;control;2022-08-16 04:00:00+00:00;0.098;;
966771;unknown;control;2022-08-16 04:15:00+00:00;0.107;;
966771;unknown;control;2022-08-16 04:30:00+00:00;0.122;;
966771;unknown;control;2022-08-16 04:45:00+00:00;0.116;;
966771;unknown;control;2022-08-16 05:00:00+00:00;0.103;;
966771;unknown;control;2022-08-16 05:15:00+00:00;0.113;;
966771;unknown;control;2022-08-16 05:30:00+00:00;0.102;;
966771;unknown;control;2022-08-16 05:45:00+00:00;0.107;;
966771;unknown;control;2022-08-16 06:00:00+00:00;0.112;;
966771;unknown;control;2022-08-16 06:15:00+00:00;0.115;;
966771;unknown;control;2022-08-16 06:30:00+00:00;0.098;;
966771;unknown;control;2022-08-16 06:45:00+00:00;0.1;;
966771;unknown;control;2022-08-16 07:00:00+00:00;0.088;;
966771;unknown;control;2022-08-16 07:15:00+00:00;0.099;;
966771;unknown;control;2022-08-16 07:30:00+00:00;0.1;;
966771;unknown;control;2022-08-16 07:45:00+00:00;0.086;;
966771;unknown;control;2022-08-16 08:00:00+00:00;0.095;;
966771;unknown;control;2022-08-16 08:15:00+00:00;0.101;;
966771;unknown;control;2022-08-16 08:30:00+00:00;0.116;;
966771;unknown;control;2022-08-16 08:45:00+00:00;0.105;;
966771;unknown;control;2022-08-16 09:00:00+00:00;0.099;;
966771;unknown;control;2022-08-16 09:15:00+00:00;0.089;;
966771;unknown;control;2022-08-16 09:30:00+00:00;0.097;;
966771;unknown;control;2022-08-16 09:45:00+00:00;0.098;;
966771;unknown;control;2022-08-16 10:00:00+00:00;0.091;;
966771;unknown;control;2022-08-16 10:15:00+00:00;0.104;;
966771;unknown;control;2022-08-16 10:30:00+00:00;0.162;;
966771;unknown;control;2022-08-16 10:45:00+00:00;0.102;;
966771;unknown;control;2022-08-16 11:00:00+00:00;0.392;;
966771;unknown;control;2022-08-16 11:15:00+00:00;0.128;;
966771;unknown;control;2022-08-16 11:30:00+00:00;0.131;;
966771;unknown;control;2022-08-16 11:45:00+00:00;0.158;;
966771;unknown;control;2022-08-16 12:00:00+00:00;0.392;;
966771;unknown;control;2022-08-16 12:15:00+00:00;0.482;;
966771;unknown;control;2022-08-16 12:30:00+00:00;0.132;;
966771;unknown;control;2022-08-16 12:45:00+00:00;0.123;;
966771;unknown;control;2022-08-16 13:00:00+00:00;0.734;;
966771;unknown;control;2022-08-16 13:15:00+00:00;0.363;;
966771;unknown;control;2022-08-16 13:30:00+00:00;0.305;;
966771;unknown;control;2022-08-16 13:45:00+00:00;0.303;;
966771;unknown;control;2022-08-16 14:00:00+00:00;0.167;;
966771;unknown;control;2022-08-16 14:15:00+00:00;0.24;;
966771;unknown;control;2022-08-16 14:30:00+00:00;0.191;;
966771;unknown;control;2022-08-16 14:45:00+00:00;0.137;;
966771;unknown;control;2022-08-16 15:00:00+00:00;0.347;;
966771;unknown;control;2022-08-16 15:15:00+00:00;0.6;;
966771;unknown;control;2022-08-16 15:30:00+00:00;0.228;;
966771;unknown;control;2022-08-16 15:45:00+00:00;0.105;;
966771;unknown;control;2022-08-16 16:00:00+00:00;0.115;;
966771;unknown;control;2022-08-16 16:15:00+00:00;0.128;;
966771;unknown;control;2022-08-16 16:30:00+00:00;0.141;;
966771;unknown;control;2022-08-16 16:45:00+00:00;0.153;;
966771;unknown;control;2022-08-16 17:00:00+00:00;0.134;;
966771;unknown;control;2022-08-16 17:15:00+00:00;0.127;;
966771;unknown;control;2022-08-16 17:30:00+00:00;0.142;;
966771;unknown;control;2022-08-16 17:45:00+00:00;0.134;;
966771;unknown;control;2022-08-16 18:00:00+00:00;0.129;;
966771;unknown;control;2022-08-16 18:15:00+00:00;0.137;;
966771;unknown;control;2022-08-16 18:30:00+00:00;0.135;;
966771;unknown;control;2022-08-16 18:45:00+00:00;0.132;;
966771;unknown;control;2022-08-16 19:00:00+00:00;0.145;;
966771;unknown;control;2022-08-16 19:15:00+00:00;0.141;;
966771;unknown;control;2022-08-16 19:30:00+00:00;0.109;;
966771;unknown;control;2022-08-16 19:45:00+00:00;0.108;;
966771;unknown;control;2022-08-16 20:00:00+00:00;0.093;;
966771;unknown;control;2022-08-16 20:15:00+00:00;0.093;;
966771;unknown;control;2022-08-16 20:30:00+00:00;0.109;;
966771;unknown;control;2022-08-16 20:45:00+00:00;0.099;;
966771;unknown;control;2022-08-16 21:00:00+00:00;0.12;;
966771;unknown;control;2022-08-16 21:15:00+00:00;0.116;;
966771;unknown;control;2022-08-16 21:30:00+00:00;0.106;;
966771;unknown;control;2022-08-16 21:45:00+00:00;0.1;;
966771;unknown;control;2022-08-16 22:00:00+00:00;0.107;;
966771;unknown;control;2022-08-16 22:15:00+00:00;0.098;;
966771;unknown;control;2022-08-16 22:30:00+00:00;0.101;;
966771;unknown;control;2022-08-16 22:45:00+00:00;0.103;;
966771;unknown;control;2022-08-16 23:00:00+00:00;0.093;;
966771;unknown;control;2022-08-16 23:15:00+00:00;0.101;;
966771;unknown;control;2022-08-16 23:30:00+00:00;1.361;;
966771;unknown;control;2022-08-16 23:45:00+00:00;1.311;;
966771;unknown;control;2022-08-17 00:00:00+00:00;1.311;;
966771;unknown;control;2022-08-17 00:15:00+00:00;1.341;;
966771;unknown;control;2022-08-17 00:30:00+00:00;1.346;;
966771;unknown;control;2022-08-17 00:45:00+00:00;0.133;;
966771;unknown;control;2022-08-17 01:00:00+00:00;0.133;;
966771;unknown;control;2022-08-17 01:15:00+00:00;0.166;;
966771;unknown;control;2022-08-17 01:30:00+00:00;0.105;;
966771;unknown;control;2022-08-17 01:45:00+00:00;0.112;;
966771;unknown;control;2022-08-17 02:00:00+00:00;0.111;;
966771;unknown;control;2022-08-17 02:15:00+00:00;0.109;;
966771;unknown;control;2022-08-17 02:30:00+00:00;0.094;;
966771;unknown;control;2022-08-17 02:45:00+00:00;0.102;;
966771;unknown;control;2022-08-17 03:00:00+00:00;0.101;;
966771;unknown;control;2022-08-17 03:15:00+00:00;0.093;;
966771;unknown;control;2022-08-17 03:30:00+00:00;0.101;;
966771;unknown;control;2022-08-17 03:45:00+00:00;0.105;;
966771;unknown;control;2022-08-17 04:00:00+00:00;0.104;;
966771;unknown;control;2022-08-17 04:15:00+00:00;0.104;;
966771;unknown;control;2022-08-17 04:30:00+00:00;0.111;;
966771;unknown;control;2022-08-17 04:45:00+00:00;0.119;;
966771;unknown;control;2022-08-17 05:00:00+00:00;0.132;;
966771;unknown;control;2022-08-17 05:15:00+00:00;0.116;;
966771;unknown;control;2022-08-17 05:30:00+00:00;0.119;;
966771;unknown;control;2022-08-17 05:45:00+00:00;0.112;;
966771;unknown;control;2022-08-17 06:00:00+00:00;0.102;;
966771;unknown;control;2022-08-17 06:15:00+00:00;0.095;;
966771;unknown;control;2022-08-17 06:30:00+00:00;0.111;;
966771;unknown;control;2022-08-17 06:45:00+00:00;0.098;;
966771;unknown;control;2022-08-17 07:00:00+00:00;0.094;;
966771;unknown;control;2022-08-17 07:15:00+00:00;0.115;;
966771;unknown;control;2022-08-17 07:30:00+00:00;0.11;;
966771;unknown;control;2022-08-17 07:45:00+00:00;0.11;;
966771;unknown;control;2022-08-17 08:00:00+00:00;0.118;;
966771;unknown;control;2022-08-17 08:15:00+00:00;0.114;;
966771;unknown;control;2022-08-17 08:30:00+00:00;0.11;;
966771;unknown;control;2022-08-17 08:45:00+00:00;0.119;;
966771;unknown;control;2022-08-17 09:00:00+00:00;0.12;;
966771;unknown;control;2022-08-17 09:15:00+00:00;0.119;;
966771;unknown;control;2022-08-17 09:30:00+00:00;0.464;;
966771;unknown;control;2022-08-17 09:45:00+00:00;0.373;;
966771;unknown;control;2022-08-17 10:00:00+00:00;0.195;;
966771;unknown;control;2022-08-17 10:15:00+00:00;0.207;;
966771;unknown;control;2022-08-17 10:30:00+00:00;0.165;;
966771;unknown;control;2022-08-17 10:45:00+00:00;0.16;;
966771;unknown;control;2022-08-17 11:00:00+00:00;0.119;;
966771;unknown;control;2022-08-17 11:15:00+00:00;0.109;;
966771;unknown;control;2022-08-17 11:30:00+00:00;0.11;;
966771;unknown;control;2022-08-17 11:45:00+00:00;0.108;;
966771;unknown;control;2022-08-17 12:00:00+00:00;0.114;;
966771;unknown;control;2022-08-17 12:15:00+00:00;0.182;;
966771;unknown;control;2022-08-17 12:30:00+00:00;0.139;;
966771;unknown;control;2022-08-17 12:45:00+00:00;0.097;;
966771;unknown;control;2022-08-17 13:00:00+00:00;0.108;;
966771;unknown;control;2022-08-17 13:15:00+00:00;0.394;;
966771;unknown;control;2022-08-17 13:30:00+00:00;0.107;;
966771;unknown;control;2022-08-17 13:45:00+00:00;0.104;;
966771;unknown;control;2022-08-17 14:00:00+00:00;0.099;;
966771;unknown;control;2022-08-17 14:15:00+00:00;0.095;;
966771;unknown;control;2022-08-17 14:30:00+00:00;0.105;;
966771;unknown;control;2022-08-17 14:45:00+00:00;0.11;;
966771;unknown;control;2022-08-17 15:00:00+00:00;0.107;;
966771;unknown;control;2022-08-17 15:15:00+00:00;0.137;;
966771;unknown;control;2022-08-17 15:30:00+00:00;0.131;;
966771;unknown;control;2022-08-17 15:45:00+00:00;0.149;;
966771;unknown;control;2022-08-17 16:00:00+00:00;0.136;;
966771;unknown;control;2022-08-17 16:15:00+00:00;0.127;;
966771;unknown;control;2022-08-17 16:30:00+00:00;0.134;;
966771;unknown;control;2022-08-17 16:45:00+00:00;0.135;;
966771;unknown;control;2022-08-17 17:00:00+00:00;0.151;;
966771;unknown;control;2022-08-17 17:15:00+00:00;0.305;;
966771;unknown;control;2022-08-17 17:30:00+00:00;0.203;;
966771;unknown;control;2022-08-17 17:45:00+00:00;0.178;;
966771;unknown;control;2022-08-17 18:00:00+00:00;0.218;;
966771;unknown;control;2022-08-17 18:15:00+00:00;0.298;;
966771;unknown;control;2022-08-17 18:30:00+00:00;0.153;;
966771;unknown;control;2022-08-17 18:45:00+00:00;0.157;;
966771;unknown;control;2022-08-17 19:00:00+00:00;0.151;;
966771;unknown;control;2022-08-17 19:15:00+00:00;0.145;;
966771;unknown;control;2022-08-17 19:30:00+00:00;0.147;;
966771;unknown;control;2022-08-17 19:45:00+00:00;0.146;;
966771;unknown;control;2022-08-17 20:00:00+00:00;0.104;;
966771;unknown;control;2022-08-17 20:15:00+00:00;0.107;;
966771;unknown;control;2022-08-17 20:30:00+00:00;0.103;;
966771;unknown;control;2022-08-17 20:45:00+00:00;0.103;;
966771;unknown;control;2022-08-17 21:00:00+00:00;0.108;;
966771;unknown;control;2022-08-17 21:15:00+00:00;0.1;;
966771;unknown;control;2022-08-17 21:30:00+00:00;0.097;;
966771;unknown;control;2022-08-17 21:45:00+00:00;0.119;;
966771;unknown;control;2022-08-17 22:00:00+00:00;0.1;;
966771;unknown;control;2022-08-17 22:15:00+00:00;0.099;;
966771;unknown;control;2022-08-17 22:30:00+00:00;0.106;;
966771;unknown;control;2022-08-17 22:45:00+00:00;0.097;;
966771;unknown;control;2022-08-17 23:00:00+00:00;0.1;;
966771;unknown;control;2022-08-17 23:15:00+00:00;0.105;;
966771;unknown;control;2022-08-17 23:30:00+00:00;1.353;;
966771;unknown;control;2022-08-17 23:45:00+00:00;1.316;;
966771;unknown;control;2022-08-18 00:00:00+00:00;1.314;;
966771;unknown;control;2022-08-18 00:15:00+00:00;1.339;;
966771;unknown;control;2022-08-18 00:30:00+00:00;1.231;;
966771;unknown;control;2022-08-18 00:45:00+00:00;0.1;;
966771;unknown;control;2022-08-18 01:00:00+00:00;0.098;;
966771;unknown;control;2022-08-18 01:15:00+00:00;0.108;;
966771;unknown;control;2022-08-18 01:30:00+00:00;0.1;;
966771;unknown;control;2022-08-18 01:45:00+00:00;0.101;;
966771;unknown;control;2022-08-18 02:00:00+00:00;0.109;;
966771;unknown;control;2022-08-18 02:15:00+00:00;0.099;;
966771;unknown;control;2022-08-18 02:30:00+00:00;0.099;;
966771;unknown;control;2022-08-18 02:45:00+00:00;0.108;;
966771;unknown;control;2022-08-18 03:00:00+00:00;0.096;;
966771;unknown;control;2022-08-18 03:15:00+00:00;0.099;;
966771;unknown;control;2022-08-18 03:30:00+00:00;0.107;;
966771;unknown;control;2022-08-18 03:45:00+00:00;0.097;;
966771;unknown;control;2022-08-18 04:00:00+00:00;0.1;;
966771;unknown;control;2022-08-18 04:15:00+00:00;0.11;;
966771;unknown;control;2022-08-18 04:30:00+00:00;0.11;;
966771;unknown;control;2022-08-18 04:45:00+00:00;0.139;;
966771;unknown;control;2022-08-18 05:00:00+00:00;0.111;;
966771;unknown;control;2022-08-18 05:15:00+00:00;0.099;;
966771;unknown;control;2022-08-18 05:30:00+00:00;0.107;;
966771;unknown;control;2022-08-18 05:45:00+00:00;0.122;;
966771;unknown;control;2022-08-18 06:00:00+00:00;0.523;;
966771;unknown;control;2022-08-18 06:15:00+00:00;0.142;;
966771;unknown;control;2022-08-18 06:30:00+00:00;0.133;;
966771;unknown;control;2022-08-18 06:45:00+00:00;0.141;;
966771;unknown;control;2022-08-18 07:00:00+00:00;0.649;;
966771;unknown;control;2022-08-18 07:15:00+00:00;0.877;;
966771;unknown;control;2022-08-18 07:30:00+00:00;0.147;;
966771;unknown;control;2022-08-18 07:45:00+00:00;0.171;;
966771;unknown;control;2022-08-18 08:00:00+00:00;0.168;;
966771;unknown;control;2022-08-18 08:15:00+00:00;0.194;;
966771;unknown;control;2022-08-18 08:30:00+00:00;0.27;;
966771;unknown;control;2022-08-18 08:45:00+00:00;0.288;;
966771;unknown;control;2022-08-18 09:00:00+00:00;0.264;;
966771;unknown;control;2022-08-18 09:15:00+00:00;0.677;;
966771;unknown;control;2022-08-18 09:30:00+00:00;0.376;;
966771;unknown;control;2022-08-18 09:45:00+00:00;0.215;;
966771;unknown;control;2022-08-18 10:00:00+00:00;0.124;;
966771;unknown;control;2022-08-18 10:15:00+00:00;0.088;;
966771;unknown;control;2022-08-18 10:30:00+00:00;0.1;;
966771;unknown;control;2022-08-18 10:45:00+00:00;0.105;;
966771;unknown;control;2022-08-18 11:00:00+00:00;0.098;;
966771;unknown;control;2022-08-18 11:15:00+00:00;0.102;;
966771;unknown;control;2022-08-18 11:30:00+00:00;0.111;;
966771;unknown;control;2022-08-18 11:45:00+00:00;0.098;;
966771;unknown;control;2022-08-18 12:00:00+00:00;0.114;;
966771;unknown;control;2022-08-18 12:15:00+00:00;0.101;;
966771;unknown;control;2022-08-18 12:30:00+00:00;0.094;;
966771;unknown;control;2022-08-18 12:45:00+00:00;0.107;;
966771;unknown;control;2022-08-18 13:00:00+00:00;0.101;;
966771;unknown;control;2022-08-18 13:15:00+00:00;0.094;;
966771;unknown;control;2022-08-18 13:30:00+00:00;0.106;;
966771;unknown;control;2022-08-18 13:45:00+00:00;0.099;;
966771;unknown;control;2022-08-18 14:00:00+00:00;0.104;;
966771;unknown;control;2022-08-18 14:15:00+00:00;0.105;;
966771;unknown;control;2022-08-18 14:30:00+00:00;0.106;;
966771;unknown;control;2022-08-18 14:45:00+00:00;0.207;;
966771;unknown;control;2022-08-18 15:00:00+00:00;0.443;;
966771;unknown;control;2022-08-18 15:15:00+00:00;0.299;;
966771;unknown;control;2022-08-18 15:30:00+00:00;0.343;;
966771;unknown;control;2022-08-18 15:45:00+00:00;0.206;;
966771;unknown;control;2022-08-18 16:00:00+00:00;0.102;;
966771;unknown;control;2022-08-18 16:15:00+00:00;0.1;;
966771;unknown;control;2022-08-18 16:30:00+00:00;0.114;;
966771;unknown;control;2022-08-18 16:45:00+00:00;0.106;;
966771;unknown;control;2022-08-18 17:00:00+00:00;0.26;;
966771;unknown;control;2022-08-18 17:15:00+00:00;0.272;;
966771;unknown;control;2022-08-18 17:30:00+00:00;0.135;;
966771;unknown;control;2022-08-18 17:45:00+00:00;0.193;;
966771;unknown;control;2022-08-18 18:00:00+00:00;0.173;;
966771;unknown;control;2022-08-18 18:15:00+00:00;0.141;;
966771;unknown;control;2022-08-18 18:30:00+00:00;0.167;;
966771;unknown;control;2022-08-18 18:45:00+00:00;0.219;;
966771;unknown;control;2022-08-18 19:00:00+00:00;0.23;;
966771;unknown;control;2022-08-18 19:15:00+00:00;0.176;;
966771;unknown;control;2022-08-18 19:30:00+00:00;0.2;;
966771;unknown;control;2022-08-18 19:45:00+00:00;0.196;;
966771;unknown;control;2022-08-18 20:00:00+00:00;0.357;;
966771;unknown;control;2022-08-18 20:15:00+00:00;0.168;;
966771;unknown;control;2022-08-18 20:30:00+00:00;0.141;;
966771;unknown;control;2022-08-18 20:45:00+00:00;0.152;;
966771;unknown;control;2022-08-18 21:00:00+00:00;0.171;;
966771;unknown;control;2022-08-18 21:15:00+00:00;0.584;;
966771;unknown;control;2022-08-18 21:30:00+00:00;0.27;;
966771;unknown;control;2022-08-18 21:45:00+00:00;0.151;;
966771;unknown;control;2022-08-18 22:00:00+00:00;0.263;;
966771;unknown;control;2022-08-18 22:15:00+00:00;0.342;;
966771;unknown;control;2022-08-18 22:30:00+00:00;0.111;;
966771;unknown;control;2022-08-18 22:45:00+00:00;0.103;;
966771;unknown;control;2022-08-18 23:00:00+00:00;0.114;;
966771;unknown;control;2022-08-18 23:15:00+00:00;0.105;;
966771;unknown;control;2022-08-18 23:30:00+00:00;1.357;;
966771;unknown;control;2022-08-18 23:45:00+00:00;1.319;;
966771;unknown;control;2022-08-19 00:00:00+00:00;1.319;;
966771;unknown;control;2022-08-19 00:15:00+00:00;1.349;;
966771;unknown;control;2022-08-19 00:30:00+00:00;1.357;;
966771;unknown;control;2022-08-19 00:45:00+00:00;1.378;;
966771;unknown;control;2022-08-19 01:00:00+00:00;0.333;;
966771;unknown;control;2022-08-19 01:15:00+00:00;0.104;;
966771;unknown;control;2022-08-19 01:30:00+00:00;0.1;;
966771;unknown;control;2022-08-19 01:45:00+00:00;0.106;;
966771;unknown;control;2022-08-19 02:00:00+00:00;0.104;;
966771;unknown;control;2022-08-19 02:15:00+00:00;0.112;;
966771;unknown;control;2022-08-19 02:30:00+00:00;0.108;;
966771;unknown;control;2022-08-19 02:45:00+00:00;0.101;;
966771;unknown;control;2022-08-19 03:00:00+00:00;0.097;;
966771;unknown;control;2022-08-19 03:15:00+00:00;0.107;;
966771;unknown;control;2022-08-19 03:30:00+00:00;0.099;;
966771;unknown;control;2022-08-19 03:45:00+00:00;0.107;;
966771;unknown;control;2022-08-19 04:00:00+00:00;0.108;;
966771;unknown;control;2022-08-19 04:15:00+00:00;0.1;;
966771;unknown;control;2022-08-19 04:30:00+00:00;0.103;;
966771;unknown;control;2022-08-19 04:45:00+00:00;0.109;;
966771;unknown;control;2022-08-19 05:00:00+00:00;0.101;;
966771;unknown;control;2022-08-19 05:15:00+00:00;0.097;;
966771;unknown;control;2022-08-19 05:30:00+00:00;0.107;;
966771;unknown;control;2022-08-19 05:45:00+00:00;0.129;;
966771;unknown;control;2022-08-19 06:00:00+00:00;0.099;;
966771;unknown;control;2022-08-19 06:15:00+00:00;0.111;;
966771;unknown;control;2022-08-19 06:30:00+00:00;0.103;;
966771;unknown;control;2022-08-19 06:45:00+00:00;0.104;;
966771;unknown;control;2022-08-19 07:00:00+00:00;0.104;;
966771;unknown;control;2022-08-19 07:15:00+00:00;0.096;;
966771;unknown;control;2022-08-19 07:30:00+00:00;0.113;;
966771;unknown;control;2022-08-19 07:45:00+00:00;0.309;;
966771;unknown;control;2022-08-19 08:00:00+00:00;0.101;;
966771;unknown;control;2022-08-19 08:15:00+00:00;0.127;;
966771;unknown;control;2022-08-19 08:30:00+00:00;0.12;;
966771;unknown;control;2022-08-19 08:45:00+00:00;0.148;;
966771;unknown;control;2022-08-19 09:00:00+00:00;0.107;;
966771;unknown;control;2022-08-19 09:15:00+00:00;0.1;;
966771;unknown;control;2022-08-19 09:30:00+00:00;0.107;;
966771;unknown;control;2022-08-19 09:45:00+00:00;0.118;;
966771;unknown;control;2022-08-19 10:00:00+00:00;0.104;;
966771;unknown;control;2022-08-19 10:15:00+00:00;0.095;;
966771;unknown;control;2022-08-19 10:30:00+00:00;0.12;;
966771;unknown;control;2022-08-19 10:45:00+00:00;0.123;;
966771;unknown;control;2022-08-19 11:00:00+00:00;0.136;;
966771;unknown;control;2022-08-19 11:15:00+00:00;0.12;;
966771;unknown;control;2022-08-19 11:30:00+00:00;0.107;;
966771;unknown;control;2022-08-19 11:45:00+00:00;0.105;;
966771;unknown;control;2022-08-19 12:00:00+00:00;0.106;;
966771;unknown;control;2022-08-19 12:15:00+00:00;0.1;;
966771;unknown;control;2022-08-19 12:30:00+00:00;0.095;;
966771;unknown;control;2022-08-19 12:45:00+00:00;0.105;;
966771;unknown;control;2022-08-19 13:00:00+00:00;0.097;;
966771;unknown;control;2022-08-19 13:15:00+00:00;0.115;;
966771;unknown;control;2022-08-19 13:30:00+00:00;0.183;;
966771;unknown;control;2022-08-19 13:45:00+00:00;0.183;;
966771;unknown;control;2022-08-19 14:00:00+00:00;0.375;;
966771;unknown;control;2022-08-19 14:15:00+00:00;0.128;;
966771;unknown;control;2022-08-19 14:30:00+00:00;0.091;;
966771;unknown;control;2022-08-19 14:45:00+00:00;0.094;;
966771;unknown;control;2022-08-19 15:00:00+00:00;0.097;;
966771;unknown;control;2022-08-19 15:15:00+00:00;0.091;;
966771;unknown;control;2022-08-19 15:30:00+00:00;0.097;;
966771;unknown;control;2022-08-19 15:45:00+00:00;0.098;;
966771;unknown;control;2022-08-19 16:00:00+00:00;0.092;;
966771;unknown;control;2022-08-19 16:15:00+00:00;0.101;;
966771;unknown;control;2022-08-19 16:30:00+00:00;0.111;;
966771;unknown;control;2022-08-19 16:45:00+00:00;0.091;;
966771;unknown;control;2022-08-19 17:00:00+00:00;0.102;;
966771;unknown;control;2022-08-19 17:15:00+00:00;0.098;;
966771;unknown;control;2022-08-19 17:30:00+00:00;0.097;;
966771;unknown;control;2022-08-19 17:45:00+00:00;0.099;;
966771;unknown;control;2022-08-19 18:00:00+00:00;0.096;;
966771;unknown;control;2022-08-19 18:15:00+00:00;0.094;;
966771;unknown;control;2022-08-19 18:30:00+00:00;0.1;;
966771;unknown;control;2022-08-19 18:45:00+00:00;0.091;;
966771;unknown;control;2022-08-19 19:00:00+00:00;0.101;;
966771;unknown;control;2022-08-19 19:15:00+00:00;0.109;;
966771;unknown;control;2022-08-19 19:30:00+00:00;0.109;;
966771;unknown;control;2022-08-19 19:45:00+00:00;0.107;;
966771;unknown;control;2022-08-19 20:00:00+00:00;0.1;;
966771;unknown;control;2022-08-19 20:15:00+00:00;0.09;;
966771;unknown;control;2022-08-19 20:30:00+00:00;0.095;;
966771;unknown;control;2022-08-19 20:45:00+00:00;0.106;;
966771;unknown;control;2022-08-19 21:00:00+00:00;0.092;;
966771;unknown;control;2022-08-19 21:15:00+00:00;0.1;;
966771;unknown;control;2022-08-19 21:30:00+00:00;0.107;;
966771;unknown;control;2022-08-19 21:45:00+00:00;0.091;;
966771;unknown;control;2022-08-19 22:00:00+00:00;0.1;;
966771;unknown;control;2022-08-19 22:15:00+00:00;0.103;;
966771;unknown;control;2022-08-19 22:30:00+00:00;0.087;;
966771;unknown;control;2022-08-19 22:45:00+00:00;0.099;;
966771;unknown;control;2022-08-19 23:00:00+00:00;0.105;;
966771;unknown;control;2022-08-19 23:15:00+00:00;0.092;;
966771;unknown;control;2022-08-19 23:30:00+00:00;1.354;;
966771;unknown;control;2022-08-19 23:45:00+00:00;1.311;;
966771;unknown;control;2022-08-20 00:00:00+00:00;1.29;;
966771;unknown;control;2022-08-20 00:15:00+00:00;1.328;;
966771;unknown;control;2022-08-20 00:30:00+00:00;1.336;;
966771;unknown;control;2022-08-20 00:45:00+00:00;1.355;;
966771;unknown;control;2022-08-20 01:00:00+00:00;1.366;;
966771;unknown;control;2022-08-20 01:15:00+00:00;0.205;;
966771;unknown;control;2022-08-20 01:30:00+00:00;0.094;;
966771;unknown;control;2022-08-20 01:45:00+00:00;0.104;;
966771;unknown;control;2022-08-20 02:00:00+00:00;0.101;;
966771;unknown;control;2022-08-20 02:15:00+00:00;0.095;;
966771;unknown;control;2022-08-20 02:30:00+00:00;0.1;;
966771;unknown;control;2022-08-20 02:45:00+00:00;0.095;;
966771;unknown;control;2022-08-20 03:00:00+00:00;0.092;;
966771;unknown;control;2022-08-20 03:15:00+00:00;0.103;;
966771;unknown;control;2022-08-20 03:30:00+00:00;0.097;;
966771;unknown;control;2022-08-20 03:45:00+00:00;0.096;;
966771;unknown;control;2022-08-20 04:00:00+00:00;0.103;;
966771;unknown;control;2022-08-20 04:15:00+00:00;0.099;;
966771;unknown;control;2022-08-20 04:30:00+00:00;0.093;;
966771;unknown;control;2022-08-20 04:45:00+00:00;0.098;;
966771;unknown;control;2022-08-20 05:00:00+00:00;0.107;;
966771;unknown;control;2022-08-20 05:15:00+00:00;0.1;;
966771;unknown;control;2022-08-20 05:30:00+00:00;0.144;;
966771;unknown;control;2022-08-20 05:45:00+00:00;0.131;;
966771;unknown;control;2022-08-20 06:00:00+00:00;0.107;;
966771;unknown;control;2022-08-20 06:15:00+00:00;0.109;;
966771;unknown;control;2022-08-20 06:30:00+00:00;0.113;;
966771;unknown;control;2022-08-20 06:45:00+00:00;0.102;;
966771;unknown;control;2022-08-20 07:00:00+00:00;0.089;;
966771;unknown;control;2022-08-20 07:15:00+00:00;0.105;;
966771;unknown;control;2022-08-20 07:30:00+00:00;0.105;;
966771;unknown;control;2022-08-20 07:45:00+00:00;0.089;;
966771;unknown;control;2022-08-20 08:00:00+00:00;0.103;;
966771;unknown;control;2022-08-20 08:15:00+00:00;0.105;;
966771;unknown;control;2022-08-20 08:30:00+00:00;0.09;;
966771;unknown;control;2022-08-20 08:45:00+00:00;0.102;;
966771;unknown;control;2022-08-20 09:00:00+00:00;0.102;;
966771;unknown;control;2022-08-20 09:15:00+00:00;0.093;;
966771;unknown;control;2022-08-20 09:30:00+00:00;0.101;;
966771;unknown;control;2022-08-20 09:45:00+00:00;0.096;;
966771;unknown;control;2022-08-20 10:00:00+00:00;0.091;;
966771;unknown;control;2022-08-20 10:15:00+00:00;0.102;;
966771;unknown;control;2022-08-20 10:30:00+00:00;0.1;;
966771;unknown;control;2022-08-20 10:45:00+00:00;0.098;;
966771;unknown;control;2022-08-20 11:00:00+00:00;0.101;;
966771;unknown;control;2022-08-20 11:15:00+00:00;0.098;;
966771;unknown;control;2022-08-20 11:30:00+00:00;0.101;;
966771;unknown;control;2022-08-20 11:45:00+00:00;0.101;;
966771;unknown;control;2022-08-20 12:00:00+00:00;0.095;;
966771;unknown;control;2022-08-20 12:15:00+00:00;0.103;;
966771;unknown;control;2022-08-20 12:30:00+00:00;0.097;;
966771;unknown;control;2022-08-20 12:45:00+00:00;0.094;;
966771;unknown;control;2022-08-20 13:00:00+00:00;0.104;;
966771;unknown;control;2022-08-20 13:15:00+00:00;0.098;;
966771;unknown;control;2022-08-20 13:30:00+00:00;0.094;;
966771;unknown;control;2022-08-20 13:45:00+00:00;0.106;;
966771;unknown;control;2022-08-20 14:00:00+00:00;0.092;;
966771;unknown;control;2022-08-20 14:15:00+00:00;0.094;;
966771;unknown;control;2022-08-20 14:30:00+00:00;0.106;;
966771;unknown;control;2022-08-20 14:45:00+00:00;0.095;;
966771;unknown;control;2022-08-20 15:00:00+00:00;0.09;;
966771;unknown;control;2022-08-20 15:15:00+00:00;0.106;;
966771;unknown;control;2022-08-20 15:30:00+00:00;0.095;;
966771;unknown;control;2022-08-20 15:45:00+00:00;0.092;;
966771;unknown;control;2022-08-20 16:00:00+00:00;0.1;;
966771;unknown;control;2022-08-20 16:15:00+00:00;0.094;;
966771;unknown;control;2022-08-20 16:30:00+00:00;0.099;;
966771;unknown;control;2022-08-20 16:45:00+00:00;0.101;;
966771;unknown;control;2022-08-20 17:00:00+00:00;0.091;;
966771;unknown;control;2022-08-20 17:15:00+00:00;0.098;;
966771;unknown;control;2022-08-20 17:30:00+00:00;0.098;;
966771;unknown;control;2022-08-20 17:45:00+00:00;0.092;;
966771;unknown;control;2022-08-20 18:00:00+00:00;0.098;;
966771;unknown;control;2022-08-20 18:15:00+00:00;0.098;;
966771;unknown;control;2022-08-20 18:30:00+00:00;0.1;;
966771;unknown;control;2022-08-20 18:45:00+00:00;0.104;;
966771;unknown;control;2022-08-20 19:00:00+00:00;0.1;;
966771;unknown;control;2022-08-20 19:15:00+00:00;0.103;;
966771;unknown;control;2022-08-20 19:30:00+00:00;0.115;;
966771;unknown;control;2022-08-20 19:45:00+00:00;0.099;;
966771;unknown;control;2022-08-20 20:00:00+00:00;0.095;;
966771;unknown;control;2022-08-20 20:15:00+00:00;0.104;;
966771;unknown;control;2022-08-20 20:30:00+00:00;0.097;;
966771;unknown;control;2022-08-20 20:45:00+00:00;0.101;;
966771;unknown;control;2022-08-20 21:00:00+00:00;0.097;;
966771;unknown;control;2022-08-20 21:15:00+00:00;0.096;;
966771;unknown;control;2022-08-20 21:30:00+00:00;0.104;;
966771;unknown;control;2022-08-20 21:45:00+00:00;0.096;;
966771;unknown;control;2022-08-20 22:00:00+00:00;0.096;;
966771;unknown;control;2022-08-20 22:15:00+00:00;0.105;;
966771;unknown;control;2022-08-20 22:30:00+00:00;0.095;;
966771;unknown;control;2022-08-20 22:45:00+00:00;0.098;;
966771;unknown;control;2022-08-20 23:00:00+00:00;0.104;;
966771;unknown;control;2022-08-20 23:15:00+00:00;0.09;;
966771;unknown;control;2022-08-20 23:30:00+00:00;1.347;;
966771;unknown;control;2022-08-20 23:45:00+00:00;1.308;;
966771;unknown;control;2022-08-21 00:00:00+00:00;0.28;;
966771;unknown;control;2022-08-21 00:15:00+00:00;0.095;;
966771;unknown;control;2022-08-21 00:30:00+00:00;0.098;;
966771;unknown;control;2022-08-21 00:45:00+00:00;0.089;;
966771;unknown;control;2022-08-21 01:00:00+00:00;0.103;;
966771;unknown;control;2022-08-21 01:15:00+00:00;0.103;;
966771;unknown;control;2022-08-21 01:30:00+00:00;0.091;;
966771;unknown;control;2022-08-21 01:45:00+00:00;0.105;;
966771;unknown;control;2022-08-21 02:00:00+00:00;0.101;;
966771;unknown;control;2022-08-21 02:15:00+00:00;0.093;;
966771;unknown;control;2022-08-21 02:30:00+00:00;0.103;;
966771;unknown;control;2022-08-21 02:45:00+00:00;0.099;;
966771;unknown;control;2022-08-21 03:00:00+00:00;0.091;;
966771;unknown;control;2022-08-21 03:15:00+00:00;0.101;;
966771;unknown;control;2022-08-21 03:30:00+00:00;0.096;;
966771;unknown;control;2022-08-21 03:45:00+00:00;0.093;;
966771;unknown;control;2022-08-21 04:00:00+00:00;0.104;;
966771;unknown;control;2022-08-21 04:15:00+00:00;0.096;;
966771;unknown;control;2022-08-21 04:30:00+00:00;0.092;;
966771;unknown;control;2022-08-21 04:45:00+00:00;0.099;;
966771;unknown;control;2022-08-21 05:00:00+00:00;0.097;;
966771;unknown;control;2022-08-21 05:15:00+00:00;0.097;;
966771;unknown;control;2022-08-21 05:30:00+00:00;0.099;;
966771;unknown;control;2022-08-21 05:45:00+00:00;0.097;;
966771;unknown;control;2022-08-21 06:00:00+00:00;0.097;;
966771;unknown;control;2022-08-21 06:15:00+00:00;0.097;;
966771;unknown;control;2022-08-21 06:30:00+00:00;0.092;;
966771;unknown;control;2022-08-21 06:45:00+00:00;0.096;;
966771;unknown;control;2022-08-21 07:00:00+00:00;0.094;;
966771;unknown;control;2022-08-21 07:15:00+00:00;0.093;;
966771;unknown;control;2022-08-21 07:30:00+00:00;0.097;;
966771;unknown;control;2022-08-21 07:45:00+00:00;0.093;;
966771;unknown;control;2022-08-21 08:00:00+00:00;0.097;;
966771;unknown;control;2022-08-21 08:15:00+00:00;0.101;;
966771;unknown;control;2022-08-21 08:30:00+00:00;0.093;;
966771;unknown;control;2022-08-21 08:45:00+00:00;0.1;;
966771;unknown;control;2022-08-21 09:00:00+00:00;0.1;;
966771;unknown;control;2022-08-21 09:15:00+00:00;0.091;;
966771;unknown;control;2022-08-21 09:30:00+00:00;0.096;;
966771;unknown;control;2022-08-21 09:45:00+00:00;0.097;;
966771;unknown;control;2022-08-21 10:00:00+00:00;0.088;;
966771;unknown;control;2022-08-21 10:15:00+00:00;0.098;;
966771;unknown;control;2022-08-21 10:30:00+00:00;0.097;;
966771;unknown;control;2022-08-21 10:45:00+00:00;0.094;;
966771;unknown;control;2022-08-21 11:00:00+00:00;0.105;;
966771;unknown;control;2022-08-21 11:15:00+00:00;0.101;;
966771;unknown;control;2022-08-21 11:30:00+00:00;0.091;;
966771;unknown;control;2022-08-21 11:45:00+00:00;0.106;;
966771;unknown;control;2022-08-21 12:00:00+00:00;0.1;;
966771;unknown;control;2022-08-21 12:15:00+00:00;0.093;;
966771;unknown;control;2022-08-21 12:30:00+00:00;0.103;;
966771;unknown;control;2022-08-21 12:45:00+00:00;0.097;;
966771;unknown;control;2022-08-21 13:00:00+00:00;0.092;;
966771;unknown;control;2022-08-21 13:15:00+00:00;0.105;;
966771;unknown;control;2022-08-21 13:30:00+00:00;0.099;;
966771;unknown;control;2022-08-21 13:45:00+00:00;0.095;;
966771;unknown;control;2022-08-21 14:00:00+00:00;0.098;;
966771;unknown;control;2022-08-21 14:15:00+00:00;0.092;;
966771;unknown;control;2022-08-21 14:30:00+00:00;0.093;;
966771;unknown;control;2022-08-21 14:45:00+00:00;0.097;;
966771;unknown;control;2022-08-21 15:00:00+00:00;0.091;;
966771;unknown;control;2022-08-21 15:15:00+00:00;0.094;;
966771;unknown;control;2022-08-21 15:30:00+00:00;0.095;;
966771;unknown;control;2022-08-21 15:45:00+00:00;0.092;;
966771;unknown;control;2022-08-21 16:00:00+00:00;0.097;;
966771;unknown;control;2022-08-21 16:15:00+00:00;0.113;;
966771;unknown;control;2022-08-21 16:30:00+00:00;0.106;;
966771;unknown;control;2022-08-21 16:45:00+00:00;0.429;;
966771;unknown;control;2022-08-21 17:00:00+00:00;0.211;;
966771;unknown;control;2022-08-21 17:15:00+00:00;0.374;;
966771;unknown;control;2022-08-21 17:30:00+00:00;0.108;;
966771;unknown;control;2022-08-21 17:45:00+00:00;0.151;;
966771;unknown;control;2022-08-21 18:00:00+00:00;0.146;;
966771;unknown;control;2022-08-21 18:15:00+00:00;0.181;;
966771;unknown;control;2022-08-21 18:30:00+00:00;0.118;;
966771;unknown;control;2022-08-21 18:45:00+00:00;0.117;;
966771;unknown;control;2022-08-21 19:00:00+00:00;0.133;;
966771;unknown;control;2022-08-21 19:15:00+00:00;0.147;;
966771;unknown;control;2022-08-21 19:30:00+00:00;0.126;;
966771;unknown;control;2022-08-21 19:45:00+00:00;0.117;;
966771;unknown;control;2022-08-21 20:00:00+00:00;0.095;;
966771;unknown;control;2022-08-21 20:15:00+00:00;0.114;;
966771;unknown;control;2022-08-21 20:30:00+00:00;0.108;;
966771;unknown;control;2022-08-21 20:45:00+00:00;0.096;;
966771;unknown;control;2022-08-21 21:00:00+00:00;0.111;;
966771;unknown;control;2022-08-21 21:15:00+00:00;0.11;;
966771;unknown;control;2022-08-21 21:30:00+00:00;0.101;;
966771;unknown;control;2022-08-21 21:45:00+00:00;0.106;;
966771;unknown;control;2022-08-21 22:00:00+00:00;0.104;;
966771;unknown;control;2022-08-21 22:15:00+00:00;0.102;;
966771;unknown;control;2022-08-21 22:30:00+00:00;0.108;;
966771;unknown;control;2022-08-21 22:45:00+00:00;0.098;;
966771;unknown;control;2022-08-21 23:00:00+00:00;0.1;;
966771;unknown;control;2022-08-21 23:15:00+00:00;0.11;;
966771;unknown;control;2022-08-21 23:30:00+00:00;1.351;;
966771;unknown;control;2022-08-21 23:45:00+00:00;1.312;;
966771;unknown;control;2022-08-22 00:00:00+00:00;1.309;;
966771;unknown;control;2022-08-22 00:15:00+00:00;1.32;;
966771;unknown;control;2022-08-22 00:30:00+00:00;0.743;;
966771;unknown;control;2022-08-22 00:45:00+00:00;0.115;;
966771;unknown;control;2022-08-22 01:00:00+00:00;0.098;;
966771;unknown;control;2022-08-22 01:15:00+00:00;0.102;;
966771;unknown;control;2022-08-22 01:30:00+00:00;0.107;;
966771;unknown;control;2022-08-22 01:45:00+00:00;0.096;;
966771;unknown;control;2022-08-22 02:00:00+00:00;0.103;;
966771;unknown;control;2022-08-22 02:15:00+00:00;0.108;;
966771;unknown;control;2022-08-22 02:30:00+00:00;0.098;;
966771;unknown;control;2022-08-22 02:45:00+00:00;0.103;;
966771;unknown;control;2022-08-22 03:00:00+00:00;0.119;;
966771;unknown;control;2022-08-22 03:15:00+00:00;0.098;;
966771;unknown;control;2022-08-22 03:30:00+00:00;0.103;;
966771;unknown;control;2022-08-22 03:45:00+00:00;0.172;;
966771;unknown;control;2022-08-22 04:00:00+00:00;0.534;;
966771;unknown;control;2022-08-22 04:15:00+00:00;0.15;;
966771;unknown;control;2022-08-22 04:30:00+00:00;0.147;;
966771;unknown;control;2022-08-22 04:45:00+00:00;0.158;;
966771;unknown;control;2022-08-22 05:00:00+00:00;0.13;;
966771;unknown;control;2022-08-22 05:15:00+00:00;0.568;;
966771;unknown;control;2022-08-22 05:30:00+00:00;0.149;;
966771;unknown;control;2022-08-22 05:45:00+00:00;0.144;;
966771;unknown;control;2022-08-22 06:00:00+00:00;0.145;;
966771;unknown;control;2022-08-22 06:15:00+00:00;0.282;;
966771;unknown;control;2022-08-22 06:30:00+00:00;0.395;;
966771;unknown;control;2022-08-22 06:45:00+00:00;0.151;;
966771;unknown;control;2022-08-22 07:00:00+00:00;0.142;;
966771;unknown;control;2022-08-22 07:15:00+00:00;0.155;;
966771;unknown;control;2022-08-22 07:30:00+00:00;0.104;;
966771;unknown;control;2022-08-22 07:45:00+00:00;0.11;;
966771;unknown;control;2022-08-22 08:00:00+00:00;0.14;;
966771;unknown;control;2022-08-22 08:15:00+00:00;0.722;;
966771;unknown;control;2022-08-22 08:30:00+00:00;0.721;;
966771;unknown;control;2022-08-22 08:45:00+00:00;0.147;;
966771;unknown;control;2022-08-22 09:00:00+00:00;0.153;;
966771;unknown;control;2022-08-22 09:15:00+00:00;0.182;;
966771;unknown;control;2022-08-22 09:30:00+00:00;0.551;;
966771;unknown;control;2022-08-22 09:45:00+00:00;0.249;;
966771;unknown;control;2022-08-22 10:00:00+00:00;0.211;;
966771;unknown;control;2022-08-22 10:15:00+00:00;0.102;;
966771;unknown;control;2022-08-22 10:30:00+00:00;0.098;;
966771;unknown;control;2022-08-22 10:45:00+00:00;0.133;;
966771;unknown;control;2022-08-22 11:00:00+00:00;0.233;;
966771;unknown;control;2022-08-22 11:15:00+00:00;0.266;;
966771;unknown;control;2022-08-22 11:30:00+00:00;0.294;;
966771;unknown;control;2022-08-22 11:45:00+00:00;0.29;;
966771;unknown;control;2022-08-22 12:00:00+00:00;0.294;;
966771;unknown;control;2022-08-22 12:15:00+00:00;0.191;;
966771;unknown;control;2022-08-22 12:30:00+00:00;0.116;;
966771;unknown;control;2022-08-22 12:45:00+00:00;0.118;;
966771;unknown;control;2022-08-22 13:00:00+00:00;0.113;;
966771;unknown;control;2022-08-22 13:15:00+00:00;0.108;;
966771;unknown;control;2022-08-22 13:30:00+00:00;0.107;;
966771;unknown;control;2022-08-22 13:45:00+00:00;0.114;;
966771;unknown;control;2022-08-22 14:00:00+00:00;0.105;;
966771;unknown;control;2022-08-22 14:15:00+00:00;0.115;;
966771;unknown;control;2022-08-22 14:30:00+00:00;0.099;;
966771;unknown;control;2022-08-22 14:45:00+00:00;0.164;;
966771;unknown;control;2022-08-22 15:00:00+00:00;0.17;;
966771;unknown;control;2022-08-22 15:15:00+00:00;0.093;;
966771;unknown;control;2022-08-22 15:30:00+00:00;0.093;;
966771;unknown;control;2022-08-22 15:45:00+00:00;0.118;;
966771;unknown;control;2022-08-22 16:00:00+00:00;0.11;;
966771;unknown;control;2022-08-22 16:15:00+00:00;0.093;;
966771;unknown;control;2022-08-22 16:30:00+00:00;0.101;;
966771;unknown;control;2022-08-22 16:45:00+00:00;0.096;;
966771;unknown;control;2022-08-22 17:00:00+00:00;0.102;;
966771;unknown;control;2022-08-22 17:15:00+00:00;0.118;;
966771;unknown;control;2022-08-22 17:30:00+00:00;0.115;;
966771;unknown;control;2022-08-22 17:45:00+00:00;0.104;;
966771;unknown;control;2022-08-22 18:00:00+00:00;0.159;;
966771;unknown;control;2022-08-22 18:15:00+00:00;0.22;;
966771;unknown;control;2022-08-22 18:30:00+00:00;0.217;;
966771;unknown;control;2022-08-22 18:45:00+00:00;0.221;;
966771;unknown;control;2022-08-22 19:00:00+00:00;0.183;;
966771;unknown;control;2022-08-22 19:15:00+00:00;0.139;;
966771;unknown;control;2022-08-22 19:30:00+00:00;0.14;;
966771;unknown;control;2022-08-22 19:45:00+00:00;0.112;;
966771;unknown;control;2022-08-22 20:00:00+00:00;0.108;;
966771;unknown;control;2022-08-22 20:15:00+00:00;0.112;;
966771;unknown;control;2022-08-22 20:30:00+00:00;0.091;;
966771;unknown;control;2022-08-22 20:45:00+00:00;0.097;;
966771;unknown;control;2022-08-22 21:00:00+00:00;0.102;;
966771;unknown;control;2022-08-22 21:15:00+00:00;0.091;;
966771;unknown;control;2022-08-22 21:30:00+00:00;0.102;;
966771;unknown;control;2022-08-22 21:45:00+00:00;0.097;;
966771;unknown;control;2022-08-22 22:00:00+00:00;0.099;;
966771;unknown;control;2022-08-22 22:15:00+00:00;0.107;;
966771;unknown;control;2022-08-22 22:30:00+00:00;0.102;;
966771;unknown;control;2022-08-22 22:45:00+00:00;0.093;;
966771;unknown;control;2022-08-22 23:00:00+00:00;0.104;;
966771;unknown;control;2022-08-22 23:15:00+00:00;0.099;;
966771;unknown;control;2022-08-22 23:30:00+00:00;1.347;;
966771;unknown;control;2022-08-22 23:45:00+00:00;1.312;;
966771;unknown;control;2022-08-23 00:00:00+00:00;1.316;;
966771;unknown;control;2022-08-23 00:15:00+00:00;1.342;;
966771;unknown;control;2022-08-23 00:30:00+00:00;1.35;;
966771;unknown;control;2022-08-23 00:45:00+00:00;1.367;;
966771;unknown;control;2022-08-23 01:00:00+00:00;1.377;;
966771;unknown;control;2022-08-23 01:15:00+00:00;0.137;;
966771;unknown;control;2022-08-23 01:30:00+00:00;0.094;;
966771;unknown;control;2022-08-23 01:45:00+00:00;0.102;;
966771;unknown;control;2022-08-23 02:00:00+00:00;0.1;;
966771;unknown;control;2022-08-23 02:15:00+00:00;0.092;;
966771;unknown;control;2022-08-23 02:30:00+00:00;0.105;;
966771;unknown;control;2022-08-23 02:45:00+00:00;0.105;;
966771;unknown;control;2022-08-23 03:00:00+00:00;0.088;;
966771;unknown;control;2022-08-23 03:15:00+00:00;0.099;;
966771;unknown;control;2022-08-23 03:30:00+00:00;0.107;;
966771;unknown;control;2022-08-23 03:45:00+00:00;0.089;;
966771;unknown;control;2022-08-23 04:00:00+00:00;0.117;;
966771;unknown;control;2022-08-23 04:15:00+00:00;0.104;;
966771;unknown;control;2022-08-23 04:30:00+00:00;0.122;;
966771;unknown;control;2022-08-23 04:45:00+00:00;0.106;;
966771;unknown;control;2022-08-23 05:00:00+00:00;0.101;;
966771;unknown;control;2022-08-23 05:15:00+00:00;0.096;;
966771;unknown;control;2022-08-23 05:30:00+00:00;0.104;;
966771;unknown;control;2022-08-23 05:45:00+00:00;0.148;;
966771;unknown;control;2022-08-23 06:00:00+00:00;0.288;;
966771;unknown;control;2022-08-23 06:15:00+00:00;0.111;;
966771;unknown;control;2022-08-23 06:30:00+00:00;0.121;;
966771;unknown;control;2022-08-23 06:45:00+00:00;0.094;;
966771;unknown;control;2022-08-23 07:00:00+00:00;0.099;;
966771;unknown;control;2022-08-23 07:15:00+00:00;0.088;;
966771;unknown;control;2022-08-23 07:30:00+00:00;0.095;;
966771;unknown;control;2022-08-23 07:45:00+00:00;0.101;;
966771;unknown;control;2022-08-23 08:00:00+00:00;0.089;;
966771;unknown;control;2022-08-23 08:15:00+00:00;0.093;;
966771;unknown;control;2022-08-23 08:30:00+00:00;0.102;;
966771;unknown;control;2022-08-23 08:45:00+00:00;0.097;;
966771;unknown;control;2022-08-23 09:00:00+00:00;0.198;;
966771;unknown;control;2022-08-23 09:15:00+00:00;0.467;;
966771;unknown;control;2022-08-23 09:30:00+00:00;0.509;;
966771;unknown;control;2022-08-23 09:45:00+00:00;0.107;;
966771;unknown;control;2022-08-23 10:00:00+00:00;0.164;;
966771;unknown;control;2022-08-23 10:15:00+00:00;0.129;;
966771;unknown;control;2022-08-23 10:30:00+00:00;0.121;;
966771;unknown;control;2022-08-23 10:45:00+00:00;0.364;;
966771;unknown;control;2022-08-23 11:00:00+00:00;0.458;;
966771;unknown;control;2022-08-23 11:15:00+00:00;0.116;;
966771;unknown;control;2022-08-23 11:30:00+00:00;0.111;;
966771;unknown;control;2022-08-23 11:45:00+00:00;0.473;;
966771;unknown;control;2022-08-23 12:00:00+00:00;0.104;;
966771;unknown;control;2022-08-23 12:15:00+00:00;0.095;;
966771;unknown;control;2022-08-23 12:30:00+00:00;0.11;;
966771;unknown;control;2022-08-23 12:45:00+00:00;0.105;;
966771;unknown;control;2022-08-23 13:00:00+00:00;0.102;;
966771;unknown;control;2022-08-23 13:15:00+00:00;0.107;;
966771;unknown;control;2022-08-23 13:30:00+00:00;0.101;;
966771;unknown;control;2022-08-23 13:45:00+00:00;0.093;;
966771;unknown;control;2022-08-23 14:00:00+00:00;0.103;;
966771;unknown;control;2022-08-23 14:15:00+00:00;0.1;;
966771;unknown;control;2022-08-23 14:30:00+00:00;0.108;;
966771;unknown;control;2022-08-23 14:45:00+00:00;0.105;;
966771;unknown;control;2022-08-23 15:00:00+00:00;0.097;;
966771;unknown;control;2022-08-23 15:15:00+00:00;0.096;;
966771;unknown;control;2022-08-23 15:30:00+00:00;0.107;;
966771;unknown;control;2022-08-23 15:45:00+00:00;0.093;;
966771;unknown;control;2022-08-23 16:00:00+00:00;0.123;;
966771;unknown;control;2022-08-23 16:15:00+00:00;0.145;;
966771;unknown;control;2022-08-23 16:30:00+00:00;0.121;;
966771;unknown;control;2022-08-23 16:45:00+00:00;0.125;;
966771;unknown;control;2022-08-23 17:00:00+00:00;0.151;;
966771;unknown;control;2022-08-23 17:15:00+00:00;0.122;;
966771;unknown;control;2022-08-23 17:30:00+00:00;0.129;;
966771;unknown;control;2022-08-23 17:45:00+00:00;0.132;;
966771;unknown;control;2022-08-23 18:00:00+00:00;0.2;;
966771;unknown;control;2022-08-23 18:15:00+00:00;0.142;;
966771;unknown;control;2022-08-23 18:30:00+00:00;0.12;;
966771;unknown;control;2022-08-23 18:45:00+00:00;0.113;;
966771;unknown;control;2022-08-23 19:00:00+00:00;0.131;;
966771;unknown;control;2022-08-23 19:15:00+00:00;0.11;;
966771;unknown;control;2022-08-23 19:30:00+00:00;0.117;;
966771;unknown;control;2022-08-23 19:45:00+00:00;0.116;;
966771;unknown;control;2022-08-23 20:00:00+00:00;0.095;;
966771;unknown;control;2022-08-23 20:15:00+00:00;0.097;;
966771;unknown;control;2022-08-23 20:30:00+00:00;0.107;;
966771;unknown;control;2022-08-23 20:45:00+00:00;0.089;;
966771;unknown;control;2022-08-23 21:00:00+00:00;0.098;;
966771;unknown;control;2022-08-23 21:15:00+00:00;0.108;;
966771;unknown;control;2022-08-23 21:30:00+00:00;0.1;;
966771;unknown;control;2022-08-23 21:45:00+00:00;0.1;;
966771;unknown;control;2022-08-23 22:00:00+00:00;0.098;;
966771;unknown;control;2022-08-23 22:15:00+00:00;0.091;;
966771;unknown;control;2022-08-23 22:30:00+00:00;0.109;;
966771;unknown;control;2022-08-23 22:45:00+00:00;0.094;;
966771;unknown;control;2022-08-23 23:00:00+00:00;0.094;;
966771;unknown;control;2022-08-23 23:15:00+00:00;0.108;;
966771;unknown;control;2022-08-23 23:30:00+00:00;1.352;;
966771;unknown;control;2022-08-23 23:45:00+00:00;1.309;;
966771;unknown;control;2022-08-24 00:00:00+00:00;1.318;;
966771;unknown;control;2022-08-24 00:15:00+00:00;1.344;;
966771;unknown;control;2022-08-24 00:30:00+00:00;1.353;;
966771;unknown;control;2022-08-24 00:45:00+00:00;1.369;;
966771;unknown;control;2022-08-24 01:00:00+00:00;1.353;;
966771;unknown;control;2022-08-24 01:15:00+00:00;0.508;;
966771;unknown;control;2022-08-24 01:30:00+00:00;0.1;;
966771;unknown;control;2022-08-24 01:45:00+00:00;0.096;;
966771;unknown;control;2022-08-24 02:00:00+00:00;0.104;;
966771;unknown;control;2022-08-24 02:15:00+00:00;0.097;;
966771;unknown;control;2022-08-24 02:30:00+00:00;0.096;;
966771;unknown;control;2022-08-24 02:45:00+00:00;0.117;;
966771;unknown;control;2022-08-24 03:00:00+00:00;0.091;;
966771;unknown;control;2022-08-24 03:15:00+00:00;0.094;;
966771;unknown;control;2022-08-24 03:30:00+00:00;0.128;;
966771;unknown;control;2022-08-24 03:45:00+00:00;0.106;;
966771;unknown;control;2022-08-24 04:00:00+00:00;0.108;;
966771;unknown;control;2022-08-24 04:15:00+00:00;0.138;;
966771;unknown;control;2022-08-24 04:30:00+00:00;0.096;;
966771;unknown;control;2022-08-24 04:45:00+00:00;0.104;;
966771;unknown;control;2022-08-24 05:00:00+00:00;0.199;;
966771;unknown;control;2022-08-24 05:15:00+00:00;0.773;;
966771;unknown;control;2022-08-24 05:30:00+00:00;0.237;;
966771;unknown;control;2022-08-24 05:45:00+00:00;0.131;;
966771;unknown;control;2022-08-24 06:00:00+00:00;0.123;;
966771;unknown;control;2022-08-24 06:15:00+00:00;0.134;;
966771;unknown;control;2022-08-24 06:30:00+00:00;0.106;;
966771;unknown;control;2022-08-24 06:45:00+00:00;0.087;;
966771;unknown;control;2022-08-24 07:00:00+00:00;0.098;;
966771;unknown;control;2022-08-24 07:15:00+00:00;0.095;;
966771;unknown;control;2022-08-24 07:30:00+00:00;0.091;;
966771;unknown;control;2022-08-24 07:45:00+00:00;0.097;;
966771;unknown;control;2022-08-24 08:00:00+00:00;0.095;;
966771;unknown;control;2022-08-24 08:15:00+00:00;0.093;;
966771;unknown;control;2022-08-24 08:30:00+00:00;0.249;;
966771;unknown;control;2022-08-24 08:45:00+00:00;0.251;;
966771;unknown;control;2022-08-24 09:00:00+00:00;0.204;;
966771;unknown;control;2022-08-24 09:15:00+00:00;0.184;;
966771;unknown;control;2022-08-24 09:30:00+00:00;0.124;;
966771;unknown;control;2022-08-24 09:45:00+00:00;0.171;;
966771;unknown;control;2022-08-24 10:00:00+00:00;0.507;;
966771;unknown;control;2022-08-24 10:15:00+00:00;0.169;;
966771;unknown;control;2022-08-24 10:30:00+00:00;0.106;;
966771;unknown;control;2022-08-24 10:45:00+00:00;0.114;;
966771;unknown;control;2022-08-24 11:00:00+00:00;0.118;;
966771;unknown;control;2022-08-24 11:15:00+00:00;0.132;;
966771;unknown;control;2022-08-24 11:30:00+00:00;0.116;;
966771;unknown;control;2022-08-24 11:45:00+00:00;0.112;;
966771;unknown;control;2022-08-24 12:00:00+00:00;0.112;;
966771;unknown;control;2022-08-24 12:15:00+00:00;0.103;;
966771;unknown;control;2022-08-24 12:30:00+00:00;0.112;;
966771;unknown;control;2022-08-24 12:45:00+00:00;0.119;;
966771;unknown;control;2022-08-24 13:00:00+00:00;0.11;;
966771;unknown;control;2022-08-24 13:15:00+00:00;0.107;;
966771;unknown;control;2022-08-24 13:30:00+00:00;0.111;;
966771;unknown;control;2022-08-24 13:45:00+00:00;0.112;;
966771;unknown;control;2022-08-24 14:00:00+00:00;0.122;;
966771;unknown;control;2022-08-24 14:15:00+00:00;0.119;;
966771;unknown;control;2022-08-24 14:30:00+00:00;0.116;;
966771;unknown;control;2022-08-24 14:45:00+00:00;0.116;;
966771;unknown;control;2022-08-24 15:00:00+00:00;0.115;;
966771;unknown;control;2022-08-24 15:15:00+00:00;0.2;;
966771;unknown;control;2022-08-24 15:30:00+00:00;0.109;;
966771;unknown;control;2022-08-24 15:45:00+00:00;0.108;;
966771;unknown;control;2022-08-24 16:00:00+00:00;0.263;;
966771;unknown;control;2022-08-24 16:15:00+00:00;0.283;;
966771;unknown;control;2022-08-24 16:30:00+00:00;0.14;;
966771;unknown;control;2022-08-24 16:45:00+00:00;0.103;;
966771;unknown;control;2022-08-24 17:00:00+00:00;0.131;;
966771;unknown;control;2022-08-24 17:15:00+00:00;0.104;;
966771;unknown;control;2022-08-24 17:30:00+00:00;0.104;;
966771;unknown;control;2022-08-24 17:45:00+00:00;0.11;;
966771;unknown;control;2022-08-24 18:00:00+00:00;0.099;;
966771;unknown;control;2022-08-24 18:15:00+00:00;0.105;;
966771;unknown;control;2022-08-24 18:30:00+00:00;0.118;;
966771;unknown;control;2022-08-24 18:45:00+00:00;0.109;;
966771;unknown;control;2022-08-24 19:00:00+00:00;0.155;;
966771;unknown;control;2022-08-24 19:15:00+00:00;0.15;;
966771;unknown;control;2022-08-24 19:30:00+00:00;0.143;;
966771;unknown;control;2022-08-24 19:45:00+00:00;0.14;;
966771;unknown;control;2022-08-24 20:00:00+00:00;0.114;;
966771;unknown;control;2022-08-24 20:15:00+00:00;0.108;;
966771;unknown;control;2022-08-24 20:30:00+00:00;0.112;;
966771;unknown;control;2022-08-24 20:45:00+00:00;0.107;;
966771;unknown;control;2022-08-24 21:00:00+00:00;0.103;;
966771;unknown;control;2022-08-24 21:15:00+00:00;0.104;;
966771;unknown;control;2022-08-24 21:30:00+00:00;0.101;;
966771;unknown;control;2022-08-24 21:45:00+00:00;0.106;;
966771;unknown;control;2022-08-24 22:00:00+00:00;0.104;;
966771;unknown;control;2022-08-24 22:15:00+00:00;0.096;;
966771;unknown;control;2022-08-24 22:30:00+00:00;0.109;;
966771;unknown;control;2022-08-24 22:45:00+00:00;0.106;;
966771;unknown;control;2022-08-24 23:00:00+00:00;0.092;;
966771;unknown;control;2022-08-24 23:15:00+00:00;0.101;;
966771;unknown;control;2022-08-24 23:30:00+00:00;1.342;;
966771;unknown;control;2022-08-24 23:45:00+00:00;1.289;;
966771;unknown;control;2022-08-25 00:00:00+00:00;1.31;;
966771;unknown;control;2022-08-25 00:15:00+00:00;1.356;;
966771;unknown;control;2022-08-25 00:30:00+00:00;1.352;;
966771;unknown;control;2022-08-25 00:45:00+00:00;1.361;;
966771;unknown;control;2022-08-25 01:00:00+00:00;0.354;;
966771;unknown;control;2022-08-25 01:15:00+00:00;0.101;;
966771;unknown;control;2022-08-25 01:30:00+00:00;0.109;;
966771;unknown;control;2022-08-25 01:45:00+00:00;0.097;;
966771;unknown;control;2022-08-25 02:00:00+00:00;0.104;;
966771;unknown;control;2022-08-25 02:15:00+00:00;0.11;;
966771;unknown;control;2022-08-25 02:30:00+00:00;0.1;;
966771;unknown;control;2022-08-25 02:45:00+00:00;0.105;;
966771;unknown;control;2022-08-25 03:00:00+00:00;0.112;;
966771;unknown;control;2022-08-25 03:15:00+00:00;0.111;;
966771;unknown;control;2022-08-25 03:30:00+00:00;0.101;;
966771;unknown;control;2022-08-25 03:45:00+00:00;0.114;;
966771;unknown;control;2022-08-25 04:00:00+00:00;0.132;;
966771;unknown;control;2022-08-25 04:15:00+00:00;0.103;;
966771;unknown;control;2022-08-25 04:30:00+00:00;0.107;;
966771;unknown;control;2022-08-25 04:45:00+00:00;0.108;;
966771;unknown;control;2022-08-25 05:00:00+00:00;0.107;;
966771;unknown;control;2022-08-25 05:15:00+00:00;0.111;;
966771;unknown;control;2022-08-25 05:30:00+00:00;0.097;;
966771;unknown;control;2022-08-25 05:45:00+00:00;0.099;;
966771;unknown;control;2022-08-25 06:00:00+00:00;0.098;;
966771;unknown;control;2022-08-25 06:15:00+00:00;0.099;;
966771;unknown;control;2022-08-25 06:30:00+00:00;0.102;;
966771;unknown;control;2022-08-25 06:45:00+00:00;0.114;;
966771;unknown;control;2022-08-25 07:00:00+00:00;0.121;;
966771;unknown;control;2022-08-25 07:15:00+00:00;0.544;;
966771;unknown;control;2022-08-25 07:30:00+00:00;0.132;;
966771;unknown;control;2022-08-25 07:45:00+00:00;0.133;;
966771;unknown;control;2022-08-25 08:00:00+00:00;0.15;;
966771;unknown;control;2022-08-25 08:15:00+00:00;0.097;;
966771;unknown;control;2022-08-25 08:30:00+00:00;0.098;;
966771;unknown;control;2022-08-25 08:45:00+00:00;0.19;;
966771;unknown;control;2022-08-25 09:00:00+00:00;0.141;;
966771;unknown;control;2022-08-25 09:15:00+00:00;0.114;;
966771;unknown;control;2022-08-25 09:30:00+00:00;0.316;;
966771;unknown;control;2022-08-25 09:45:00+00:00;0.205;;
966771;unknown;control;2022-08-25 10:00:00+00:00;0.189;;
966771;unknown;control;2022-08-25 10:15:00+00:00;0.503;;
966771;unknown;control;2022-08-25 10:30:00+00:00;0.242;;
966771;unknown;control;2022-08-25 10:45:00+00:00;0.468;;
966771;unknown;control;2022-08-25 11:00:00+00:00;0.917;;
966771;unknown;control;2022-08-25 11:15:00+00:00;0.632;;
966771;unknown;control;2022-08-25 11:30:00+00:00;0.161;;
966771;unknown;control;2022-08-25 11:45:00+00:00;0.141;;
966771;unknown;control;2022-08-25 12:00:00+00:00;0.393;;
966771;unknown;control;2022-08-25 12:15:00+00:00;0.473;;
966771;unknown;control;2022-08-25 12:30:00+00:00;0.264;;
966771;unknown;control;2022-08-25 12:45:00+00:00;0.286;;
966771;unknown;control;2022-08-25 13:00:00+00:00;0.288;;
966771;unknown;control;2022-08-25 13:15:00+00:00;0.244;;
966771;unknown;control;2022-08-25 13:30:00+00:00;0.124;;
966771;unknown;control;2022-08-25 13:45:00+00:00;0.107;;
966771;unknown;control;2022-08-25 14:00:00+00:00;0.098;;
966771;unknown;control;2022-08-25 14:15:00+00:00;0.117;;
966771;unknown;control;2022-08-25 14:30:00+00:00;0.225;;
966771;unknown;control;2022-08-25 14:45:00+00:00;0.146;;
966771;unknown;control;2022-08-25 15:00:00+00:00;0.107;;
966771;unknown;control;2022-08-25 15:15:00+00:00;0.106;;
966771;unknown;control;2022-08-25 15:30:00+00:00;0.099;;
966771;unknown;control;2022-08-25 15:45:00+00:00;0.109;;
966771;unknown;control;2022-08-25 16:00:00+00:00;0.117;;
966771;unknown;control;2022-08-25 16:15:00+00:00;0.124;;
966771;unknown;control;2022-08-25 16:30:00+00:00;0.135;;
966771;unknown;control;2022-08-25 16:45:00+00:00;0.134;;
966771;unknown;control;2022-08-25 17:00:00+00:00;0.147;;
966771;unknown;control;2022-08-25 17:15:00+00:00;0.137;;
966771;unknown;control;2022-08-25 17:30:00+00:00;0.278;;
966771;unknown;control;2022-08-25 17:45:00+00:00;0.204;;
966771;unknown;control;2022-08-25 18:00:00+00:00;0.107;;
966771;unknown;control;2022-08-25 18:15:00+00:00;0.098;;
966771;unknown;control;2022-08-25 18:30:00+00:00;0.128;;
966771;unknown;control;2022-08-25 18:45:00+00:00;0.166;;
966771;unknown;control;2022-08-25 19:00:00+00:00;0.165;;
966771;unknown;control;2022-08-25 19:15:00+00:00;0.169;;
966771;unknown;control;2022-08-25 19:30:00+00:00;0.192;;
966771;unknown;control;2022-08-25 19:45:00+00:00;0.17;;
966771;unknown;control;2022-08-25 20:00:00+00:00;0.17;;
966771;unknown;control;2022-08-25 20:15:00+00:00;0.153;;
966771;unknown;control;2022-08-25 20:30:00+00:00;0.154;;
966771;unknown;control;2022-08-25 20:45:00+00:00;0.144;;
966771;unknown;control;2022-08-25 21:00:00+00:00;0.11;;
966771;unknown;control;2022-08-25 21:15:00+00:00;0.099;;
966771;unknown;control;2022-08-25 21:30:00+00:00;0.103;;
966771;unknown;control;2022-08-25 21:45:00+00:00;0.105;;
966771;unknown;control;2022-08-25 22:00:00+00:00;0.098;;
966771;unknown;control;2022-08-25 22:15:00+00:00;0.107;;
966771;unknown;control;2022-08-25 22:30:00+00:00;0.098;;
966771;unknown;control;2022-08-25 22:45:00+00:00;0.1;;
966771;unknown;control;2022-08-25 23:00:00+00:00;0.109;;
966771;unknown;control;2022-08-25 23:15:00+00:00;0.107;;
966771;unknown;control;2022-08-25 23:30:00+00:00;1.336;;
966771;unknown;control;2022-08-25 23:45:00+00:00;1.297;;
966771;unknown;control;2022-08-26 00:00:00+00:00;1.301;;
966771;unknown;control;2022-08-26 00:15:00+00:00;1.324;;
966771;unknown;control;2022-08-26 00:30:00+00:00;1.341;;
966771;unknown;control;2022-08-26 00:45:00+00:00;1.364;;
966771;unknown;control;2022-08-26 01:00:00+00:00;1.379;;
966771;unknown;control;2022-08-26 01:15:00+00:00;1.112;;
966771;unknown;control;2022-08-26 01:30:00+00:00;0.102;;
966771;unknown;control;2022-08-26 01:45:00+00:00;0.108;;
966771;unknown;control;2022-08-26 02:00:00+00:00;0.109;;
966771;unknown;control;2022-08-26 02:15:00+00:00;0.095;;
966771;unknown;control;2022-08-26 02:30:00+00:00;0.102;;
966771;unknown;control;2022-08-26 02:45:00+00:00;0.12;;
966771;unknown;control;2022-08-26 03:00:00+00:00;0.094;;
966771;unknown;control;2022-08-26 03:15:00+00:00;0.107;;
966771;unknown;control;2022-08-26 03:30:00+00:00;0.102;;
966771;unknown;control;2022-08-26 03:45:00+00:00;0.096;;
966771;unknown;control;2022-08-26 04:00:00+00:00;0.108;;
966771;unknown;control;2022-08-26 04:15:00+00:00;0.115;;
966771;unknown;control;2022-08-26 04:30:00+00:00;0.098;;
966771;unknown;control;2022-08-26 04:45:00+00:00;0.112;;
966771;unknown;control;2022-08-26 05:00:00+00:00;0.121;;
966771;unknown;control;2022-08-26 05:15:00+00:00;0.098;;
966771;unknown;control;2022-08-26 05:30:00+00:00;0.112;;
966771;unknown;control;2022-08-26 05:45:00+00:00;0.098;;
966771;unknown;control;2022-08-26 06:00:00+00:00;0.094;;
966771;unknown;control;2022-08-26 06:15:00+00:00;0.105;;
966771;unknown;control;2022-08-26 06:30:00+00:00;0.1;;
966771;unknown;control;2022-08-26 06:45:00+00:00;0.097;;
966771;unknown;control;2022-08-26 07:00:00+00:00;0.104;;
966771;unknown;control;2022-08-26 07:15:00+00:00;0.398;;
966771;unknown;control;2022-08-26 07:30:00+00:00;0.107;;
966771;unknown;control;2022-08-26 07:45:00+00:00;0.152;;
966771;unknown;control;2022-08-26 08:00:00+00:00;0.144;;
966771;unknown;control;2022-08-26 08:15:00+00:00;0.162;;
966771;unknown;control;2022-08-26 08:30:00+00:00;0.127;;
966771;unknown;control;2022-08-26 08:45:00+00:00;0.131;;
966771;unknown;control;2022-08-26 09:00:00+00:00;0.142;;
966771;unknown;control;2022-08-26 09:15:00+00:00;0.102;;
966771;unknown;control;2022-08-26 09:30:00+00:00;0.099;;
966771;unknown;control;2022-08-26 09:45:00+00:00;0.096;;
966771;unknown;control;2022-08-26 10:00:00+00:00;0.364;;
966771;unknown;control;2022-08-26 10:15:00+00:00;0.356;;
966771;unknown;control;2022-08-26 10:30:00+00:00;0.109;;
966771;unknown;control;2022-08-26 10:45:00+00:00;0.107;;
966771;unknown;control;2022-08-26 11:00:00+00:00;0.097;;
966771;unknown;control;2022-08-26 11:15:00+00:00;0.103;;
966771;unknown;control;2022-08-26 11:30:00+00:00;0.102;;
966771;unknown;control;2022-08-26 11:45:00+00:00;0.106;;
966771;unknown;control;2022-08-26 12:00:00+00:00;0.105;;
966771;unknown;control;2022-08-26 12:15:00+00:00;0.095;;
966771;unknown;control;2022-08-26 12:30:00+00:00;0.1;;
966771;unknown;control;2022-08-26 12:45:00+00:00;0.107;;
966771;unknown;control;2022-08-26 13:00:00+00:00;0.098;;
966771;unknown;control;2022-08-26 13:15:00+00:00;0.101;;
966771;unknown;control;2022-08-26 13:30:00+00:00;0.104;;
966771;unknown;control;2022-08-26 13:45:00+00:00;0.107;;
966771;unknown;control;2022-08-26 14:00:00+00:00;0.103;;
966771;unknown;control;2022-08-26 14:15:00+00:00;0.126;;
966771;unknown;control;2022-08-26 14:30:00+00:00;0.169;;
966771;unknown;control;2022-08-26 14:45:00+00:00;0.125;;
966771;unknown;control;2022-08-26 15:00:00+00:00;0.12;;
966771;unknown;control;2022-08-26 15:15:00+00:00;0.258;;
966771;unknown;control;2022-08-26 15:30:00+00:00;0.344;;
966771;unknown;control;2022-08-26 15:45:00+00:00;0.099;;
966771;unknown;control;2022-08-26 16:00:00+00:00;0.101;;
966771;unknown;control;2022-08-26 16:15:00+00:00;0.45;;
966771;unknown;control;2022-08-26 16:30:00+00:00;0.405;;
966771;unknown;control;2022-08-26 16:45:00+00:00;0.158;;
966771;unknown;control;2022-08-26 17:00:00+00:00;0.109;;
966771;unknown;control;2022-08-26 17:15:00+00:00;0.129;;
966771;unknown;control;2022-08-26 17:30:00+00:00;0.137;;
966771;unknown;control;2022-08-26 17:45:00+00:00;0.142;;
966771;unknown;control;2022-08-26 18:00:00+00:00;0.3;;
966771;unknown;control;2022-08-26 18:15:00+00:00;0.158;;
966771;unknown;control;2022-08-26 18:30:00+00:00;0.376;;
966771;unknown;control;2022-08-26 18:45:00+00:00;0.315;;
966771;unknown;control;2022-08-26 19:00:00+00:00;0.361;;
966771;unknown;control;2022-08-26 19:15:00+00:00;0.274;;
966771;unknown;control;2022-08-26 19:30:00+00:00;0.149;;
966771;unknown;control;2022-08-26 19:45:00+00:00;0.154;;
966771;unknown;control;2022-08-26 20:00:00+00:00;0.147;;
966771;unknown;control;2022-08-26 20:15:00+00:00;0.137;;
966771;unknown;control;2022-08-26 20:30:00+00:00;0.144;;
966771;unknown;control;2022-08-26 20:45:00+00:00;0.142;;
966771;unknown;control;2022-08-26 21:00:00+00:00;0.108;;
966771;unknown;control;2022-08-26 21:15:00+00:00;0.107;;
966771;unknown;control;2022-08-26 21:30:00+00:00;0.097;;
966771;unknown;control;2022-08-26 21:45:00+00:00;0.096;;
966771;unknown;control;2022-08-26 22:00:00+00:00;0.107;;
966771;unknown;control;2022-08-26 22:15:00+00:00;0.098;;
966771;unknown;control;2022-08-26 22:30:00+00:00;0.095;;
966771;unknown;control;2022-08-26 22:45:00+00:00;0.105;;
966771;unknown;control;2022-08-26 23:00:00+00:00;0.1;;
966771;unknown;control;2022-08-26 23:15:00+00:00;0.1;;
966771;unknown;control;2022-08-26 23:30:00+00:00;1.336;;
966771;unknown;control;2022-08-26 23:45:00+00:00;1.293;;
966771;unknown;control;2022-08-27 00:00:00+00:00;1.306;;
966771;unknown;control;2022-08-27 00:15:00+00:00;1.326;;
966771;unknown;control;2022-08-27 00:30:00+00:00;1.331;;
966771;unknown;control;2022-08-27 00:45:00+00:00;1.362;;
966771;unknown;control;2022-08-27 01:00:00+00:00;1.226;;
966771;unknown;control;2022-08-27 01:15:00+00:00;0.093;;
966771;unknown;control;2022-08-27 01:30:00+00:00;0.102;;
966771;unknown;control;2022-08-27 01:45:00+00:00;0.096;;
966771;unknown;control;2022-08-27 02:00:00+00:00;0.093;;
966771;unknown;control;2022-08-27 02:15:00+00:00;0.1;;
966771;unknown;control;2022-08-27 02:30:00+00:00;0.09;;
966771;unknown;control;2022-08-27 02:45:00+00:00;0.09;;
966771;unknown;control;2022-08-27 03:00:00+00:00;0.107;;
966771;unknown;control;2022-08-27 03:15:00+00:00;0.101;;
966771;unknown;control;2022-08-27 03:30:00+00:00;0.098;;
966771;unknown;control;2022-08-27 03:45:00+00:00;0.095;;
966771;unknown;control;2022-08-27 04:00:00+00:00;0.095;;
966771;unknown;control;2022-08-27 04:15:00+00:00;0.101;;
966771;unknown;control;2022-08-27 04:30:00+00:00;0.115;;
966771;unknown;control;2022-08-27 04:45:00+00:00;0.094;;
966771;unknown;control;2022-08-27 05:00:00+00:00;0.101;;
966771;unknown;control;2022-08-27 05:15:00+00:00;0.108;;
966771;unknown;control;2022-08-27 05:30:00+00:00;0.094;;
966771;unknown;control;2022-08-27 05:45:00+00:00;0.103;;
966771;unknown;control;2022-08-27 06:00:00+00:00;0.103;;
966771;unknown;control;2022-08-27 06:15:00+00:00;0.093;;
966771;unknown;control;2022-08-27 06:30:00+00:00;0.107;;
966771;unknown;control;2022-08-27 06:45:00+00:00;0.109;;
966771;unknown;control;2022-08-27 07:00:00+00:00;0.149;;
966771;unknown;control;2022-08-27 07:15:00+00:00;0.157;;
966771;unknown;control;2022-08-27 07:30:00+00:00;0.233;;
966771;unknown;control;2022-08-27 07:45:00+00:00;0.178;;
966771;unknown;control;2022-08-27 08:00:00+00:00;0.146;;
966771;unknown;control;2022-08-27 08:15:00+00:00;0.146;;
966771;unknown;control;2022-08-27 08:30:00+00:00;0.141;;
966771;unknown;control;2022-08-27 08:45:00+00:00;0.149;;
966771;unknown;control;2022-08-27 09:00:00+00:00;0.118;;
966771;unknown;control;2022-08-27 09:15:00+00:00;0.103;;
966771;unknown;control;2022-08-27 09:30:00+00:00;0.114;;
966771;unknown;control;2022-08-27 09:45:00+00:00;0.12;;
966771;unknown;control;2022-08-27 10:00:00+00:00;0.112;;
966771;unknown;control;2022-08-27 10:15:00+00:00;0.108;;
966771;unknown;control;2022-08-27 10:30:00+00:00;0.114;;
966771;unknown;control;2022-08-27 10:45:00+00:00;0.126;;
966771;unknown;control;2022-08-27 11:00:00+00:00;0.135;;
966771;unknown;control;2022-08-27 11:15:00+00:00;0.163;;
966771;unknown;control;2022-08-27 11:30:00+00:00;0.422;;
966771;unknown;control;2022-08-27 11:45:00+00:00;0.413;;
966771;unknown;control;2022-08-27 12:00:00+00:00;0.124;;
966771;unknown;control;2022-08-27 12:15:00+00:00;0.132;;
966771;unknown;control;2022-08-27 12:30:00+00:00;0.465;;
966771;unknown;control;2022-08-27 12:45:00+00:00;0.112;;
966771;unknown;control;2022-08-27 13:00:00+00:00;0.108;;
966771;unknown;control;2022-08-27 13:15:00+00:00;0.18;;
966771;unknown;control;2022-08-27 13:30:00+00:00;0.133;;
966771;unknown;control;2022-08-27 13:45:00+00:00;0.146;;
966771;unknown;control;2022-08-27 14:00:00+00:00;0.145;;
966771;unknown;control;2022-08-27 14:15:00+00:00;0.126;;
966771;unknown;control;2022-08-27 14:30:00+00:00;0.199;;
966771;unknown;control;2022-08-27 14:45:00+00:00;0.215;;
966771;unknown;control;2022-08-27 15:00:00+00:00;0.144;;
966771;unknown;control;2022-08-27 15:15:00+00:00;0.129;;
966771;unknown;control;2022-08-27 15:30:00+00:00;0.117;;
966771;unknown;control;2022-08-27 15:45:00+00:00;0.179;;
966771;unknown;control;2022-08-27 16:00:00+00:00;0.122;;
966771;unknown;control;2022-08-27 16:15:00+00:00;0.156;;
966771;unknown;control;2022-08-27 16:30:00+00:00;0.106;;
966771;unknown;control;2022-08-27 16:45:00+00:00;0.107;;
966771;unknown;control;2022-08-27 17:00:00+00:00;0.108;;
966771;unknown;control;2022-08-27 17:15:00+00:00;0.105;;
966771;unknown;control;2022-08-27 17:30:00+00:00;0.103;;
966771;unknown;control;2022-08-27 17:45:00+00:00;0.109;;
966771;unknown;control;2022-08-27 18:00:00+00:00;0.126;;
966771;unknown;control;2022-08-27 18:15:00+00:00;0.14;;
966771;unknown;control;2022-08-27 18:30:00+00:00;0.139;;
966771;unknown;control;2022-08-27 18:45:00+00:00;0.131;;
966771;unknown;control;2022-08-27 19:00:00+00:00;0.135;;
966771;unknown;control;2022-08-27 19:15:00+00:00;0.155;;
966771;unknown;control;2022-08-27 19:30:00+00:00;0.146;;
966771;unknown;control;2022-08-27 19:45:00+00:00;0.139;;
966771;unknown;control;2022-08-27 20:00:00+00:00;0.149;;
966771;unknown;control;2022-08-27 20:15:00+00:00;0.134;;
966771;unknown;control;2022-08-27 20:30:00+00:00;0.127;;
966771;unknown;control;2022-08-27 20:45:00+00:00;0.115;;
966771;unknown;control;2022-08-27 21:00:00+00:00;0.107;;
966771;unknown;control;2022-08-27 21:15:00+00:00;0.098;;
966771;unknown;control;2022-08-27 21:30:00+00:00;0.11;;
966771;unknown;control;2022-08-27 21:45:00+00:00;0.102;;
966771;unknown;control;2022-08-27 22:00:00+00:00;0.097;;
966771;unknown;control;2022-08-27 22:15:00+00:00;0.109;;
966771;unknown;control;2022-08-27 22:30:00+00:00;0.102;;
966771;unknown;control;2022-08-27 22:45:00+00:00;0.096;;
966771;unknown;control;2022-08-27 23:00:00+00:00;0.112;;
966771;unknown;control;2022-08-27 23:15:00+00:00;0.094;;
966771;unknown;control;2022-08-27 23:30:00+00:00;1.336;;
966771;unknown;control;2022-08-27 23:45:00+00:00;1.312;;
966771;unknown;control;2022-08-28 00:00:00+00:00;1.3;;
966771;unknown;control;2022-08-28 00:15:00+00:00;1.339;;
966771;unknown;control;2022-08-28 00:30:00+00:00;1.346;;
966771;unknown;control;2022-08-28 00:45:00+00:00;1.359;;
966771;unknown;control;2022-08-28 01:00:00+00:00;1.382;;
966771;unknown;control;2022-08-28 01:15:00+00:00;1.388;;
966771;unknown;control;2022-08-28 01:30:00+00:00;0.823;;
966771;unknown;control;2022-08-28 01:45:00+00:00;0.109;;
966771;unknown;control;2022-08-28 02:00:00+00:00;0.109;;
966771;unknown;control;2022-08-28 02:15:00+00:00;0.101;;
966771;unknown;control;2022-08-28 02:30:00+00:00;0.106;;
966771;unknown;control;2022-08-28 02:45:00+00:00;0.098;;
966771;unknown;control;2022-08-28 03:00:00+00:00;0.096;;
966771;unknown;control;2022-08-28 03:15:00+00:00;0.1;;
966771;unknown;control;2022-08-28 03:30:00+00:00;0.095;;
966771;unknown;control;2022-08-28 03:45:00+00:00;0.098;;
966771;unknown;control;2022-08-28 04:00:00+00:00;0.103;;
966771;unknown;control;2022-08-28 04:15:00+00:00;0.097;;
966771;unknown;control;2022-08-28 04:30:00+00:00;0.118;;
966771;unknown;control;2022-08-28 04:45:00+00:00;0.109;;
966771;unknown;control;2022-08-28 05:00:00+00:00;0.097;;
966771;unknown;control;2022-08-28 05:15:00+00:00;0.1;;
966771;unknown;control;2022-08-28 05:30:00+00:00;0.107;;
966771;unknown;control;2022-08-28 05:45:00+00:00;0.097;;
966771;unknown;control;2022-08-28 06:00:00+00:00;0.101;;
966771;unknown;control;2022-08-28 06:15:00+00:00;0.105;;
966771;unknown;control;2022-08-28 06:30:00+00:00;0.103;;
966771;unknown;control;2022-08-28 06:45:00+00:00;0.377;;
966771;unknown;control;2022-08-28 07:00:00+00:00;0.271;;
966771;unknown;control;2022-08-28 07:15:00+00:00;0.222;;
966771;unknown;control;2022-08-28 07:30:00+00:00;0.294;;
966771;unknown;control;2022-08-28 07:45:00+00:00;0.224;;
966771;unknown;control;2022-08-28 08:00:00+00:00;0.13;;
966771;unknown;control;2022-08-28 08:15:00+00:00;0.139;;
966771;unknown;control;2022-08-28 08:30:00+00:00;0.144;;
966771;unknown;control;2022-08-28 08:45:00+00:00;0.136;;
966771;unknown;control;2022-08-28 09:00:00+00:00;0.158;;
966771;unknown;control;2022-08-28 09:15:00+00:00;0.137;;
966771;unknown;control;2022-08-28 09:30:00+00:00;0.13;;
966771;unknown;control;2022-08-28 09:45:00+00:00;0.135;;
966771;unknown;control;2022-08-28 10:00:00+00:00;0.098;;
966771;unknown;control;2022-08-28 10:15:00+00:00;0.095;;
966771;unknown;control;2022-08-28 10:30:00+00:00;0.104;;
966771;unknown;control;2022-08-28 10:45:00+00:00;0.095;;
966771;unknown;control;2022-08-28 11:00:00+00:00;0.137;;
966771;unknown;control;2022-08-28 11:15:00+00:00;0.136;;
966771;unknown;control;2022-08-28 11:30:00+00:00;0.127;;
966771;unknown;control;2022-08-28 11:45:00+00:00;0.136;;
966771;unknown;control;2022-08-28 12:00:00+00:00;0.165;;
966771;unknown;control;2022-08-28 12:15:00+00:00;0.129;;
966771;unknown;control;2022-08-28 12:30:00+00:00;0.14;;
966771;unknown;control;2022-08-28 12:45:00+00:00;0.129;;
966771;unknown;control;2022-08-28 13:00:00+00:00;0.132;;
966771;unknown;control;2022-08-28 13:15:00+00:00;0.142;;
966771;unknown;control;2022-08-28 13:30:00+00:00;0.145;;
966771;unknown;control;2022-08-28 13:45:00+00:00;0.151;;
966771;unknown;control;2022-08-28 14:00:00+00:00;0.142;;
966771;unknown;control;2022-08-28 14:15:00+00:00;0.133;;
966771;unknown;control;2022-08-28 14:30:00+00:00;0.137;;
966771;unknown;control;2022-08-28 14:45:00+00:00;0.137;;
966771;unknown;control;2022-08-28 15:00:00+00:00;0.13;;
966771;unknown;control;2022-08-28 15:15:00+00:00;0.145;;
966771;unknown;control;2022-08-28 15:30:00+00:00;0.137;;
966771;unknown;control;2022-08-28 15:45:00+00:00;0.135;;
966771;unknown;control;2022-08-28 16:00:00+00:00;0.138;;
966771;unknown;control;2022-08-28 16:15:00+00:00;0.139;;
966771;unknown;control;2022-08-28 16:30:00+00:00;0.132;;
966771;unknown;control;2022-08-28 16:45:00+00:00;0.363;;
966771;unknown;control;2022-08-28 17:00:00+00:00;0.106;;
966771;unknown;control;2022-08-28 17:15:00+00:00;0.097;;
966771;unknown;control;2022-08-28 17:30:00+00:00;0.11;;
966771;unknown;control;2022-08-28 17:45:00+00:00;0.103;;
966771;unknown;control;2022-08-28 18:00:00+00:00;0.098;;
966771;unknown;control;2022-08-28 18:15:00+00:00;0.14;;
966771;unknown;control;2022-08-28 18:30:00+00:00;0.189;;
966771;unknown;control;2022-08-28 18:45:00+00:00;0.22;;
966771;unknown;control;2022-08-28 19:00:00+00:00;0.224;;
966771;unknown;control;2022-08-28 19:15:00+00:00;0.21;;
966771;unknown;control;2022-08-28 19:30:00+00:00;0.207;;
966771;unknown;control;2022-08-28 19:45:00+00:00;0.162;;
966771;unknown;control;2022-08-28 20:00:00+00:00;0.105;;
966771;unknown;control;2022-08-28 20:15:00+00:00;0.103;;
966771;unknown;control;2022-08-28 20:30:00+00:00;0.106;;
966771;unknown;control;2022-08-28 20:45:00+00:00;0.099;;
966771;unknown;control;2022-08-28 21:00:00+00:00;0.105;;
966771;unknown;control;2022-08-28 21:15:00+00:00;0.104;;
966771;unknown;control;2022-08-28 21:30:00+00:00;0.098;;
966771;unknown;control;2022-08-28 21:45:00+00:00;0.109;;
966771;unknown;control;2022-08-28 22:00:00+00:00;0.106;;
966771;unknown;control;2022-08-28 22:15:00+00:00;0.096;;
966771;unknown;control;2022-08-28 22:30:00+00:00;0.108;;
966771;unknown;control;2022-08-28 22:45:00+00:00;0.103;;
966771;unknown;control;2022-08-28 23:00:00+00:00;0.094;;
966771;unknown;control;2022-08-28 23:15:00+00:00;0.109;;
966771;unknown;control;2022-08-28 23:30:00+00:00;1.359;;
966771;unknown;control;2022-08-28 23:45:00+00:00;1.313;;
966771;unknown;control;2022-08-29 00:00:00+00:00;1.329;;
966771;unknown;control;2022-08-29 00:15:00+00:00;1.337;;
966771;unknown;control;2022-08-29 00:30:00+00:00;1.341;;
966771;unknown;control;2022-08-29 00:45:00+00:00;1.365;;
966771;unknown;control;2022-08-29 01:00:00+00:00;1.367;;
966771;unknown;control;2022-08-29 01:15:00+00:00;1.376;;
966771;unknown;control;2022-08-29 01:30:00+00:00;0.213;;
966771;unknown;control;2022-08-29 01:45:00+00:00;0.098;;
966771;unknown;control;2022-08-29 02:00:00+00:00;0.1;;
966771;unknown;control;2022-08-29 02:15:00+00:00;0.111;;
966771;unknown;control;2022-08-29 02:30:00+00:00;0.096;;
966771;unknown;control;2022-08-29 02:45:00+00:00;0.101;;
966771;unknown;control;2022-08-29 03:00:00+00:00;0.109;;
966771;unknown;control;2022-08-29 03:15:00+00:00;0.094;;
966771;unknown;control;2022-08-29 03:30:00+00:00;0.115;;
966771;unknown;control;2022-08-29 03:45:00+00:00;0.111;;
966771;unknown;control;2022-08-29 04:00:00+00:00;0.101;;
966771;unknown;control;2022-08-29 04:15:00+00:00;0.111;;
966771;unknown;control;2022-08-29 04:30:00+00:00;0.122;;
966771;unknown;control;2022-08-29 04:45:00+00:00;0.096;;
966771;unknown;control;2022-08-29 05:00:00+00:00;0.113;;
966771;unknown;control;2022-08-29 05:15:00+00:00;0.105;;
966771;unknown;control;2022-08-29 05:30:00+00:00;0.095;;
966771;unknown;control;2022-08-29 05:45:00+00:00;0.108;;
966771;unknown;control;2022-08-29 06:00:00+00:00;0.505;;
966771;unknown;control;2022-08-29 06:15:00+00:00;0.14;;
966771;unknown;control;2022-08-29 06:30:00+00:00;0.144;;
966771;unknown;control;2022-08-29 06:45:00+00:00;0.151;;
966771;unknown;control;2022-08-29 07:00:00+00:00;0.203;;
966771;unknown;control;2022-08-29 07:15:00+00:00;0.134;;
966771;unknown;control;2022-08-29 07:30:00+00:00;0.107;;
966771;unknown;control;2022-08-29 07:45:00+00:00;0.148;;
966771;unknown;control;2022-08-29 08:00:00+00:00;0.128;;
966771;unknown;control;2022-08-29 08:15:00+00:00;0.122;;
966771;unknown;control;2022-08-29 08:30:00+00:00;0.124;;
966771;unknown;control;2022-08-29 08:45:00+00:00;0.123;;
966771;unknown;control;2022-08-29 09:00:00+00:00;0.099;;
966771;unknown;control;2022-08-29 09:15:00+00:00;0.214;;
966771;unknown;control;2022-08-29 09:30:00+00:00;0.458;;
966771;unknown;control;2022-08-29 09:45:00+00:00;0.215;;
966771;unknown;control;2022-08-29 10:00:00+00:00;0.105;;
966771;unknown;control;2022-08-29 10:15:00+00:00;0.106;;
966771;unknown;control;2022-08-29 10:30:00+00:00;0.097;;
966771;unknown;control;2022-08-29 10:45:00+00:00;0.107;;
966771;unknown;control;2022-08-29 11:00:00+00:00;0.578;;
966771;unknown;control;2022-08-29 11:15:00+00:00;1.036;;
966771;unknown;control;2022-08-29 11:30:00+00:00;0.146;;
966771;unknown;control;2022-08-29 11:45:00+00:00;0.148;;
966771;unknown;control;2022-08-29 12:00:00+00:00;0.566;;
966771;unknown;control;2022-08-29 12:15:00+00:00;0.439;;
966771;unknown;control;2022-08-29 12:30:00+00:00;0.372;;
966771;unknown;control;2022-08-29 12:45:00+00:00;0.441;;
966771;unknown;control;2022-08-29 13:00:00+00:00;0.969;;
966771;unknown;control;2022-08-29 13:15:00+00:00;0.379;;
966771;unknown;control;2022-08-29 13:30:00+00:00;0.3;;
966771;unknown;control;2022-08-29 13:45:00+00:00;0.234;;
966771;unknown;control;2022-08-29 14:00:00+00:00;0.152;;
966771;unknown;control;2022-08-29 14:15:00+00:00;0.133;;
966771;unknown;control;2022-08-29 14:30:00+00:00;0.142;;
966771;unknown;control;2022-08-29 14:45:00+00:00;0.16;;
966771;unknown;control;2022-08-29 15:00:00+00:00;0.219;;
966771;unknown;control;2022-08-29 15:15:00+00:00;0.21;;
966771;unknown;control;2022-08-29 15:30:00+00:00;0.106;;
966771;unknown;control;2022-08-29 15:45:00+00:00;0.088;;
966771;unknown;control;2022-08-29 16:00:00+00:00;0.114;;
966771;unknown;control;2022-08-29 16:15:00+00:00;0.093;;
966771;unknown;control;2022-08-29 16:30:00+00:00;0.091;;
966771;unknown;control;2022-08-29 16:45:00+00:00;0.103;;
966771;unknown;control;2022-08-29 17:00:00+00:00;0.1;;
966771;unknown;control;2022-08-29 17:15:00+00:00;0.104;;
966771;unknown;control;2022-08-29 17:30:00+00:00;0.101;;
966771;unknown;control;2022-08-29 17:45:00+00:00;0.106;;
966771;unknown;control;2022-08-29 18:00:00+00:00;0.11;;
966771;unknown;control;2022-08-29 18:15:00+00:00;0.107;;
966771;unknown;control;2022-08-29 18:30:00+00:00;0.114;;
966771;unknown;control;2022-08-29 18:45:00+00:00;0.112;;
966771;unknown;control;2022-08-29 19:00:00+00:00;0.118;;
966771;unknown;control;2022-08-29 19:15:00+00:00;0.168;;
966771;unknown;control;2022-08-29 19:30:00+00:00;0.139;;
966771;unknown;control;2022-08-29 19:45:00+00:00;0.132;;
966771;unknown;control;2022-08-29 20:00:00+00:00;0.13;;
966771;unknown;control;2022-08-29 20:15:00+00:00;0.119;;
966771;unknown;control;2022-08-29 20:30:00+00:00;0.105;;
966771;unknown;control;2022-08-29 20:45:00+00:00;0.097;;
966771;unknown;control;2022-08-29 21:00:00+00:00;0.108;;
966771;unknown;control;2022-08-29 21:15:00+00:00;0.105;;
966771;unknown;control;2022-08-29 21:30:00+00:00;0.094;;
966771;unknown;control;2022-08-29 21:45:00+00:00;0.106;;
966771;unknown;control;2022-08-29 22:00:00+00:00;0.104;;
966771;unknown;control;2022-08-29 22:15:00+00:00;0.092;;
966771;unknown;control;2022-08-29 22:30:00+00:00;0.107;;
966771;unknown;control;2022-08-29 22:45:00+00:00;0.101;;
966771;unknown;control;2022-08-29 23:00:00+00:00;0.092;;
966771;unknown;control;2022-08-29 23:15:00+00:00;0.106;;
966771;unknown;control;2022-08-29 23:30:00+00:00;1.353;;
966771;unknown;control;2022-08-29 23:45:00+00:00;1.3;;
966771;unknown;control;2022-08-30 00:00:00+00:00;1.318;;
966771;unknown;control;2022-08-30 00:15:00+00:00;1.329;;
966771;unknown;control;2022-08-30 00:30:00+00:00;1.34;;
966771;unknown;control;2022-08-30 00:45:00+00:00;1.364;;
966771;unknown;control;2022-08-30 01:00:00+00:00;0.961;;
966771;unknown;control;2022-08-30 01:15:00+00:00;0.097;;
966771;unknown;control;2022-08-30 01:30:00+00:00;0.107;;
966771;unknown;control;2022-08-30 01:45:00+00:00;0.099;;
966771;unknown;control;2022-08-30 02:00:00+00:00;0.11;;
966771;unknown;control;2022-08-30 02:15:00+00:00;0.104;;
966771;unknown;control;2022-08-30 02:30:00+00:00;0.096;;
966771;unknown;control;2022-08-30 02:45:00+00:00;0.098;;
966771;unknown;control;2022-08-30 03:00:00+00:00;0.102;;
966771;unknown;control;2022-08-30 03:15:00+00:00;0.093;;
966771;unknown;control;2022-08-30 03:30:00+00:00;0.096;;
966771;unknown;control;2022-08-30 03:45:00+00:00;0.095;;
966771;unknown;control;2022-08-30 04:00:00+00:00;0.109;;
966771;unknown;control;2022-08-30 04:15:00+00:00;0.102;;
966771;unknown;control;2022-08-30 04:30:00+00:00;0.097;;
966771;unknown;control;2022-08-30 04:45:00+00:00;0.106;;
966771;unknown;control;2022-08-30 05:00:00+00:00;0.131;;
966771;unknown;control;2022-08-30 05:15:00+00:00;0.111;;
966771;unknown;control;2022-08-30 05:30:00+00:00;0.103;;
966771;unknown;control;2022-08-30 05:45:00+00:00;0.118;;
966771;unknown;control;2022-08-30 06:00:00+00:00;0.107;;
966771;unknown;control;2022-08-30 06:15:00+00:00;0.118;;
966771;unknown;control;2022-08-30 06:30:00+00:00;0.108;;
966771;unknown;control;2022-08-30 06:45:00+00:00;0.096;;
966771;unknown;control;2022-08-30 07:00:00+00:00;0.103;;
966771;unknown;control;2022-08-30 07:15:00+00:00;0.113;;
966771;unknown;control;2022-08-30 07:30:00+00:00;0.11;;
966771;unknown;control;2022-08-30 07:45:00+00:00;0.111;;
966771;unknown;control;2022-08-30 08:00:00+00:00;0.102;;
966771;unknown;control;2022-08-30 08:15:00+00:00;0.096;;
966771;unknown;control;2022-08-30 08:30:00+00:00;0.103;;
966771;unknown;control;2022-08-30 08:45:00+00:00;0.096;;
966771;unknown;control;2022-08-30 09:00:00+00:00;0.097;;
966771;unknown;control;2022-08-30 09:15:00+00:00;0.108;;
966771;unknown;control;2022-08-30 09:30:00+00:00;0.098;;
966771;unknown;control;2022-08-30 09:45:00+00:00;0.132;;
966771;unknown;control;2022-08-30 10:00:00+00:00;0.18;;
966771;unknown;control;2022-08-30 10:15:00+00:00;0.102;;
966771;unknown;control;2022-08-30 10:30:00+00:00;0.12;;
966771;unknown;control;2022-08-30 10:45:00+00:00;0.109;;
966771;unknown;control;2022-08-30 11:00:00+00:00;0.103;;
966771;unknown;control;2022-08-30 11:15:00+00:00;0.117;;
966771;unknown;control;2022-08-30 11:30:00+00:00;0.121;;
966771;unknown;control;2022-08-30 11:45:00+00:00;0.106;;
966771;unknown;control;2022-08-30 12:00:00+00:00;0.102;;
966771;unknown;control;2022-08-30 12:15:00+00:00;0.104;;
966771;unknown;control;2022-08-30 12:30:00+00:00;0.09;;
966771;unknown;control;2022-08-30 12:45:00+00:00;0.103;;
966771;unknown;control;2022-08-30 13:00:00+00:00;0.104;;
966771;unknown;control;2022-08-30 13:15:00+00:00;0.091;;
966771;unknown;control;2022-08-30 13:30:00+00:00;0.105;;
966771;unknown;control;2022-08-30 13:45:00+00:00;0.101;;
966771;unknown;control;2022-08-30 14:00:00+00:00;0.094;;
966771;unknown;control;2022-08-30 14:15:00+00:00;0.101;;
966771;unknown;control;2022-08-30 14:30:00+00:00;0.101;;
966771;unknown;control;2022-08-30 14:45:00+00:00;0.095;;
966771;unknown;control;2022-08-30 15:00:00+00:00;0.096;;
966771;unknown;control;2022-08-30 15:15:00+00:00;0.095;;
966771;unknown;control;2022-08-30 15:30:00+00:00;0.091;;
966771;unknown;control;2022-08-30 15:45:00+00:00;0.109;;
966771;unknown;control;2022-08-30 16:00:00+00:00;0.144;;
966771;unknown;control;2022-08-30 16:15:00+00:00;0.397;;
966771;unknown;control;2022-08-30 16:30:00+00:00;0.523;;
966771;unknown;control;2022-08-30 16:45:00+00:00;0.446;;
966771;unknown;control;2022-08-30 17:00:00+00:00;0.251;;
966771;unknown;control;2022-08-30 17:15:00+00:00;0.166;;
966771;unknown;control;2022-08-30 17:30:00+00:00;0.127;;
966771;unknown;control;2022-08-30 17:45:00+00:00;0.101;;
966771;unknown;control;2022-08-30 18:00:00+00:00;0.138;;
966771;unknown;control;2022-08-30 18:15:00+00:00;0.143;;
966771;unknown;control;2022-08-30 18:30:00+00:00;0.193;;
966771;unknown;control;2022-08-30 18:45:00+00:00;0.218;;
966771;unknown;control;2022-08-30 19:00:00+00:00;0.212;;
966771;unknown;control;2022-08-30 19:15:00+00:00;0.216;;
966771;unknown;control;2022-08-30 19:30:00+00:00;0.14;;
966771;unknown;control;2022-08-30 19:45:00+00:00;0.116;;
966771;unknown;control;2022-08-30 20:00:00+00:00;0.105;;
966771;unknown;control;2022-08-30 20:15:00+00:00;0.104;;
966771;unknown;control;2022-08-30 20:30:00+00:00;0.087;;
966771;unknown;control;2022-08-30 20:45:00+00:00;0.103;;
966771;unknown;control;2022-08-30 21:00:00+00:00;0.101;;
966771;unknown;control;2022-08-30 21:15:00+00:00;0.094;;
966771;unknown;control;2022-08-30 21:30:00+00:00;0.106;;
966771;unknown;control;2022-08-30 21:45:00+00:00;0.1;;
966771;unknown;control;2022-08-30 22:00:00+00:00;0.097;;
966771;unknown;control;2022-08-30 22:15:00+00:00;0.101;;
966771;unknown;control;2022-08-30 22:30:00+00:00;0.098;;
966771;unknown;control;2022-08-30 22:45:00+00:00;0.096;;
966771;unknown;control;2022-08-30 23:00:00+00:00;0.1;;
966771;unknown;control;2022-08-30 23:15:00+00:00;0.097;;
966771;unknown;control;2022-08-30 23:30:00+00:00;1.343;;
966771;unknown;control;2022-08-30 23:45:00+00:00;1.297;;
966771;unknown;control;2022-08-31 00:00:00+00:00;1.288;;
966771;unknown;control;2022-08-31 00:15:00+00:00;1.329;;
966771;unknown;control;2022-08-31 00:30:00+00:00;1.333;;
966771;unknown;control;2022-08-31 00:45:00+00:00;1.341;;
966771;unknown;control;2022-08-31 01:00:00+00:00;1.374;;
966771;unknown;control;2022-08-31 01:15:00+00:00;0.256;;
966771;unknown;control;2022-08-31 01:30:00+00:00;0.093;;
966771;unknown;control;2022-08-31 01:45:00+00:00;0.106;;
966771;unknown;control;2022-08-31 02:00:00+00:00;0.116;;
966771;unknown;control;2022-08-31 02:15:00+00:00;0.096;;
966771;unknown;control;2022-08-31 02:30:00+00:00;0.107;;
966771;unknown;control;2022-08-31 02:45:00+00:00;0.095;;
966771;unknown;control;2022-08-31 03:00:00+00:00;0.099;;
966771;unknown;control;2022-08-31 03:15:00+00:00;0.103;;
966771;unknown;control;2022-08-31 03:30:00+00:00;0.091;;
966771;unknown;control;2022-08-31 03:45:00+00:00;0.09;;
966771;unknown;control;2022-08-31 04:00:00+00:00;0.106;;
966771;unknown;control;2022-08-31 04:15:00+00:00;0.097;;
966771;unknown;control;2022-08-31 04:30:00+00:00;0.125;;
966771;unknown;control;2022-08-31 04:45:00+00:00;0.113;;
966771;unknown;control;2022-08-31 05:00:00+00:00;0.109;;
966771;unknown;control;2022-08-31 05:15:00+00:00;0.1;;
966771;unknown;control;2022-08-31 05:30:00+00:00;0.1;;
966771;unknown;control;2022-08-31 05:45:00+00:00;0.1;;
966771;unknown;control;2022-08-31 06:00:00+00:00;0.116;;
966771;unknown;control;2022-08-31 06:15:00+00:00;0.131;;
966771;unknown;control;2022-08-31 06:30:00+00:00;0.116;;
966771;unknown;control;2022-08-31 06:45:00+00:00;0.112;;
966771;unknown;control;2022-08-31 07:00:00+00:00;0.109;;
966771;unknown;control;2022-08-31 07:15:00+00:00;0.108;;
966771;unknown;control;2022-08-31 07:30:00+00:00;0.111;;
966771;unknown;control;2022-08-31 07:45:00+00:00;0.108;;
966771;unknown;control;2022-08-31 08:00:00+00:00;0.094;;
966771;unknown;control;2022-08-31 08:15:00+00:00;0.099;;
966771;unknown;control;2022-08-31 08:30:00+00:00;0.111;;
966771;unknown;control;2022-08-31 08:45:00+00:00;0.099;;
966771;unknown;control;2022-08-31 09:00:00+00:00;0.11;;
966771;unknown;control;2022-08-31 09:15:00+00:00;0.264;;
966771;unknown;control;2022-08-31 09:30:00+00:00;0.365;;
966771;unknown;control;2022-08-31 09:45:00+00:00;0.177;;
966771;unknown;control;2022-08-31 10:00:00+00:00;0.091;;
966771;unknown;control;2022-08-31 10:15:00+00:00;0.091;;
966771;unknown;control;2022-08-31 10:30:00+00:00;0.096;;
966771;unknown;control;2022-08-31 10:45:00+00:00;0.092;;
966771;unknown;control;2022-08-31 11:00:00+00:00;0.128;;
966771;unknown;control;2022-08-31 11:15:00+00:00;0.099;;
966771;unknown;control;2022-08-31 11:30:00+00:00;0.093;;
966771;unknown;control;2022-08-31 11:45:00+00:00;0.105;;
966771;unknown;control;2022-08-31 12:00:00+00:00;0.098;;
966771;unknown;control;2022-08-31 12:15:00+00:00;0.095;;
966771;unknown;control;2022-08-31 12:30:00+00:00;0.107;;
966771;unknown;control;2022-08-31 12:45:00+00:00;0.112;;
966771;unknown;control;2022-08-31 13:00:00+00:00;0.324;;
966771;unknown;control;2022-08-31 13:15:00+00:00;0.44;;
966771;unknown;control;2022-08-31 13:30:00+00:00;0.229;;
966771;unknown;control;2022-08-31 13:45:00+00:00;0.368;;
966771;unknown;control;2022-08-31 14:00:00+00:00;0.391;;
966771;unknown;control;2022-08-31 14:15:00+00:00;0.596;;
966771;unknown;control;2022-08-31 14:30:00+00:00;0.541;;
966771;unknown;control;2022-08-31 14:45:00+00:00;0.118;;
966771;unknown;control;2022-08-31 15:00:00+00:00;0.106;;
966771;unknown;control;2022-08-31 15:15:00+00:00;0.122;;
966771;unknown;control;2022-08-31 15:30:00+00:00;0.156;;
966771;unknown;control;2022-08-31 15:45:00+00:00;0.089;;
966771;unknown;control;2022-08-31 16:00:00+00:00;0.526;;
966771;unknown;control;2022-08-31 16:15:00+00:00;0.319;;
966771;unknown;control;2022-08-31 16:30:00+00:00;0.109;;
966771;unknown;control;2022-08-31 16:45:00+00:00;0.109;;
966771;unknown;control;2022-08-31 17:00:00+00:00;0.111;;
966771;unknown;control;2022-08-31 17:15:00+00:00;0.136;;
966771;unknown;control;2022-08-31 17:30:00+00:00;0.128;;
966771;unknown;control;2022-08-31 17:45:00+00:00;0.112;;
966771;unknown;control;2022-08-31 18:00:00+00:00;0.103;;
966771;unknown;control;2022-08-31 18:15:00+00:00;0.114;;
966771;unknown;control;2022-08-31 18:30:00+00:00;0.117;;
966771;unknown;control;2022-08-31 18:45:00+00:00;0.113;;
966771;unknown;control;2022-08-31 19:00:00+00:00;0.127;;
966771;unknown;control;2022-08-31 19:15:00+00:00;0.119;;
966771;unknown;control;2022-08-31 19:30:00+00:00;0.115;;
966771;unknown;control;2022-08-31 19:45:00+00:00;0.125;;
966771;unknown;control;2022-08-31 20:00:00+00:00;0.095;;
966771;unknown;control;2022-08-31 20:15:00+00:00;0.107;;
966771;unknown;control;2022-08-31 20:30:00+00:00;0.1;;
966771;unknown;control;2022-08-31 20:45:00+00:00;0.094;;
966771;unknown;control;2022-08-31 21:00:00+00:00;0.102;;
966771;unknown;control;2022-08-31 21:15:00+00:00;0.101;;
966771;unknown;control;2022-08-31 21:30:00+00:00;0.093;;
966771;unknown;control;2022-08-31 21:45:00+00:00;0.104;;
966771;unknown;control;2022-08-31 22:00:00+00:00;0.1;;
966771;unknown;control;2022-08-31 22:15:00+00:00;0.091;;
966771;unknown;control;2022-08-31 22:30:00+00:00;0.107;;
966771;unknown;control;2022-08-31 22:45:00+00:00;0.1;;
966771;unknown;control;2022-08-31 23:00:00+00:00;0.091;;
966771;unknown;control;2022-08-31 23:15:00+00:00;0.104;;
966771;unknown;control;2022-08-31 23:30:00+00:00;1.335;;
966771;unknown;control;2022-08-31 23:45:00+00:00;1.294;;
966771;unknown;control;2022-09-01 00:00:00+00:00;1.314;;
966771;unknown;control;2022-09-01 00:15:00+00:00;1.331;;
966771;unknown;control;2022-09-01 00:30:00+00:00;1.319;;
966771;unknown;control;2022-09-01 00:45:00+00:00;0.102;;
966771;unknown;control;2022-09-01 01:00:00+00:00;0.097;;
966771;unknown;control;2022-09-01 01:15:00+00:00;0.1;;
966771;unknown;control;2022-09-01 01:30:00+00:00;0.103;;
966771;unknown;control;2022-09-01 01:45:00+00:00;0.097;;
966771;unknown;control;2022-09-01 02:00:00+00:00;0.1;;
966771;unknown;control;2022-09-01 02:15:00+00:00;0.1;;
966771;unknown;control;2022-09-01 02:30:00+00:00;0.097;;
966771;unknown;control;2022-09-01 02:45:00+00:00;0.105;;
966771;unknown;control;2022-09-01 03:00:00+00:00;0.1;;
966771;unknown;control;2022-09-01 03:15:00+00:00;0.107;;
966771;unknown;control;2022-09-01 03:30:00+00:00;0.104;;
966771;unknown;control;2022-09-01 03:45:00+00:00;0.097;;
966771;unknown;control;2022-09-01 04:00:00+00:00;0.093;;
966771;unknown;control;2022-09-01 04:15:00+00:00;0.117;;
966771;unknown;control;2022-09-01 04:30:00+00:00;0.098;;
966771;unknown;control;2022-09-01 04:45:00+00:00;0.141;;
966771;unknown;control;2022-09-01 05:00:00+00:00;0.115;;
966771;unknown;control;2022-09-01 05:15:00+00:00;0.349;;
966771;unknown;control;2022-09-01 05:30:00+00:00;0.534;;
966771;unknown;control;2022-09-01 05:45:00+00:00;0.502;;
966771;unknown;control;2022-09-01 06:00:00+00:00;0.158;;
966771;unknown;control;2022-09-01 06:15:00+00:00;0.196;;
966771;unknown;control;2022-09-01 06:30:00+00:00;0.837;;
966771;unknown;control;2022-09-01 06:45:00+00:00;0.79;;
966771;unknown;control;2022-09-01 07:00:00+00:00;0.146;;
966771;unknown;control;2022-09-01 07:15:00+00:00;0.153;;
966771;unknown;control;2022-09-01 07:30:00+00:00;0.152;;
966771;unknown;control;2022-09-01 07:45:00+00:00;0.198;;
966771;unknown;control;2022-09-01 08:00:00+00:00;0.26;;
966771;unknown;control;2022-09-01 08:15:00+00:00;0.286;;
966771;unknown;control;2022-09-01 08:30:00+00:00;0.295;;
966771;unknown;control;2022-09-01 08:45:00+00:00;0.301;;
966771;unknown;control;2022-09-01 09:00:00+00:00;0.289;;
966771;unknown;control;2022-09-01 09:15:00+00:00;0.533;;
966771;unknown;control;2022-09-01 09:30:00+00:00;0.518;;
966771;unknown;control;2022-09-01 09:45:00+00:00;0.097;;
966771;unknown;control;2022-09-01 10:00:00+00:00;0.118;;
966771;unknown;control;2022-09-01 10:15:00+00:00;0.11;;
966771;unknown;control;2022-09-01 10:30:00+00:00;0.094;;
966771;unknown;control;2022-09-01 10:45:00+00:00;0.098;;
966771;unknown;control;2022-09-01 11:00:00+00:00;0.109;;
966771;unknown;control;2022-09-01 11:15:00+00:00;0.093;;
966771;unknown;control;2022-09-01 11:30:00+00:00;0.099;;
966771;unknown;control;2022-09-01 11:45:00+00:00;0.102;;
966771;unknown;control;2022-09-01 12:00:00+00:00;0.09;;
966771;unknown;control;2022-09-01 12:15:00+00:00;0.098;;
966771;unknown;control;2022-09-01 12:30:00+00:00;0.11;;
966771;unknown;control;2022-09-01 12:45:00+00:00;0.127;;
966771;unknown;control;2022-09-01 13:00:00+00:00;0.11;;
966771;unknown;control;2022-09-01 13:15:00+00:00;0.11;;
966771;unknown;control;2022-09-01 13:30:00+00:00;0.112;;
966771;unknown;control;2022-09-01 13:45:00+00:00;0.116;;
966771;unknown;control;2022-09-01 14:00:00+00:00;0.106;;
966771;unknown;control;2022-09-01 14:15:00+00:00;0.104;;
966771;unknown;control;2022-09-01 14:30:00+00:00;0.108;;
966771;unknown;control;2022-09-01 14:45:00+00:00;0.099;;
966771;unknown;control;2022-09-01 15:00:00+00:00;0.111;;
966771;unknown;control;2022-09-01 15:15:00+00:00;0.103;;
966771;unknown;control;2022-09-01 15:30:00+00:00;0.101;;
966771;unknown;control;2022-09-01 15:45:00+00:00;0.1;;
966771;unknown;control;2022-09-01 16:00:00+00:00;0.104;;
966771;unknown;control;2022-09-01 16:15:00+00:00;0.094;;
966771;unknown;control;2022-09-01 16:30:00+00:00;0.097;;
966771;unknown;control;2022-09-01 16:45:00+00:00;0.1;;
966771;unknown;control;2022-09-01 17:00:00+00:00;0.095;;
966771;unknown;control;2022-09-01 17:15:00+00:00;0.098;;
966771;unknown;control;2022-09-01 17:30:00+00:00;0.099;;
966771;unknown;control;2022-09-01 17:45:00+00:00;0.09;;
966771;unknown;control;2022-09-01 18:00:00+00:00;0.097;;
966771;unknown;control;2022-09-01 18:15:00+00:00;0.1;;
966771;unknown;control;2022-09-01 18:30:00+00:00;0.118;;
966771;unknown;control;2022-09-01 18:45:00+00:00;0.148;;
966771;unknown;control;2022-09-01 19:00:00+00:00;0.145;;
966771;unknown;control;2022-09-01 19:15:00+00:00;0.136;;
966771;unknown;control;2022-09-01 19:30:00+00:00;0.16;;
966771;unknown;control;2022-09-01 19:45:00+00:00;0.124;;
966771;unknown;control;2022-09-01 20:00:00+00:00;0.089;;
966771;unknown;control;2022-09-01 20:15:00+00:00;0.102;;
966771;unknown;control;2022-09-01 20:30:00+00:00;0.101;;
966771;unknown;control;2022-09-01 20:45:00+00:00;0.091;;
966771;unknown;control;2022-09-01 21:00:00+00:00;0.099;;
966771;unknown;control;2022-09-01 21:15:00+00:00;0.103;;
966771;unknown;control;2022-09-01 21:30:00+00:00;0.095;;
966771;unknown;control;2022-09-01 21:45:00+00:00;0.107;;
966771;unknown;control;2022-09-01 22:00:00+00:00;0.1;;
966771;unknown;control;2022-09-01 22:15:00+00:00;0.097;;
966771;unknown;control;2022-09-01 22:30:00+00:00;0.101;;
966771;unknown;control;2022-09-01 22:45:00+00:00;0.107;;
966771;unknown;control;2022-09-01 23:00:00+00:00;0.1;;
966771;unknown;control;2022-09-01 23:15:00+00:00;0.097;;
966771;unknown;control;2022-09-01 23:30:00+00:00;1.35;;
966771;unknown;control;2022-09-01 23:45:00+00:00;1.318;;
966771;unknown;control;2022-09-02 00:00:00+00:00;1.37;;
966771;unknown;control;2022-09-02 00:15:00+00:00;1.363;;
966771;unknown;control;2022-09-02 00:30:00+00:00;1.348;;
966771;unknown;control;2022-09-02 00:45:00+00:00;1.367;;
966771;unknown;control;2022-09-02 01:00:00+00:00;1.377;;
966771;unknown;control;2022-09-02 01:15:00+00:00;0.826;;
966771;unknown;control;2022-09-02 01:30:00+00:00;0.096;;
966771;unknown;control;2022-09-02 01:45:00+00:00;0.1;;
966771;unknown;control;2022-09-02 02:00:00+00:00;0.105;;
966771;unknown;control;2022-09-02 02:15:00+00:00;0.099;;
966771;unknown;control;2022-09-02 02:30:00+00:00;0.102;;
966771;unknown;control;2022-09-02 02:45:00+00:00;0.103;;
966771;unknown;control;2022-09-02 03:00:00+00:00;0.097;;
966771;unknown;control;2022-09-02 03:15:00+00:00;0.103;;
966771;unknown;control;2022-09-02 03:30:00+00:00;0.481;;
966771;unknown;control;2022-09-02 03:45:00+00:00;1.379;;
966771;unknown;control;2022-09-02 04:00:00+00:00;0.108;;
966771;unknown;control;2022-09-02 04:15:00+00:00;0.11;;
966771;unknown;control;2022-09-02 04:30:00+00:00;0.096;;
966771;unknown;control;2022-09-02 04:45:00+00:00;0.103;;
966771;unknown;control;2022-09-02 05:00:00+00:00;0.097;;
966771;unknown;control;2022-09-02 05:15:00+00:00;0.099;;
966771;unknown;control;2022-09-02 05:30:00+00:00;0.1;;
966771;unknown;control;2022-09-02 05:45:00+00:00;0.087;;
966771;unknown;control;2022-09-02 06:00:00+00:00;0.089;;
966771;unknown;control;2022-09-02 06:15:00+00:00;0.1;;
966771;unknown;control;2022-09-02 06:30:00+00:00;0.095;;
966771;unknown;control;2022-09-02 06:45:00+00:00;0.097;;
966771;unknown;control;2022-09-02 07:00:00+00:00;0.096;;
966771;unknown;control;2022-09-02 07:15:00+00:00;0.096;;
966771;unknown;control;2022-09-02 07:30:00+00:00;0.097;;
966771;unknown;control;2022-09-02 07:45:00+00:00;0.092;;
966771;unknown;control;2022-09-02 08:00:00+00:00;0.091;;
966771;unknown;control;2022-09-02 08:15:00+00:00;0.106;;
966771;unknown;control;2022-09-02 08:30:00+00:00;0.092;;
966771;unknown;control;2022-09-02 08:45:00+00:00;0.092;;
966771;unknown;control;2022-09-02 09:00:00+00:00;0.108;;
966771;unknown;control;2022-09-02 09:15:00+00:00;0.105;;
966771;unknown;control;2022-09-02 09:30:00+00:00;0.101;;
966771;unknown;control;2022-09-02 09:45:00+00:00;0.111;;
966771;unknown;control;2022-09-02 10:00:00+00:00;0.195;;
966771;unknown;control;2022-09-02 10:15:00+00:00;0.23;;
966771;unknown;control;2022-09-02 10:30:00+00:00;0.1;;
966771;unknown;control;2022-09-02 10:45:00+00:00;0.091;;
966771;unknown;control;2022-09-02 11:00:00+00:00;0.143;;
966771;unknown;control;2022-09-02 11:15:00+00:00;0.11;;
966771;unknown;control;2022-09-02 11:30:00+00:00;0.154;;
966771;unknown;control;2022-09-02 11:45:00+00:00;0.236;;
966771;unknown;control;2022-09-02 12:00:00+00:00;0.254;;
966771;unknown;control;2022-09-02 12:15:00+00:00;0.201;;
966771;unknown;control;2022-09-02 12:30:00+00:00;0.239;;
966771;unknown;control;2022-09-02 12:45:00+00:00;0.103;;
966771;unknown;control;2022-09-02 13:00:00+00:00;0.117;;
966771;unknown;control;2022-09-02 13:15:00+00:00;0.152;;
966771;unknown;control;2022-09-02 13:30:00+00:00;0.104;;
966771;unknown;control;2022-09-02 13:45:00+00:00;0.097;;
966771;unknown;control;2022-09-02 14:00:00+00:00;0.106;;
966771;unknown;control;2022-09-02 14:15:00+00:00;0.103;;
966771;unknown;control;2022-09-02 14:30:00+00:00;0.122;;
966771;unknown;control;2022-09-02 14:45:00+00:00;0.159;;
966771;unknown;control;2022-09-02 15:00:00+00:00;0.093;;
966771;unknown;control;2022-09-02 15:15:00+00:00;0.095;;
966771;unknown;control;2022-09-02 15:30:00+00:00;0.098;;
966771;unknown;control;2022-09-02 15:45:00+00:00;0.092;;
966771;unknown;control;2022-09-02 16:00:00+00:00;0.097;;
966771;unknown;control;2022-09-02 16:15:00+00:00;0.095;;
966771;unknown;control;2022-09-02 16:30:00+00:00;0.093;;
966771;unknown;control;2022-09-02 16:45:00+00:00;0.099;;
966771;unknown;control;2022-09-02 17:00:00+00:00;0.094;;
966771;unknown;control;2022-09-02 17:15:00+00:00;0.095;;
966771;unknown;control;2022-09-02 17:30:00+00:00;0.1;;
966771;unknown;control;2022-09-02 17:45:00+00:00;0.09;;
966771;unknown;control;2022-09-02 18:00:00+00:00;0.097;;
966771;unknown;control;2022-09-02 18:15:00+00:00;0.107;;
966771;unknown;control;2022-09-02 18:30:00+00:00;0.101;;
966771;unknown;control;2022-09-02 18:45:00+00:00;0.166;;
966771;unknown;control;2022-09-02 19:00:00+00:00;0.222;;
966771;unknown;control;2022-09-02 19:15:00+00:00;0.183;;
966771;unknown;control;2022-09-02 19:30:00+00:00;0.181;;
966771;unknown;control;2022-09-02 19:45:00+00:00;0.183;;
966771;unknown;control;2022-09-02 20:00:00+00:00;0.13;;
966771;unknown;control;2022-09-02 20:15:00+00:00;0.108;;
966771;unknown;control;2022-09-02 20:30:00+00:00;0.101;;
966771;unknown;control;2022-09-02 20:45:00+00:00;0.096;;
966771;unknown;control;2022-09-02 21:00:00+00:00;0.109;;
966771;unknown;control;2022-09-02 21:15:00+00:00;0.099;;
966771;unknown;control;2022-09-02 21:30:00+00:00;0.096;;
966771;unknown;control;2022-09-02 21:45:00+00:00;0.109;;
966771;unknown;control;2022-09-02 22:00:00+00:00;0.099;;
966771;unknown;control;2022-09-02 22:15:00+00:00;0.099;;
966771;unknown;control;2022-09-02 22:30:00+00:00;0.107;;
966771;unknown;control;2022-09-02 22:45:00+00:00;0.112;;
966771;unknown;control;2022-09-02 23:00:00+00:00;0.106;;
966771;unknown;control;2022-09-02 23:15:00+00:00;0.102;;
966771;unknown;control;2022-09-02 23:30:00+00:00;1.344;;
966771;unknown;control;2022-09-02 23:45:00+00:00;1.315;;
966771;unknown;control;2022-09-03 00:00:00+00:00;1.309;;
966771;unknown;control;2022-09-03 00:15:00+00:00;1.323;;
966771;unknown;control;2022-09-03 00:30:00+00:00;1.303;;
966771;unknown;control;2022-09-03 00:45:00+00:00;0.102;;
966771;unknown;control;2022-09-03 01:00:00+00:00;0.095;;
966771;unknown;control;2022-09-03 01:15:00+00:00;0.109;;
966771;unknown;control;2022-09-03 01:30:00+00:00;0.108;;
966771;unknown;control;2022-09-03 01:45:00+00:00;0.105;;
966771;unknown;control;2022-09-03 02:00:00+00:00;0.113;;
966771;unknown;control;2022-09-03 02:15:00+00:00;0.109;;
966771;unknown;control;2022-09-03 02:30:00+00:00;0.118;;
966771;unknown;control;2022-09-03 02:45:00+00:00;0.112;;
966771;unknown;control;2022-09-03 03:00:00+00:00;0.104;;
966771;unknown;control;2022-09-03 03:15:00+00:00;0.106;;
966771;unknown;control;2022-09-03 03:30:00+00:00;0.103;;
966771;unknown;control;2022-09-03 03:45:00+00:00;0.096;;
966771;unknown;control;2022-09-03 04:00:00+00:00;0.106;;
966771;unknown;control;2022-09-03 04:15:00+00:00;0.101;;
966771;unknown;control;2022-09-03 04:30:00+00:00;0.095;;
966771;unknown;control;2022-09-03 04:45:00+00:00;0.11;;
966771;unknown;control;2022-09-03 05:00:00+00:00;0.103;;
966771;unknown;control;2022-09-03 05:15:00+00:00;0.097;;
966771;unknown;control;2022-09-03 05:30:00+00:00;0.108;;
966771;unknown;control;2022-09-03 05:45:00+00:00;0.101;;
966771;unknown;control;2022-09-03 06:00:00+00:00;0.114;;
966771;unknown;control;2022-09-03 06:15:00+00:00;0.105;;
966771;unknown;control;2022-09-03 06:30:00+00:00;0.134;;
966771;unknown;control;2022-09-03 06:45:00+00:00;0.1;;
966771;unknown;control;2022-09-03 07:00:00+00:00;0.111;;
966771;unknown;control;2022-09-03 07:15:00+00:00;0.112;;
966771;unknown;control;2022-09-03 07:30:00+00:00;0.124;;
966771;unknown;control;2022-09-03 07:45:00+00:00;0.114;;
966771;unknown;control;2022-09-03 08:00:00+00:00;0.113;;
966771;unknown;control;2022-09-03 08:15:00+00:00;0.112;;
966771;unknown;control;2022-09-03 08:30:00+00:00;0.102;;
966771;unknown;control;2022-09-03 08:45:00+00:00;0.1;;
966771;unknown;control;2022-09-03 09:00:00+00:00;0.106;;
966771;unknown;control;2022-09-03 09:15:00+00:00;0.117;;
966771;unknown;control;2022-09-03 09:30:00+00:00;0.101;;
966771;unknown;control;2022-09-03 09:45:00+00:00;0.102;;
966771;unknown;control;2022-09-03 10:00:00+00:00;0.097;;
966771;unknown;control;2022-09-03 10:15:00+00:00;0.096;;
966771;unknown;control;2022-09-03 10:30:00+00:00;0.1;;
966771;unknown;control;2022-09-03 10:45:00+00:00;0.099;;
966771;unknown;control;2022-09-03 11:00:00+00:00;0.098;;
966771;unknown;control;2022-09-03 11:15:00+00:00;0.099;;
966771;unknown;control;2022-09-03 11:30:00+00:00;0.109;;
966771;unknown;control;2022-09-03 11:45:00+00:00;0.112;;
966771;unknown;control;2022-09-03 12:00:00+00:00;0.113;;
966771;unknown;control;2022-09-03 12:15:00+00:00;0.156;;
966771;unknown;control;2022-09-03 12:30:00+00:00;0.183;;
966771;unknown;control;2022-09-03 12:45:00+00:00;0.195;;
966771;unknown;control;2022-09-03 13:00:00+00:00;0.24;;
966771;unknown;control;2022-09-03 13:15:00+00:00;0.117;;
966771;unknown;control;2022-09-03 13:30:00+00:00;0.119;;
966771;unknown;control;2022-09-03 13:45:00+00:00;0.131;;
966771;unknown;control;2022-09-03 14:00:00+00:00;0.099;;
966771;unknown;control;2022-09-03 14:15:00+00:00;0.103;;
966771;unknown;control;2022-09-03 14:30:00+00:00;0.098;;
966771;unknown;control;2022-09-03 14:45:00+00:00;0.099;;
966771;unknown;control;2022-09-03 15:00:00+00:00;0.093;;
966771;unknown;control;2022-09-03 15:15:00+00:00;0.095;;
966771;unknown;control;2022-09-03 15:30:00+00:00;0.121;;
966771;unknown;control;2022-09-03 15:45:00+00:00;0.092;;
966771;unknown;control;2022-09-03 16:00:00+00:00;0.371;;
966771;unknown;control;2022-09-03 16:15:00+00:00;0.381;;
966771;unknown;control;2022-09-03 16:30:00+00:00;0.113;;
966771;unknown;control;2022-09-03 16:45:00+00:00;0.117;;
966771;unknown;control;2022-09-03 17:00:00+00:00;0.127;;
966771;unknown;control;2022-09-03 17:15:00+00:00;0.109;;
966771;unknown;control;2022-09-03 17:30:00+00:00;0.106;;
966771;unknown;control;2022-09-03 17:45:00+00:00;0.094;;
966771;unknown;control;2022-09-03 18:00:00+00:00;0.104;;
966771;unknown;control;2022-09-03 18:15:00+00:00;0.125;;
966771;unknown;control;2022-09-03 18:30:00+00:00;0.174;;
966771;unknown;control;2022-09-03 18:45:00+00:00;0.181;;
966771;unknown;control;2022-09-03 19:00:00+00:00;0.176;;
966771;unknown;control;2022-09-03 19:15:00+00:00;0.182;;
966771;unknown;control;2022-09-03 19:30:00+00:00;0.201;;
966771;unknown;control;2022-09-03 19:45:00+00:00;0.18;;
966771;unknown;control;2022-09-03 20:00:00+00:00;0.12;;
966771;unknown;control;2022-09-03 20:15:00+00:00;0.118;;
966771;unknown;control;2022-09-03 20:30:00+00:00;0.106;;
966771;unknown;control;2022-09-03 20:45:00+00:00;0.113;;
966771;unknown;control;2022-09-03 21:00:00+00:00;0.112;;
966771;unknown;control;2022-09-03 21:15:00+00:00;0.104;;
966771;unknown;control;2022-09-03 21:30:00+00:00;0.104;;
966771;unknown;control;2022-09-03 21:45:00+00:00;0.108;;
966771;unknown;control;2022-09-03 22:00:00+00:00;0.111;;
966771;unknown;control;2022-09-03 22:15:00+00:00;0.107;;
966771;unknown;control;2022-09-03 22:30:00+00:00;0.102;;
966771;unknown;control;2022-09-03 22:45:00+00:00;0.092;;
966771;unknown;control;2022-09-03 23:00:00+00:00;0.107;;
966771;unknown;control;2022-09-03 23:15:00+00:00;0.1;;
966771;unknown;control;2022-09-03 23:30:00+00:00;1.324;;
966771;unknown;control;2022-09-03 23:45:00+00:00;1.298;;
966771;unknown;control;2022-09-04 00:00:00+00:00;1.303;;
966771;unknown;control;2022-09-04 00:15:00+00:00;1.316;;
966771;unknown;control;2022-09-04 00:30:00+00:00;1.34;;
966771;unknown;control;2022-09-04 00:45:00+00:00;0.924;;
966771;unknown;control;2022-09-04 01:00:00+00:00;0.099;;
966771;unknown;control;2022-09-04 01:15:00+00:00;0.103;;
966771;unknown;control;2022-09-04 01:30:00+00:00;0.098;;
966771;unknown;control;2022-09-04 01:45:00+00:00;0.103;;
966771;unknown;control;2022-09-04 02:00:00+00:00;0.103;;
966771;unknown;control;2022-09-04 02:15:00+00:00;0.097;;
966771;unknown;control;2022-09-04 02:30:00+00:00;0.108;;
966771;unknown;control;2022-09-04 02:45:00+00:00;0.102;;
966771;unknown;control;2022-09-04 03:00:00+00:00;0.088;;
966771;unknown;control;2022-09-04 03:15:00+00:00;0.102;;
966771;unknown;control;2022-09-04 03:30:00+00:00;0.096;;
966771;unknown;control;2022-09-04 03:45:00+00:00;0.095;;
966771;unknown;control;2022-09-04 04:00:00+00:00;0.104;;
966771;unknown;control;2022-09-04 04:15:00+00:00;0.096;;
966771;unknown;control;2022-09-04 04:30:00+00:00;0.094;;
966771;unknown;control;2022-09-04 04:45:00+00:00;0.101;;
966771;unknown;control;2022-09-04 05:00:00+00:00;0.097;;
966771;unknown;control;2022-09-04 05:15:00+00:00;0.101;;
966771;unknown;control;2022-09-04 05:30:00+00:00;0.099;;
966771;unknown;control;2022-09-04 05:45:00+00:00;0.11;;
966771;unknown;control;2022-09-04 06:00:00+00:00;0.106;;
966771;unknown;control;2022-09-04 06:15:00+00:00;0.1;;
966771;unknown;control;2022-09-04 06:30:00+00:00;0.09;;
966771;unknown;control;2022-09-04 06:45:00+00:00;0.109;;
966771;unknown;control;2022-09-04 07:00:00+00:00;0.101;;
966771;unknown;control;2022-09-04 07:15:00+00:00;0.107;;
966771;unknown;control;2022-09-04 07:30:00+00:00;0.36;;
966771;unknown;control;2022-09-04 07:45:00+00:00;0.317;;
966771;unknown;control;2022-09-04 08:00:00+00:00;0.151;;
966771;unknown;control;2022-09-04 08:15:00+00:00;0.117;;
966771;unknown;control;2022-09-04 08:30:00+00:00;0.118;;
966771;unknown;control;2022-09-04 08:45:00+00:00;0.147;;
966771;unknown;control;2022-09-04 09:00:00+00:00;0.104;;
966771;unknown;control;2022-09-04 09:15:00+00:00;0.103;;
966771;unknown;control;2022-09-04 09:30:00+00:00;0.115;;
966771;unknown;control;2022-09-04 09:45:00+00:00;0.113;;
966771;unknown;control;2022-09-04 10:00:00+00:00;0.098;;
966771;unknown;control;2022-09-04 10:15:00+00:00;0.099;;
966771;unknown;control;2022-09-04 10:30:00+00:00;0.098;;
966771;unknown;control;2022-09-04 10:45:00+00:00;0.095;;
966771;unknown;control;2022-09-04 11:00:00+00:00;0.1;;
966771;unknown;control;2022-09-04 11:15:00+00:00;0.144;;
966771;unknown;control;2022-09-04 11:30:00+00:00;0.682;;
966771;unknown;control;2022-09-04 11:45:00+00:00;0.232;;
966771;unknown;control;2022-09-04 12:00:00+00:00;0.106;;
966771;unknown;control;2022-09-04 12:15:00+00:00;0.193;;
966771;unknown;control;2022-09-04 12:30:00+00:00;0.472;;
966771;unknown;control;2022-09-04 12:45:00+00:00;0.128;;
966771;unknown;control;2022-09-04 13:00:00+00:00;0.168;;
966771;unknown;control;2022-09-04 13:15:00+00:00;0.118;;
966771;unknown;control;2022-09-04 13:30:00+00:00;0.13;;
966771;unknown;control;2022-09-04 13:45:00+00:00;0.111;;
966771;unknown;control;2022-09-04 14:00:00+00:00;0.102;;
966771;unknown;control;2022-09-04 14:15:00+00:00;0.1;;
966771;unknown;control;2022-09-04 14:30:00+00:00;0.107;;
966771;unknown;control;2022-09-04 14:45:00+00:00;0.098;;
966771;unknown;control;2022-09-04 15:00:00+00:00;0.102;;
966771;unknown;control;2022-09-04 15:15:00+00:00;0.109;;
966771;unknown;control;2022-09-04 15:30:00+00:00;0.104;;
966771;unknown;control;2022-09-04 15:45:00+00:00;0.106;;
966771;unknown;control;2022-09-04 16:00:00+00:00;0.122;;
966771;unknown;control;2022-09-04 16:15:00+00:00;0.136;;
966771;unknown;control;2022-09-04 16:30:00+00:00;0.158;;
966771;unknown;control;2022-09-04 16:45:00+00:00;0.105;;
966771;unknown;control;2022-09-04 17:00:00+00:00;0.095;;
966771;unknown;control;2022-09-04 17:15:00+00:00;0.107;;
966771;unknown;control;2022-09-04 17:30:00+00:00;0.1;;
966771;unknown;control;2022-09-04 17:45:00+00:00;0.181;;
966771;unknown;control;2022-09-04 18:00:00+00:00;0.109;;
966771;unknown;control;2022-09-04 18:15:00+00:00;0.122;;
966771;unknown;control;2022-09-04 18:30:00+00:00;0.196;;
966771;unknown;control;2022-09-04 18:45:00+00:00;0.211;;
966771;unknown;control;2022-09-04 19:00:00+00:00;0.189;;
966771;unknown;control;2022-09-04 19:15:00+00:00;0.186;;
966771;unknown;control;2022-09-04 19:30:00+00:00;0.21;;
966771;unknown;control;2022-09-04 19:45:00+00:00;0.201;;
966771;unknown;control;2022-09-04 20:00:00+00:00;0.193;;
966771;unknown;control;2022-09-04 20:15:00+00:00;0.174;;
966771;unknown;control;2022-09-04 20:30:00+00:00;0.116;;
966771;unknown;control;2022-09-04 20:45:00+00:00;0.109;;
966771;unknown;control;2022-09-04 21:00:00+00:00;0.103;;
966771;unknown;control;2022-09-04 21:15:00+00:00;0.097;;
966771;unknown;control;2022-09-04 21:30:00+00:00;0.11;;
966771;unknown;control;2022-09-04 21:45:00+00:00;0.104;;
966771;unknown;control;2022-09-04 22:00:00+00:00;0.095;;
966771;unknown;control;2022-09-04 22:15:00+00:00;0.107;;
966771;unknown;control;2022-09-04 22:30:00+00:00;0.102;;
966771;unknown;control;2022-09-04 22:45:00+00:00;0.111;;
966771;unknown;control;2022-09-04 23:00:00+00:00;0.106;;
966771;unknown;control;2022-09-04 23:15:00+00:00;0.095;;
966771;unknown;control;2022-09-04 23:30:00+00:00;1.338;;
966771;unknown;control;2022-09-04 23:45:00+00:00;1.31;;
966771;unknown;control;2022-09-05 00:00:00+00:00;1.299;;
966771;unknown;control;2022-09-05 00:15:00+00:00;1.333;;
966771;unknown;control;2022-09-05 00:30:00+00:00;0.991;;
966771;unknown;control;2022-09-05 00:45:00+00:00;0.097;;
966771;unknown;control;2022-09-05 01:00:00+00:00;0.107;;
966771;unknown;control;2022-09-05 01:15:00+00:00;0.106;;
966771;unknown;control;2022-09-05 01:30:00+00:00;0.098;;
966771;unknown;control;2022-09-05 01:45:00+00:00;0.104;;
966771;unknown;control;2022-09-05 02:00:00+00:00;0.103;;
966771;unknown;control;2022-09-05 02:15:00+00:00;0.1;;
966771;unknown;control;2022-09-05 02:30:00+00:00;0.104;;
966771;unknown;control;2022-09-05 02:45:00+00:00;0.101;;
966771;unknown;control;2022-09-05 03:00:00+00:00;0.101;;
966771;unknown;control;2022-09-05 03:15:00+00:00;0.103;;
966771;unknown;control;2022-09-05 03:30:00+00:00;0.111;;
966771;unknown;control;2022-09-05 03:45:00+00:00;0.105;;
966771;unknown;control;2022-09-05 04:00:00+00:00;0.501;;
966771;unknown;control;2022-09-05 04:15:00+00:00;0.24;;
966771;unknown;control;2022-09-05 04:30:00+00:00;0.226;;
966771;unknown;control;2022-09-05 04:45:00+00:00;0.181;;
966771;unknown;control;2022-09-05 05:00:00+00:00;0.136;;
966771;unknown;control;2022-09-05 05:15:00+00:00;0.117;;
966771;unknown;control;2022-09-05 05:30:00+00:00;0.245;;
966771;unknown;control;2022-09-05 05:45:00+00:00;0.851;;
966771;unknown;control;2022-09-05 06:00:00+00:00;0.301;;
966771;unknown;control;2022-09-05 06:15:00+00:00;0.135;;
966771;unknown;control;2022-09-05 06:30:00+00:00;0.141;;
966771;unknown;control;2022-09-05 06:45:00+00:00;0.165;;
966771;unknown;control;2022-09-05 07:00:00+00:00;0.504;;
966771;unknown;control;2022-09-05 07:15:00+00:00;0.303;;
966771;unknown;control;2022-09-05 07:30:00+00:00;0.324;;
966771;unknown;control;2022-09-05 07:45:00+00:00;0.297;;
966771;unknown;control;2022-09-05 08:00:00+00:00;0.294;;
966771;unknown;control;2022-09-05 08:15:00+00:00;0.335;;
966771;unknown;control;2022-09-05 08:30:00+00:00;0.144;;
966771;unknown;control;2022-09-05 08:45:00+00:00;0.11;;
966771;unknown;control;2022-09-05 09:00:00+00:00;0.111;;
966771;unknown;control;2022-09-05 09:15:00+00:00;0.099;;
966771;unknown;control;2022-09-05 09:30:00+00:00;0.102;;
966771;unknown;control;2022-09-05 09:45:00+00:00;0.29;;
966771;unknown;control;2022-09-05 10:00:00+00:00;0.17;;
966771;unknown;control;2022-09-05 10:15:00+00:00;0.126;;
966771;unknown;control;2022-09-05 10:30:00+00:00;0.105;;
966771;unknown;control;2022-09-05 10:45:00+00:00;0.095;;
966771;unknown;control;2022-09-05 11:00:00+00:00;0.102;;
966771;unknown;control;2022-09-05 11:15:00+00:00;0.094;;
966771;unknown;control;2022-09-05 11:30:00+00:00;0.1;;
966771;unknown;control;2022-09-05 11:45:00+00:00;0.104;;
966771;unknown;control;2022-09-05 12:00:00+00:00;0.099;;
966771;unknown;control;2022-09-05 12:15:00+00:00;0.105;;
966771;unknown;control;2022-09-05 12:30:00+00:00;0.102;;
966771;unknown;control;2022-09-05 12:45:00+00:00;0.095;;
966771;unknown;control;2022-09-05 13:00:00+00:00;0.105;;
966771;unknown;control;2022-09-05 13:15:00+00:00;0.119;;
966771;unknown;control;2022-09-05 13:30:00+00:00;0.109;;
966771;unknown;control;2022-09-05 13:45:00+00:00;0.127;;
966771;unknown;control;2022-09-05 14:00:00+00:00;0.111;;
966771;unknown;control;2022-09-05 14:15:00+00:00;0.122;;
966771;unknown;control;2022-09-05 14:30:00+00:00;0.112;;
966771;unknown;control;2022-09-05 14:45:00+00:00;0.096;;
966771;unknown;control;2022-09-05 15:00:00+00:00;0.098;;
966771;unknown;control;2022-09-05 15:15:00+00:00;0.109;;
966771;unknown;control;2022-09-05 15:30:00+00:00;0.086;;
966771;unknown;control;2022-09-05 15:45:00+00:00;0.099;;
966771;unknown;control;2022-09-05 16:00:00+00:00;0.112;;
966771;unknown;control;2022-09-05 16:15:00+00:00;0.093;;
966771;unknown;control;2022-09-05 16:30:00+00:00;0.097;;
966771;unknown;control;2022-09-05 16:45:00+00:00;0.109;;
966771;unknown;control;2022-09-05 17:00:00+00:00;0.107;;
966771;unknown;control;2022-09-05 17:15:00+00:00;0.131;;
966771;unknown;control;2022-09-05 17:30:00+00:00;0.122;;
966771;unknown;control;2022-09-05 17:45:00+00:00;0.103;;
966771;unknown;control;2022-09-05 18:00:00+00:00;0.109;;
966771;unknown;control;2022-09-05 18:15:00+00:00;0.138;;
966771;unknown;control;2022-09-05 18:30:00+00:00;0.19;;
966771;unknown;control;2022-09-05 18:45:00+00:00;0.2;;
966771;unknown;control;2022-09-05 19:00:00+00:00;0.188;;
966771;unknown;control;2022-09-05 19:15:00+00:00;0.189;;
966771;unknown;control;2022-09-05 19:30:00+00:00;0.198;;
966771;unknown;control;2022-09-05 19:45:00+00:00;0.182;;
966771;unknown;control;2022-09-05 20:00:00+00:00;0.172;;
966771;unknown;control;2022-09-05 20:15:00+00:00;0.172;;
966771;unknown;control;2022-09-05 20:30:00+00:00;0.099;;
966771;unknown;control;2022-09-05 20:45:00+00:00;0.097;;
966771;unknown;control;2022-09-05 21:00:00+00:00;0.106;;
966771;unknown;control;2022-09-05 21:15:00+00:00;0.098;;
966771;unknown;control;2022-09-05 21:30:00+00:00;0.098;;
966771;unknown;control;2022-09-05 21:45:00+00:00;0.103;;
966771;unknown;control;2022-09-05 22:00:00+00:00;0.095;;
966771;unknown;control;2022-09-05 22:15:00+00:00;0.104;;
966771;unknown;control;2022-09-05 22:30:00+00:00;0.102;;
966771;unknown;control;2022-09-05 22:45:00+00:00;0.096;;
966771;unknown;control;2022-09-05 23:00:00+00:00;0.101;;
966771;unknown;control;2022-09-05 23:15:00+00:00;0.099;;
966771;unknown;control;2022-09-05 23:30:00+00:00;1.338;;
966771;unknown;control;2022-09-05 23:45:00+00:00;1.297;;
966771;unknown;control;2022-09-06 00:00:00+00:00;1.309;;
966771;unknown;control;2022-09-06 00:15:00+00:00;1.335;;
966771;unknown;control;2022-09-06 00:30:00+00:00;1.343;;
966771;unknown;control;2022-09-06 00:45:00+00:00;1.354;;
966771;unknown;control;2022-09-06 01:00:00+00:00;1.365;;
966771;unknown;control;2022-09-06 01:15:00+00:00;1.373;;
966771;unknown;control;2022-09-06 01:30:00+00:00;0.196;;
966771;unknown;control;2022-09-06 01:45:00+00:00;0.1;;
966771;unknown;control;2022-09-06 02:00:00+00:00;0.117;;
966771;unknown;control;2022-09-06 02:15:00+00:00;0.097;;
966771;unknown;control;2022-09-06 02:30:00+00:00;0.106;;
966771;unknown;control;2022-09-06 02:45:00+00:00;0.099;;
966771;unknown;control;2022-09-06 03:00:00+00:00;0.094;;
966771;unknown;control;2022-09-06 03:15:00+00:00;0.104;;
966771;unknown;control;2022-09-06 03:30:00+00:00;0.093;;
966771;unknown;control;2022-09-06 03:45:00+00:00;0.089;;
966771;unknown;control;2022-09-06 04:00:00+00:00;0.107;;
966771;unknown;control;2022-09-06 04:15:00+00:00;0.113;;
966771;unknown;control;2022-09-06 04:30:00+00:00;0.095;;
966771;unknown;control;2022-09-06 04:45:00+00:00;0.116;;
966771;unknown;control;2022-09-06 05:00:00+00:00;0.108;;
966771;unknown;control;2022-09-06 05:15:00+00:00;0.095;;
966771;unknown;control;2022-09-06 05:30:00+00:00;0.105;;
966771;unknown;control;2022-09-06 05:45:00+00:00;0.099;;
966771;unknown;control;2022-09-06 06:00:00+00:00;0.108;;
966771;unknown;control;2022-09-06 06:15:00+00:00;0.136;;
966771;unknown;control;2022-09-06 06:30:00+00:00;0.106;;
966771;unknown;control;2022-09-06 06:45:00+00:00;0.094;;
966771;unknown;control;2022-09-06 07:00:00+00:00;0.152;;
966771;unknown;control;2022-09-06 07:15:00+00:00;0.774;;
966771;unknown;control;2022-09-06 07:30:00+00:00;0.267;;
966771;unknown;control;2022-09-06 07:45:00+00:00;0.141;;
966771;unknown;control;2022-09-06 08:00:00+00:00;0.122;;
966771;unknown;control;2022-09-06 08:15:00+00:00;0.134;;
966771;unknown;control;2022-09-06 08:30:00+00:00;0.095;;
966771;unknown;control;2022-09-06 08:45:00+00:00;0.196;;
966771;unknown;control;2022-09-06 09:00:00+00:00;0.135;;
966771;unknown;control;2022-09-06 09:15:00+00:00;0.102;;
966771;unknown;control;2022-09-06 09:30:00+00:00;0.098;;
966771;unknown;control;2022-09-06 09:45:00+00:00;0.101;;
966771;unknown;control;2022-09-06 10:00:00+00:00;0.092;;
966771;unknown;control;2022-09-06 10:15:00+00:00;0.115;;
966771;unknown;control;2022-09-06 10:30:00+00:00;0.108;;
966771;unknown;control;2022-09-06 10:45:00+00:00;0.194;;
966771;unknown;control;2022-09-06 11:00:00+00:00;0.595;;
966771;unknown;control;2022-09-06 11:15:00+00:00;0.447;;
966771;unknown;control;2022-09-06 11:30:00+00:00;0.489;;
966771;unknown;control;2022-09-06 11:45:00+00:00;0.514;;
966771;unknown;control;2022-09-06 12:00:00+00:00;0.12;;
966771;unknown;control;2022-09-06 12:15:00+00:00;0.094;;
966771;unknown;control;2022-09-06 12:30:00+00:00;0.108;;
966771;unknown;control;2022-09-06 12:45:00+00:00;0.317;;
966771;unknown;control;2022-09-06 13:00:00+00:00;0.365;;
966771;unknown;control;2022-09-06 13:15:00+00:00;0.62;;
966771;unknown;control;2022-09-06 13:30:00+00:00;0.209;;
966771;unknown;control;2022-09-06 13:45:00+00:00;0.51;;
966771;unknown;control;2022-09-06 14:00:00+00:00;0.326;;
966771;unknown;control;2022-09-06 14:15:00+00:00;0.159;;
966771;unknown;control;2022-09-06 14:30:00+00:00;0.246;;
966771;unknown;control;2022-09-06 14:45:00+00:00;0.11;;
966771;unknown;control;2022-09-06 15:00:00+00:00;0.1;;
966771;unknown;control;2022-09-06 15:15:00+00:00;0.09;;
966771;unknown;control;2022-09-06 15:30:00+00:00;0.105;;
966771;unknown;control;2022-09-06 15:45:00+00:00;0.094;;
966771;unknown;control;2022-09-06 16:00:00+00:00;0.092;;
966771;unknown;control;2022-09-06 16:15:00+00:00;0.143;;
966771;unknown;control;2022-09-06 16:30:00+00:00;0.214;;
966771;unknown;control;2022-09-06 16:45:00+00:00;0.244;;
966771;unknown;control;2022-09-06 17:00:00+00:00;0.157;;
966771;unknown;control;2022-09-06 17:15:00+00:00;0.104;;
966771;unknown;control;2022-09-06 17:30:00+00:00;0.155;;
966771;unknown;control;2022-09-06 17:45:00+00:00;0.179;;
966771;unknown;control;2022-09-06 18:00:00+00:00;0.145;;
966771;unknown;control;2022-09-06 18:15:00+00:00;0.147;;
966771;unknown;control;2022-09-06 18:30:00+00:00;0.153;;
966771;unknown;control;2022-09-06 18:45:00+00:00;0.144;;
966771;unknown;control;2022-09-06 19:00:00+00:00;0.16;;
966771;unknown;control;2022-09-06 19:15:00+00:00;0.118;;
966771;unknown;control;2022-09-06 19:30:00+00:00;0.106;;
966771;unknown;control;2022-09-06 19:45:00+00:00;0.117;;
966771;unknown;control;2022-09-06 20:00:00+00:00;0.108;;
966771;unknown;control;2022-09-06 20:15:00+00:00;0.103;;
966771;unknown;control;2022-09-06 20:30:00+00:00;0.122;;
966771;unknown;control;2022-09-06 20:45:00+00:00;0.158;;
966771;unknown;control;2022-09-06 21:00:00+00:00;0.116;;
966771;unknown;control;2022-09-06 21:15:00+00:00;0.118;;
966771;unknown;control;2022-09-06 21:30:00+00:00;0.115;;
966771;unknown;control;2022-09-06 21:45:00+00:00;0.109;;
966771;unknown;control;2022-09-06 22:00:00+00:00;0.103;;
966771;unknown;control;2022-09-06 22:15:00+00:00;0.103;;
966771;unknown;control;2022-09-06 22:30:00+00:00;0.104;;
966771;unknown;control;2022-09-06 22:45:00+00:00;0.107;;
966771;unknown;control;2022-09-06 23:00:00+00:00;0.101;;
966771;unknown;control;2022-09-06 23:15:00+00:00;0.105;;
966771;unknown;control;2022-09-06 23:30:00+00:00;1.339;;
966771;unknown;control;2022-09-06 23:45:00+00:00;1.295;;
966771;unknown;control;2022-09-07 00:00:00+00:00;1.326;;
966771;unknown;control;2022-09-07 00:15:00+00:00;1.33;;
966771;unknown;control;2022-09-07 00:30:00+00:00;1.345;;
966771;unknown;control;2022-09-07 00:45:00+00:00;1.366;;
966771;unknown;control;2022-09-07 01:00:00+00:00;1.357;;
966771;unknown;control;2022-09-07 01:15:00+00:00;1.399;;
966771;unknown;control;2022-09-07 01:30:00+00:00;0.528;;
966771;unknown;control;2022-09-07 01:45:00+00:00;0.104;;
966771;unknown;control;2022-09-07 02:00:00+00:00;0.107;;
966771;unknown;control;2022-09-07 02:15:00+00:00;0.103;;
966771;unknown;control;2022-09-07 02:30:00+00:00;0.101;;
966771;unknown;control;2022-09-07 02:45:00+00:00;0.109;;
966771;unknown;control;2022-09-07 03:00:00+00:00;0.1;;
966771;unknown;control;2022-09-07 03:15:00+00:00;0.102;;
966771;unknown;control;2022-09-07 03:30:00+00:00;0.107;;
966771;unknown;control;2022-09-07 03:45:00+00:00;0.097;;
966771;unknown;control;2022-09-07 04:00:00+00:00;0.115;;
966771;unknown;control;2022-09-07 04:15:00+00:00;0.105;;
966771;unknown;control;2022-09-07 04:30:00+00:00;0.094;;
966771;unknown;control;2022-09-07 04:45:00+00:00;0.137;;
966771;unknown;control;2022-09-07 05:00:00+00:00;0.12;;
966771;unknown;control;2022-09-07 05:15:00+00:00;0.113;;
966771;unknown;control;2022-09-07 05:30:00+00:00;0.136;;
966771;unknown;control;2022-09-07 05:45:00+00:00;0.342;;
966771;unknown;control;2022-09-07 06:00:00+00:00;0.31;;
966771;unknown;control;2022-09-07 06:15:00+00:00;0.153;;
966771;unknown;control;2022-09-07 06:30:00+00:00;0.14;;
966771;unknown;control;2022-09-07 06:45:00+00:00;0.131;;
966771;unknown;control;2022-09-07 07:00:00+00:00;0.105;;
966771;unknown;control;2022-09-07 07:15:00+00:00;0.101;;
966771;unknown;control;2022-09-07 07:30:00+00:00;0.094;;
966771;unknown;control;2022-09-07 07:45:00+00:00;0.104;;
966771;unknown;control;2022-09-07 08:00:00+00:00;0.1;;
966771;unknown;control;2022-09-07 08:15:00+00:00;0.097;;
966771;unknown;control;2022-09-07 08:30:00+00:00;0.187;;
966771;unknown;control;2022-09-07 08:45:00+00:00;0.115;;
966771;unknown;control;2022-09-07 09:00:00+00:00;0.099;;
966771;unknown;control;2022-09-07 09:15:00+00:00;0.109;;
966771;unknown;control;2022-09-07 09:30:00+00:00;0.097;;
966771;unknown;control;2022-09-07 09:45:00+00:00;0.619;;
966771;unknown;control;2022-09-07 10:00:00+00:00;0.346;;
966771;unknown;control;2022-09-07 10:15:00+00:00;0.099;;
966771;unknown;control;2022-09-07 10:30:00+00:00;0.125;;
966771;unknown;control;2022-09-07 10:45:00+00:00;0.102;;
966771;unknown;control;2022-09-07 11:00:00+00:00;0.103;;
966771;unknown;control;2022-09-07 11:15:00+00:00;0.099;;
966771;unknown;control;2022-09-07 11:30:00+00:00;0.094;;
966771;unknown;control;2022-09-07 11:45:00+00:00;0.103;;
966771;unknown;control;2022-09-07 12:00:00+00:00;0.105;;
966771;unknown;control;2022-09-07 12:15:00+00:00;0.092;;
966771;unknown;control;2022-09-07 12:30:00+00:00;0.096;;
966771;unknown;control;2022-09-07 12:45:00+00:00;0.101;;
966771;unknown;control;2022-09-07 13:00:00+00:00;0.097;;
966771;unknown;control;2022-09-07 13:15:00+00:00;0.104;;
966771;unknown;control;2022-09-07 13:30:00+00:00;0.119;;
966771;unknown;control;2022-09-07 13:45:00+00:00;0.114;;
966771;unknown;control;2022-09-07 14:00:00+00:00;0.119;;
966771;unknown;control;2022-09-07 14:15:00+00:00;0.337;;
966771;unknown;control;2022-09-07 14:30:00+00:00;0.275;;
966771;unknown;control;2022-09-07 14:45:00+00:00;0.22;;
966771;unknown;control;2022-09-07 15:00:00+00:00;0.205;;
966771;unknown;control;2022-09-07 15:15:00+00:00;0.112;;
966771;unknown;control;2022-09-07 15:30:00+00:00;0.112;;
966771;unknown;control;2022-09-07 15:45:00+00:00;0.101;;
966771;unknown;control;2022-09-07 16:00:00+00:00;0.102;;
966771;unknown;control;2022-09-07 16:15:00+00:00;0.107;;
966771;unknown;control;2022-09-07 16:30:00+00:00;0.101;;
966771;unknown;control;2022-09-07 16:45:00+00:00;0.131;;
966771;unknown;control;2022-09-07 17:00:00+00:00;0.112;;
966771;unknown;control;2022-09-07 17:15:00+00:00;0.1;;
966771;unknown;control;2022-09-07 17:30:00+00:00;0.115;;
966771;unknown;control;2022-09-07 17:45:00+00:00;0.147;;
966771;unknown;control;2022-09-07 18:00:00+00:00;0.114;;
966771;unknown;control;2022-09-07 18:15:00+00:00;0.118;;
966771;unknown;control;2022-09-07 18:30:00+00:00;0.127;;
966771;unknown;control;2022-09-07 18:45:00+00:00;0.13;;
966771;unknown;control;2022-09-07 19:00:00+00:00;0.135;;
966771;unknown;control;2022-09-07 19:15:00+00:00;0.122;;
966771;unknown;control;2022-09-07 19:30:00+00:00;0.116;;
966771;unknown;control;2022-09-07 19:45:00+00:00;0.126;;
966771;unknown;control;2022-09-07 20:00:00+00:00;0.112;;
966771;unknown;control;2022-09-07 20:15:00+00:00;0.113;;
966771;unknown;control;2022-09-07 20:30:00+00:00;0.121;;
966771;unknown;control;2022-09-07 20:45:00+00:00;0.099;;
966771;unknown;control;2022-09-07 21:00:00+00:00;0.093;;
966771;unknown;control;2022-09-07 21:15:00+00:00;0.106;;
966771;unknown;control;2022-09-07 21:30:00+00:00;0.1;;
966771;unknown;control;2022-09-07 21:45:00+00:00;0.105;;
966771;unknown;control;2022-09-07 22:00:00+00:00;0.102;;
966771;unknown;control;2022-09-07 22:15:00+00:00;0.094;;
966771;unknown;control;2022-09-07 22:30:00+00:00;0.104;;
966771;unknown;control;2022-09-07 22:45:00+00:00;0.103;;
966771;unknown;control;2022-09-07 23:00:00+00:00;0.092;;
966771;unknown;control;2022-09-07 23:15:00+00:00;0.104;;
966771;unknown;control;2022-09-07 23:30:00+00:00;1.335;;
966771;unknown;control;2022-09-07 23:45:00+00:00;1.294;;
966771;unknown;control;2022-09-08 00:00:00+00:00;1.311;;
966771;unknown;control;2022-09-08 00:15:00+00:00;1.337;;
966771;unknown;control;2022-09-08 00:30:00+00:00;1.339;;
966771;unknown;control;2022-09-08 00:45:00+00:00;1.35;;
966771;unknown;control;2022-09-08 01:00:00+00:00;1.353;;
966771;unknown;control;2022-09-08 01:15:00+00:00;1.387;;
966771;unknown;control;2022-09-08 01:30:00+00:00;0.2;;
966771;unknown;control;2022-09-08 01:45:00+00:00;0.089;;
966771;unknown;control;2022-09-08 02:00:00+00:00;0.1;;
966771;unknown;control;2022-09-08 02:15:00+00:00;0.108;;
966771;unknown;control;2022-09-08 02:30:00+00:00;0.092;;
966771;unknown;control;2022-09-08 02:45:00+00:00;0.094;;
966771;unknown;control;2022-09-08 03:00:00+00:00;0.102;;
966771;unknown;control;2022-09-08 03:15:00+00:00;0.097;;
966771;unknown;control;2022-09-08 03:30:00+00:00;0.099;;
966771;unknown;control;2022-09-08 03:45:00+00:00;0.094;;
966771;unknown;control;2022-09-08 04:00:00+00:00;0.103;;
966771;unknown;control;2022-09-08 04:15:00+00:00;0.116;;
966771;unknown;control;2022-09-08 04:30:00+00:00;0.103;;
966771;unknown;control;2022-09-08 04:45:00+00:00;0.123;;
966771;unknown;control;2022-09-08 05:00:00+00:00;0.108;;
966771;unknown;control;2022-09-08 05:15:00+00:00;0.108;;
966771;unknown;control;2022-09-08 05:30:00+00:00;0.096;;
966771;unknown;control;2022-09-08 05:45:00+00:00;0.116;;
966771;unknown;control;2022-09-08 06:00:00+00:00;0.11;;
966771;unknown;control;2022-09-08 06:15:00+00:00;0.382;;
966771;unknown;control;2022-09-08 06:30:00+00:00;0.13;;
966771;unknown;control;2022-09-08 06:45:00+00:00;0.124;;
966771;unknown;control;2022-09-08 07:00:00+00:00;0.156;;
966771;unknown;control;2022-09-08 07:15:00+00:00;0.497;;
966771;unknown;control;2022-09-08 07:30:00+00:00;0.903;;
966771;unknown;control;2022-09-08 07:45:00+00:00;0.167;;
966771;unknown;control;2022-09-08 08:00:00+00:00;0.141;;
966771;unknown;control;2022-09-08 08:15:00+00:00;0.148;;
966771;unknown;control;2022-09-08 08:30:00+00:00;0.2;;
966771;unknown;control;2022-09-08 08:45:00+00:00;0.257;;
966771;unknown;control;2022-09-08 09:00:00+00:00;0.244;;
966771;unknown;control;2022-09-08 09:15:00+00:00;0.2;;
966771;unknown;control;2022-09-08 09:30:00+00:00;0.285;;
966771;unknown;control;2022-09-08 09:45:00+00:00;0.097;;
966771;unknown;control;2022-09-08 10:00:00+00:00;0.126;;
966771;unknown;control;2022-09-08 10:15:00+00:00;0.129;;
966771;unknown;control;2022-09-08 10:30:00+00:00;0.114;;
966771;unknown;control;2022-09-08 10:45:00+00:00;0.097;;
966771;unknown;control;2022-09-08 11:00:00+00:00;0.197;;
966771;unknown;control;2022-09-08 11:15:00+00:00;0.265;;
966771;unknown;control;2022-09-08 11:30:00+00:00;0.283;;
966771;unknown;control;2022-09-08 11:45:00+00:00;0.273;;
966771;unknown;control;2022-09-08 12:00:00+00:00;0.284;;
966771;unknown;control;2022-09-08 12:15:00+00:00;0.195;;
966771;unknown;control;2022-09-08 12:30:00+00:00;0.107;;
966771;unknown;control;2022-09-08 12:45:00+00:00;0.146;;
966771;unknown;control;2022-09-08 13:00:00+00:00;0.116;;
966771;unknown;control;2022-09-08 13:15:00+00:00;0.105;;
966771;unknown;control;2022-09-08 13:30:00+00:00;0.14;;
966771;unknown;control;2022-09-08 13:45:00+00:00;0.102;;
966771;unknown;control;2022-09-08 14:00:00+00:00;0.092;;
966771;unknown;control;2022-09-08 14:15:00+00:00;0.106;;
966771;unknown;control;2022-09-08 14:30:00+00:00;0.1;;
966771;unknown;control;2022-09-08 14:45:00+00:00;0.099;;
966771;unknown;control;2022-09-08 15:00:00+00:00;0.12;;
966771;unknown;control;2022-09-08 15:15:00+00:00;0.509;;
966771;unknown;control;2022-09-08 15:30:00+00:00;0.302;;
966771;unknown;control;2022-09-08 15:45:00+00:00;0.295;;
966771;unknown;control;2022-09-08 16:00:00+00:00;0.235;;
966771;unknown;control;2022-09-08 16:15:00+00:00;0.103;;
966771;unknown;control;2022-09-08 16:30:00+00:00;0.121;;
966771;unknown;control;2022-09-08 16:45:00+00:00;0.098;;
966771;unknown;control;2022-09-08 17:00:00+00:00;0.124;;
966771;unknown;control;2022-09-08 17:15:00+00:00;0.132;;
966771;unknown;control;2022-09-08 17:30:00+00:00;0.226;;
966771;unknown;control;2022-09-08 17:45:00+00:00;0.698;;
966771;unknown;control;2022-09-08 18:00:00+00:00;0.286;;
966771;unknown;control;2022-09-08 18:15:00+00:00;0.529;;
966771;unknown;control;2022-09-08 18:30:00+00:00;0.297;;
966771;unknown;control;2022-09-08 18:45:00+00:00;0.269;;
966771;unknown;control;2022-09-08 19:00:00+00:00;0.284;;
966771;unknown;control;2022-09-08 19:15:00+00:00;0.283;;
966771;unknown;control;2022-09-08 19:30:00+00:00;0.265;;
966771;unknown;control;2022-09-08 19:45:00+00:00;0.26;;
966771;unknown;control;2022-09-08 20:00:00+00:00;0.272;;
966771;unknown;control;2022-09-08 20:15:00+00:00;0.189;;
966771;unknown;control;2022-09-08 20:30:00+00:00;0.11;;
966771;unknown;control;2022-09-08 20:45:00+00:00;0.109;;
966771;unknown;control;2022-09-08 21:00:00+00:00;0.108;;
966771;unknown;control;2022-09-08 21:15:00+00:00;0.113;;
966771;unknown;control;2022-09-08 21:30:00+00:00;0.107;;
966771;unknown;control;2022-09-08 21:45:00+00:00;0.103;;
966771;unknown;control;2022-09-08 22:00:00+00:00;0.111;;
966771;unknown;control;2022-09-08 22:15:00+00:00;0.106;;
966771;unknown;control;2022-09-08 22:30:00+00:00;0.11;;
966771;unknown;control;2022-09-08 22:45:00+00:00;0.11;;
966771;unknown;control;2022-09-08 23:00:00+00:00;0.101;;
966771;unknown;control;2022-09-08 23:15:00+00:00;0.096;;
966771;unknown;control;2022-09-08 23:30:00+00:00;1.344;;
966771;unknown;control;2022-09-08 23:45:00+00:00;1.294;;
966771;unknown;control;2022-09-09 00:00:00+00:00;1.307;;
966771;unknown;control;2022-09-09 00:15:00+00:00;1.343;;
966771;unknown;control;2022-09-09 00:30:00+00:00;1.336;;
966771;unknown;control;2022-09-09 00:45:00+00:00;1.357;;
966771;unknown;control;2022-09-09 01:00:00+00:00;1.37;;
966771;unknown;control;2022-09-09 01:15:00+00:00;1.372;;
966771;unknown;control;2022-09-09 01:30:00+00:00;0.542;;
966771;unknown;control;2022-09-09 01:45:00+00:00;0.1;;
966771;unknown;control;2022-09-09 02:00:00+00:00;0.096;;
966771;unknown;control;2022-09-09 02:15:00+00:00;0.107;;
966771;unknown;control;2022-09-09 02:30:00+00:00;0.1;;
966771;unknown;control;2022-09-09 02:45:00+00:00;0.092;;
966771;unknown;control;2022-09-09 03:00:00+00:00;0.105;;
966771;unknown;control;2022-09-09 03:15:00+00:00;0.099;;
966771;unknown;control;2022-09-09 03:30:00+00:00;0.092;;
966771;unknown;control;2022-09-09 03:45:00+00:00;0.119;;
966771;unknown;control;2022-09-09 04:00:00+00:00;0.102;;
966771;unknown;control;2022-09-09 04:15:00+00:00;0.096;;
966771;unknown;control;2022-09-09 04:30:00+00:00;0.112;;
966771;unknown;control;2022-09-09 04:45:00+00:00;0.123;;
966771;unknown;control;2022-09-09 05:00:00+00:00;0.128;;
966771;unknown;control;2022-09-09 05:15:00+00:00;0.117;;
966771;unknown;control;2022-09-09 05:30:00+00:00;0.177;;
966771;unknown;control;2022-09-09 05:45:00+00:00;0.114;;
966771;unknown;control;2022-09-09 06:00:00+00:00;0.115;;
966771;unknown;control;2022-09-09 06:15:00+00:00;0.105;;
966771;unknown;control;2022-09-09 06:30:00+00:00;0.108;;
966771;unknown;control;2022-09-09 06:45:00+00:00;0.093;;
966771;unknown;control;2022-09-09 07:00:00+00:00;0.083;;
966771;unknown;control;2022-09-09 07:15:00+00:00;0.098;;
966771;unknown;control;2022-09-09 07:30:00+00:00;0.098;;
966771;unknown;control;2022-09-09 07:45:00+00:00;0.145;;
966771;unknown;control;2022-09-09 08:00:00+00:00;0.334;;
966771;unknown;control;2022-09-09 08:15:00+00:00;0.208;;
966771;unknown;control;2022-09-09 08:30:00+00:00;0.092;;
966771;unknown;control;2022-09-09 08:45:00+00:00;0.101;;
966771;unknown;control;2022-09-09 09:00:00+00:00;0.099;;
966771;unknown;control;2022-09-09 09:15:00+00:00;0.281;;
966771;unknown;control;2022-09-09 09:30:00+00:00;0.324;;
966771;unknown;control;2022-09-09 09:45:00+00:00;0.16;;
966771;unknown;control;2022-09-09 10:00:00+00:00;0.1;;
966771;unknown;control;2022-09-09 10:15:00+00:00;0.104;;
966771;unknown;control;2022-09-09 10:30:00+00:00;0.091;;
966771;unknown;control;2022-09-09 10:45:00+00:00;0.098;;
966771;unknown;control;2022-09-09 11:00:00+00:00;0.099;;
966771;unknown;control;2022-09-09 11:15:00+00:00;0.087;;
966771;unknown;control;2022-09-09 11:30:00+00:00;0.093;;
966771;unknown;control;2022-09-09 11:45:00+00:00;0.099;;
966771;unknown;control;2022-09-09 12:00:00+00:00;0.092;;
966771;unknown;control;2022-09-09 12:15:00+00:00;0.095;;
966771;unknown;control;2022-09-09 12:30:00+00:00;0.1;;
966771;unknown;control;2022-09-09 12:45:00+00:00;0.095;;
966771;unknown;control;2022-09-09 13:00:00+00:00;0.111;;
966771;unknown;control;2022-09-09 13:15:00+00:00;0.342;;
966771;unknown;control;2022-09-09 13:30:00+00:00;0.372;;
966771;unknown;control;2022-09-09 13:45:00+00:00;0.316;;
966771;unknown;control;2022-09-09 14:00:00+00:00;0.454;;
966771;unknown;control;2022-09-09 14:15:00+00:00;0.263;;
966771;unknown;control;2022-09-09 14:30:00+00:00;0.335;;
966771;unknown;control;2022-09-09 14:45:00+00:00;0.115;;
966771;unknown;control;2022-09-09 15:00:00+00:00;0.201;;
966771;unknown;control;2022-09-09 15:15:00+00:00;0.114;;
966771;unknown;control;2022-09-09 15:30:00+00:00;0.152;;
966771;unknown;control;2022-09-09 15:45:00+00:00;0.124;;
966771;unknown;control;2022-09-09 16:00:00+00:00;0.112;;
966771;unknown;control;2022-09-09 16:15:00+00:00;0.214;;
966771;unknown;control;2022-09-09 16:30:00+00:00;0.099;;
966771;unknown;control;2022-09-09 16:45:00+00:00;0.104;;
966771;unknown;control;2022-09-09 17:00:00+00:00;0.095;;
966771;unknown;control;2022-09-09 17:15:00+00:00;0.1;;
966771;unknown;control;2022-09-09 17:30:00+00:00;0.098;;
966771;unknown;control;2022-09-09 17:45:00+00:00;0.094;;
966771;unknown;control;2022-09-09 18:00:00+00:00;0.103;;
966771;unknown;control;2022-09-09 18:15:00+00:00;0.098;;
966771;unknown;control;2022-09-09 18:30:00+00:00;0.104;;
966771;unknown;control;2022-09-09 18:45:00+00:00;0.117;;
966771;unknown;control;2022-09-09 19:00:00+00:00;0.106;;
966771;unknown;control;2022-09-09 19:15:00+00:00;0.099;;
966771;unknown;control;2022-09-09 19:30:00+00:00;0.115;;
966771;unknown;control;2022-09-09 19:45:00+00:00;0.105;;
966771;unknown;control;2022-09-09 20:00:00+00:00;0.093;;
966771;unknown;control;2022-09-09 20:15:00+00:00;0.105;;
966771;unknown;control;2022-09-09 20:30:00+00:00;0.121;;
966771;unknown;control;2022-09-09 20:45:00+00:00;0.099;;
966771;unknown;control;2022-09-09 21:00:00+00:00;0.108;;
966771;unknown;control;2022-09-09 21:15:00+00:00;0.097;;
966771;unknown;control;2022-09-09 21:30:00+00:00;0.096;;
966771;unknown;control;2022-09-09 21:45:00+00:00;0.105;;
966771;unknown;control;2022-09-09 22:00:00+00:00;0.096;;
966771;unknown;control;2022-09-09 22:15:00+00:00;0.095;;
966771;unknown;control;2022-09-09 22:30:00+00:00;0.103;;
966771;unknown;control;2022-09-09 22:45:00+00:00;0.094;;
966771;unknown;control;2022-09-09 23:00:00+00:00;0.096;;
966771;unknown;control;2022-09-09 23:15:00+00:00;0.1;;
966771;unknown;control;2022-09-09 23:30:00+00:00;1.339;;
966771;unknown;control;2022-09-09 23:45:00+00:00;1.309;;
966771;unknown;control;2022-09-10 00:00:00+00:00;1.324;;
966771;unknown;control;2022-09-10 00:15:00+00:00;1.349;;
966771;unknown;control;2022-09-10 00:30:00+00:00;1.35;;
966771;unknown;control;2022-09-10 00:45:00+00:00;0.209;;
966771;unknown;control;2022-09-10 01:00:00+00:00;0.122;;
966771;unknown;control;2022-09-10 01:15:00+00:00;0.109;;
966771;unknown;control;2022-09-10 01:30:00+00:00;0.108;;
966771;unknown;control;2022-09-10 01:45:00+00:00;0.109;;
966771;unknown;control;2022-09-10 02:00:00+00:00;0.097;;
966771;unknown;control;2022-09-10 02:15:00+00:00;0.094;;
966771;unknown;control;2022-09-10 02:30:00+00:00;0.104;;
966771;unknown;control;2022-09-10 02:45:00+00:00;0.097;;
966771;unknown;control;2022-09-10 03:00:00+00:00;0.091;;
966771;unknown;control;2022-09-10 03:15:00+00:00;0.104;;
966771;unknown;control;2022-09-10 03:30:00+00:00;0.099;;
966771;unknown;control;2022-09-10 03:45:00+00:00;0.089;;
966771;unknown;control;2022-09-10 04:00:00+00:00;0.102;;
966771;unknown;control;2022-09-10 04:15:00+00:00;0.112;;
966771;unknown;control;2022-09-10 04:30:00+00:00;0.094;;
966771;unknown;control;2022-09-10 04:45:00+00:00;0.1;;
966771;unknown;control;2022-09-10 05:00:00+00:00;0.096;;
966771;unknown;control;2022-09-10 05:15:00+00:00;0.098;;
966771;unknown;control;2022-09-10 05:30:00+00:00;0.099;;
966771;unknown;control;2022-09-10 05:45:00+00:00;0.09;;
966771;unknown;control;2022-09-10 06:00:00+00:00;0.148;;
966771;unknown;control;2022-09-10 06:15:00+00:00;0.127;;
966771;unknown;control;2022-09-10 06:30:00+00:00;0.182;;
966771;unknown;control;2022-09-10 06:45:00+00:00;0.232;;
966771;unknown;control;2022-09-10 07:00:00+00:00;0.224;;
966771;unknown;control;2022-09-10 07:15:00+00:00;0.211;;
966771;unknown;control;2022-09-10 07:30:00+00:00;0.21;;
966771;unknown;control;2022-09-10 07:45:00+00:00;0.102;;
966771;unknown;control;2022-09-10 08:00:00+00:00;0.299;;
966771;unknown;control;2022-09-10 08:15:00+00:00;0.107;;
966771;unknown;control;2022-09-10 08:30:00+00:00;0.097;;
966771;unknown;control;2022-09-10 08:45:00+00:00;0.14;;
966771;unknown;control;2022-09-10 09:00:00+00:00;0.182;;
966771;unknown;control;2022-09-10 09:15:00+00:00;0.128;;
966771;unknown;control;2022-09-10 09:30:00+00:00;0.103;;
966771;unknown;control;2022-09-10 09:45:00+00:00;0.103;;
966771;unknown;control;2022-09-10 10:00:00+00:00;0.108;;
966771;unknown;control;2022-09-10 10:15:00+00:00;0.202;;
966771;unknown;control;2022-09-10 10:30:00+00:00;0.299;;
966771;unknown;control;2022-09-10 10:45:00+00:00;0.103;;
966771;unknown;control;2022-09-10 11:00:00+00:00;0.095;;
966771;unknown;control;2022-09-10 11:15:00+00:00;0.189;;
966771;unknown;control;2022-09-10 11:30:00+00:00;0.212;;
966771;unknown;control;2022-09-10 11:45:00+00:00;0.13;;
966771;unknown;control;2022-09-10 12:00:00+00:00;0.128;;
966771;unknown;control;2022-09-10 12:15:00+00:00;0.131;;
966771;unknown;control;2022-09-10 12:30:00+00:00;0.14;;
966771;unknown;control;2022-09-10 12:45:00+00:00;0.164;;
966771;unknown;control;2022-09-10 13:00:00+00:00;0.157;;
966771;unknown;control;2022-09-10 13:15:00+00:00;0.175;;
966771;unknown;control;2022-09-10 13:30:00+00:00;0.163;;
966771;unknown;control;2022-09-10 13:45:00+00:00;0.162;;
966771;unknown;control;2022-09-10 14:00:00+00:00;0.27;;
966771;unknown;control;2022-09-10 14:15:00+00:00;0.182;;
966771;unknown;control;2022-09-10 14:30:00+00:00;0.166;;
966771;unknown;control;2022-09-10 14:45:00+00:00;0.162;;
966771;unknown;control;2022-09-10 15:00:00+00:00;0.16;;
966771;unknown;control;2022-09-10 15:15:00+00:00;0.171;;
966771;unknown;control;2022-09-10 15:30:00+00:00;0.481;;
966771;unknown;control;2022-09-10 15:45:00+00:00;0.603;;
966771;unknown;control;2022-09-10 16:00:00+00:00;0.121;;
966771;unknown;control;2022-09-10 16:15:00+00:00;0.106;;
966771;unknown;control;2022-09-10 16:30:00+00:00;0.122;;
966771;unknown;control;2022-09-10 16:45:00+00:00;0.131;;
966771;unknown;control;2022-09-10 17:00:00+00:00;0.618;;
966771;unknown;control;2022-09-10 17:15:00+00:00;0.235;;
966771;unknown;control;2022-09-10 17:30:00+00:00;0.211;;
966771;unknown;control;2022-09-10 17:45:00+00:00;0.334;;
966771;unknown;control;2022-09-10 18:00:00+00:00;0.543;;
966771;unknown;control;2022-09-10 18:15:00+00:00;0.222;;
966771;unknown;control;2022-09-10 18:30:00+00:00;0.227;;
966771;unknown;control;2022-09-10 18:45:00+00:00;0.227;;
966771;unknown;control;2022-09-10 19:00:00+00:00;0.22;;
966771;unknown;control;2022-09-10 19:15:00+00:00;0.14;;
966771;unknown;control;2022-09-10 19:30:00+00:00;0.12;;
966771;unknown;control;2022-09-10 19:45:00+00:00;0.115;;
966771;unknown;control;2022-09-10 20:00:00+00:00;0.092;;
966771;unknown;control;2022-09-10 20:15:00+00:00;0.102;;
966771;unknown;control;2022-09-10 20:30:00+00:00;0.105;;
966771;unknown;control;2022-09-10 20:45:00+00:00;0.092;;
966771;unknown;control;2022-09-10 21:00:00+00:00;0.099;;
966771;unknown;control;2022-09-10 21:15:00+00:00;0.107;;
966771;unknown;control;2022-09-10 21:30:00+00:00;0.096;;
966771;unknown;control;2022-09-10 21:45:00+00:00;0.1;;
966771;unknown;control;2022-09-10 22:00:00+00:00;0.097;;
966771;unknown;control;2022-09-10 22:15:00+00:00;0.098;;
966771;unknown;control;2022-09-10 22:30:00+00:00;0.102;;
966771;unknown;control;2022-09-10 22:45:00+00:00;0.093;;
966771;unknown;control;2022-09-10 23:00:00+00:00;0.103;;
966771;unknown;control;2022-09-10 23:15:00+00:00;0.108;;
966771;unknown;control;2022-09-10 23:30:00+00:00;1.356;;
966771;unknown;control;2022-09-10 23:45:00+00:00;1.324;;
966771;unknown;control;2022-09-11 00:00:00+00:00;1.316;;
966771;unknown;control;2022-09-11 00:15:00+00:00;1.316;;
966771;unknown;control;2022-09-11 00:30:00+00:00;1.321;;
966771;unknown;control;2022-09-11 00:45:00+00:00;1.341;;
966771;unknown;control;2022-09-11 01:00:00+00:00;1.352;;
966771;unknown;control;2022-09-11 01:15:00+00:00;1.378;;
966771;unknown;control;2022-09-11 01:30:00+00:00;0.618;;
966771;unknown;control;2022-09-11 01:45:00+00:00;0.094;;
966771;unknown;control;2022-09-11 02:00:00+00:00;0.101;;
966771;unknown;control;2022-09-11 02:15:00+00:00;0.097;;
966771;unknown;control;2022-09-11 02:30:00+00:00;0.1;;
966771;unknown;control;2022-09-11 02:45:00+00:00;0.097;;
966771;unknown;control;2022-09-11 03:00:00+00:00;0.1;;
966771;unknown;control;2022-09-11 03:15:00+00:00;0.097;;
966771;unknown;control;2022-09-11 03:30:00+00:00;0.103;;
966771;unknown;control;2022-09-11 03:45:00+00:00;0.087;;
966771;unknown;control;2022-09-11 04:00:00+00:00;0.095;;
966771;unknown;control;2022-09-11 04:15:00+00:00;0.099;;
966771;unknown;control;2022-09-11 04:30:00+00:00;0.091;;
966771;unknown;control;2022-09-11 04:45:00+00:00;0.097;;
966771;unknown;control;2022-09-11 05:00:00+00:00;0.101;;
966771;unknown;control;2022-09-11 05:15:00+00:00;0.096;;
966771;unknown;control;2022-09-11 05:30:00+00:00;0.096;;
966771;unknown;control;2022-09-11 05:45:00+00:00;0.095;;
966771;unknown;control;2022-09-11 06:00:00+00:00;0.097;;
966771;unknown;control;2022-09-11 06:15:00+00:00;0.115;;
966771;unknown;control;2022-09-11 06:30:00+00:00;0.458;;
966771;unknown;control;2022-09-11 06:45:00+00:00;0.118;;
966771;unknown;control;2022-09-11 07:00:00+00:00;0.127;;
966771;unknown;control;2022-09-11 07:15:00+00:00;0.248;;
966771;unknown;control;2022-09-11 07:30:00+00:00;0.136;;
966771;unknown;control;2022-09-11 07:45:00+00:00;0.138;;
966771;unknown;control;2022-09-11 08:00:00+00:00;0.094;;
966771;unknown;control;2022-09-11 08:15:00+00:00;0.114;;
966771;unknown;control;2022-09-11 08:30:00+00:00;0.1;;
966771;unknown;control;2022-09-11 08:45:00+00:00;0.092;;
966771;unknown;control;2022-09-11 09:00:00+00:00;0.104;;
966771;unknown;control;2022-09-11 09:15:00+00:00;0.108;;
966771;unknown;control;2022-09-11 09:30:00+00:00;0.11;;
966771;unknown;control;2022-09-11 09:45:00+00:00;0.097;;
966771;unknown;control;2022-09-11 10:00:00+00:00;0.098;;
966771;unknown;control;2022-09-11 10:15:00+00:00;0.177;;
966771;unknown;control;2022-09-11 10:30:00+00:00;0.131;;
966771;unknown;control;2022-09-11 10:45:00+00:00;0.112;;
966771;unknown;control;2022-09-11 11:00:00+00:00;0.118;;
966771;unknown;control;2022-09-11 11:15:00+00:00;0.111;;
966771;unknown;control;2022-09-11 11:30:00+00:00;0.115;;
966771;unknown;control;2022-09-11 11:45:00+00:00;0.176;;
966771;unknown;control;2022-09-11 12:00:00+00:00;0.176;;
966771;unknown;control;2022-09-11 12:15:00+00:00;0.176;;
966771;unknown;control;2022-09-11 12:30:00+00:00;0.11;;
966771;unknown;control;2022-09-11 12:45:00+00:00;0.111;;
966771;unknown;control;2022-09-11 13:00:00+00:00;0.112;;
966771;unknown;control;2022-09-11 13:15:00+00:00;0.112;;
966771;unknown;control;2022-09-11 13:30:00+00:00;0.106;;
966771;unknown;control;2022-09-11 13:45:00+00:00;0.105;;
966771;unknown;control;2022-09-11 14:00:00+00:00;0.108;;
966771;unknown;control;2022-09-11 14:15:00+00:00;0.101;;
966771;unknown;control;2022-09-11 14:30:00+00:00;0.109;;
966771;unknown;control;2022-09-11 14:45:00+00:00;0.111;;
966771;unknown;control;2022-09-11 15:00:00+00:00;0.117;;
966771;unknown;control;2022-09-11 15:15:00+00:00;0.159;;
966771;unknown;control;2022-09-11 15:30:00+00:00;0.184;;
966771;unknown;control;2022-09-11 15:45:00+00:00;0.264;;
966771;unknown;control;2022-09-11 16:00:00+00:00;0.583;;
966771;unknown;control;2022-09-11 16:15:00+00:00;0.191;;
966771;unknown;control;2022-09-11 16:30:00+00:00;0.12;;
966771;unknown;control;2022-09-11 16:45:00+00:00;0.12;;
966771;unknown;control;2022-09-11 17:00:00+00:00;0.146;;
966771;unknown;control;2022-09-11 17:15:00+00:00;0.119;;
966771;unknown;control;2022-09-11 17:30:00+00:00;0.122;;
966771;unknown;control;2022-09-11 17:45:00+00:00;0.092;;
966771;unknown;control;2022-09-11 18:00:00+00:00;0.121;;
966771;unknown;control;2022-09-11 18:15:00+00:00;0.183;;
966771;unknown;control;2022-09-11 18:30:00+00:00;0.278;;
966771;unknown;control;2022-09-11 18:45:00+00:00;0.215;;
966771;unknown;control;2022-09-11 19:00:00+00:00;0.2;;
966771;unknown;control;2022-09-11 19:15:00+00:00;0.2;;
966771;unknown;control;2022-09-11 19:30:00+00:00;0.199;;
966771;unknown;control;2022-09-11 19:45:00+00:00;0.151;;
966771;unknown;control;2022-09-11 20:00:00+00:00;0.103;;
966771;unknown;control;2022-09-11 20:15:00+00:00;0.105;;
966771;unknown;control;2022-09-11 20:30:00+00:00;0.098;;
966771;unknown;control;2022-09-11 20:45:00+00:00;0.104;;
966771;unknown;control;2022-09-11 21:00:00+00:00;0.107;;
966771;unknown;control;2022-09-11 21:15:00+00:00;0.094;;
966771;unknown;control;2022-09-11 21:30:00+00:00;0.107;;
966771;unknown;control;2022-09-11 21:45:00+00:00;0.11;;
966771;unknown;control;2022-09-11 22:00:00+00:00;0.095;;
966771;unknown;control;2022-09-11 22:15:00+00:00;0.105;;
966771;unknown;control;2022-09-11 22:30:00+00:00;0.105;;
966771;unknown;control;2022-09-11 22:45:00+00:00;0.097;;
966771;unknown;control;2022-09-11 23:00:00+00:00;0.106;;
966771;unknown;control;2022-09-11 23:15:00+00:00;0.111;;
966771;unknown;control;2022-09-11 23:30:00+00:00;1.349;;
966771;unknown;control;2022-09-11 23:45:00+00:00;1.308;;
966771;unknown;control;2022-09-12 00:00:00+00:00;1.306;;
966771;unknown;control;2022-09-12 00:15:00+00:00;1.328;;
966771;unknown;control;2022-09-12 00:30:00+00:00;1.335;;
966771;unknown;control;2022-09-12 00:45:00+00:00;1.338;;
966771;unknown;control;2022-09-12 01:00:00+00:00;1.359;;
966771;unknown;control;2022-09-12 01:15:00+00:00;1.357;;
966771;unknown;control;2022-09-12 01:30:00+00:00;1.356;;
966771;unknown;control;2022-09-12 01:45:00+00:00;1.373;;
966771;unknown;control;2022-09-12 02:00:00+00:00;0.374;;
966771;unknown;control;2022-09-12 02:15:00+00:00;0.094;;
966771;unknown;control;2022-09-12 02:30:00+00:00;0.11;;
966771;unknown;control;2022-09-12 02:45:00+00:00;0.106;;
966771;unknown;control;2022-09-12 03:00:00+00:00;0.095;;
966771;unknown;control;2022-09-12 03:15:00+00:00;0.105;;
966771;unknown;control;2022-09-12 03:30:00+00:00;0.102;;
966771;unknown;control;2022-09-12 03:45:00+00:00;0.097;;
966771;unknown;control;2022-09-12 04:00:00+00:00;0.104;;
966771;unknown;control;2022-09-12 04:15:00+00:00;0.101;;
966771;unknown;control;2022-09-12 04:30:00+00:00;0.115;;
966771;unknown;control;2022-09-12 04:45:00+00:00;0.106;;
966771;unknown;control;2022-09-12 05:00:00+00:00;0.174;;
966771;unknown;control;2022-09-12 05:15:00+00:00;0.792;;
966771;unknown;control;2022-09-12 05:30:00+00:00;0.178;;
966771;unknown;control;2022-09-12 05:45:00+00:00;0.141;;
966771;unknown;control;2022-09-12 06:00:00+00:00;0.141;;
966771;unknown;control;2022-09-12 06:15:00+00:00;0.129;;
966771;unknown;control;2022-09-12 06:30:00+00:00;0.094;;
966771;unknown;control;2022-09-12 06:45:00+00:00;0.103;;
966771;unknown;control;2022-09-12 07:00:00+00:00;0.183;;
966771;unknown;control;2022-09-12 07:15:00+00:00;0.572;;
966771;unknown;control;2022-09-12 07:30:00+00:00;0.319;;
966771;unknown;control;2022-09-12 07:45:00+00:00;0.328;;
966771;unknown;control;2022-09-12 08:00:00+00:00;0.322;;
966771;unknown;control;2022-09-12 08:15:00+00:00;0.3;;
966771;unknown;control;2022-09-12 08:30:00+00:00;0.237;;
966771;unknown;control;2022-09-12 08:45:00+00:00;0.137;;
966771;unknown;control;2022-09-12 09:00:00+00:00;0.12;;
966771;unknown;control;2022-09-12 09:15:00+00:00;0.159;;
966771;unknown;control;2022-09-12 09:30:00+00:00;0.58;;
966771;unknown;control;2022-09-12 09:45:00+00:00;0.109;;
966771;unknown;control;2022-09-12 10:00:00+00:00;0.12;;
966771;unknown;control;2022-09-12 10:15:00+00:00;0.117;;
966771;unknown;control;2022-09-12 10:30:00+00:00;0.113;;
966771;unknown;control;2022-09-12 10:45:00+00:00;0.103;;
966771;unknown;control;2022-09-12 11:00:00+00:00;0.412;;
966771;unknown;control;2022-09-12 11:15:00+00:00;0.599;;
966771;unknown;control;2022-09-12 11:30:00+00:00;0.12;;
966771;unknown;control;2022-09-12 11:45:00+00:00;0.127;;
966771;unknown;control;2022-09-12 12:00:00+00:00;0.149;;
966771;unknown;control;2022-09-12 12:15:00+00:00;0.619;;
966771;unknown;control;2022-09-12 12:30:00+00:00;0.164;;
966771;unknown;control;2022-09-12 12:45:00+00:00;0.248;;
966771;unknown;control;2022-09-12 13:00:00+00:00;0.128;;
966771;unknown;control;2022-09-12 13:15:00+00:00;0.124;;
966771;unknown;control;2022-09-12 13:30:00+00:00;0.11;;
966771;unknown;control;2022-09-12 13:45:00+00:00;0.103;;
966771;unknown;control;2022-09-12 14:00:00+00:00;0.115;;
966771;unknown;control;2022-09-12 14:15:00+00:00;0.112;;
966771;unknown;control;2022-09-12 14:30:00+00:00;0.103;;
966771;unknown;control;2022-09-12 14:45:00+00:00;0.107;;
966771;unknown;control;2022-09-12 15:00:00+00:00;0.097;;
966771;unknown;control;2022-09-12 15:15:00+00:00;0.131;;
966771;unknown;control;2022-09-12 15:30:00+00:00;0.13;;
966771;unknown;control;2022-09-12 15:45:00+00:00;0.103;;
966771;unknown;control;2022-09-12 16:00:00+00:00;0.109;;
966771;unknown;control;2022-09-12 16:15:00+00:00;0.126;;
966771;unknown;control;2022-09-12 16:30:00+00:00;0.108;;
966771;unknown;control;2022-09-12 16:45:00+00:00;0.123;;
966771;unknown;control;2022-09-12 17:00:00+00:00;0.104;;
966771;unknown;control;2022-09-12 17:15:00+00:00;0.099;;
966771;unknown;control;2022-09-12 17:30:00+00:00;0.102;;
966771;unknown;control;2022-09-12 17:45:00+00:00;0.174;;
966771;unknown;control;2022-09-12 18:00:00+00:00;0.11;;
966771;unknown;control;2022-09-12 18:15:00+00:00;0.134;;
966771;unknown;control;2022-09-12 18:30:00+00:00;0.148;;
966771;unknown;control;2022-09-12 18:45:00+00:00;0.188;;
966771;unknown;control;2022-09-12 19:00:00+00:00;0.188;;
966771;unknown;control;2022-09-12 19:15:00+00:00;0.159;;
966771;unknown;control;2022-09-12 19:30:00+00:00;0.167;;
966771;unknown;control;2022-09-12 19:45:00+00:00;0.125;;
966771;unknown;control;2022-09-12 20:00:00+00:00;0.107;;
966771;unknown;control;2022-09-12 20:15:00+00:00;0.139;;
966771;unknown;control;2022-09-12 20:30:00+00:00;0.114;;
966771;unknown;control;2022-09-12 20:45:00+00:00;0.1;;
966771;unknown;control;2022-09-12 21:00:00+00:00;0.11;;
966771;unknown;control;2022-09-12 21:15:00+00:00;0.101;;
966771;unknown;control;2022-09-12 21:30:00+00:00;0.1;;
966771;unknown;control;2022-09-12 21:45:00+00:00;0.102;;
966771;unknown;control;2022-09-12 22:00:00+00:00;0.1;;
966771;unknown;control;2022-09-12 22:15:00+00:00;0.102;;
966771;unknown;control;2022-09-12 22:30:00+00:00;0.105;;
966771;unknown;control;2022-09-12 22:45:00+00:00;0.096;;
966771;unknown;control;2022-09-12 23:00:00+00:00;0.103;;
966771;unknown;control;2022-09-12 23:15:00+00:00;0.101;;
966771;unknown;control;2022-09-12 23:30:00+00:00;1.333;;
966771;unknown;control;2022-09-12 23:45:00+00:00;1.292;;
966771;unknown;control;2022-09-13 00:00:00+00:00;1.291;;
966771;unknown;control;2022-09-13 00:15:00+00:00;1.324;;
966771;unknown;control;2022-09-13 00:30:00+00:00;1.351;;
966771;unknown;control;2022-09-13 00:45:00+00:00;0.888;;
966771;unknown;control;2022-09-13 01:00:00+00:00;0.095;;
966771;unknown;control;2022-09-13 01:15:00+00:00;0.111;;
966771;unknown;control;2022-09-13 01:30:00+00:00;0.1;;
966771;unknown;control;2022-09-13 01:45:00+00:00;0.095;;
966771;unknown;control;2022-09-13 02:00:00+00:00;0.106;;
966771;unknown;control;2022-09-13 02:15:00+00:00;0.096;;
966771;unknown;control;2022-09-13 02:30:00+00:00;0.098;;
966771;unknown;control;2022-09-13 02:45:00+00:00;0.107;;
966771;unknown;control;2022-09-13 03:00:00+00:00;0.091;;
966771;unknown;control;2022-09-13 03:15:00+00:00;0.095;;
966771;unknown;control;2022-09-13 03:30:00+00:00;0.107;;
966771;unknown;control;2022-09-13 03:45:00+00:00;0.091;;
966771;unknown;control;2022-09-13 04:00:00+00:00;0.094;;
966771;unknown;control;2022-09-13 04:15:00+00:00;0.101;;
966771;unknown;control;2022-09-13 04:30:00+00:00;0.106;;
966771;unknown;control;2022-09-13 04:45:00+00:00;0.127;;
966771;unknown;control;2022-09-13 05:00:00+00:00;0.109;;
966771;unknown;control;2022-09-13 05:15:00+00:00;0.094;;
966771;unknown;control;2022-09-13 05:30:00+00:00;0.106;;
966771;unknown;control;2022-09-13 05:45:00+00:00;0.102;;
966771;unknown;control;2022-09-13 06:00:00+00:00;0.093;;
966771;unknown;control;2022-09-13 06:15:00+00:00;0.098;;
966771;unknown;control;2022-09-13 06:30:00+00:00;0.105;;
966771;unknown;control;2022-09-13 06:45:00+00:00;0.091;;
966771;unknown;control;2022-09-13 07:00:00+00:00;0.093;;
966771;unknown;control;2022-09-13 07:15:00+00:00;0.295;;
966771;unknown;control;2022-09-13 07:30:00+00:00;0.118;;
966771;unknown;control;2022-09-13 07:45:00+00:00;0.131;;
966771;unknown;control;2022-09-13 08:00:00+00:00;0.142;;
966771;unknown;control;2022-09-13 08:15:00+00:00;0.098;;
966771;unknown;control;2022-09-13 08:30:00+00:00;0.101;;
966771;unknown;control;2022-09-13 08:45:00+00:00;0.097;;
966771;unknown;control;2022-09-13 09:00:00+00:00;0.111;;
966771;unknown;control;2022-09-13 09:15:00+00:00;0.103;;
966771;unknown;control;2022-09-13 09:30:00+00:00;0.097;;
966771;unknown;control;2022-09-13 09:45:00+00:00;0.094;;
966771;unknown;control;2022-09-13 10:00:00+00:00;0.577;;
966771;unknown;control;2022-09-13 10:15:00+00:00;0.385;;
966771;unknown;control;2022-09-13 10:30:00+00:00;0.115;;
966771;unknown;control;2022-09-13 10:45:00+00:00;0.116;;
966771;unknown;control;2022-09-13 11:00:00+00:00;0.094;;
966771;unknown;control;2022-09-13 11:15:00+00:00;0.235;;
966771;unknown;control;2022-09-13 11:30:00+00:00;0.127;;
966771;unknown;control;2022-09-13 11:45:00+00:00;0.116;;
966771;unknown;control;2022-09-13 12:00:00+00:00;0.136;;
966771;unknown;control;2022-09-13 12:15:00+00:00;0.155;;
966771;unknown;control;2022-09-13 12:30:00+00:00;0.105;;
966771;unknown;control;2022-09-13 12:45:00+00:00;0.111;;
966771;unknown;control;2022-09-13 13:00:00+00:00;0.102;;
966771;unknown;control;2022-09-13 13:15:00+00:00;0.099;;
966771;unknown;control;2022-09-13 13:30:00+00:00;0.107;;
966771;unknown;control;2022-09-13 13:45:00+00:00;0.104;;
966771;unknown;control;2022-09-13 14:00:00+00:00;0.094;;
966771;unknown;control;2022-09-13 14:15:00+00:00;0.101;;
966771;unknown;control;2022-09-13 14:30:00+00:00;0.095;;
966771;unknown;control;2022-09-13 14:45:00+00:00;0.096;;
966771;unknown;control;2022-09-13 15:00:00+00:00;0.1;;
966771;unknown;control;2022-09-13 15:15:00+00:00;0.094;;
966771;unknown;control;2022-09-13 15:30:00+00:00;0.272;;
966771;unknown;control;2022-09-13 15:45:00+00:00;0.501;;
966771;unknown;control;2022-09-13 16:00:00+00:00;0.109;;
966771;unknown;control;2022-09-13 16:15:00+00:00;0.095;;
966771;unknown;control;2022-09-13 16:30:00+00:00;0.095;;
966771;unknown;control;2022-09-13 16:45:00+00:00;0.097;;
966771;unknown;control;2022-09-13 17:00:00+00:00;0.339;;
966771;unknown;control;2022-09-13 17:15:00+00:00;0.268;;
966771;unknown;control;2022-09-13 17:30:00+00:00;0.266;;
966771;unknown;control;2022-09-13 17:45:00+00:00;0.363;;
966771;unknown;control;2022-09-13 18:00:00+00:00;0.276;;
966771;unknown;control;2022-09-13 18:15:00+00:00;0.173;;
966771;unknown;control;2022-09-13 18:30:00+00:00;0.172;;
966771;unknown;control;2022-09-13 18:45:00+00:00;0.215;;
966771;unknown;control;2022-09-13 19:00:00+00:00;0.191;;
966771;unknown;control;2022-09-13 19:15:00+00:00;0.187;;
966771;unknown;control;2022-09-13 19:30:00+00:00;0.16;;
966771;unknown;control;2022-09-13 19:45:00+00:00;0.163;;
966771;unknown;control;2022-09-13 20:00:00+00:00;0.156;;
966771;unknown;control;2022-09-13 20:15:00+00:00;0.122;;
966771;unknown;control;2022-09-13 20:30:00+00:00;0.094;;
966771;unknown;control;2022-09-13 20:45:00+00:00;0.107;;
966771;unknown;control;2022-09-13 21:00:00+00:00;0.107;;
966771;unknown;control;2022-09-13 21:15:00+00:00;0.103;;
966771;unknown;control;2022-09-13 21:30:00+00:00;0.129;;
966771;unknown;control;2022-09-13 21:45:00+00:00;0.156;;
966771;unknown;control;2022-09-13 22:00:00+00:00;0.108;;
966771;unknown;control;2022-09-13 22:15:00+00:00;0.112;;
966771;unknown;control;2022-09-13 22:30:00+00:00;0.114;;
966771;unknown;control;2022-09-13 22:45:00+00:00;0.113;;
966771;unknown;control;2022-09-13 23:00:00+00:00;0.094;;
966771;unknown;control;2022-09-13 23:15:00+00:00;0.103;;
966771;unknown;control;2022-09-13 23:30:00+00:00;1.358;;
966771;unknown;control;2022-09-13 23:45:00+00:00;1.306;;
966771;unknown;control;2022-09-14 00:00:00+00:00;1.319;;
966771;unknown;control;2022-09-14 00:15:00+00:00;1.347;;
966771;unknown;control;2022-09-14 00:30:00+00:00;1.349;;
966771;unknown;control;2022-09-14 00:45:00+00:00;1.351;;
966771;unknown;control;2022-09-14 01:00:00+00:00;1.366;;
966771;unknown;control;2022-09-14 01:15:00+00:00;0.88;;
966771;unknown;control;2022-09-14 01:30:00+00:00;0.101;;
966771;unknown;control;2022-09-14 01:45:00+00:00;0.105;;
966771;unknown;control;2022-09-14 02:00:00+00:00;0.094;;
966771;unknown;control;2022-09-14 02:15:00+00:00;0.101;;
966771;unknown;control;2022-09-14 02:30:00+00:00;0.104;;
966771;unknown;control;2022-09-14 02:45:00+00:00;0.094;;
966771;unknown;control;2022-09-14 03:00:00+00:00;0.101;;
966771;unknown;control;2022-09-14 03:15:00+00:00;0.102;;
966771;unknown;control;2022-09-14 03:30:00+00:00;0.096;;
966771;unknown;control;2022-09-14 03:45:00+00:00;0.1;;
966771;unknown;control;2022-09-14 04:00:00+00:00;0.099;;
966771;unknown;control;2022-09-14 04:15:00+00:00;0.1;;
966771;unknown;control;2022-09-14 04:30:00+00:00;0.112;;
966771;unknown;control;2022-09-14 04:45:00+00:00;0.133;;
966771;unknown;control;2022-09-14 05:00:00+00:00;0.124;;
966771;unknown;control;2022-09-14 05:15:00+00:00;0.112;;
966771;unknown;control;2022-09-14 05:30:00+00:00;0.101;;
966771;unknown;control;2022-09-14 05:45:00+00:00;0.132;;
966771;unknown;control;2022-09-14 06:00:00+00:00;0.135;;
966771;unknown;control;2022-09-14 06:15:00+00:00;0.105;;
966771;unknown;control;2022-09-14 06:30:00+00:00;0.11;;
966771;unknown;control;2022-09-14 06:45:00+00:00;0.1;;
966771;unknown;control;2022-09-14 07:00:00+00:00;0.091;;
966771;unknown;control;2022-09-14 07:15:00+00:00;0.397;;
966771;unknown;control;2022-09-14 07:30:00+00:00;0.22;;
966771;unknown;control;2022-09-14 07:45:00+00:00;0.12;;
966771;unknown;control;2022-09-14 08:00:00+00:00;0.129;;
966771;unknown;control;2022-09-14 08:15:00+00:00;0.129;;
966771;unknown;control;2022-09-14 08:30:00+00:00;0.188;;
966771;unknown;control;2022-09-14 08:45:00+00:00;0.107;;
966771;unknown;control;2022-09-14 09:00:00+00:00;0.094;;
966771;unknown;control;2022-09-14 09:15:00+00:00;0.098;;
966771;unknown;control;2022-09-14 09:30:00+00:00;0.187;;
966771;unknown;control;2022-09-14 09:45:00+00:00;0.739;;
966771;unknown;control;2022-09-14 10:00:00+00:00;0.354;;
966771;unknown;control;2022-09-14 10:15:00+00:00;0.121;;
966771;unknown;control;2022-09-14 10:30:00+00:00;0.095;;
966771;unknown;control;2022-09-14 10:45:00+00:00;0.1;;
966771;unknown;control;2022-09-14 11:00:00+00:00;0.105;;
966771;unknown;control;2022-09-14 11:15:00+00:00;0.118;;
966771;unknown;control;2022-09-14 11:30:00+00:00;0.608;;
966771;unknown;control;2022-09-14 11:45:00+00:00;0.149;;
966771;unknown;control;2022-09-14 12:00:00+00:00;0.11;;
966771;unknown;control;2022-09-14 12:15:00+00:00;0.461;;
966771;unknown;control;2022-09-14 12:30:00+00:00;0.107;;
966771;unknown;control;2022-09-14 12:45:00+00:00;0.1;;
966771;unknown;control;2022-09-14 13:00:00+00:00;0.111;;
966771;unknown;control;2022-09-14 13:15:00+00:00;0.148;;
966771;unknown;control;2022-09-14 13:30:00+00:00;0.367;;
966771;unknown;control;2022-09-14 13:45:00+00:00;0.11;;
966771;unknown;control;2022-09-14 14:00:00+00:00;0.103;;
966771;unknown;control;2022-09-14 14:15:00+00:00;0.116;;
966771;unknown;control;2022-09-14 14:30:00+00:00;0.11;;
966771;unknown;control;2022-09-14 14:45:00+00:00;0.1;;
966771;unknown;control;2022-09-14 15:00:00+00:00;0.106;;
966771;unknown;control;2022-09-14 15:15:00+00:00;0.101;;
966771;unknown;control;2022-09-14 15:30:00+00:00;0.099;;
966771;unknown;control;2022-09-14 15:45:00+00:00;0.111;;
966771;unknown;control;2022-09-14 16:00:00+00:00;0.166;;
966771;unknown;control;2022-09-14 16:15:00+00:00;0.215;;
966771;unknown;control;2022-09-14 16:30:00+00:00;0.228;;
966771;unknown;control;2022-09-14 16:45:00+00:00;0.216;;
966771;unknown;control;2022-09-14 17:00:00+00:00;0.228;;
966771;unknown;control;2022-09-14 17:15:00+00:00;0.441;;
966771;unknown;control;2022-09-14 17:30:00+00:00;0.252;;
966771;unknown;control;2022-09-14 17:45:00+00:00;0.265;;
966771;unknown;control;2022-09-14 18:00:00+00:00;0.264;;
966771;unknown;control;2022-09-14 18:15:00+00:00;0.275;;
966771;unknown;control;2022-09-14 18:30:00+00:00;0.282;;
966771;unknown;control;2022-09-14 18:45:00+00:00;0.28;;
966771;unknown;control;2022-09-14 19:00:00+00:00;0.274;;
966771;unknown;control;2022-09-14 19:15:00+00:00;0.262;;
966771;unknown;control;2022-09-14 19:30:00+00:00;0.25;;
966771;unknown;control;2022-09-14 19:45:00+00:00;0.192;;
966771;unknown;control;2022-09-14 20:00:00+00:00;0.192;;
966771;unknown;control;2022-09-14 20:15:00+00:00;0.186;;
966771;unknown;control;2022-09-14 20:30:00+00:00;0.161;;
966771;unknown;control;2022-09-14 20:45:00+00:00;0.116;;
966771;unknown;control;2022-09-14 21:00:00+00:00;0.108;;
966771;unknown;control;2022-09-14 21:15:00+00:00;0.106;;
966771;unknown;control;2022-09-14 21:30:00+00:00;0.111;;
966771;unknown;control;2022-09-14 21:45:00+00:00;0.102;;
966771;unknown;control;2022-09-14 22:00:00+00:00;0.104;;
966771;unknown;control;2022-09-14 22:15:00+00:00;0.106;;
966771;unknown;control;2022-09-14 22:30:00+00:00;0.105;;
966771;unknown;control;2022-09-14 22:45:00+00:00;0.107;;
966771;unknown;control;2022-09-14 23:00:00+00:00;0.104;;
966771;unknown;control;2022-09-14 23:15:00+00:00;0.101;;
966771;unknown;control;2022-09-14 23:30:00+00:00;1.357;;
966771;unknown;control;2022-09-14 23:45:00+00:00;1.302;;
966771;unknown;control;2022-09-15 00:00:00+00:00;1.312;;
966771;unknown;control;2022-09-15 00:15:00+00:00;1.343;;
966771;unknown;control;2022-09-15 00:30:00+00:00;1.354;;
966771;unknown;control;2022-09-15 00:45:00+00:00;1.386;;
966771;unknown;control;2022-09-15 01:00:00+00:00;0.32;;
966771;unknown;control;2022-09-15 01:15:00+00:00;0.099;;
966771;unknown;control;2022-09-15 01:30:00+00:00;0.108;;
966771;unknown;control;2022-09-15 01:45:00+00:00;0.112;;
966771;unknown;control;2022-09-15 02:00:00+00:00;0.098;;
966771;unknown;control;2022-09-15 02:15:00+00:00;0.108;;
966771;unknown;control;2022-09-15 02:30:00+00:00;0.109;;
966771;unknown;control;2022-09-15 02:45:00+00:00;0.098;;
966771;unknown;control;2022-09-15 03:00:00+00:00;0.106;;
966771;unknown;control;2022-09-15 03:15:00+00:00;0.107;;
966771;unknown;control;2022-09-15 03:30:00+00:00;0.096;;
966771;unknown;control;2022-09-15 03:45:00+00:00;0.106;;
966771;unknown;control;2022-09-15 04:00:00+00:00;0.105;;
966771;unknown;control;2022-09-15 04:15:00+00:00;0.101;;
966771;unknown;control;2022-09-15 04:30:00+00:00;0.122;;
966771;unknown;control;2022-09-15 04:45:00+00:00;0.109;;
966771;unknown;control;2022-09-15 05:00:00+00:00;0.109;;
966771;unknown;control;2022-09-15 05:15:00+00:00;0.125;;
966771;unknown;control;2022-09-15 05:30:00+00:00;0.105;;
966771;unknown;control;2022-09-15 05:45:00+00:00;0.114;;
966771;unknown;control;2022-09-15 06:00:00+00:00;0.127;;
966771;unknown;control;2022-09-15 06:15:00+00:00;0.359;;
966771;unknown;control;2022-09-15 06:30:00+00:00;0.744;;
966771;unknown;control;2022-09-15 06:45:00+00:00;0.14;;
966771;unknown;control;2022-09-15 07:00:00+00:00;0.137;;
966771;unknown;control;2022-09-15 07:15:00+00:00;0.147;;
966771;unknown;control;2022-09-15 07:30:00+00:00;0.36;;
966771;unknown;control;2022-09-15 07:45:00+00:00;0.311;;
966771;unknown;control;2022-09-15 08:00:00+00:00;0.303;;
966771;unknown;control;2022-09-15 08:15:00+00:00;0.294;;
966771;unknown;control;2022-09-15 08:30:00+00:00;0.278;;
966771;unknown;control;2022-09-15 08:45:00+00:00;0.274;;
966771;unknown;control;2022-09-15 09:00:00+00:00;0.417;;
966771;unknown;control;2022-09-15 09:15:00+00:00;0.275;;
966771;unknown;control;2022-09-15 09:30:00+00:00;0.108;;
966771;unknown;control;2022-09-15 09:45:00+00:00;0.116;;
966771;unknown;control;2022-09-15 10:00:00+00:00;0.099;;
966771;unknown;control;2022-09-15 10:15:00+00:00;0.109;;
966771;unknown;control;2022-09-15 10:30:00+00:00;0.095;;
966771;unknown;control;2022-09-15 10:45:00+00:00;0.099;;
966771;unknown;control;2022-09-15 11:00:00+00:00;0.123;;
966771;unknown;control;2022-09-15 11:15:00+00:00;0.098;;
966771;unknown;control;2022-09-15 11:30:00+00:00;0.102;;
966771;unknown;control;2022-09-15 11:45:00+00:00;0.109;;
966771;unknown;control;2022-09-15 12:00:00+00:00;0.097;;
966771;unknown;control;2022-09-15 12:15:00+00:00;0.101;;
966771;unknown;control;2022-09-15 12:30:00+00:00;0.102;;
966771;unknown;control;2022-09-15 12:45:00+00:00;0.095;;
966771;unknown;control;2022-09-15 13:00:00+00:00;0.103;;
966771;unknown;control;2022-09-15 13:15:00+00:00;0.101;;
966771;unknown;control;2022-09-15 13:30:00+00:00;0.113;;
966771;unknown;control;2022-09-15 13:45:00+00:00;0.103;;
966771;unknown;control;2022-09-15 14:00:00+00:00;0.097;;
966771;unknown;control;2022-09-15 14:15:00+00:00;0.1;;
966771;unknown;control;2022-09-15 14:30:00+00:00;0.103;;
966771;unknown;control;2022-09-15 14:45:00+00:00;0.092;;
966771;unknown;control;2022-09-15 15:00:00+00:00;0.103;;
966771;unknown;control;2022-09-15 15:15:00+00:00;0.106;;
966771;unknown;control;2022-09-15 15:30:00+00:00;0.506;;
966771;unknown;control;2022-09-15 15:45:00+00:00;0.125;;
966771;unknown;control;2022-09-15 16:00:00+00:00;0.099;;
966771;unknown;control;2022-09-15 16:15:00+00:00;0.114;;
966771;unknown;control;2022-09-15 16:30:00+00:00;0.104;;
966771;unknown;control;2022-09-15 16:45:00+00:00;0.135;;
966771;unknown;control;2022-09-15 17:00:00+00:00;0.136;;
966771;unknown;control;2022-09-15 17:15:00+00:00;0.211;;
966771;unknown;control;2022-09-15 17:30:00+00:00;0.139;;
966771;unknown;control;2022-09-15 17:45:00+00:00;0.131;;
966771;unknown;control;2022-09-15 18:00:00+00:00;0.139;;
966771;unknown;control;2022-09-15 18:15:00+00:00;0.154;;
966771;unknown;control;2022-09-15 18:30:00+00:00;0.155;;
966771;unknown;control;2022-09-15 18:45:00+00:00;0.155;;
966771;unknown;control;2022-09-15 19:00:00+00:00;0.134;;
966771;unknown;control;2022-09-15 19:15:00+00:00;0.133;;
966771;unknown;control;2022-09-15 19:30:00+00:00;0.148;;
966771;unknown;control;2022-09-15 19:45:00+00:00;0.104;;
966771;unknown;control;2022-09-15 20:00:00+00:00;0.104;;
966771;unknown;control;2022-09-15 20:15:00+00:00;0.106;;
966771;unknown;control;2022-09-15 20:30:00+00:00;0.091;;
966771;unknown;control;2022-09-15 20:45:00+00:00;0.099;;
966771;unknown;control;2022-09-15 21:00:00+00:00;0.103;;
966771;unknown;control;2022-09-15 21:15:00+00:00;0.096;;
966771;unknown;control;2022-09-15 21:30:00+00:00;0.102;;
966771;unknown;control;2022-09-15 21:45:00+00:00;0.105;;
966771;unknown;control;2022-09-15 22:00:00+00:00;0.098;;
966771;unknown;control;2022-09-15 22:15:00+00:00;0.102;;
966771;unknown;control;2022-09-15 22:30:00+00:00;0.102;;
966771;unknown;control;2022-09-15 22:45:00+00:00;0.099;;
966771;unknown;control;2022-09-15 23:00:00+00:00;0.115;;
966771;unknown;control;2022-09-15 23:15:00+00:00;0.1;;
966771;unknown;control;2022-09-15 23:30:00+00:00;1.349;;
966771;unknown;control;2022-09-15 23:45:00+00:00;1.31;;
966771;unknown;control;2022-09-16 00:00:00+00:00;1.289;;
966771;unknown;control;2022-09-16 00:15:00+00:00;1.327;;
966771;unknown;control;2022-09-16 00:30:00+00:00;1.339;;
966771;unknown;control;2022-09-16 00:45:00+00:00;1.345;;
966771;unknown;control;2022-09-16 01:00:00+00:00;1.361;;
966771;unknown;control;2022-09-16 01:15:00+00:00;0.369;;
966771;unknown;control;2022-09-16 01:30:00+00:00;0.094;;
966771;unknown;control;2022-09-16 01:45:00+00:00;0.101;;
966771;unknown;control;2022-09-16 02:00:00+00:00;0.104;;
966771;unknown;control;2022-09-16 02:15:00+00:00;0.098;;
966771;unknown;control;2022-09-16 02:30:00+00:00;0.104;;
966771;unknown;control;2022-09-16 02:45:00+00:00;0.1;;
966771;unknown;control;2022-09-16 03:00:00+00:00;0.087;;
966771;unknown;control;2022-09-16 03:15:00+00:00;0.104;;
966771;unknown;control;2022-09-16 03:30:00+00:00;0.104;;
966771;unknown;control;2022-09-16 03:45:00+00:00;0.097;;
966771;unknown;control;2022-09-16 04:00:00+00:00;0.1;;
966771;unknown;control;2022-09-16 04:15:00+00:00;0.101;;
966771;unknown;control;2022-09-16 04:30:00+00:00;0.114;;
966771;unknown;control;2022-09-16 04:45:00+00:00;0.11;;
966771;unknown;control;2022-09-16 05:00:00+00:00;0.117;;
966771;unknown;control;2022-09-16 05:15:00+00:00;0.132;;
966771;unknown;control;2022-09-16 05:30:00+00:00;0.108;;
966771;unknown;control;2022-09-16 05:45:00+00:00;0.1;;
966771;unknown;control;2022-09-16 06:00:00+00:00;0.115;;
966771;unknown;control;2022-09-16 06:15:00+00:00;0.109;;
966771;unknown;control;2022-09-16 06:30:00+00:00;0.09;;
966771;unknown;control;2022-09-16 06:45:00+00:00;0.101;;
966771;unknown;control;2022-09-16 07:00:00+00:00;0.097;;
966771;unknown;control;2022-09-16 07:15:00+00:00;0.087;;
966771;unknown;control;2022-09-16 07:30:00+00:00;0.097;;
966771;unknown;control;2022-09-16 07:45:00+00:00;0.099;;
966771;unknown;control;2022-09-16 08:00:00+00:00;0.09;;
966771;unknown;control;2022-09-16 08:15:00+00:00;0.102;;
966771;unknown;control;2022-09-16 08:30:00+00:00;0.116;;
966771;unknown;control;2022-09-16 08:45:00+00:00;0.099;;
966771;unknown;control;2022-09-16 09:00:00+00:00;0.178;;
966771;unknown;control;2022-09-16 09:15:00+00:00;0.347;;
966771;unknown;control;2022-09-16 09:30:00+00:00;0.101;;
966771;unknown;control;2022-09-16 09:45:00+00:00;0.103;;
966771;unknown;control;2022-09-16 10:00:00+00:00;0.098;;
966771;unknown;control;2022-09-16 10:15:00+00:00;0.099;;
966771;unknown;control;2022-09-16 10:30:00+00:00;0.116;;
966771;unknown;control;2022-09-16 10:45:00+00:00;0.103;;
966771;unknown;control;2022-09-16 11:00:00+00:00;0.104;;
966771;unknown;control;2022-09-16 11:15:00+00:00;0.1;;
966771;unknown;control;2022-09-16 11:30:00+00:00;0.094;;
966771;unknown;control;2022-09-16 11:45:00+00:00;0.106;;
966771;unknown;control;2022-09-16 12:00:00+00:00;0.105;;
966771;unknown;control;2022-09-16 12:15:00+00:00;0.447;;
966771;unknown;control;2022-09-16 12:30:00+00:00;0.194;;
966771;unknown;control;2022-09-16 12:45:00+00:00;0.178;;
966771;unknown;control;2022-09-16 13:00:00+00:00;0.147;;
966771;unknown;control;2022-09-16 13:15:00+00:00;0.177;;
966771;unknown;control;2022-09-16 13:30:00+00:00;0.16;;
966771;unknown;control;2022-09-16 13:45:00+00:00;0.155;;
966771;unknown;control;2022-09-16 14:00:00+00:00;0.16;;
966771;unknown;control;2022-09-16 14:15:00+00:00;0.161;;
966771;unknown;control;2022-09-16 14:30:00+00:00;0.158;;
966771;unknown;control;2022-09-16 14:45:00+00:00;0.164;;
966771;unknown;control;2022-09-16 15:00:00+00:00;0.155;;
966771;unknown;control;2022-09-16 15:15:00+00:00;0.16;;
966771;unknown;control;2022-09-16 15:30:00+00:00;0.168;;
966771;unknown;control;2022-09-16 15:45:00+00:00;0.562;;
966771;unknown;control;2022-09-16 16:00:00+00:00;0.245;;
966771;unknown;control;2022-09-16 16:15:00+00:00;0.141;;
966771;unknown;control;2022-09-16 16:30:00+00:00;0.15;;
966771;unknown;control;2022-09-16 16:45:00+00:00;0.133;;
966771;unknown;control;2022-09-16 17:00:00+00:00;0.132;;
966771;unknown;control;2022-09-16 17:15:00+00:00;0.131;;
966771;unknown;control;2022-09-16 17:30:00+00:00;0.136;;
966771;unknown;control;2022-09-16 17:45:00+00:00;0.382;;
966771;unknown;control;2022-09-16 18:00:00+00:00;0.168;;
966771;unknown;control;2022-09-16 18:15:00+00:00;0.195;;
966771;unknown;control;2022-09-16 18:30:00+00:00;0.677;;
966771;unknown;control;2022-09-16 18:45:00+00:00;0.205;;
966771;unknown;control;2022-09-16 19:00:00+00:00;0.174;;
966771;unknown;control;2022-09-16 19:15:00+00:00;0.47;;
966771;unknown;control;2022-09-16 19:30:00+00:00;0.114;;
966771;unknown;control;2022-09-16 19:45:00+00:00;0.11;;
966771;unknown;control;2022-09-16 20:00:00+00:00;0.116;;
966771;unknown;control;2022-09-16 20:15:00+00:00;0.108;;
966771;unknown;control;2022-09-16 20:30:00+00:00;0.108;;
966771;unknown;control;2022-09-16 20:45:00+00:00;0.098;;
966771;unknown;control;2022-09-16 21:00:00+00:00;0.106;;
966771;unknown;control;2022-09-16 21:15:00+00:00;0.112;;
966771;unknown;control;2022-09-16 21:30:00+00:00;0.112;;
966771;unknown;control;2022-09-16 21:45:00+00:00;0.101;;
966771;unknown;control;2022-09-16 22:00:00+00:00;0.106;;
966771;unknown;control;2022-09-16 22:15:00+00:00;0.096;;
966771;unknown;control;2022-09-16 22:30:00+00:00;0.101;;
966771;unknown;control;2022-09-16 22:45:00+00:00;0.105;;
966771;unknown;control;2022-09-16 23:00:00+00:00;0.094;;
966771;unknown;control;2022-09-16 23:15:00+00:00;0.101;;
966771;unknown;control;2022-09-16 23:30:00+00:00;1.332;;
966771;unknown;control;2022-09-16 23:45:00+00:00;1.285;;
966771;unknown;control;2022-09-17 00:00:00+00:00;1.289;;
966771;unknown;control;2022-09-17 00:15:00+00:00;1.317;;
966771;unknown;control;2022-09-17 00:30:00+00:00;1.323;;
966771;unknown;control;2022-09-17 00:45:00+00:00;1.042;;
966771;unknown;control;2022-09-17 01:00:00+00:00;0.106;;
966771;unknown;control;2022-09-17 01:15:00+00:00;0.103;;
966771;unknown;control;2022-09-17 01:30:00+00:00;0.105;;
966771;unknown;control;2022-09-17 01:45:00+00:00;0.108;;
966771;unknown;control;2022-09-17 02:00:00+00:00;0.105;;
966771;unknown;control;2022-09-17 02:15:00+00:00;0.121;;
966771;unknown;control;2022-09-17 02:30:00+00:00;0.154;;
966771;unknown;control;2022-09-17 02:45:00+00:00;0.113;;
966771;unknown;control;2022-09-17 03:00:00+00:00;0.11;;
966771;unknown;control;2022-09-17 03:15:00+00:00;0.111;;
966771;unknown;control;2022-09-17 03:30:00+00:00;0.113;;
966771;unknown;control;2022-09-17 03:45:00+00:00;0.093;;
966771;unknown;control;2022-09-17 04:00:00+00:00;0.1;;
966771;unknown;control;2022-09-17 04:15:00+00:00;0.107;;
966771;unknown;control;2022-09-17 04:30:00+00:00;0.097;;
966771;unknown;control;2022-09-17 04:45:00+00:00;0.1;;
966771;unknown;control;2022-09-17 05:00:00+00:00;0.125;;
966771;unknown;control;2022-09-17 05:15:00+00:00;0.126;;
966771;unknown;control;2022-09-17 05:30:00+00:00;0.114;;
966771;unknown;control;2022-09-17 05:45:00+00:00;0.141;;
966771;unknown;control;2022-09-17 06:00:00+00:00;0.105;;
966771;unknown;control;2022-09-17 06:15:00+00:00;0.117;;
966771;unknown;control;2022-09-17 06:30:00+00:00;0.11;;
966771;unknown;control;2022-09-17 06:45:00+00:00;0.104;;
966771;unknown;control;2022-09-17 07:00:00+00:00;0.119;;
966771;unknown;control;2022-09-17 07:15:00+00:00;0.108;;
966771;unknown;control;2022-09-17 07:30:00+00:00;0.2;;
966771;unknown;control;2022-09-17 07:45:00+00:00;0.132;;
966771;unknown;control;2022-09-17 08:00:00+00:00;0.128;;
966771;unknown;control;2022-09-17 08:15:00+00:00;0.111;;
966771;unknown;control;2022-09-17 08:30:00+00:00;0.111;;
966771;unknown;control;2022-09-17 08:45:00+00:00;0.119;;
966771;unknown;control;2022-09-17 09:00:00+00:00;0.114;;
966771;unknown;control;2022-09-17 09:15:00+00:00;0.136;;
966771;unknown;control;2022-09-17 09:30:00+00:00;0.132;;
966771;unknown;control;2022-09-17 09:45:00+00:00;0.127;;
966771;unknown;control;2022-09-17 10:00:00+00:00;0.136;;
966771;unknown;control;2022-09-17 10:15:00+00:00;0.129;;
966771;unknown;control;2022-09-17 10:30:00+00:00;0.126;;
966771;unknown;control;2022-09-17 10:45:00+00:00;0.126;;
966771;unknown;control;2022-09-17 11:00:00+00:00;0.127;;
966771;unknown;control;2022-09-17 11:15:00+00:00;0.492;;
966771;unknown;control;2022-09-17 11:30:00+00:00;0.166;;
966771;unknown;control;2022-09-17 11:45:00+00:00;0.156;;
966771;unknown;control;2022-09-17 12:00:00+00:00;0.266;;
966771;unknown;control;2022-09-17 12:15:00+00:00;0.165;;
966771;unknown;control;2022-09-17 12:30:00+00:00;0.192;;
966771;unknown;control;2022-09-17 12:45:00+00:00;0.183;;
966771;unknown;control;2022-09-17 13:00:00+00:00;0.108;;
966771;unknown;control;2022-09-17 13:15:00+00:00;0.135;;
966771;unknown;control;2022-09-17 13:30:00+00:00;0.142;;
966771;unknown;control;2022-09-17 13:45:00+00:00;0.129;;
966771;unknown;control;2022-09-17 14:00:00+00:00;0.135;;
966771;unknown;control;2022-09-17 14:15:00+00:00;0.134;;
966771;unknown;control;2022-09-17 14:30:00+00:00;0.132;;
966771;unknown;control;2022-09-17 14:45:00+00:00;0.136;;
966771;unknown;control;2022-09-17 15:00:00+00:00;0.133;;
966771;unknown;control;2022-09-17 15:15:00+00:00;0.148;;
966771;unknown;control;2022-09-17 15:30:00+00:00;0.14;;
966771;unknown;control;2022-09-17 15:45:00+00:00;0.146;;
966771;unknown;control;2022-09-17 16:00:00+00:00;0.154;;
966771;unknown;control;2022-09-17 16:15:00+00:00;0.16;;
966771;unknown;control;2022-09-17 16:30:00+00:00;0.137;;
966771;unknown;control;2022-09-17 16:45:00+00:00;1.117;;
966771;unknown;control;2022-09-17 17:00:00+00:00;0.632;;
966771;unknown;control;2022-09-17 17:15:00+00:00;0.689;;
966771;unknown;control;2022-09-17 17:30:00+00:00;0.14;;
966771;unknown;control;2022-09-17 17:45:00+00:00;0.646;;
966771;unknown;control;2022-09-17 18:00:00+00:00;0.816;;
966771;unknown;control;2022-09-17 18:15:00+00:00;0.233;;
966771;unknown;control;2022-09-17 18:30:00+00:00;0.225;;
966771;unknown;control;2022-09-17 18:45:00+00:00;0.215;;
966771;unknown;control;2022-09-17 19:00:00+00:00;0.203;;
966771;unknown;control;2022-09-17 19:15:00+00:00;0.184;;
966771;unknown;control;2022-09-17 19:30:00+00:00;0.188;;
966771;unknown;control;2022-09-17 19:45:00+00:00;0.189;;
966771;unknown;control;2022-09-17 20:00:00+00:00;0.173;;
966771;unknown;control;2022-09-17 20:15:00+00:00;0.187;;
966771;unknown;control;2022-09-17 20:30:00+00:00;0.181;;
966771;unknown;control;2022-09-17 20:45:00+00:00;0.18;;
966771;unknown;control;2022-09-17 21:00:00+00:00;0.186;;
966771;unknown;control;2022-09-17 21:15:00+00:00;0.174;;
966771;unknown;control;2022-09-17 21:30:00+00:00;0.16;;
966771;unknown;control;2022-09-17 21:45:00+00:00;0.105;;
966771;unknown;control;2022-09-17 22:00:00+00:00;0.113;;
966771;unknown;control;2022-09-17 22:15:00+00:00;0.115;;
966771;unknown;control;2022-09-17 22:30:00+00:00;0.113;;
966771;unknown;control;2022-09-17 22:45:00+00:00;0.104;;
966771;unknown;control;2022-09-17 23:00:00+00:00;0.1;;
966771;unknown;control;2022-09-17 23:15:00+00:00;0.113;;
966771;unknown;control;2022-09-17 23:30:00+00:00;1.347;;
966771;unknown;control;2022-09-17 23:45:00+00:00;1.309;;
966771;unknown;control;2022-09-18 00:00:00+00:00;1.319;;
966771;unknown;control;2022-09-18 00:15:00+00:00;1.322;;
966771;unknown;control;2022-09-18 00:30:00+00:00;1.326;;
966771;unknown;control;2022-09-18 00:45:00+00:00;1.346;;
966771;unknown;control;2022-09-18 01:00:00+00:00;1.335;;
966771;unknown;control;2022-09-18 01:15:00+00:00;1.354;;
966771;unknown;control;2022-09-18 01:30:00+00:00;1.374;;
966771;unknown;control;2022-09-18 01:45:00+00:00;1.36;;
966771;unknown;control;2022-09-18 02:00:00+00:00;0.255;;
966771;unknown;control;2022-09-18 02:15:00+00:00;0.103;;
966771;unknown;control;2022-09-18 02:30:00+00:00;0.801;;
966771;unknown;control;2022-09-18 02:45:00+00:00;0.895;;
966771;unknown;control;2022-09-18 03:00:00+00:00;0.879;;
966771;unknown;control;2022-09-18 03:15:00+00:00;0.901;;
966771;unknown;control;2022-09-18 03:30:00+00:00;0.898;;
966771;unknown;control;2022-09-18 03:45:00+00:00;0.134;;
966771;unknown;control;2022-09-18 04:00:00+00:00;0.119;;
966771;unknown;control;2022-09-18 04:15:00+00:00;0.638;;
966771;unknown;control;2022-09-18 04:30:00+00:00;0.78;;
966771;unknown;control;2022-09-18 04:45:00+00:00;0.141;;
966771;unknown;control;2022-09-18 05:00:00+00:00;0.122;;
966771;unknown;control;2022-09-18 05:15:00+00:00;0.374;;
966771;unknown;control;2022-09-18 05:30:00+00:00;0.887;;
966771;unknown;control;2022-09-18 05:45:00+00:00;0.121;;
966771;unknown;control;2022-09-18 06:00:00+00:00;0.114;;
966771;unknown;control;2022-09-18 06:15:00+00:00;0.122;;
966771;unknown;control;2022-09-18 06:30:00+00:00;0.104;;
966771;unknown;control;2022-09-18 06:45:00+00:00;0.112;;
966771;unknown;control;2022-09-18 07:00:00+00:00;0.453;;
966771;unknown;control;2022-09-18 07:15:00+00:00;0.12;;
966771;unknown;control;2022-09-18 07:30:00+00:00;0.271;;
966771;unknown;control;2022-09-18 07:45:00+00:00;0.125;;
966771;unknown;control;2022-09-18 08:00:00+00:00;0.114;;
966771;unknown;control;2022-09-18 08:15:00+00:00;0.234;;
966771;unknown;control;2022-09-18 08:30:00+00:00;0.556;;
966771;unknown;control;2022-09-18 08:45:00+00:00;0.119;;
966771;unknown;control;2022-09-18 09:00:00+00:00;0.115;;
966771;unknown;control;2022-09-18 09:15:00+00:00;0.109;;
966771;unknown;control;2022-09-18 09:30:00+00:00;0.115;;
966771;unknown;control;2022-09-18 09:45:00+00:00;0.136;;
966771;unknown;control;2022-09-18 10:00:00+00:00;0.156;;
966771;unknown;control;2022-09-18 10:15:00+00:00;0.136;;
966771;unknown;control;2022-09-18 10:30:00+00:00;0.127;;
966771;unknown;control;2022-09-18 10:45:00+00:00;0.1;;
966771;unknown;control;2022-09-18 11:00:00+00:00;0.145;;
966771;unknown;control;2022-09-18 11:15:00+00:00;0.145;;
966771;unknown;control;2022-09-18 11:30:00+00:00;0.107;;
966771;unknown;control;2022-09-18 11:45:00+00:00;0.114;;
966771;unknown;control;2022-09-18 12:00:00+00:00;0.127;;
966771;unknown;control;2022-09-18 12:15:00+00:00;0.111;;
966771;unknown;control;2022-09-18 12:30:00+00:00;0.126;;
966771;unknown;control;2022-09-18 12:45:00+00:00;0.1;;
966771;unknown;control;2022-09-18 13:00:00+00:00;0.095;;
966771;unknown;control;2022-09-18 13:15:00+00:00;0.108;;
966771;unknown;control;2022-09-18 13:30:00+00:00;0.096;;
966771;unknown;control;2022-09-18 13:45:00+00:00;0.097;;
966771;unknown;control;2022-09-18 14:00:00+00:00;0.106;;
966771;unknown;control;2022-09-18 14:15:00+00:00;0.121;;
966771;unknown;control;2022-09-18 14:30:00+00:00;0.107;;
966771;unknown;control;2022-09-18 14:45:00+00:00;0.112;;
966771;unknown;control;2022-09-18 15:00:00+00:00;0.252;;
966771;unknown;control;2022-09-18 15:15:00+00:00;0.715;;
966771;unknown;control;2022-09-18 15:30:00+00:00;0.865;;
966771;unknown;control;2022-09-18 15:45:00+00:00;0.482;;
966771;unknown;control;2022-09-18 16:00:00+00:00;0.152;;
966771;unknown;control;2022-09-18 16:15:00+00:00;0.505;;
966771;unknown;control;2022-09-18 16:30:00+00:00;0.126;;
966771;unknown;control;2022-09-18 16:45:00+00:00;0.159;;
966771;unknown;control;2022-09-18 17:00:00+00:00;0.15;;
966771;unknown;control;2022-09-18 17:15:00+00:00;0.155;;
966771;unknown;control;2022-09-18 17:30:00+00:00;0.189;;
966771;unknown;control;2022-09-18 17:45:00+00:00;0.211;;
966771;unknown;control;2022-09-18 18:00:00+00:00;0.213;;
966771;unknown;control;2022-09-18 18:15:00+00:00;0.231;;
966771;unknown;control;2022-09-18 18:30:00+00:00;0.224;;
966771;unknown;control;2022-09-18 18:45:00+00:00;0.224;;
966771;unknown;control;2022-09-18 19:00:00+00:00;0.212;;
966771;unknown;control;2022-09-18 19:15:00+00:00;0.207;;
966771;unknown;control;2022-09-18 19:30:00+00:00;0.218;;
966771;unknown;control;2022-09-18 19:45:00+00:00;0.218;;
966771;unknown;control;2022-09-18 20:00:00+00:00;0.188;;
966771;unknown;control;2022-09-18 20:15:00+00:00;0.177;;
966771;unknown;control;2022-09-18 20:30:00+00:00;0.098;;
966771;unknown;control;2022-09-18 20:45:00+00:00;0.096;;
966771;unknown;control;2022-09-18 21:00:00+00:00;0.103;;
966771;unknown;control;2022-09-18 21:15:00+00:00;0.099;;
966771;unknown;control;2022-09-18 21:30:00+00:00;0.105;;
966771;unknown;control;2022-09-18 21:45:00+00:00;0.105;;
966771;unknown;control;2022-09-18 22:00:00+00:00;0.091;;
966771;unknown;control;2022-09-18 22:15:00+00:00;0.105;;
966771;unknown;control;2022-09-18 22:30:00+00:00;0.105;;
966771;unknown;control;2022-09-18 22:45:00+00:00;0.095;;
966771;unknown;control;2022-09-18 23:00:00+00:00;0.102;;
966771;unknown;control;2022-09-18 23:15:00+00:00;0.103;;
966771;unknown;control;2022-09-18 23:30:00+00:00;1.343;;
966771;unknown;control;2022-09-18 23:45:00+00:00;1.311;;
966771;unknown;control;2022-09-19 00:00:00+00:00;1.303;;
966771;unknown;control;2022-09-19 00:15:00+00:00;1.317;;
966771;unknown;control;2022-09-19 00:30:00+00:00;1.331;;
966771;unknown;control;2022-09-19 00:45:00+00:00;1.341;;
966771;unknown;control;2022-09-19 01:00:00+00:00;1.365;;
966771;unknown;control;2022-09-19 01:15:00+00:00;1.368;;
966771;unknown;control;2022-09-19 01:30:00+00:00;1.357;;
966771;unknown;control;2022-09-19 01:45:00+00:00;0.276;;
966771;unknown;control;2022-09-19 02:00:00+00:00;0.107;;
966771;unknown;control;2022-09-19 02:15:00+00:00;0.094;;
966771;unknown;control;2022-09-19 02:30:00+00:00;0.813;;
966771;unknown;control;2022-09-19 02:45:00+00:00;0.594;;
966771;unknown;control;2022-09-19 03:00:00+00:00;0.115;;
966771;unknown;control;2022-09-19 03:15:00+00:00;0.12;;
966771;unknown;control;2022-09-19 03:30:00+00:00;0.117;;
966771;unknown;control;2022-09-19 03:45:00+00:00;0.517;;
966771;unknown;control;2022-09-19 04:00:00+00:00;0.883;;
966771;unknown;control;2022-09-19 04:15:00+00:00;0.174;;
966771;unknown;control;2022-09-19 04:30:00+00:00;0.139;;
966771;unknown;control;2022-09-19 04:45:00+00:00;0.14;;
966771;unknown;control;2022-09-19 05:00:00+00:00;0.116;;
966771;unknown;control;2022-09-19 05:15:00+00:00;0.693;;
966771;unknown;control;2022-09-19 05:30:00+00:00;0.838;;
966771;unknown;control;2022-09-19 05:45:00+00:00;0.564;;
966771;unknown;control;2022-09-19 06:00:00+00:00;0.169;;
966771;unknown;control;2022-09-19 06:15:00+00:00;0.141;;
966771;unknown;control;2022-09-19 06:30:00+00:00;0.147;;
966771;unknown;control;2022-09-19 06:45:00+00:00;0.149;;
966771;unknown;control;2022-09-19 07:00:00+00:00;0.242;;
966771;unknown;control;2022-09-19 07:15:00+00:00;0.326;;
966771;unknown;control;2022-09-19 07:30:00+00:00;0.713;;
966771;unknown;control;2022-09-19 07:45:00+00:00;0.122;;
966771;unknown;control;2022-09-19 08:00:00+00:00;0.131;;
966771;unknown;control;2022-09-19 08:15:00+00:00;0.151;;
966771;unknown;control;2022-09-19 08:30:00+00:00;0.19;;
966771;unknown;control;2022-09-19 08:45:00+00:00;0.153;;
966771;unknown;control;2022-09-19 09:00:00+00:00;0.11;;
966771;unknown;control;2022-09-19 09:15:00+00:00;0.907;;
966771;unknown;control;2022-09-19 09:30:00+00:00;0.547;;
966771;unknown;control;2022-09-19 09:45:00+00:00;0.238;;
966771;unknown;control;2022-09-19 10:00:00+00:00;0.135;;
966771;unknown;control;2022-09-19 10:15:00+00:00;0.119;;
966771;unknown;control;2022-09-19 10:30:00+00:00;0.116;;
966771;unknown;control;2022-09-19 10:45:00+00:00;0.115;;
966771;unknown;control;2022-09-19 11:00:00+00:00;0.163;;
966771;unknown;control;2022-09-19 11:15:00+00:00;0.267;;
966771;unknown;control;2022-09-19 11:30:00+00:00;0.304;;
966771;unknown;control;2022-09-19 11:45:00+00:00;0.316;;
966771;unknown;control;2022-09-19 12:00:00+00:00;0.297;;
966771;unknown;control;2022-09-19 12:15:00+00:00;0.249;;
966771;unknown;control;2022-09-19 12:30:00+00:00;0.113;;
966771;unknown;control;2022-09-19 12:45:00+00:00;0.096;;
966771;unknown;control;2022-09-19 13:00:00+00:00;0.1;;
966771;unknown;control;2022-09-19 13:15:00+00:00;0.101;;
966771;unknown;control;2022-09-19 13:30:00+00:00;0.095;;
966771;unknown;control;2022-09-19 13:45:00+00:00;0.1;;
966771;unknown;control;2022-09-19 14:00:00+00:00;0.099;;
966771;unknown;control;2022-09-19 14:15:00+00:00;0.104;;
966771;unknown;control;2022-09-19 14:30:00+00:00;0.108;;
966771;unknown;control;2022-09-19 14:45:00+00:00;0.092;;
966771;unknown;control;2022-09-19 15:00:00+00:00;0.1;;
966771;unknown;control;2022-09-19 15:15:00+00:00;0.11;;
966771;unknown;control;2022-09-19 15:30:00+00:00;0.119;;
966771;unknown;control;2022-09-19 15:45:00+00:00;0.109;;
966771;unknown;control;2022-09-19 16:00:00+00:00;0.119;;
966771;unknown;control;2022-09-19 16:15:00+00:00;0.104;;
966771;unknown;control;2022-09-19 16:30:00+00:00;0.119;;
966771;unknown;control;2022-09-19 16:45:00+00:00;0.112;;
966771;unknown;control;2022-09-19 17:00:00+00:00;0.115;;
966771;unknown;control;2022-09-19 17:15:00+00:00;0.128;;
966771;unknown;control;2022-09-19 17:30:00+00:00;0.2;;
966771;unknown;control;2022-09-19 17:45:00+00:00;0.127;;
966771;unknown;control;2022-09-19 18:00:00+00:00;0.155;;
966771;unknown;control;2022-09-19 18:15:00+00:00;0.82;;
966771;unknown;control;2022-09-19 18:30:00+00:00;0.506;;
966771;unknown;control;2022-09-19 18:45:00+00:00;0.196;;
966771;unknown;control;2022-09-19 19:00:00+00:00;0.171;;
966771;unknown;control;2022-09-19 19:15:00+00:00;0.186;;
966771;unknown;control;2022-09-19 19:30:00+00:00;0.177;;
966771;unknown;control;2022-09-19 19:45:00+00:00;0.172;;
966771;unknown;control;2022-09-19 20:00:00+00:00;0.121;;
966771;unknown;control;2022-09-19 20:15:00+00:00;0.093;;
966771;unknown;control;2022-09-19 20:30:00+00:00;0.095;;
966771;unknown;control;2022-09-19 20:45:00+00:00;0.108;;
966771;unknown;control;2022-09-19 21:00:00+00:00;0.09;;
966771;unknown;control;2022-09-19 21:15:00+00:00;0.09;;
966771;unknown;control;2022-09-19 21:30:00+00:00;0.098;;
966771;unknown;control;2022-09-19 21:45:00+00:00;0.09;;
966771;unknown;control;2022-09-19 22:00:00+00:00;0.091;;
966771;unknown;control;2022-09-19 22:15:00+00:00;0.1;;
966771;unknown;control;2022-09-19 22:30:00+00:00;0.093;;
966771;unknown;control;2022-09-19 22:45:00+00:00;0.098;;
966771;unknown;control;2022-09-19 23:00:00+00:00;0.097;;
966771;unknown;control;2022-09-19 23:15:00+00:00;0.088;;
966771;unknown;control;2022-09-19 23:30:00+00:00;1.329;;
966771;unknown;control;2022-09-19 23:45:00+00:00;1.281;;
966771;unknown;control;2022-09-20 00:00:00+00:00;1.279;;
966771;unknown;control;2022-09-20 00:15:00+00:00;1.296;;
966771;unknown;control;2022-09-20 00:30:00+00:00;1.311;;
966771;unknown;control;2022-09-20 00:45:00+00:00;1.336;;
966771;unknown;control;2022-09-20 01:00:00+00:00;1.348;;
966771;unknown;control;2022-09-20 01:15:00+00:00;0.969;;
966771;unknown;control;2022-09-20 01:30:00+00:00;0.096;;
966771;unknown;control;2022-09-20 01:45:00+00:00;0.111;;
966771;unknown;control;2022-09-20 02:00:00+00:00;0.093;;
966771;unknown;control;2022-09-20 02:15:00+00:00;0.096;;
966771;unknown;control;2022-09-20 02:30:00+00:00;0.789;;
966771;unknown;control;2022-09-20 02:45:00+00:00;0.858;;
966771;unknown;control;2022-09-20 03:00:00+00:00;0.859;;
966771;unknown;control;2022-09-20 03:15:00+00:00;0.896;;
966771;unknown;control;2022-09-20 03:30:00+00:00;0.858;;
966771;unknown;control;2022-09-20 03:45:00+00:00;0.896;;
966771;unknown;control;2022-09-20 04:00:00+00:00;0.913;;
966771;unknown;control;2022-09-20 04:15:00+00:00;0.875;;
966771;unknown;control;2022-09-20 04:30:00+00:00;0.937;;
966771;unknown;control;2022-09-20 04:45:00+00:00;0.895;;
966771;unknown;control;2022-09-20 05:00:00+00:00;0.939;;
966771;unknown;control;2022-09-20 05:15:00+00:00;0.925;;
966771;unknown;control;2022-09-20 05:30:00+00:00;0.232;;
966771;unknown;control;2022-09-20 05:45:00+00:00;0.098;;
966771;unknown;control;2022-09-20 06:00:00+00:00;0.12;;
966771;unknown;control;2022-09-20 06:15:00+00:00;0.1;;
966771;unknown;control;2022-09-20 06:30:00+00:00;0.091;;
966771;unknown;control;2022-09-20 06:45:00+00:00;0.097;;
966771;unknown;control;2022-09-20 07:00:00+00:00;0.377;;
966771;unknown;control;2022-09-20 07:15:00+00:00;0.728;;
966771;unknown;control;2022-09-20 07:30:00+00:00;0.119;;
966771;unknown;control;2022-09-20 07:45:00+00:00;0.125;;
966771;unknown;control;2022-09-20 08:00:00+00:00;0.132;;
966771;unknown;control;2022-09-20 08:15:00+00:00;0.097;;
966771;unknown;control;2022-09-20 08:30:00+00:00;0.096;;
966771;unknown;control;2022-09-20 08:45:00+00:00;0.103;;
966771;unknown;control;2022-09-20 09:00:00+00:00;0.1;;
966771;unknown;control;2022-09-20 09:15:00+00:00;0.11;;
966771;unknown;control;2022-09-20 09:30:00+00:00;0.116;;
966771;unknown;control;2022-09-20 09:45:00+00:00;0.593;;
966771;unknown;control;2022-09-20 10:00:00+00:00;0.305;;
966771;unknown;control;2022-09-20 10:15:00+00:00;0.117;;
966771;unknown;control;2022-09-20 10:30:00+00:00;0.229;;
966771;unknown;control;2022-09-20 10:45:00+00:00;0.139;;
966771;unknown;control;2022-09-20 11:00:00+00:00;0.218;;
966771;unknown;control;2022-09-20 11:15:00+00:00;0.258;;
966771;unknown;control;2022-09-20 11:30:00+00:00;0.272;;
966771;unknown;control;2022-09-20 11:45:00+00:00;0.288;;
966771;unknown;control;2022-09-20 12:00:00+00:00;0.395;;
966771;unknown;control;2022-09-20 12:15:00+00:00;0.497;;
966771;unknown;control;2022-09-20 12:30:00+00:00;0.24;;
966771;unknown;control;2022-09-20 12:45:00+00:00;0.107;;
966771;unknown;control;2022-09-20 13:00:00+00:00;0.096;;
966771;unknown;control;2022-09-20 13:15:00+00:00;0.105;;
966771;unknown;control;2022-09-20 13:30:00+00:00;0.102;;
966771;unknown;control;2022-09-20 13:45:00+00:00;0.095;;
966771;unknown;control;2022-09-20 14:00:00+00:00;0.106;;
966771;unknown;control;2022-09-20 14:15:00+00:00;0.099;;
966771;unknown;control;2022-09-20 14:30:00+00:00;0.097;;
966771;unknown;control;2022-09-20 14:45:00+00:00;0.105;;
966771;unknown;control;2022-09-20 15:00:00+00:00;0.1;;
966771;unknown;control;2022-09-20 15:15:00+00:00;0.239;;
966771;unknown;control;2022-09-20 15:30:00+00:00;0.17;;
966771;unknown;control;2022-09-20 15:45:00+00:00;0.111;;
966771;unknown;control;2022-09-20 16:00:00+00:00;0.115;;
966771;unknown;control;2022-09-20 16:15:00+00:00;0.201;;
966771;unknown;control;2022-09-20 16:30:00+00:00;0.2;;
966771;unknown;control;2022-09-20 16:45:00+00:00;0.207;;
966771;unknown;control;2022-09-20 17:00:00+00:00;0.508;;
966771;unknown;control;2022-09-20 17:15:00+00:00;0.213;;
966771;unknown;control;2022-09-20 17:30:00+00:00;0.225;;
966771;unknown;control;2022-09-20 17:45:00+00:00;0.227;;
966771;unknown;control;2022-09-20 18:00:00+00:00;0.222;;
966771;unknown;control;2022-09-20 18:15:00+00:00;0.229;;
966771;unknown;control;2022-09-20 18:30:00+00:00;0.241;;
966771;unknown;control;2022-09-20 18:45:00+00:00;0.839;;
966771;unknown;control;2022-09-20 19:00:00+00:00;0.246;;
966771;unknown;control;2022-09-20 19:15:00+00:00;0.231;;
966771;unknown;control;2022-09-20 19:30:00+00:00;0.676;;
966771;unknown;control;2022-09-20 19:45:00+00:00;0.361;;
966771;unknown;control;2022-09-20 20:00:00+00:00;0.204;;
966771;unknown;control;2022-09-20 20:15:00+00:00;0.276;;
966771;unknown;control;2022-09-20 20:30:00+00:00;0.349;;
966771;unknown;control;2022-09-20 20:45:00+00:00;0.098;;
966771;unknown;control;2022-09-20 21:00:00+00:00;0.108;;
966771;unknown;control;2022-09-20 21:15:00+00:00;0.106;;
966771;unknown;control;2022-09-20 21:30:00+00:00;0.108;;
966771;unknown;control;2022-09-20 21:45:00+00:00;0.103;;
966771;unknown;control;2022-09-20 22:00:00+00:00;0.093;;
966771;unknown;control;2022-09-20 22:15:00+00:00;0.098;;
966771;unknown;control;2022-09-20 22:30:00+00:00;0.099;;
966771;unknown;control;2022-09-20 22:45:00+00:00;0.087;;
966771;unknown;control;2022-09-20 23:00:00+00:00;0.097;;
966771;unknown;control;2022-09-20 23:15:00+00:00;0.096;;
966771;unknown;control;2022-09-20 23:30:00+00:00;1.31;;
966771;unknown;control;2022-09-20 23:45:00+00:00;1.288;;
966771;unknown;control;2022-09-21 00:00:00+00:00;1.287;;
966771;unknown;control;2022-09-21 00:15:00+00:00;1.292;;
966771;unknown;control;2022-09-21 00:30:00+00:00;1.322;;
966771;unknown;control;2022-09-21 00:45:00+00:00;1.341;;
966771;unknown;control;2022-09-21 01:00:00+00:00;1.344;;
966771;unknown;control;2022-09-21 01:15:00+00:00;0.98;;
966771;unknown;control;2022-09-21 01:30:00+00:00;0.105;;
966771;unknown;control;2022-09-21 01:45:00+00:00;0.098;;
966771;unknown;control;2022-09-21 02:00:00+00:00;0.147;;
966771;unknown;control;2022-09-21 02:15:00+00:00;0.127;;
966771;unknown;control;2022-09-21 02:30:00+00:00;0.801;;
966771;unknown;control;2022-09-21 02:45:00+00:00;0.901;;
966771;unknown;control;2022-09-21 03:00:00+00:00;0.877;;
966771;unknown;control;2022-09-21 03:15:00+00:00;0.903;;
966771;unknown;control;2022-09-21 03:30:00+00:00;0.874;;
966771;unknown;control;2022-09-21 03:45:00+00:00;0.909;;
966771;unknown;control;2022-09-21 04:00:00+00:00;0.918;;
966771;unknown;control;2022-09-21 04:15:00+00:00;0.908;;
966771;unknown;control;2022-09-21 04:30:00+00:00;0.925;;
966771;unknown;control;2022-09-21 04:45:00+00:00;0.112;;
966771;unknown;control;2022-09-21 05:00:00+00:00;0.413;;
966771;unknown;control;2022-09-21 05:15:00+00:00;1.576;;
966771;unknown;control;2022-09-21 05:30:00+00:00;0.539;;
966771;unknown;control;2022-09-21 05:45:00+00:00;0.133;;
966771;unknown;control;2022-09-21 06:00:00+00:00;0.159;;
966771;unknown;control;2022-09-21 06:15:00+00:00;0.126;;
966771;unknown;control;2022-09-21 06:30:00+00:00;0.093;;
966771;unknown;control;2022-09-21 06:45:00+00:00;0.095;;
966771;unknown;control;2022-09-21 07:00:00+00:00;0.089;;
966771;unknown;control;2022-09-21 07:15:00+00:00;0.099;;
966771;unknown;control;2022-09-21 07:30:00+00:00;0.091;;
966771;unknown;control;2022-09-21 07:45:00+00:00;0.088;;
966771;unknown;control;2022-09-21 08:00:00+00:00;0.097;;
966771;unknown;control;2022-09-21 08:15:00+00:00;0.109;;
966771;unknown;control;2022-09-21 08:30:00+00:00;0.176;;
966771;unknown;control;2022-09-21 08:45:00+00:00;0.123;;
966771;unknown;control;2022-09-21 09:00:00+00:00;0.096;;
966771;unknown;control;2022-09-21 09:15:00+00:00;0.826;;
966771;unknown;control;2022-09-21 09:30:00+00:00;0.406;;
966771;unknown;control;2022-09-21 09:45:00+00:00;0.598;;
966771;unknown;control;2022-09-21 10:00:00+00:00;0.239;;
966771;unknown;control;2022-09-21 10:15:00+00:00;0.176;;
966771;unknown;control;2022-09-21 10:30:00+00:00;0.141;;
966771;unknown;control;2022-09-21 10:45:00+00:00;0.264;;
966771;unknown;control;2022-09-21 11:00:00+00:00;0.276;;
966771;unknown;control;2022-09-21 11:15:00+00:00;0.529;;
966771;unknown;control;2022-09-21 11:30:00+00:00;0.285;;
966771;unknown;control;2022-09-21 11:45:00+00:00;0.225;;
966771;unknown;control;2022-09-21 12:00:00+00:00;0.22;;
966771;unknown;control;2022-09-21 12:15:00+00:00;0.159;;
966771;unknown;control;2022-09-21 12:30:00+00:00;0.093;;
966771;unknown;control;2022-09-21 12:45:00+00:00;0.104;;
966771;unknown;control;2022-09-21 13:00:00+00:00;0.099;;
966771;unknown;control;2022-09-21 13:15:00+00:00;0.095;;
966771;unknown;control;2022-09-21 13:30:00+00:00;0.279;;
966771;unknown;control;2022-09-21 13:45:00+00:00;0.139;;
966771;unknown;control;2022-09-21 14:00:00+00:00;0.101;;
966771;unknown;control;2022-09-21 14:15:00+00:00;0.174;;
966771;unknown;control;2022-09-21 14:30:00+00:00;0.208;;
966771;unknown;control;2022-09-21 14:45:00+00:00;0.176;;
966771;unknown;control;2022-09-21 15:00:00+00:00;0.129;;
966771;unknown;control;2022-09-21 15:15:00+00:00;0.129;;
966771;unknown;control;2022-09-21 15:30:00+00:00;0.142;;
966771;unknown;control;2022-09-21 15:45:00+00:00;0.148;;
966771;unknown;control;2022-09-21 16:00:00+00:00;0.115;;
966771;unknown;control;2022-09-21 16:15:00+00:00;0.114;;
966771;unknown;control;2022-09-21 16:30:00+00:00;0.111;;
966771;unknown;control;2022-09-21 16:45:00+00:00;0.11;;
966771;unknown;control;2022-09-21 17:00:00+00:00;0.118;;
966771;unknown;control;2022-09-21 17:15:00+00:00;0.109;;
966771;unknown;control;2022-09-21 17:30:00+00:00;0.206;;
966771;unknown;control;2022-09-21 17:45:00+00:00;0.428;;
966771;unknown;control;2022-09-21 18:00:00+00:00;0.951;;
966771;unknown;control;2022-09-21 18:15:00+00:00;0.3;;
966771;unknown;control;2022-09-21 18:30:00+00:00;0.197;;
966771;unknown;control;2022-09-21 18:45:00+00:00;0.184;;
966771;unknown;control;2022-09-21 19:00:00+00:00;0.175;;
966771;unknown;control;2022-09-21 19:15:00+00:00;0.176;;
966771;unknown;control;2022-09-21 19:30:00+00:00;0.176;;
966771;unknown;control;2022-09-21 19:45:00+00:00;0.204;;
966771;unknown;control;2022-09-21 20:00:00+00:00;0.196;;
966771;unknown;control;2022-09-21 20:15:00+00:00;0.167;;
966771;unknown;control;2022-09-21 20:30:00+00:00;0.105;;
966771;unknown;control;2022-09-21 20:45:00+00:00;0.1;;
966771;unknown;control;2022-09-21 21:00:00+00:00;0.101;;
966771;unknown;control;2022-09-21 21:15:00+00:00;0.104;;
966771;unknown;control;2022-09-21 21:30:00+00:00;0.094;;
966771;unknown;control;2022-09-21 21:45:00+00:00;0.101;;
966771;unknown;control;2022-09-21 22:00:00+00:00;0.105;;
966771;unknown;control;2022-09-21 22:15:00+00:00;0.101;;
966771;unknown;control;2022-09-21 22:30:00+00:00;0.102;;
966771;unknown;control;2022-09-21 22:45:00+00:00;0.098;;
966771;unknown;control;2022-09-21 23:00:00+00:00;0.095;;
966771;unknown;control;2022-09-21 23:15:00+00:00;0.11;;
966771;unknown;control;2022-09-21 23:30:00+00:00;1.316;;
966771;unknown;control;2022-09-21 23:45:00+00:00;1.269;;
966771;unknown;control;2022-09-22 00:00:00+00:00;1.297;;
966771;unknown;control;2022-09-22 00:15:00+00:00;1.316;;
966771;unknown;control;2022-09-22 00:30:00+00:00;1.321;;
966771;unknown;control;2022-09-22 00:45:00+00:00;1.352;;
966771;unknown;control;2022-09-22 01:00:00+00:00;0.116;;
966771;unknown;control;2022-09-22 01:15:00+00:00;0.112;;
966771;unknown;control;2022-09-22 01:30:00+00:00;0.109;;
966771;unknown;control;2022-09-22 01:45:00+00:00;0.1;;
966771;unknown;control;2022-09-22 02:00:00+00:00;0.119;;
966771;unknown;control;2022-09-22 02:15:00+00:00;0.098;;
966771;unknown;control;2022-09-22 02:30:00+00:00;0.791;;
966771;unknown;control;2022-09-22 02:45:00+00:00;0.879;;
966771;unknown;control;2022-09-22 03:00:00+00:00;0.859;;
966771;unknown;control;2022-09-22 03:15:00+00:00;0.891;;
966771;unknown;control;2022-09-22 03:30:00+00:00;0.884;;
966771;unknown;control;2022-09-22 03:45:00+00:00;0.901;;
966771;unknown;control;2022-09-22 04:00:00+00:00;0.915;;
966771;unknown;control;2022-09-22 04:15:00+00:00;0.881;;
966771;unknown;control;2022-09-22 04:30:00+00:00;0.92;;
966771;unknown;control;2022-09-22 04:45:00+00:00;0.823;;
966771;unknown;control;2022-09-22 05:00:00+00:00;0.933;;
966771;unknown;control;2022-09-22 05:15:00+00:00;0.965;;
966771;unknown;control;2022-09-22 05:30:00+00:00;0.683;;
966771;unknown;control;2022-09-22 05:45:00+00:00;0.483;;
966771;unknown;control;2022-09-22 06:00:00+00:00;0.131;;
966771;unknown;control;2022-09-22 06:15:00+00:00;0.136;;
966771;unknown;control;2022-09-22 06:30:00+00:00;0.151;;
966771;unknown;control;2022-09-22 06:45:00+00:00;0.472;;
966771;unknown;control;2022-09-22 07:00:00+00:00;0.144;;
966771;unknown;control;2022-09-22 07:15:00+00:00;0.188;;
966771;unknown;control;2022-09-22 07:30:00+00:00;0.152;;
966771;unknown;control;2022-09-22 07:45:00+00:00;0.448;;
966771;unknown;control;2022-09-22 08:00:00+00:00;0.644;;
966771;unknown;control;2022-09-22 08:15:00+00:00;0.129;;
966771;unknown;control;2022-09-22 08:30:00+00:00;0.136;;
966771;unknown;control;2022-09-22 08:45:00+00:00;0.131;;
966771;unknown;control;2022-09-22 09:00:00+00:00;0.121;;
966771;unknown;control;2022-09-22 09:15:00+00:00;0.875;;
966771;unknown;control;2022-09-22 09:30:00+00:00;0.669;;
966771;unknown;control;2022-09-22 09:45:00+00:00;0.312;;
966771;unknown;control;2022-09-22 10:00:00+00:00;0.223;;
966771;unknown;control;2022-09-22 10:15:00+00:00;0.15;;
966771;unknown;control;2022-09-22 10:30:00+00:00;0.136;;
966771;unknown;control;2022-09-22 10:45:00+00:00;0.129;;
966771;unknown;control;2022-09-22 11:00:00+00:00;0.135;;
966771;unknown;control;2022-09-22 11:15:00+00:00;0.124;;
966771;unknown;control;2022-09-22 11:30:00+00:00;0.111;;
966771;unknown;control;2022-09-22 11:45:00+00:00;0.122;;
966771;unknown;control;2022-09-22 12:00:00+00:00;0.122;;
966771;unknown;control;2022-09-22 12:15:00+00:00;0.101;;
966771;unknown;control;2022-09-22 12:30:00+00:00;0.108;;
966771;unknown;control;2022-09-22 12:45:00+00:00;0.097;;
966771;unknown;control;2022-09-22 13:00:00+00:00;0.096;;
966771;unknown;control;2022-09-22 13:15:00+00:00;0.106;;
966771;unknown;control;2022-09-22 13:30:00+00:00;0.102;;
966771;unknown;control;2022-09-22 13:45:00+00:00;0.107;;
966771;unknown;control;2022-09-22 14:00:00+00:00;0.19;;
966771;unknown;control;2022-09-22 14:15:00+00:00;0.352;;
966771;unknown;control;2022-09-22 14:30:00+00:00;0.352;;
966771;unknown;control;2022-09-22 14:45:00+00:00;0.319;;
966771;unknown;control;2022-09-22 15:00:00+00:00;0.291;;
966771;unknown;control;2022-09-22 15:15:00+00:00;0.289;;
966771;unknown;control;2022-09-22 15:30:00+00:00;0.281;;
966771;unknown;control;2022-09-22 15:45:00+00:00;0.143;;
966771;unknown;control;2022-09-22 16:00:00+00:00;0.438;;
966771;unknown;control;2022-09-22 16:15:00+00:00;0.403;;
966771;unknown;control;2022-09-22 16:30:00+00:00;0.288;;
966771;unknown;control;2022-09-22 16:45:00+00:00;0.143;;
966771;unknown;control;2022-09-22 17:00:00+00:00;0.119;;
966771;unknown;control;2022-09-22 17:15:00+00:00;0.117;;
966771;unknown;control;2022-09-22 17:30:00+00:00;0.188;;
966771;unknown;control;2022-09-22 17:45:00+00:00;0.803;;
966771;unknown;control;2022-09-22 18:00:00+00:00;0.93;;
966771;unknown;control;2022-09-22 18:15:00+00:00;0.226;;
966771;unknown;control;2022-09-22 18:30:00+00:00;0.258;;
966771;unknown;control;2022-09-22 18:45:00+00:00;1.003;;
966771;unknown;control;2022-09-22 19:00:00+00:00;0.257;;
966771;unknown;control;2022-09-22 19:15:00+00:00;0.215;;
966771;unknown;control;2022-09-22 19:30:00+00:00;0.209;;
966771;unknown;control;2022-09-22 19:45:00+00:00;0.199;;
966771;unknown;control;2022-09-22 20:00:00+00:00;0.183;;
966771;unknown;control;2022-09-22 20:15:00+00:00;0.156;;
966771;unknown;control;2022-09-22 20:30:00+00:00;0.094;;
966771;unknown;control;2022-09-22 20:45:00+00:00;0.1;;
966771;unknown;control;2022-09-22 21:00:00+00:00;0.1;;
966771;unknown;control;2022-09-22 21:15:00+00:00;0.094;;
966771;unknown;control;2022-09-22 21:30:00+00:00;0.098;;
966771;unknown;control;2022-09-22 21:45:00+00:00;0.096;;
966771;unknown;control;2022-09-22 22:00:00+00:00;0.094;;
966771;unknown;control;2022-09-22 22:15:00+00:00;0.108;;
966771;unknown;control;2022-09-22 22:30:00+00:00;0.095;;
966771;unknown;control;2022-09-22 22:45:00+00:00;0.091;;
966771;unknown;control;2022-09-22 23:00:00+00:00;0.099;;
966771;unknown;control;2022-09-22 23:15:00+00:00;0.092;;
966771;unknown;control;2022-09-22 23:30:00+00:00;1.309;;
966771;unknown;control;2022-09-22 23:45:00+00:00;1.266;;
966771;unknown;control;2022-09-23 00:00:00+00:00;1.27;;
966771;unknown;control;2022-09-23 00:15:00+00:00;1.31;;
966771;unknown;control;2022-09-23 00:30:00+00:00;1.335;;
966771;unknown;control;2022-09-23 00:45:00+00:00;1.346;;
966771;unknown;control;2022-09-23 01:00:00+00:00;1.365;;
966771;unknown;control;2022-09-23 01:15:00+00:00;1.355;;
966771;unknown;control;2022-09-23 01:30:00+00:00;0.335;;
966771;unknown;control;2022-09-23 01:45:00+00:00;0.102;;
966771;unknown;control;2022-09-23 02:00:00+00:00;0.091;;
966771;unknown;control;2022-09-23 02:15:00+00:00;0.099;;
966771;unknown;control;2022-09-23 02:30:00+00:00;0.811;;
966771;unknown;control;2022-09-23 02:45:00+00:00;0.888;;
966771;unknown;control;2022-09-23 03:00:00+00:00;0.861;;
966771;unknown;control;2022-09-23 03:15:00+00:00;0.897;;
966771;unknown;control;2022-09-23 03:30:00+00:00;0.882;;
966771;unknown;control;2022-09-23 03:45:00+00:00;0.912;;
966771;unknown;control;2022-09-23 04:00:00+00:00;0.915;;
966771;unknown;control;2022-09-23 04:15:00+00:00;0.871;;
966771;unknown;control;2022-09-23 04:30:00+00:00;0.951;;
966771;unknown;control;2022-09-23 04:45:00+00:00;1.149;;
966771;unknown;control;2022-09-23 05:00:00+00:00;1.382;;
966771;unknown;control;2022-09-23 05:15:00+00:00;1.012;;
966771;unknown;control;2022-09-23 05:30:00+00:00;0.365;;
966771;unknown;control;2022-09-23 05:45:00+00:00;0.492;;
966771;unknown;control;2022-09-23 06:00:00+00:00;0.181;;
966771;unknown;control;2022-09-23 06:15:00+00:00;0.098;;
966771;unknown;control;2022-09-23 06:30:00+00:00;0.104;;
966771;unknown;control;2022-09-23 06:45:00+00:00;0.297;;
966771;unknown;control;2022-09-23 07:00:00+00:00;0.54;;
966771;unknown;control;2022-09-23 07:15:00+00:00;0.351;;
966771;unknown;control;2022-09-23 07:30:00+00:00;0.245;;
966771;unknown;control;2022-09-23 07:45:00+00:00;0.24;;
966771;unknown;control;2022-09-23 08:00:00+00:00;0.487;;
966771;unknown;control;2022-09-23 08:15:00+00:00;0.224;;
966771;unknown;control;2022-09-23 08:30:00+00:00;0.22;;
966771;unknown;control;2022-09-23 08:45:00+00:00;0.111;;
966771;unknown;control;2022-09-23 09:00:00+00:00;0.105;;
966771;unknown;control;2022-09-23 09:15:00+00:00;0.147;;
966771;unknown;control;2022-09-23 09:30:00+00:00;0.408;;
966771;unknown;control;2022-09-23 09:45:00+00:00;0.362;;
966771;unknown;control;2022-09-23 10:00:00+00:00;0.116;;
966771;unknown;control;2022-09-23 10:15:00+00:00;0.141;;
966771;unknown;control;2022-09-23 10:30:00+00:00;0.118;;
966771;unknown;control;2022-09-23 10:45:00+00:00;0.114;;
966771;unknown;control;2022-09-23 11:00:00+00:00;0.11;;
966771;unknown;control;2022-09-23 11:15:00+00:00;0.093;;
966771;unknown;control;2022-09-23 11:30:00+00:00;0.093;;
966771;unknown;control;2022-09-23 11:45:00+00:00;0.098;;
966771;unknown;control;2022-09-23 12:00:00+00:00;0.092;;
966771;unknown;control;2022-09-23 12:15:00+00:00;0.098;;
966771;unknown;control;2022-09-23 12:30:00+00:00;0.099;;
966771;unknown;control;2022-09-23 12:45:00+00:00;0.095;;
966771;unknown;control;2022-09-23 13:00:00+00:00;0.132;;
966771;unknown;control;2022-09-23 13:15:00+00:00;0.172;;
966771;unknown;control;2022-09-23 13:30:00+00:00;0.131;;
966771;unknown;control;2022-09-23 13:45:00+00:00;0.118;;
966771;unknown;control;2022-09-23 14:00:00+00:00;0.125;;
966771;unknown;control;2022-09-23 14:15:00+00:00;0.097;;
966771;unknown;control;2022-09-23 14:30:00+00:00;0.1;;
966771;unknown;control;2022-09-23 14:45:00+00:00;0.209;;
966771;unknown;control;2022-09-23 15:00:00+00:00;0.199;;
966771;unknown;control;2022-09-23 15:15:00+00:00;0.238;;
966771;unknown;control;2022-09-23 15:30:00+00:00;0.336;;
966771;unknown;control;2022-09-23 15:45:00+00:00;0.245;;
966771;unknown;control;2022-09-23 16:00:00+00:00;0.255;;
966771;unknown;control;2022-09-23 16:15:00+00:00;0.172;;
966771;unknown;control;2022-09-23 16:30:00+00:00;0.116;;
966771;unknown;control;2022-09-23 16:45:00+00:00;0.12;;
966771;unknown;control;2022-09-23 17:00:00+00:00;0.277;;
966771;unknown;control;2022-09-23 17:15:00+00:00;0.3;;
966771;unknown;control;2022-09-23 17:30:00+00:00;0.275;;
966771;unknown;control;2022-09-23 17:45:00+00:00;0.273;;
966771;unknown;control;2022-09-23 18:00:00+00:00;0.282;;
966771;unknown;control;2022-09-23 18:15:00+00:00;0.285;;
966771;unknown;control;2022-09-23 18:30:00+00:00;0.288;;
966771;unknown;control;2022-09-23 18:45:00+00:00;0.292;;
966771;unknown;control;2022-09-23 19:00:00+00:00;0.271;;
966771;unknown;control;2022-09-23 19:15:00+00:00;0.272;;
966771;unknown;control;2022-09-23 19:30:00+00:00;0.324;;
966771;unknown;control;2022-09-23 19:45:00+00:00;0.262;;
966771;unknown;control;2022-09-23 20:00:00+00:00;0.252;;
966771;unknown;control;2022-09-23 20:15:00+00:00;0.252;;
966771;unknown;control;2022-09-23 20:30:00+00:00;0.186;;
966771;unknown;control;2022-09-23 20:45:00+00:00;0.134;;
966771;unknown;control;2022-09-23 21:00:00+00:00;0.101;;
966771;unknown;control;2022-09-23 21:15:00+00:00;0.104;;
966771;unknown;control;2022-09-23 21:30:00+00:00;0.103;;
966771;unknown;control;2022-09-23 21:45:00+00:00;0.095;;
966771;unknown;control;2022-09-23 22:00:00+00:00;0.104;;
966771;unknown;control;2022-09-23 22:15:00+00:00;0.117;;
966771;unknown;control;2022-09-23 22:30:00+00:00;0.098;;
966771;unknown;control;2022-09-23 22:45:00+00:00;0.107;;
966771;unknown;control;2022-09-23 23:00:00+00:00;0.106;;
966771;unknown;control;2022-09-23 23:15:00+00:00;0.093;;
966771;unknown;control;2022-09-23 23:30:00+00:00;1.336;;
966771;unknown;control;2022-09-23 23:45:00+00:00;1.302;;
966771;unknown;control;2022-09-24 00:00:00+00:00;1.284;;
966771;unknown;control;2022-09-24 00:15:00+00:00;1.318;;
966771;unknown;control;2022-09-24 00:30:00+00:00;1.332;;
966771;unknown;control;2022-09-24 00:45:00+00:00;1.336;;
966771;unknown;control;2022-09-24 01:00:00+00:00;1.356;;
966771;unknown;control;2022-09-24 01:15:00+00:00;0.219;;
966771;unknown;control;2022-09-24 01:30:00+00:00;0.106;;
966771;unknown;control;2022-09-24 01:45:00+00:00;0.112;;
966771;unknown;control;2022-09-24 02:00:00+00:00;0.108;;
966771;unknown;control;2022-09-24 02:15:00+00:00;0.098;;
966771;unknown;control;2022-09-24 02:30:00+00:00;0.83;;
966771;unknown;control;2022-09-24 02:45:00+00:00;0.184;;
966771;unknown;control;2022-09-24 03:00:00+00:00;0.117;;
966771;unknown;control;2022-09-24 03:15:00+00:00;0.12;;
966771;unknown;control;2022-09-24 03:30:00+00:00;0.113;;
966771;unknown;control;2022-09-24 03:45:00+00:00;0.124;;
966771;unknown;control;2022-09-24 04:00:00+00:00;0.125;;
966771;unknown;control;2022-09-24 04:15:00+00:00;0.116;;
966771;unknown;control;2022-09-24 04:30:00+00:00;0.125;;
966771;unknown;control;2022-09-24 04:45:00+00:00;0.13;;
966771;unknown;control;2022-09-24 05:00:00+00:00;0.112;;
966771;unknown;control;2022-09-24 05:15:00+00:00;0.126;;
966771;unknown;control;2022-09-24 05:30:00+00:00;0.128;;
966771;unknown;control;2022-09-24 05:45:00+00:00;0.11;;
966771;unknown;control;2022-09-24 06:00:00+00:00;0.126;;
966771;unknown;control;2022-09-24 06:15:00+00:00;0.159;;
966771;unknown;control;2022-09-24 06:30:00+00:00;0.111;;
966771;unknown;control;2022-09-24 06:45:00+00:00;0.116;;
966771;unknown;control;2022-09-24 07:00:00+00:00;0.148;;
966771;unknown;control;2022-09-24 07:15:00+00:00;0.118;;
966771;unknown;control;2022-09-24 07:30:00+00:00;0.194;;
966771;unknown;control;2022-09-24 07:45:00+00:00;0.281;;
966771;unknown;control;2022-09-24 08:00:00+00:00;0.11;;
966771;unknown;control;2022-09-24 08:15:00+00:00;0.125;;
966771;unknown;control;2022-09-24 08:30:00+00:00;0.12;;
966771;unknown;control;2022-09-24 08:45:00+00:00;0.146;;
966771;unknown;control;2022-09-24 09:00:00+00:00;0.099;;
966771;unknown;control;2022-09-24 09:15:00+00:00;0.125;;
966771;unknown;control;2022-09-24 09:30:00+00:00;0.233;;
966771;unknown;control;2022-09-24 09:45:00+00:00;0.112;;
966771;unknown;control;2022-09-24 10:00:00+00:00;0.123;;
966771;unknown;control;2022-09-24 10:15:00+00:00;0.122;;
966771;unknown;control;2022-09-24 10:30:00+00:00;0.118;;
966771;unknown;control;2022-09-24 10:45:00+00:00;0.128;;
966771;unknown;control;2022-09-24 11:00:00+00:00;0.119;;
966771;unknown;control;2022-09-24 11:15:00+00:00;0.126;;
966771;unknown;control;2022-09-24 11:30:00+00:00;0.122;;
966771;unknown;control;2022-09-24 11:45:00+00:00;0.133;;
966771;unknown;control;2022-09-24 12:00:00+00:00;0.175;;
966771;unknown;control;2022-09-24 12:15:00+00:00;0.112;;
966771;unknown;control;2022-09-24 12:30:00+00:00;0.326;;
966771;unknown;control;2022-09-24 12:45:00+00:00;0.444;;
966771;unknown;control;2022-09-24 13:00:00+00:00;0.325;;
966771;unknown;control;2022-09-24 13:15:00+00:00;0.507;;
966771;unknown;control;2022-09-24 13:30:00+00:00;0.272;;
966771;unknown;control;2022-09-24 13:45:00+00:00;0.51;;
966771;unknown;control;2022-09-24 14:00:00+00:00;0.329;;
966771;unknown;control;2022-09-24 14:15:00+00:00;0.442;;
966771;unknown;control;2022-09-24 14:30:00+00:00;0.528;;
966771;unknown;control;2022-09-24 14:45:00+00:00;0.166;;
966771;unknown;control;2022-09-24 15:00:00+00:00;0.138;;
966771;unknown;control;2022-09-24 15:15:00+00:00;0.131;;
966771;unknown;control;2022-09-24 15:30:00+00:00;0.102;;
966771;unknown;control;2022-09-24 15:45:00+00:00;0.102;;
966771;unknown;control;2022-09-24 16:00:00+00:00;0.15;;
966771;unknown;control;2022-09-24 16:15:00+00:00;0.201;;
966771;unknown;control;2022-09-24 16:30:00+00:00;0.353;;
966771;unknown;control;2022-09-24 16:45:00+00:00;0.712;;
966771;unknown;control;2022-09-24 17:00:00+00:00;0.21;;
966771;unknown;control;2022-09-24 17:15:00+00:00;0.185;;
966771;unknown;control;2022-09-24 17:30:00+00:00;0.186;;
966771;unknown;control;2022-09-24 17:45:00+00:00;0.602;;
966771;unknown;control;2022-09-24 18:00:00+00:00;0.45;;
966771;unknown;control;2022-09-24 18:15:00+00:00;0.236;;
966771;unknown;control;2022-09-24 18:30:00+00:00;0.408;;
966771;unknown;control;2022-09-24 18:45:00+00:00;1.23;;
966771;unknown;control;2022-09-24 19:00:00+00:00;0.221;;
966771;unknown;control;2022-09-24 19:15:00+00:00;0.223;;
966771;unknown;control;2022-09-24 19:30:00+00:00;0.217;;
966771;unknown;control;2022-09-24 19:45:00+00:00;0.303;;
966771;unknown;control;2022-09-24 20:00:00+00:00;0.209;;
966771;unknown;control;2022-09-24 20:15:00+00:00;0.199;;
966771;unknown;control;2022-09-24 20:30:00+00:00;0.198;;
966771;unknown;control;2022-09-24 20:45:00+00:00;0.121;;
966771;unknown;control;2022-09-24 21:00:00+00:00;0.098;;
966771;unknown;control;2022-09-24 21:15:00+00:00;0.102;;
966771;unknown;control;2022-09-24 21:30:00+00:00;0.098;;
966771;unknown;control;2022-09-24 21:45:00+00:00;0.098;;
966771;unknown;control;2022-09-24 22:00:00+00:00;0.107;;
966771;unknown;control;2022-09-24 22:15:00+00:00;0.103;;
966771;unknown;control;2022-09-24 22:30:00+00:00;0.101;;
966771;unknown;control;2022-09-24 22:45:00+00:00;0.115;;
966771;unknown;control;2022-09-24 23:00:00+00:00;0.098;;
966771;unknown;control;2022-09-24 23:15:00+00:00;0.101;;
966771;unknown;control;2022-09-24 23:30:00+00:00;1.347;;
966771;unknown;control;2022-09-24 23:45:00+00:00;1.295;;
966771;unknown;control;2022-09-25 00:00:00+00:00;1.29;;
966771;unknown;control;2022-09-25 00:15:00+00:00;1.315;;
966771;unknown;control;2022-09-25 00:30:00+00:00;1.321;;
966771;unknown;control;2022-09-25 00:45:00+00:00;1.349;;
966771;unknown;control;2022-09-25 01:00:00+00:00;1.359;;
966771;unknown;control;2022-09-25 01:15:00+00:00;1.361;;
966771;unknown;control;2022-09-25 01:30:00+00:00;1.367;;
966771;unknown;control;2022-09-25 01:45:00+00:00;0.379;;
966771;unknown;control;2022-09-25 02:00:00+00:00;0.114;;
966771;unknown;control;2022-09-25 02:15:00+00:00;0.108;;
966771;unknown;control;2022-09-25 02:30:00+00:00;0.819;;
966771;unknown;control;2022-09-25 02:45:00+00:00;0.667;;
966771;unknown;control;2022-09-25 03:00:00+00:00;0.123;;
966771;unknown;control;2022-09-25 03:15:00+00:00;0.112;;
966771;unknown;control;2022-09-25 03:30:00+00:00;0.604;;
966771;unknown;control;2022-09-25 03:45:00+00:00;0.539;;
966771;unknown;control;2022-09-25 04:00:00+00:00;0.123;;
966771;unknown;control;2022-09-25 04:15:00+00:00;0.119;;
966771;unknown;control;2022-09-25 04:30:00+00:00;0.116;;
966771;unknown;control;2022-09-25 04:45:00+00:00;0.116;;
966771;unknown;control;2022-09-25 05:00:00+00:00;0.794;;
966771;unknown;control;2022-09-25 05:15:00+00:00;0.332;;
966771;unknown;control;2022-09-25 05:30:00+00:00;0.139;;
966771;unknown;control;2022-09-25 05:45:00+00:00;0.131;;
966771;unknown;control;2022-09-25 06:00:00+00:00;0.12;;
966771;unknown;control;2022-09-25 06:15:00+00:00;0.118;;
966771;unknown;control;2022-09-25 06:30:00+00:00;0.113;;
966771;unknown;control;2022-09-25 06:45:00+00:00;0.112;;
966771;unknown;control;2022-09-25 07:00:00+00:00;0.45;;
966771;unknown;control;2022-09-25 07:15:00+00:00;0.146;;
966771;unknown;control;2022-09-25 07:30:00+00:00;0.122;;
966771;unknown;control;2022-09-25 07:45:00+00:00;0.117;;
966771;unknown;control;2022-09-25 08:00:00+00:00;0.35;;
966771;unknown;control;2022-09-25 08:15:00+00:00;0.104;;
966771;unknown;control;2022-09-25 08:30:00+00:00;0.263;;
966771;unknown;control;2022-09-25 08:45:00+00:00;0.103;;
966771;unknown;control;2022-09-25 09:00:00+00:00;0.103;;
966771;unknown;control;2022-09-25 09:15:00+00:00;0.14;;
966771;unknown;control;2022-09-25 09:30:00+00:00;0.783;;
966771;unknown;control;2022-09-25 09:45:00+00:00;0.127;;
966771;unknown;control;2022-09-25 10:00:00+00:00;0.129;;
966771;unknown;control;2022-09-25 10:15:00+00:00;0.114;;
966771;unknown;control;2022-09-25 10:30:00+00:00;0.121;;
966771;unknown;control;2022-09-25 10:45:00+00:00;0.124;;
966771;unknown;control;2022-09-25 11:00:00+00:00;0.118;;
966771;unknown;control;2022-09-25 11:15:00+00:00;0.132;;
966771;unknown;control;2022-09-25 11:30:00+00:00;0.118;;
966771;unknown;control;2022-09-25 11:45:00+00:00;0.114;;
966771;unknown;control;2022-09-25 12:00:00+00:00;0.126;;
966771;unknown;control;2022-09-25 12:15:00+00:00;0.104;;
966771;unknown;control;2022-09-25 12:30:00+00:00;0.098;;
966771;unknown;control;2022-09-25 12:45:00+00:00;0.1;;
966771;unknown;control;2022-09-25 13:00:00+00:00;0.124;;
966771;unknown;control;2022-09-25 13:15:00+00:00;0.271;;
966771;unknown;control;2022-09-25 13:30:00+00:00;0.208;;
966771;unknown;control;2022-09-25 13:45:00+00:00;0.216;;
966771;unknown;control;2022-09-25 14:00:00+00:00;0.141;;
966771;unknown;control;2022-09-25 14:15:00+00:00;0.139;;
966771;unknown;control;2022-09-25 14:30:00+00:00;0.129;;
966771;unknown;control;2022-09-25 14:45:00+00:00;0.137;;
966771;unknown;control;2022-09-25 15:00:00+00:00;0.139;;
966771;unknown;control;2022-09-25 15:15:00+00:00;0.477;;
966771;unknown;control;2022-09-25 15:30:00+00:00;1.039;;
966771;unknown;control;2022-09-25 15:45:00+00:00;0.479;;
966771;unknown;control;2022-09-25 16:00:00+00:00;0.368;;
966771;unknown;control;2022-09-25 16:15:00+00:00;0.37;;
966771;unknown;control;2022-09-25 16:30:00+00:00;0.344;;
966771;unknown;control;2022-09-25 16:45:00+00:00;0.172;;
966771;unknown;control;2022-09-25 17:00:00+00:00;0.137;;
966771;unknown;control;2022-09-25 17:15:00+00:00;0.145;;
966771;unknown;control;2022-09-25 17:30:00+00:00;0.244;;
966771;unknown;control;2022-09-25 17:45:00+00:00;0.219;;
966771;unknown;control;2022-09-25 18:00:00+00:00;0.223;;
966771;unknown;control;2022-09-25 18:15:00+00:00;0.235;;
966771;unknown;control;2022-09-25 18:30:00+00:00;0.238;;
966771;unknown;control;2022-09-25 18:45:00+00:00;0.939;;
966771;unknown;control;2022-09-25 19:00:00+00:00;0.199;;
966771;unknown;control;2022-09-25 19:15:00+00:00;0.268;;
966771;unknown;control;2022-09-25 19:30:00+00:00;0.204;;
966771;unknown;control;2022-09-25 19:45:00+00:00;0.215;;
966771;unknown;control;2022-09-25 20:00:00+00:00;0.204;;
966771;unknown;control;2022-09-25 20:15:00+00:00;0.178;;
966771;unknown;control;2022-09-25 20:30:00+00:00;0.124;;
966771;unknown;control;2022-09-25 20:45:00+00:00;0.098;;
966771;unknown;control;2022-09-25 21:00:00+00:00;0.106;;
966771;unknown;control;2022-09-25 21:15:00+00:00;0.105;;
966771;unknown;control;2022-09-25 21:30:00+00:00;0.097;;
966771;unknown;control;2022-09-25 21:45:00+00:00;0.102;;
966771;unknown;control;2022-09-25 22:00:00+00:00;0.1;;
966771;unknown;control;2022-09-25 22:15:00+00:00;0.102;;
966771;unknown;control;2022-09-25 22:30:00+00:00;0.108;;
966771;unknown;control;2022-09-25 22:45:00+00:00;0.101;;
966771;unknown;control;2022-09-25 23:00:00+00:00;0.115;;
966771;unknown;control;2022-09-25 23:15:00+00:00;0.103;;
966771;unknown;control;2022-09-25 23:30:00+00:00;1.326;;
966771;unknown;control;2022-09-25 23:45:00+00:00;1.292;;
966771;unknown;control;2022-09-26 00:00:00+00:00;1.316;;
966771;unknown;control;2022-09-26 00:15:00+00:00;1.299;;
966771;unknown;control;2022-09-26 00:30:00+00:00;1.307;;
966771;unknown;control;2022-09-26 00:45:00+00:00;1.335;;
966771;unknown;control;2022-09-26 01:00:00+00:00;1.335;;
966771;unknown;control;2022-09-26 01:15:00+00:00;1.348;;
966771;unknown;control;2022-09-26 01:30:00+00:00;1.356;;
966771;unknown;control;2022-09-26 01:45:00+00:00;0.929;;
966771;unknown;control;2022-09-26 02:00:00+00:00;0.105;;
966771;unknown;control;2022-09-26 02:15:00+00:00;0.098;;
966771;unknown;control;2022-09-26 02:30:00+00:00;0.814;;
966771;unknown;control;2022-09-26 02:45:00+00:00;0.899;;
966771;unknown;control;2022-09-26 03:00:00+00:00;0.173;;
966771;unknown;control;2022-09-26 03:15:00+00:00;0.122;;
966771;unknown;control;2022-09-26 03:30:00+00:00;0.489;;
966771;unknown;control;2022-09-26 03:45:00+00:00;0.811;;
966771;unknown;control;2022-09-26 04:00:00+00:00;0.126;;
966771;unknown;control;2022-09-26 04:15:00+00:00;0.144;;
966771;unknown;control;2022-09-26 04:30:00+00:00;0.122;;
966771;unknown;control;2022-09-26 04:45:00+00:00;0.556;;
966771;unknown;control;2022-09-26 05:00:00+00:00;0.701;;
966771;unknown;control;2022-09-26 05:15:00+00:00;0.178;;
966771;unknown;control;2022-09-26 05:30:00+00:00;0.282;;
966771;unknown;control;2022-09-26 05:45:00+00:00;0.643;;
966771;unknown;control;2022-09-26 06:00:00+00:00;0.514;;
966771;unknown;control;2022-09-26 06:15:00+00:00;0.238;;
966771;unknown;control;2022-09-26 06:30:00+00:00;0.214;;
966771;unknown;control;2022-09-26 06:45:00+00:00;0.577;;
966771;unknown;control;2022-09-26 07:00:00+00:00;0.792;;
966771;unknown;control;2022-09-26 07:15:00+00:00;0.387;;
966771;unknown;control;2022-09-26 07:30:00+00:00;0.162;;
966771;unknown;control;2022-09-26 07:45:00+00:00;0.181;;
966771;unknown;control;2022-09-26 08:00:00+00:00;0.211;;
966771;unknown;control;2022-09-26 08:15:00+00:00;0.241;;
966771;unknown;control;2022-09-26 08:30:00+00:00;0.266;;
966771;unknown;control;2022-09-26 08:45:00+00:00;0.279;;
966771;unknown;control;2022-09-26 09:00:00+00:00;0.282;;
966771;unknown;control;2022-09-26 09:15:00+00:00;0.267;;
966771;unknown;control;2022-09-26 09:30:00+00:00;0.274;;
966771;unknown;control;2022-09-26 09:45:00+00:00;0.349;;
966771;unknown;control;2022-09-26 10:00:00+00:00;0.186;;
966771;unknown;control;2022-09-26 10:15:00+00:00;0.108;;
966771;unknown;control;2022-09-26 10:30:00+00:00;0.103;;
966771;unknown;control;2022-09-26 10:45:00+00:00;0.114;;
966771;unknown;control;2022-09-26 11:00:00+00:00;0.095;;
966771;unknown;control;2022-09-26 11:15:00+00:00;0.117;;
966771;unknown;control;2022-09-26 11:30:00+00:00;0.11;;
966771;unknown;control;2022-09-26 11:45:00+00:00;0.097;;
966771;unknown;control;2022-09-26 12:00:00+00:00;0.104;;
966771;unknown;control;2022-09-26 12:15:00+00:00;0.099;;
966771;unknown;control;2022-09-26 12:30:00+00:00;0.097;;
966771;unknown;control;2022-09-26 12:45:00+00:00;0.1;;
966771;unknown;control;2022-09-26 13:00:00+00:00;0.19;;
966771;unknown;control;2022-09-26 13:15:00+00:00;0.105;;
966771;unknown;control;2022-09-26 13:30:00+00:00;0.108;;
966771;unknown;control;2022-09-26 13:45:00+00:00;0.093;;
966771;unknown;control;2022-09-26 14:00:00+00:00;0.101;;
966771;unknown;control;2022-09-26 14:15:00+00:00;0.141;;
966771;unknown;control;2022-09-26 14:30:00+00:00;0.128;;
966771;unknown;control;2022-09-26 14:45:00+00:00;0.138;;
966771;unknown;control;2022-09-26 15:00:00+00:00;0.126;;
966771;unknown;control;2022-09-26 15:15:00+00:00;0.126;;
966771;unknown;control;2022-09-26 15:30:00+00:00;0.105;;
966771;unknown;control;2022-09-26 15:45:00+00:00;0.714;;
966771;unknown;control;2022-09-26 16:00:00+00:00;0.129;;
966771;unknown;control;2022-09-26 16:15:00+00:00;0.124;;
966771;unknown;control;2022-09-26 16:30:00+00:00;0.104;;
966771;unknown;control;2022-09-26 16:45:00+00:00;0.11;;
966771;unknown;control;2022-09-26 17:00:00+00:00;0.12;;
966771;unknown;control;2022-09-26 17:15:00+00:00;0.117;;
966771;unknown;control;2022-09-26 17:30:00+00:00;0.244;;
966771;unknown;control;2022-09-26 17:45:00+00:00;0.193;;
966771;unknown;control;2022-09-26 18:00:00+00:00;0.213;;
966771;unknown;control;2022-09-26 18:15:00+00:00;0.25;;
966771;unknown;control;2022-09-26 18:30:00+00:00;0.932;;
966771;unknown;control;2022-09-26 18:45:00+00:00;0.379;;
966771;unknown;control;2022-09-26 19:00:00+00:00;0.188;;
966771;unknown;control;2022-09-26 19:15:00+00:00;0.19;;
966771;unknown;control;2022-09-26 19:30:00+00:00;0.176;;
966771;unknown;control;2022-09-26 19:45:00+00:00;0.18;;
966771;unknown;control;2022-09-26 20:00:00+00:00;0.176;;
966771;unknown;control;2022-09-26 20:15:00+00:00;0.191;;
966771;unknown;control;2022-09-26 20:30:00+00:00;0.184;;
966771;unknown;control;2022-09-26 20:45:00+00:00;0.174;;
966771;unknown;control;2022-09-26 21:00:00+00:00;0.175;;
966771;unknown;control;2022-09-26 21:15:00+00:00;0.188;;
966771;unknown;control;2022-09-26 21:30:00+00:00;0.12;;
966771;unknown;control;2022-09-26 21:45:00+00:00;0.105;;
966771;unknown;control;2022-09-26 22:00:00+00:00;0.105;;
966771;unknown;control;2022-09-26 22:15:00+00:00;0.096;;
966771;unknown;control;2022-09-26 22:30:00+00:00;0.104;;
966771;unknown;control;2022-09-26 22:45:00+00:00;0.107;;
966771;unknown;control;2022-09-26 23:00:00+00:00;0.101;;
966771;unknown;control;2022-09-26 23:15:00+00:00;0.109;;
966771;unknown;control;2022-09-26 23:30:00+00:00;1.343;;
966771;unknown;control;2022-09-26 23:45:00+00:00;1.3;;
966771;unknown;control;2022-09-27 00:00:00+00:00;1.305;;
966771;unknown;control;2022-09-27 00:15:00+00:00;1.306;;
966771;unknown;control;2022-09-27 00:30:00+00:00;0.604;;
966771;unknown;control;2022-09-27 00:45:00+00:00;0.105;;
966771;unknown;control;2022-09-27 01:00:00+00:00;0.097;;
966771;unknown;control;2022-09-27 01:15:00+00:00;0.102;;
966771;unknown;control;2022-09-27 01:30:00+00:00;0.109;;
966771;unknown;control;2022-09-27 01:45:00+00:00;0.098;;
966771;unknown;control;2022-09-27 02:00:00+00:00;0.101;;
966771;unknown;control;2022-09-27 02:15:00+00:00;0.101;;
966771;unknown;control;2022-09-27 02:30:00+00:00;0.808;;
966771;unknown;control;2022-09-27 02:45:00+00:00;0.898;;
966771;unknown;control;2022-09-27 03:00:00+00:00;0.216;;
966771;unknown;control;2022-09-27 03:15:00+00:00;0.114;;
966771;unknown;control;2022-09-27 03:30:00+00:00;0.357;;
966771;unknown;control;2022-09-27 03:45:00+00:00;0.871;;
966771;unknown;control;2022-09-27 04:00:00+00:00;0.933;;
966771;unknown;control;2022-09-27 04:15:00+00:00;0.447;;
966771;unknown;control;2022-09-27 04:30:00+00:00;0.353;;
966771;unknown;control;2022-09-27 04:45:00+00:00;0.878;;
966771;unknown;control;2022-09-27 05:00:00+00:00;0.354;;
966771;unknown;control;2022-09-27 05:15:00+00:00;0.157;;
966771;unknown;control;2022-09-27 05:30:00+00:00;0.133;;
966771;unknown;control;2022-09-27 05:45:00+00:00;0.116;;
966771;unknown;control;2022-09-27 06:00:00+00:00;0.106;;
966771;unknown;control;2022-09-27 06:15:00+00:00;0.103;;
966771;unknown;control;2022-09-27 06:30:00+00:00;0.104;;
966771;unknown;control;2022-09-27 06:45:00+00:00;0.096;;
966771;unknown;control;2022-09-27 07:00:00+00:00;0.102;;
966771;unknown;control;2022-09-27 07:15:00+00:00;0.104;;
966771;unknown;control;2022-09-27 07:30:00+00:00;0.095;;
966771;unknown;control;2022-09-27 07:45:00+00:00;0.101;;
966771;unknown;control;2022-09-27 08:00:00+00:00;0.099;;
966771;unknown;control;2022-09-27 08:15:00+00:00;0.086;;
966771;unknown;control;2022-09-27 08:30:00+00:00;0.105;;
966771;unknown;control;2022-09-27 08:45:00+00:00;0.108;;
966771;unknown;control;2022-09-27 09:00:00+00:00;0.45;;
966771;unknown;control;2022-09-27 09:15:00+00:00;0.918;;
966771;unknown;control;2022-09-27 09:30:00+00:00;0.494;;
966771;unknown;control;2022-09-27 09:45:00+00:00;0.294;;
966771;unknown;control;2022-09-27 10:00:00+00:00;0.179;;
966771;unknown;control;2022-09-27 10:15:00+00:00;0.131;;
966771;unknown;control;2022-09-27 10:30:00+00:00;0.129;;
966771;unknown;control;2022-09-27 10:45:00+00:00;0.178;;
966771;unknown;control;2022-09-27 11:00:00+00:00;0.24;;
966771;unknown;control;2022-09-27 11:15:00+00:00;0.884;;
966771;unknown;control;2022-09-27 11:30:00+00:00;0.2;;
966771;unknown;control;2022-09-27 11:45:00+00:00;0.128;;
966771;unknown;control;2022-09-27 12:00:00+00:00;0.119;;
966771;unknown;control;2022-09-27 12:15:00+00:00;0.094;;
966771;unknown;control;2022-09-27 12:30:00+00:00;0.102;;
966771;unknown;control;2022-09-27 12:45:00+00:00;0.102;;
966771;unknown;control;2022-09-27 13:00:00+00:00;0.095;;
966771;unknown;control;2022-09-27 13:15:00+00:00;0.105;;
966771;unknown;control;2022-09-27 13:30:00+00:00;0.095;;
966771;unknown;control;2022-09-27 13:45:00+00:00;0.093;;
966771;unknown;control;2022-09-27 14:00:00+00:00;0.096;;
966771;unknown;control;2022-09-27 14:15:00+00:00;0.096;;
966771;unknown;control;2022-09-27 14:30:00+00:00;0.099;;
966771;unknown;control;2022-09-27 14:45:00+00:00;0.104;;
966771;unknown;control;2022-09-27 15:00:00+00:00;0.105;;
966771;unknown;control;2022-09-27 15:15:00+00:00;0.298;;
966771;unknown;control;2022-09-27 15:30:00+00:00;0.111;;
966771;unknown;control;2022-09-27 15:45:00+00:00;0.829;;
966771;unknown;control;2022-09-27 16:00:00+00:00;0.544;;
966771;unknown;control;2022-09-27 16:15:00+00:00;0.123;;
966771;unknown;control;2022-09-27 16:30:00+00:00;0.172;;
966771;unknown;control;2022-09-27 16:45:00+00:00;1.045;;
966771;unknown;control;2022-09-27 17:00:00+00:00;1.317;;
966771;unknown;control;2022-09-27 17:15:00+00:00;0.279;;
966771;unknown;control;2022-09-27 17:30:00+00:00;0.279;;
966771;unknown;control;2022-09-27 17:45:00+00:00;0.617;;
966771;unknown;control;2022-09-27 18:00:00+00:00;0.897;;
966771;unknown;control;2022-09-27 18:15:00+00:00;0.385;;
966771;unknown;control;2022-09-27 18:30:00+00:00;0.14;;
966771;unknown;control;2022-09-27 18:45:00+00:00;0.134;;
966771;unknown;control;2022-09-27 19:00:00+00:00;0.125;;
966771;unknown;control;2022-09-27 19:15:00+00:00;0.116;;
966771;unknown;control;2022-09-27 19:30:00+00:00;0.14;;
966771;unknown;control;2022-09-27 19:45:00+00:00;0.129;;
966771;unknown;control;2022-09-27 20:00:00+00:00;0.102;;
966771;unknown;control;2022-09-27 20:15:00+00:00;0.103;;
966771;unknown;control;2022-09-27 20:30:00+00:00;0.107;;
966771;unknown;control;2022-09-27 20:45:00+00:00;0.091;;
966771;unknown;control;2022-09-27 21:00:00+00:00;0.098;;
966771;unknown;control;2022-09-27 21:15:00+00:00;0.103;;
966771;unknown;control;2022-09-27 21:30:00+00:00;0.096;;
966771;unknown;control;2022-09-27 21:45:00+00:00;0.105;;
966771;unknown;control;2022-09-27 22:00:00+00:00;0.102;;
966771;unknown;control;2022-09-27 22:15:00+00:00;0.096;;
966771;unknown;control;2022-09-27 22:30:00+00:00;0.102;;
966771;unknown;control;2022-09-27 22:45:00+00:00;0.106;;
966771;unknown;control;2022-09-27 23:00:00+00:00;0.101;;
966771;unknown;control;2022-09-27 23:15:00+00:00;0.106;;
966771;unknown;control;2022-09-27 23:30:00+00:00;1.334;;
966771;unknown;control;2022-09-27 23:45:00+00:00;1.283;;
966771;unknown;control;2022-09-28 00:00:00+00:00;1.271;;
966771;unknown;control;2022-09-28 00:15:00+00:00;1.274;;
966771;unknown;control;2022-09-28 00:30:00+00:00;1.29;;
966771;unknown;control;2022-09-28 00:45:00+00:00;1.306;;
966771;unknown;control;2022-09-28 01:00:00+00:00;1.332;;
966771;unknown;control;2022-09-28 01:15:00+00:00;0.202;;
966771;unknown;control;2022-09-28 01:30:00+00:00;0.095;;
966771;unknown;control;2022-09-28 01:45:00+00:00;0.095;;
966771;unknown;control;2022-09-28 02:00:00+00:00;0.118;;
966771;unknown;control;2022-09-28 02:15:00+00:00;0.099;;
966771;unknown;control;2022-09-28 02:30:00+00:00;0.821;;
966771;unknown;control;2022-09-28 02:45:00+00:00;0.898;;
966771;unknown;control;2022-09-28 03:00:00+00:00;0.336;;
966771;unknown;control;2022-09-28 03:15:00+00:00;0.116;;
966771;unknown;control;2022-09-28 03:30:00+00:00;0.609;;
966771;unknown;control;2022-09-28 03:45:00+00:00;0.717;;
966771;unknown;control;2022-09-28 04:00:00+00:00;0.131;;
966771;unknown;control;2022-09-28 04:15:00+00:00;0.122;;
966771;unknown;control;2022-09-28 04:30:00+00:00;0.606;;
966771;unknown;control;2022-09-28 04:45:00+00:00;0.66;;
966771;unknown;control;2022-09-28 05:00:00+00:00;0.157;;
966771;unknown;control;2022-09-28 05:15:00+00:00;0.137;;
966771;unknown;control;2022-09-28 05:30:00+00:00;0.152;;
966771;unknown;control;2022-09-28 05:45:00+00:00;0.122;;
966771;unknown;control;2022-09-28 06:00:00+00:00;0.112;;
966771;unknown;control;2022-09-28 06:15:00+00:00;0.122;;
966771;unknown;control;2022-09-28 06:30:00+00:00;0.096;;
966771;unknown;control;2022-09-28 06:45:00+00:00;0.093;;
966771;unknown;control;2022-09-28 07:00:00+00:00;0.091;;
966771;unknown;control;2022-09-28 07:15:00+00:00;0.084;;
966771;unknown;control;2022-09-28 07:30:00+00:00;0.094;;
966771;unknown;control;2022-09-28 07:45:00+00:00;0.089;;
966771;unknown;control;2022-09-28 08:00:00+00:00;0.087;;
966771;unknown;control;2022-09-28 08:15:00+00:00;0.099;;
966771;unknown;control;2022-09-28 08:30:00+00:00;0.106;;
966771;unknown;control;2022-09-28 08:45:00+00:00;0.112;;
966771;unknown;control;2022-09-28 09:00:00+00:00;0.108;;
966771;unknown;control;2022-09-28 09:15:00+00:00;0.908;;
966771;unknown;control;2022-09-28 09:30:00+00:00;0.598;;
966771;unknown;control;2022-09-28 09:45:00+00:00;0.365;;
966771;unknown;control;2022-09-28 10:00:00+00:00;0.169;;
966771;unknown;control;2022-09-28 10:15:00+00:00;0.128;;
966771;unknown;control;2022-09-28 10:30:00+00:00;0.126;;
966771;unknown;control;2022-09-28 10:45:00+00:00;0.117;;
966771;unknown;control;2022-09-28 11:00:00+00:00;0.121;;
966771;unknown;control;2022-09-28 11:15:00+00:00;0.115;;
966771;unknown;control;2022-09-28 11:30:00+00:00;0.121;;
966771;unknown;control;2022-09-28 11:45:00+00:00;0.127;;
966771;unknown;control;2022-09-28 12:00:00+00:00;0.117;;
966771;unknown;control;2022-09-28 12:15:00+00:00;0.103;;
966771;unknown;control;2022-09-28 12:30:00+00:00;0.102;;
966771;unknown;control;2022-09-28 12:45:00+00:00;0.091;;
966771;unknown;control;2022-09-28 13:00:00+00:00;0.096;;
966771;unknown;control;2022-09-28 13:15:00+00:00;0.1;;
966771;unknown;control;2022-09-28 13:30:00+00:00;0.094;;
966771;unknown;control;2022-09-28 13:45:00+00:00;0.103;;
966771;unknown;control;2022-09-28 14:00:00+00:00;0.101;;
966771;unknown;control;2022-09-28 14:15:00+00:00;0.128;;
966771;unknown;control;2022-09-28 14:30:00+00:00;0.137;;
966771;unknown;control;2022-09-28 14:45:00+00:00;0.132;;
966771;unknown;control;2022-09-28 15:00:00+00:00;0.131;;
966771;unknown;control;2022-09-28 15:15:00+00:00;0.134;;
966771;unknown;control;2022-09-28 15:30:00+00:00;0.121;;
966771;unknown;control;2022-09-28 15:45:00+00:00;0.924;;
966771;unknown;control;2022-09-28 16:00:00+00:00;0.903;;
966771;unknown;control;2022-09-28 16:15:00+00:00;0.294;;
966771;unknown;control;2022-09-28 16:30:00+00:00;0.123;;
966771;unknown;control;2022-09-28 16:45:00+00:00;0.548;;
966771;unknown;control;2022-09-28 17:00:00+00:00;0.926;;
966771;unknown;control;2022-09-28 17:15:00+00:00;0.321;;
966771;unknown;control;2022-09-28 17:30:00+00:00;0.148;;
966771;unknown;control;2022-09-28 17:45:00+00:00;0.126;;
966771;unknown;control;2022-09-28 18:00:00+00:00;0.447;;
966771;unknown;control;2022-09-28 18:15:00+00:00;0.908;;
966771;unknown;control;2022-09-28 18:30:00+00:00;0.218;;
966771;unknown;control;2022-09-28 18:45:00+00:00;0.146;;
966771;unknown;control;2022-09-28 19:00:00+00:00;0.104;;
966771;unknown;control;2022-09-28 19:15:00+00:00;0.097;;
966771;unknown;control;2022-09-28 19:30:00+00:00;0.105;;
966771;unknown;control;2022-09-28 19:45:00+00:00;0.109;;
966771;unknown;control;2022-09-28 20:00:00+00:00;0.137;;
966771;unknown;control;2022-09-28 20:15:00+00:00;0.137;;
966771;unknown;control;2022-09-28 20:30:00+00:00;0.127;;
966771;unknown;control;2022-09-28 20:45:00+00:00;0.103;;
966771;unknown;control;2022-09-28 21:00:00+00:00;0.095;;
966771;unknown;control;2022-09-28 21:15:00+00:00;0.091;;
966771;unknown;control;2022-09-28 21:30:00+00:00;0.099;;
966771;unknown;control;2022-09-28 21:45:00+00:00;0.095;;
966771;unknown;control;2022-09-28 22:00:00+00:00;0.097;;
966771;unknown;control;2022-09-28 22:15:00+00:00;0.104;;
966771;unknown;control;2022-09-28 22:30:00+00:00;0.102;;
966771;unknown;control;2022-09-28 22:45:00+00:00;0.097;;
966771;unknown;control;2022-09-28 23:00:00+00:00;0.099;;
966771;unknown;control;2022-09-28 23:15:00+00:00;0.088;;
966771;unknown;control;2022-09-28 23:30:00+00:00;1.319;;
966771;unknown;control;2022-09-28 23:45:00+00:00;1.284;;
966771;unknown;control;2022-09-29 00:00:00+00:00;1.278;;
966771;unknown;control;2022-09-29 00:15:00+00:00;1.307;;
966771;unknown;control;2022-09-29 00:30:00+00:00;1.304;;
966771;unknown;control;2022-09-29 00:45:00+00:00;1.318;;
966771;unknown;control;2022-09-29 01:00:00+00:00;1.33;;
966771;unknown;control;2022-09-29 01:15:00+00:00;1.344;;
966771;unknown;control;2022-09-29 01:30:00+00:00;0.797;;
966771;unknown;control;2022-09-29 01:45:00+00:00;0.111;;
966771;unknown;control;2022-09-29 02:00:00+00:00;0.096;;
966771;unknown;control;2022-09-29 02:15:00+00:00;0.094;;
966771;unknown;control;2022-09-29 02:30:00+00:00;0.818;;
966771;unknown;control;2022-09-29 02:45:00+00:00;0.886;;
966771;unknown;control;2022-09-29 03:00:00+00:00;0.88;;
966771;unknown;control;2022-09-29 03:15:00+00:00;0.918;;
966771;unknown;control;2022-09-29 03:30:00+00:00;0.467;;
966771;unknown;control;2022-09-29 03:45:00+00:00;0.111;;
966771;unknown;control;2022-09-29 04:00:00+00:00;0.704;;
966771;unknown;control;2022-09-29 04:15:00+00:00;0.906;;
966771;unknown;control;2022-09-29 04:30:00+00:00;0.372;;
966771;unknown;control;2022-09-29 04:45:00+00:00;0.133;;
966771;unknown;control;2022-09-29 05:00:00+00:00;0.558;;
966771;unknown;control;2022-09-29 05:15:00+00:00;0.932;;
966771;unknown;control;2022-09-29 05:30:00+00:00;0.242;;
966771;unknown;control;2022-09-29 05:45:00+00:00;0.09;;
966771;unknown;control;2022-09-29 06:00:00+00:00;0.1;;
966771;unknown;control;2022-09-29 06:15:00+00:00;0.094;;
966771;unknown;control;2022-09-29 06:30:00+00:00;0.092;;
966771;unknown;control;2022-09-29 06:45:00+00:00;0.093;;
966771;unknown;control;2022-09-29 07:00:00+00:00;0.086;;
966771;unknown;control;2022-09-29 07:15:00+00:00;0.467;;
966771;unknown;control;2022-09-29 07:30:00+00:00;0.143;;
966771;unknown;control;2022-09-29 07:45:00+00:00;0.606;;
966771;unknown;control;2022-09-29 08:00:00+00:00;0.288;;
966771;unknown;control;2022-09-29 08:15:00+00:00;0.198;;
966771;unknown;control;2022-09-29 08:30:00+00:00;0.153;;
966771;unknown;control;2022-09-29 08:45:00+00:00;0.111;;
966771;unknown;control;2022-09-29 09:00:00+00:00;0.107;;
966771;unknown;control;2022-09-29 09:15:00+00:00;0.847;;
966771;unknown;control;2022-09-29 09:30:00+00:00;0.527;;
966771;unknown;control;2022-09-29 09:45:00+00:00;0.676;;
966771;unknown;control;2022-09-29 10:00:00+00:00;0.127;;
966771;unknown;control;2022-09-29 10:15:00+00:00;0.136;;
966771;unknown;control;2022-09-29 10:30:00+00:00;0.125;;
966771;unknown;control;2022-09-29 10:45:00+00:00;0.112;;
966771;unknown;control;2022-09-29 11:00:00+00:00;0.385;;
966771;unknown;control;2022-09-29 11:15:00+00:00;0.722;;
966771;unknown;control;2022-09-29 11:30:00+00:00;0.151;;
966771;unknown;control;2022-09-29 11:45:00+00:00;0.158;;
966771;unknown;control;2022-09-29 12:00:00+00:00;0.16;;
966771;unknown;control;2022-09-29 12:15:00+00:00;0.188;;
966771;unknown;control;2022-09-29 12:30:00+00:00;0.295;;
966771;unknown;control;2022-09-29 12:45:00+00:00;0.361;;
966771;unknown;control;2022-09-29 13:00:00+00:00;0.282;;
966771;unknown;control;2022-09-29 13:15:00+00:00;0.34;;
966771;unknown;control;2022-09-29 13:30:00+00:00;0.288;;
966771;unknown;control;2022-09-29 13:45:00+00:00;0.161;;
966771;unknown;control;2022-09-29 14:00:00+00:00;0.112;;
966771;unknown;control;2022-09-29 14:15:00+00:00;0.101;;
966771;unknown;control;2022-09-29 14:30:00+00:00;0.113;;
966771;unknown;control;2022-09-29 14:45:00+00:00;0.113;;
966771;unknown;control;2022-09-29 15:00:00+00:00;0.097;;
966771;unknown;control;2022-09-29 15:15:00+00:00;0.211;;
966771;unknown;control;2022-09-29 15:30:00+00:00;0.246;;
966771;unknown;control;2022-09-29 15:45:00+00:00;1.16;;
966771;unknown;control;2022-09-29 16:00:00+00:00;1.102;;
966771;unknown;control;2022-09-29 16:15:00+00:00;0.246;;
966771;unknown;control;2022-09-29 16:30:00+00:00;0.281;;
966771;unknown;control;2022-09-29 16:45:00+00:00;0.557;;
966771;unknown;control;2022-09-29 17:00:00+00:00;0.749;;
966771;unknown;control;2022-09-29 17:15:00+00:00;1.039;;
966771;unknown;control;2022-09-29 17:30:00+00:00;0.658;;
966771;unknown;control;2022-09-29 17:45:00+00:00;0.555;;
966771;unknown;control;2022-09-29 18:00:00+00:00;0.454;;
966771;unknown;control;2022-09-29 18:15:00+00:00;0.985;;
966771;unknown;control;2022-09-29 18:30:00+00:00;0.603;;
966771;unknown;control;2022-09-29 18:45:00+00:00;0.287;;
966771;unknown;control;2022-09-29 19:00:00+00:00;0.273;;
966771;unknown;control;2022-09-29 19:15:00+00:00;0.256;;
966771;unknown;control;2022-09-29 19:30:00+00:00;0.267;;
966771;unknown;control;2022-09-29 19:45:00+00:00;0.26;;
966771;unknown;control;2022-09-29 20:00:00+00:00;0.249;;
966771;unknown;control;2022-09-29 20:15:00+00:00;0.271;;
966771;unknown;control;2022-09-29 20:30:00+00:00;0.21;;
966771;unknown;control;2022-09-29 20:45:00+00:00;0.104;;
966771;unknown;control;2022-09-29 21:00:00+00:00;0.103;;
966771;unknown;control;2022-09-29 21:15:00+00:00;0.098;;
966771;unknown;control;2022-09-29 21:30:00+00:00;0.104;;
966771;unknown;control;2022-09-29 21:45:00+00:00;0.105;;
966771;unknown;control;2022-09-29 22:00:00+00:00;0.095;;
966771;unknown;control;2022-09-29 22:15:00+00:00;0.099;;
966771;unknown;control;2022-09-29 22:30:00+00:00;0.103;;
966771;unknown;control;2022-09-29 22:45:00+00:00;0.094;;
966771;unknown;control;2022-09-29 23:00:00+00:00;0.105;;
966771;unknown;control;2022-09-29 23:15:00+00:00;0.102;;
966771;unknown;control;2022-09-29 23:30:00+00:00;1.323;;
966771;unknown;control;2022-09-29 23:45:00+00:00;1.289;;
966771;unknown;control;2022-09-30 00:00:00+00:00;1.286;;
966771;unknown;control;2022-09-30 00:15:00+00:00;1.302;;
966771;unknown;control;2022-09-30 00:30:00+00:00;1.332;;
966771;unknown;control;2022-09-30 00:45:00+00:00;1.332;;
966771;unknown;control;2022-09-30 01:00:00+00:00;1.329;;
966771;unknown;control;2022-09-30 01:15:00+00:00;1.357;;
966771;unknown;control;2022-09-30 01:30:00+00:00;0.248;;
966771;unknown;control;2022-09-30 01:45:00+00:00;0.099;;
966771;unknown;control;2022-09-30 02:00:00+00:00;0.106;;
966771;unknown;control;2022-09-30 02:15:00+00:00;0.1;;
966771;unknown;control;2022-09-30 02:30:00+00:00;0.826;;
966771;unknown;control;2022-09-30 02:45:00+00:00;0.9;;
966771;unknown;control;2022-09-30 03:00:00+00:00;0.9;;
966771;unknown;control;2022-09-30 03:15:00+00:00;0.165;;
966771;unknown;control;2022-09-30 03:30:00+00:00;0.337;;
966771;unknown;control;2022-09-30 03:45:00+00:00;0.892;;
966771;unknown;control;2022-09-30 04:00:00+00:00;0.39;;
966771;unknown;control;2022-09-30 04:15:00+00:00;0.123;;
966771;unknown;control;2022-09-30 04:30:00+00:00;0.598;;
966771;unknown;control;2022-09-30 04:45:00+00:00;0.81;;
966771;unknown;control;2022-09-30 05:00:00+00:00;0.137;;
966771;unknown;control;2022-09-30 05:15:00+00:00;0.121;;
966771;unknown;control;2022-09-30 05:30:00+00:00;0.705;;
966771;unknown;control;2022-09-30 05:45:00+00:00;0.134;;
966771;unknown;control;2022-09-30 06:00:00+00:00;0.104;;
966771;unknown;control;2022-09-30 06:15:00+00:00;0.118;;
966771;unknown;control;2022-09-30 06:30:00+00:00;0.105;;
966771;unknown;control;2022-09-30 06:45:00+00:00;0.095;;
966771;unknown;control;2022-09-30 07:00:00+00:00;0.096;;
966771;unknown;control;2022-09-30 07:15:00+00:00;0.086;;
966771;unknown;control;2022-09-30 07:30:00+00:00;0.092;;
966771;unknown;control;2022-09-30 07:45:00+00:00;0.09;;
966771;unknown;control;2022-09-30 08:00:00+00:00;0.088;;
966771;unknown;control;2022-09-30 08:15:00+00:00;0.104;;
966771;unknown;control;2022-09-30 08:30:00+00:00;0.092;;
966771;unknown;control;2022-09-30 08:45:00+00:00;0.086;;
966771;unknown;control;2022-09-30 09:00:00+00:00;0.095;;
966771;unknown;control;2022-09-30 09:15:00+00:00;0.833;;
966771;unknown;control;2022-09-30 09:30:00+00:00;0.798;;
966771;unknown;control;2022-09-30 09:45:00+00:00;0.543;;
966771;unknown;control;2022-09-30 10:00:00+00:00;0.209;;
966771;unknown;control;2022-09-30 10:15:00+00:00;0.151;;
966771;unknown;control;2022-09-30 10:30:00+00:00;0.122;;
966771;unknown;control;2022-09-30 10:45:00+00:00;0.115;;
966771;unknown;control;2022-09-30 11:00:00+00:00;0.115;;
966771;unknown;control;2022-09-30 11:15:00+00:00;0.125;;
966771;unknown;control;2022-09-30 11:30:00+00:00;0.116;;
966771;unknown;control;2022-09-30 11:45:00+00:00;0.123;;
966771;unknown;control;2022-09-30 12:00:00+00:00;0.119;;
966771;unknown;control;2022-09-30 12:15:00+00:00;0.105;;
966771;unknown;control;2022-09-30 12:30:00+00:00;0.101;;
966771;unknown;control;2022-09-30 12:45:00+00:00;0.098;;
966771;unknown;control;2022-09-30 13:00:00+00:00;0.096;;
966771;unknown;control;2022-09-30 13:15:00+00:00;0.105;;
966771;unknown;control;2022-09-30 13:30:00+00:00;0.095;;
966771;unknown;control;2022-09-30 13:45:00+00:00;0.093;;
966771;unknown;control;2022-09-30 14:00:00+00:00;0.097;;
966771;unknown;control;2022-09-30 14:15:00+00:00;0.092;;
966771;unknown;control;2022-09-30 14:30:00+00:00;0.099;;
966771;unknown;control;2022-09-30 14:45:00+00:00;0.104;;
966771;unknown;control;2022-09-30 15:00:00+00:00;0.1;;
966771;unknown;control;2022-09-30 15:15:00+00:00;0.101;;
966771;unknown;control;2022-09-30 15:30:00+00:00;0.157;;
966771;unknown;control;2022-09-30 15:45:00+00:00;1.017;;
966771;unknown;control;2022-09-30 16:00:00+00:00;0.17;;
966771;unknown;control;2022-09-30 16:15:00+00:00;0.132;;
966771;unknown;control;2022-09-30 16:30:00+00:00;0.123;;
966771;unknown;control;2022-09-30 16:45:00+00:00;0.114;;
966771;unknown;control;2022-09-30 17:00:00+00:00;0.293;;
966771;unknown;control;2022-09-30 17:15:00+00:00;0.825;;
966771;unknown;control;2022-09-30 17:30:00+00:00;0.128;;
966771;unknown;control;2022-09-30 17:45:00+00:00;0.11;;
966771;unknown;control;2022-09-30 18:00:00+00:00;0.115;;
966771;unknown;control;2022-09-30 18:15:00+00:00;0.471;;
966771;unknown;control;2022-09-30 18:30:00+00:00;0.717;;
966771;unknown;control;2022-09-30 18:45:00+00:00;0.119;;
966771;unknown;control;2022-09-30 19:00:00+00:00;0.096;;
966771;unknown;control;2022-09-30 19:15:00+00:00;0.089;;
966771;unknown;control;2022-09-30 19:30:00+00:00;0.1;;
966771;unknown;control;2022-09-30 19:45:00+00:00;0.094;;
966771;unknown;control;2022-09-30 20:00:00+00:00;0.096;;
966771;unknown;control;2022-09-30 20:15:00+00:00;0.1;;
966771;unknown;control;2022-09-30 20:30:00+00:00;0.088;;
966771;unknown;control;2022-09-30 20:45:00+00:00;0.093;;
966771;unknown;control;2022-09-30 21:00:00+00:00;0.094;;
966771;unknown;control;2022-09-30 21:15:00+00:00;0.096;;
966771;unknown;control;2022-09-30 21:30:00+00:00;0.105;;
966771;unknown;control;2022-09-30 21:45:00+00:00;0.098;;
966771;unknown;control;2022-09-30 22:00:00+00:00;0.093;;
966771;unknown;control;2022-09-30 22:15:00+00:00;0.1;;
966771;unknown;control;2022-09-30 22:30:00+00:00;0.094;;
966771;unknown;control;2022-09-30 22:45:00+00:00;0.102;;
966771;unknown;control;2022-09-30 23:00:00+00:00;0.104;;
966771;unknown;control;2022-09-30 23:15:00+00:00;0.093;;
966771;unknown;control;2022-09-30 23:30:00+00:00;1.324;;
966771;unknown;control;2022-09-30 23:45:00+00:00;1.276;;
966771;unknown;control;2022-10-01 00:00:00+00:00;1.272;;
966771;unknown;control;2022-10-01 00:15:00+00:00;1.309;;
966771;unknown;control;2022-10-01 00:30:00+00:00;1.316;;
966771;unknown;control;2022-10-01 00:45:00+00:00;1.334;;
966771;unknown;control;2022-10-01 01:00:00+00:00;1.349;;
966771;unknown;control;2022-10-01 01:15:00+00:00;1.331;;
966771;unknown;control;2022-10-01 01:30:00+00:00;1.324;;
966771;unknown;control;2022-10-01 01:45:00+00:00;1.327;;
966771;unknown;control;2022-10-01 02:00:00+00:00;1.321;;
966771;unknown;control;2022-10-01 02:15:00+00:00;1.355;;
966771;unknown;control;2022-10-01 02:30:00+00:00;1.257;;
966771;unknown;control;2022-10-01 02:45:00+00:00;0.873;;
966771;unknown;control;2022-10-01 03:00:00+00:00;0.877;;
966771;unknown;control;2022-10-01 03:15:00+00:00;0.91;;
966771;unknown;control;2022-10-01 03:30:00+00:00;0.883;;
966771;unknown;control;2022-10-01 03:45:00+00:00;0.914;;
966771;unknown;control;2022-10-01 04:00:00+00:00;0.915;;
966771;unknown;control;2022-10-01 04:15:00+00:00;0.716;;
966771;unknown;control;2022-10-01 04:30:00+00:00;0.12;;
966771;unknown;control;2022-10-01 04:45:00+00:00;0.299;;
966771;unknown;control;2022-10-01 05:00:00+00:00;0.904;;
966771;unknown;control;2022-10-01 05:15:00+00:00;0.617;;
966771;unknown;control;2022-10-01 05:30:00+00:00;0.107;;
966771;unknown;control;2022-10-01 05:45:00+00:00;0.103;;
966771;unknown;control;2022-10-01 06:00:00+00:00;0.094;;
966771;unknown;control;2022-10-01 06:15:00+00:00;0.096;;
966771;unknown;control;2022-10-01 06:30:00+00:00;0.095;;
966771;unknown;control;2022-10-01 06:45:00+00:00;0.087;;
966771;unknown;control;2022-10-01 07:00:00+00:00;0.091;;
966771;unknown;control;2022-10-01 07:15:00+00:00;0.105;;
966771;unknown;control;2022-10-01 07:30:00+00:00;0.098;;
966771;unknown;control;2022-10-01 07:45:00+00:00;0.096;;
966771;unknown;control;2022-10-01 08:00:00+00:00;0.092;;
966771;unknown;control;2022-10-01 08:15:00+00:00;0.091;;
966771;unknown;control;2022-10-01 08:30:00+00:00;0.103;;
966771;unknown;control;2022-10-01 08:45:00+00:00;0.101;;
966771;unknown;control;2022-10-01 09:00:00+00:00;0.095;;
966771;unknown;control;2022-10-01 09:15:00+00:00;0.838;;
966771;unknown;control;2022-10-01 09:30:00+00:00;0.687;;
966771;unknown;control;2022-10-01 09:45:00+00:00;0.113;;
966771;unknown;control;2022-10-01 10:00:00+00:00;0.116;;
966771;unknown;control;2022-10-01 10:15:00+00:00;0.107;;
966771;unknown;control;2022-10-01 10:30:00+00:00;0.118;;
966771;unknown;control;2022-10-01 10:45:00+00:00;0.121;;
966771;unknown;control;2022-10-01 11:00:00+00:00;0.109;;
966771;unknown;control;2022-10-01 11:15:00+00:00;0.118;;
966771;unknown;control;2022-10-01 11:30:00+00:00;0.114;;
966771;unknown;control;2022-10-01 11:45:00+00:00;0.178;;
966771;unknown;control;2022-10-01 12:00:00+00:00;0.121;;
966771;unknown;control;2022-10-01 12:15:00+00:00;0.14;;
966771;unknown;control;2022-10-01 12:30:00+00:00;0.173;;
966771;unknown;control;2022-10-01 12:45:00+00:00;0.115;;
966771;unknown;control;2022-10-01 13:00:00+00:00;0.103;;
966771;unknown;control;2022-10-01 13:15:00+00:00;0.105;;
966771;unknown;control;2022-10-01 13:30:00+00:00;0.111;;
966771;unknown;control;2022-10-01 13:45:00+00:00;0.11;;
966771;unknown;control;2022-10-01 14:00:00+00:00;0.119;;
966771;unknown;control;2022-10-01 14:15:00+00:00;0.112;;
966771;unknown;control;2022-10-01 14:30:00+00:00;0.113;;
966771;unknown;control;2022-10-01 14:45:00+00:00;0.142;;
966771;unknown;control;2022-10-01 15:00:00+00:00;0.509;;
966771;unknown;control;2022-10-01 15:15:00+00:00;0.328;;
966771;unknown;control;2022-10-01 15:30:00+00:00;0.424;;
966771;unknown;control;2022-10-01 15:45:00+00:00;1.014;;
966771;unknown;control;2022-10-01 16:00:00+00:00;1.307;;
966771;unknown;control;2022-10-01 16:15:00+00:00;0.472;;
966771;unknown;control;2022-10-01 16:30:00+00:00;0.134;;
966771;unknown;control;2022-10-01 16:45:00+00:00;0.248;;
966771;unknown;control;2022-10-01 17:00:00+00:00;0.912;;
966771;unknown;control;2022-10-01 17:15:00+00:00;0.575;;
966771;unknown;control;2022-10-01 17:30:00+00:00;0.64;;
966771;unknown;control;2022-10-01 17:45:00+00:00;0.283;;
966771;unknown;control;2022-10-01 18:00:00+00:00;0.272;;
966771;unknown;control;2022-10-01 18:15:00+00:00;0.644;;
966771;unknown;control;2022-10-01 18:30:00+00:00;0.286;;
966771;unknown;control;2022-10-01 18:45:00+00:00;0.258;;
966771;unknown;control;2022-10-01 19:00:00+00:00;0.249;;
966771;unknown;control;2022-10-01 19:15:00+00:00;0.324;;
966771;unknown;control;2022-10-01 19:30:00+00:00;0.249;;
966771;unknown;control;2022-10-01 19:45:00+00:00;0.254;;
966771;unknown;control;2022-10-01 20:00:00+00:00;0.101;;
966771;unknown;control;2022-10-01 20:15:00+00:00;0.103;;
966771;unknown;control;2022-10-01 20:30:00+00:00;0.117;;
966771;unknown;control;2022-10-01 20:45:00+00:00;0.094;;
966771;unknown;control;2022-10-01 21:00:00+00:00;0.099;;
966771;unknown;control;2022-10-01 21:15:00+00:00;0.105;;
966771;unknown;control;2022-10-01 21:30:00+00:00;0.103;;
966771;unknown;control;2022-10-01 21:45:00+00:00;0.111;;
966771;unknown;control;2022-10-01 22:00:00+00:00;0.104;;
966771;unknown;control;2022-10-01 22:15:00+00:00;0.1;;
966771;unknown;control;2022-10-01 22:30:00+00:00;0.103;;
966771;unknown;control;2022-10-01 22:45:00+00:00;0.095;;
966771;unknown;control;2022-10-01 23:00:00+00:00;0.105;;
966771;unknown;control;2022-10-01 23:15:00+00:00;0.107;;
966771;unknown;control;2022-10-01 23:30:00+00:00;1.311;;
966771;unknown;control;2022-10-01 23:45:00+00:00;1.272;;
966771;unknown;control;2022-10-02 00:00:00+00:00;1.279;;
966771;unknown;control;2022-10-02 00:15:00+00:00;1.31;;
966771;unknown;control;2022-10-02 00:30:00+00:00;0.98;;
966771;unknown;control;2022-10-02 00:45:00+00:00;0.101;;
966771;unknown;control;2022-10-02 01:00:00+00:00;0.109;;
966771;unknown;control;2022-10-02 01:15:00+00:00;0.105;;
966771;unknown;control;2022-10-02 01:30:00+00:00;0.096;;
966771;unknown;control;2022-10-02 01:45:00+00:00;0.1;;
966771;unknown;control;2022-10-02 02:00:00+00:00;0.104;;
966771;unknown;control;2022-10-02 02:15:00+00:00;0.097;;
966771;unknown;control;2022-10-02 02:30:00+00:00;0.841;;
966771;unknown;control;2022-10-02 02:45:00+00:00;0.526;;
966771;unknown;control;2022-10-02 03:00:00+00:00;0.113;;
966771;unknown;control;2022-10-02 03:15:00+00:00;0.121;;
966771;unknown;control;2022-10-02 03:30:00+00:00;0.123;;
966771;unknown;control;2022-10-02 03:45:00+00:00;0.118;;
966771;unknown;control;2022-10-02 04:00:00+00:00;0.137;;
966771;unknown;control;2022-10-02 04:15:00+00:00;0.116;;
966771;unknown;control;2022-10-02 04:30:00+00:00;0.117;;
966771;unknown;control;2022-10-02 04:45:00+00:00;0.123;;
966771;unknown;control;2022-10-02 05:00:00+00:00;0.119;;
966771;unknown;control;2022-10-02 05:15:00+00:00;0.133;;
966771;unknown;control;2022-10-02 05:30:00+00:00;0.125;;
966771;unknown;control;2022-10-02 05:45:00+00:00;0.114;;
966771;unknown;control;2022-10-02 06:00:00+00:00;0.125;;
966771;unknown;control;2022-10-02 06:15:00+00:00;0.341;;
966771;unknown;control;2022-10-02 06:30:00+00:00;0.291;;
966771;unknown;control;2022-10-02 06:45:00+00:00;0.123;;
966771;unknown;control;2022-10-02 07:00:00+00:00;0.116;;
966771;unknown;control;2022-10-02 07:15:00+00:00;0.111;;
966771;unknown;control;2022-10-02 07:30:00+00:00;0.468;;
966771;unknown;control;2022-10-02 07:45:00+00:00;0.158;;
966771;unknown;control;2022-10-02 08:00:00+00:00;0.118;;
966771;unknown;control;2022-10-02 08:15:00+00:00;0.129;;
966771;unknown;control;2022-10-02 08:30:00+00:00;0.191;;
966771;unknown;control;2022-10-02 08:45:00+00:00;0.112;;
966771;unknown;control;2022-10-02 09:00:00+00:00;0.115;;
966771;unknown;control;2022-10-02 09:15:00+00:00;0.105;;
966771;unknown;control;2022-10-02 09:30:00+00:00;0.116;;
966771;unknown;control;2022-10-02 09:45:00+00:00;0.116;;
966771;unknown;control;2022-10-02 10:00:00+00:00;0.107;;
966771;unknown;control;2022-10-02 10:15:00+00:00;0.106;;
966771;unknown;control;2022-10-02 10:30:00+00:00;0.102;;
966771;unknown;control;2022-10-02 10:45:00+00:00;0.099;;
966771;unknown;control;2022-10-02 11:00:00+00:00;0.104;;
966771;unknown;control;2022-10-02 11:15:00+00:00;0.106;;
966771;unknown;control;2022-10-02 11:30:00+00:00;0.124;;
966771;unknown;control;2022-10-02 11:45:00+00:00;0.13;;
966771;unknown;control;2022-10-02 12:00:00+00:00;0.115;;
966771;unknown;control;2022-10-02 12:15:00+00:00;0.17;;
966771;unknown;control;2022-10-02 12:30:00+00:00;0.167;;
966771;unknown;control;2022-10-02 12:45:00+00:00;0.135;;
966771;unknown;control;2022-10-02 13:00:00+00:00;0.138;;
966771;unknown;control;2022-10-02 13:15:00+00:00;0.136;;
966771;unknown;control;2022-10-02 13:30:00+00:00;0.44;;
966771;unknown;control;2022-10-02 13:45:00+00:00;0.59;;
966771;unknown;control;2022-10-02 14:00:00+00:00;0.413;;
966771;unknown;control;2022-10-02 14:15:00+00:00;0.339;;
966771;unknown;control;2022-10-02 14:30:00+00:00;0.753;;
966771;unknown;control;2022-10-02 14:45:00+00:00;0.885;;
966771;unknown;control;2022-10-02 15:00:00+00:00;0.615;;
966771;unknown;control;2022-10-02 15:15:00+00:00;0.494;;
966771;unknown;control;2022-10-02 15:30:00+00:00;0.11;;
966771;unknown;control;2022-10-02 15:45:00+00:00;0.113;;
966771;unknown;control;2022-10-02 16:00:00+00:00;0.171;;
966771;unknown;control;2022-10-02 16:15:00+00:00;0.249;;
966771;unknown;control;2022-10-02 16:30:00+00:00;0.256;;
966771;unknown;control;2022-10-02 16:45:00+00:00;0.287;;
966771;unknown;control;2022-10-02 17:00:00+00:00;0.249;;
966771;unknown;control;2022-10-02 17:15:00+00:00;0.305;;
966771;unknown;control;2022-10-02 17:30:00+00:00;0.331;;
966771;unknown;control;2022-10-02 17:45:00+00:00;0.254;;
966771;unknown;control;2022-10-02 18:00:00+00:00;0.263;;
966771;unknown;control;2022-10-02 18:15:00+00:00;0.264;;
966771;unknown;control;2022-10-02 18:30:00+00:00;0.771;;
966771;unknown;control;2022-10-02 18:45:00+00:00;0.283;;
966771;unknown;control;2022-10-02 19:00:00+00:00;0.232;;
966771;unknown;control;2022-10-02 19:15:00+00:00;0.179;;
966771;unknown;control;2022-10-02 19:30:00+00:00;0.196;;
966771;unknown;control;2022-10-02 19:45:00+00:00;0.199;;
966771;unknown;control;2022-10-02 20:00:00+00:00;0.178;;
966771;unknown;control;2022-10-02 20:15:00+00:00;0.13;;
966771;unknown;control;2022-10-02 20:30:00+00:00;0.101;;
966771;unknown;control;2022-10-02 20:45:00+00:00;0.107;;
966771;unknown;control;2022-10-02 21:00:00+00:00;0.096;;
966771;unknown;control;2022-10-02 21:15:00+00:00;0.095;;
966771;unknown;control;2022-10-02 21:30:00+00:00;0.106;;
966771;unknown;control;2022-10-02 21:45:00+00:00;0.102;;
966771;unknown;control;2022-10-02 22:00:00+00:00;0.103;;
966771;unknown;control;2022-10-02 22:15:00+00:00;0.11;;
966771;unknown;control;2022-10-02 22:30:00+00:00;0.095;;
966771;unknown;control;2022-10-02 22:45:00+00:00;0.098;;
966771;unknown;control;2022-10-02 23:00:00+00:00;0.117;;
966771;unknown;control;2022-10-02 23:15:00+00:00;0.098;;
966771;unknown;control;2022-10-02 23:30:00+00:00;1.332;;
966771;unknown;control;2022-10-02 23:45:00+00:00;1.293;;
966771;unknown;control;2022-10-03 00:00:00+00:00;1.283;;
966771;unknown;control;2022-10-03 00:15:00+00:00;1.317;;
966771;unknown;control;2022-10-03 00:30:00+00:00;1.319;;
966771;unknown;control;2022-10-03 00:45:00+00:00;1.335;;
966771;unknown;control;2022-10-03 01:00:00+00:00;1.355;;
966771;unknown;control;2022-10-03 01:15:00+00:00;1.361;;
966771;unknown;control;2022-10-03 01:30:00+00:00;1.357;;
966771;unknown;control;2022-10-03 01:45:00+00:00;0.108;;
966771;unknown;control;2022-10-03 02:00:00+00:00;0.097;;
966771;unknown;control;2022-10-03 02:15:00+00:00;0.103;;
966771;unknown;control;2022-10-03 02:30:00+00:00;0.841;;
966771;unknown;control;2022-10-03 02:45:00+00:00;0.304;;
966771;unknown;control;2022-10-03 03:00:00+00:00;0.13;;
966771;unknown;control;2022-10-03 03:15:00+00:00;0.119;;
966771;unknown;control;2022-10-03 03:30:00+00:00;0.208;;
966771;unknown;control;2022-10-03 03:45:00+00:00;0.874;;
966771;unknown;control;2022-10-03 04:00:00+00:00;0.23;;
966771;unknown;control;2022-10-03 04:15:00+00:00;0.114;;
966771;unknown;control;2022-10-03 04:30:00+00:00;0.138;;
966771;unknown;control;2022-10-03 04:45:00+00:00;0.141;;
966771;unknown;control;2022-10-03 05:00:00+00:00;0.131;;
966771;unknown;control;2022-10-03 05:15:00+00:00;0.796;;
966771;unknown;control;2022-10-03 05:30:00+00:00;0.608;;
966771;unknown;control;2022-10-03 05:45:00+00:00;0.648;;
966771;unknown;control;2022-10-03 06:00:00+00:00;0.136;;
966771;unknown;control;2022-10-03 06:15:00+00:00;0.13;;
966771;unknown;control;2022-10-03 06:30:00+00:00;0.143;;
966771;unknown;control;2022-10-03 06:45:00+00:00;0.216;;
966771;unknown;control;2022-10-03 07:00:00+00:00;0.241;;
966771;unknown;control;2022-10-03 07:15:00+00:00;0.272;;
966771;unknown;control;2022-10-03 07:30:00+00:00;0.283;;
966771;unknown;control;2022-10-03 07:45:00+00:00;0.281;;
966771;unknown;control;2022-10-03 08:00:00+00:00;0.281;;
966771;unknown;control;2022-10-03 08:15:00+00:00;0.144;;
966771;unknown;control;2022-10-03 08:30:00+00:00;0.107;;
966771;unknown;control;2022-10-03 08:45:00+00:00;0.109;;
966771;unknown;control;2022-10-03 09:00:00+00:00;0.102;;
966771;unknown;control;2022-10-03 09:15:00+00:00;0.658;;
966771;unknown;control;2022-10-03 09:30:00+00:00;0.136;;
966771;unknown;control;2022-10-03 09:45:00+00:00;0.28;;
966771;unknown;control;2022-10-03 10:00:00+00:00;0.573;;
966771;unknown;control;2022-10-03 10:15:00+00:00;0.135;;
966771;unknown;control;2022-10-03 10:30:00+00:00;0.143;;
966771;unknown;control;2022-10-03 10:45:00+00:00;0.137;;
966771;unknown;control;2022-10-03 11:00:00+00:00;0.146;;
966771;unknown;control;2022-10-03 11:15:00+00:00;0.483;;
966771;unknown;control;2022-10-03 11:30:00+00:00;0.373;;
966771;unknown;control;2022-10-03 11:45:00+00:00;0.143;;
966771;unknown;control;2022-10-03 12:00:00+00:00;0.287;;
966771;unknown;control;2022-10-03 12:15:00+00:00;0.327;;
966771;unknown;control;2022-10-03 12:30:00+00:00;0.108;;
966771;unknown;control;2022-10-03 12:45:00+00:00;0.105;;
966771;unknown;control;2022-10-03 13:00:00+00:00;0.112;;
966771;unknown;control;2022-10-03 13:15:00+00:00;0.106;;
966771;unknown;control;2022-10-03 13:30:00+00:00;0.095;;
966771;unknown;control;2022-10-03 13:45:00+00:00;0.103;;
966771;unknown;control;2022-10-03 14:00:00+00:00;0.118;;
966771;unknown;control;2022-10-03 14:15:00+00:00;0.1;;
966771;unknown;control;2022-10-03 14:30:00+00:00;0.114;;
966771;unknown;control;2022-10-03 14:45:00+00:00;0.103;;
966771;unknown;control;2022-10-03 15:00:00+00:00;0.101;;
966771;unknown;control;2022-10-03 15:15:00+00:00;0.117;;
966771;unknown;control;2022-10-03 15:30:00+00:00;0.101;;
966771;unknown;control;2022-10-03 15:45:00+00:00;0.577;;
966771;unknown;control;2022-10-03 16:00:00+00:00;0.123;;
966771;unknown;control;2022-10-03 16:15:00+00:00;0.113;;
966771;unknown;control;2022-10-03 16:30:00+00:00;0.136;;
966771;unknown;control;2022-10-03 16:45:00+00:00;0.146;;
966771;unknown;control;2022-10-03 17:00:00+00:00;0.147;;
966771;unknown;control;2022-10-03 17:15:00+00:00;0.625;;
966771;unknown;control;2022-10-03 17:30:00+00:00;1.015;;
966771;unknown;control;2022-10-03 17:45:00+00:00;0.264;;
966771;unknown;control;2022-10-03 18:00:00+00:00;0.286;;
966771;unknown;control;2022-10-03 18:15:00+00:00;0.273;;
966771;unknown;control;2022-10-03 18:30:00+00:00;0.443;;
966771;unknown;control;2022-10-03 18:45:00+00:00;1.058;;
966771;unknown;control;2022-10-03 19:00:00+00:00;0.291;;
966771;unknown;control;2022-10-03 19:15:00+00:00;0.268;;
966771;unknown;control;2022-10-03 19:30:00+00:00;0.316;;
966771;unknown;control;2022-10-03 19:45:00+00:00;0.325;;
966771;unknown;control;2022-10-03 20:00:00+00:00;0.272;;
966771;unknown;control;2022-10-03 20:15:00+00:00;0.266;;
966771;unknown;control;2022-10-03 20:30:00+00:00;0.29;;
966771;unknown;control;2022-10-03 20:45:00+00:00;0.24;;
966771;unknown;control;2022-10-03 21:00:00+00:00;0.11;;
966771;unknown;control;2022-10-03 21:15:00+00:00;0.119;;
966771;unknown;control;2022-10-03 21:30:00+00:00;0.112;;
966771;unknown;control;2022-10-03 21:45:00+00:00;0.101;;
966771;unknown;control;2022-10-03 22:00:00+00:00;0.112;;
966771;unknown;control;2022-10-03 22:15:00+00:00;0.11;;
966771;unknown;control;2022-10-03 22:30:00+00:00;0.105;;
966771;unknown;control;2022-10-03 22:45:00+00:00;0.115;;
966771;unknown;control;2022-10-03 23:00:00+00:00;0.102;;
966771;unknown;control;2022-10-03 23:15:00+00:00;0.11;;
966771;unknown;control;2022-10-03 23:30:00+00:00;1.336;;
966771;unknown;control;2022-10-03 23:45:00+00:00;1.275;;
966771;unknown;control;2022-10-04 00:00:00+00:00;1.266;;
966771;unknown;control;2022-10-04 00:15:00+00:00;1.301;;
966771;unknown;control;2022-10-04 00:30:00+00:00;1.004;;
966771;unknown;control;2022-10-04 00:45:00+00:00;0.104;;
966771;unknown;control;2022-10-04 01:00:00+00:00;0.094;;
966771;unknown;control;2022-10-04 01:15:00+00:00;0.102;;
966771;unknown;control;2022-10-04 01:30:00+00:00;0.109;;
966771;unknown;control;2022-10-04 01:45:00+00:00;0.101;;
966771;unknown;control;2022-10-04 02:00:00+00:00;0.098;;
966771;unknown;control;2022-10-04 02:15:00+00:00;0.102;;
966771;unknown;control;2022-10-04 02:30:00+00:00;0.82;;
966771;unknown;control;2022-10-04 02:45:00+00:00;0.888;;
966771;unknown;control;2022-10-04 03:00:00+00:00;0.865;;
966771;unknown;control;2022-10-04 03:15:00+00:00;0.902;;
966771;unknown;control;2022-10-04 03:30:00+00:00;0.909;;
966771;unknown;control;2022-10-04 03:45:00+00:00;1.928;;
966771;unknown;control;2022-10-04 04:00:00+00:00;0.971;;
966771;unknown;control;2022-10-04 04:15:00+00:00;0.902;;
966771;unknown;control;2022-10-04 04:30:00+00:00;0.362;;
966771;unknown;control;2022-10-04 04:45:00+00:00;0.135;;
966771;unknown;control;2022-10-04 05:00:00+00:00;0.669;;
966771;unknown;control;2022-10-04 05:15:00+00:00;0.934;;
966771;unknown;control;2022-10-04 05:30:00+00:00;0.696;;
966771;unknown;control;2022-10-04 05:45:00+00:00;0.118;;
966771;unknown;control;2022-10-04 06:00:00+00:00;0.098;;
966771;unknown;control;2022-10-04 06:15:00+00:00;0.112;;
966771;unknown;control;2022-10-04 06:30:00+00:00;0.096;;
966771;unknown;control;2022-10-04 06:45:00+00:00;0.084;;
966771;unknown;control;2022-10-04 07:00:00+00:00;0.098;;
966771;unknown;control;2022-10-04 07:15:00+00:00;0.497;;
966771;unknown;control;2022-10-04 07:30:00+00:00;0.126;;
966771;unknown;control;2022-10-04 07:45:00+00:00;0.141;;
966771;unknown;control;2022-10-04 08:00:00+00:00;0.14;;
966771;unknown;control;2022-10-04 08:15:00+00:00;0.112;;
966771;unknown;control;2022-10-04 08:30:00+00:00;0.166;;
966771;unknown;control;2022-10-04 08:45:00+00:00;0.151;;
966771;unknown;control;2022-10-04 09:00:00+00:00;0.103;;
966771;unknown;control;2022-10-04 09:15:00+00:00;0.855;;
966771;unknown;control;2022-10-04 09:30:00+00:00;0.3;;
966771;unknown;control;2022-10-04 09:45:00+00:00;0.77;;
966771;unknown;control;2022-10-04 10:00:00+00:00;0.26;;
966771;unknown;control;2022-10-04 10:15:00+00:00;0.145;;
966771;unknown;control;2022-10-04 10:30:00+00:00;0.158;;
966771;unknown;control;2022-10-04 10:45:00+00:00;0.125;;
966771;unknown;control;2022-10-04 11:00:00+00:00;0.126;;
966771;unknown;control;2022-10-04 11:15:00+00:00;0.126;;
966771;unknown;control;2022-10-04 11:30:00+00:00;0.126;;
966771;unknown;control;2022-10-04 11:45:00+00:00;0.209;;
966771;unknown;control;2022-10-04 12:00:00+00:00;0.19;;
966771;unknown;control;2022-10-04 12:15:00+00:00;0.163;;
966771;unknown;control;2022-10-04 12:30:00+00:00;0.101;;
966771;unknown;control;2022-10-04 12:45:00+00:00;0.11;;
966771;unknown;control;2022-10-04 13:00:00+00:00;0.1;;
966771;unknown;control;2022-10-04 13:15:00+00:00;0.104;;
966771;unknown;control;2022-10-04 13:30:00+00:00;0.12;;
966771;unknown;control;2022-10-04 13:45:00+00:00;0.101;;
966771;unknown;control;2022-10-04 14:00:00+00:00;0.109;;
966771;unknown;control;2022-10-04 14:15:00+00:00;0.102;;
966771;unknown;control;2022-10-04 14:30:00+00:00;0.098;;
966771;unknown;control;2022-10-04 14:45:00+00:00;0.108;;
966771;unknown;control;2022-10-04 15:00:00+00:00;0.1;;
966771;unknown;control;2022-10-04 15:15:00+00:00;0.103;;
966771;unknown;control;2022-10-04 15:30:00+00:00;0.405;;
966771;unknown;control;2022-10-04 15:45:00+00:00;0.373;;
966771;unknown;control;2022-10-04 16:00:00+00:00;0.273;;
966771;unknown;control;2022-10-04 16:15:00+00:00;0.213;;
966771;unknown;control;2022-10-04 16:30:00+00:00;0.126;;
966771;unknown;control;2022-10-04 16:45:00+00:00;0.181;;
966771;unknown;control;2022-10-04 17:00:00+00:00;0.272;;
966771;unknown;control;2022-10-04 17:15:00+00:00;0.269;;
966771;unknown;control;2022-10-04 17:30:00+00:00;0.276;;
966771;unknown;control;2022-10-04 17:45:00+00:00;0.273;;
966771;unknown;control;2022-10-04 18:00:00+00:00;0.365;;
966771;unknown;control;2022-10-04 18:15:00+00:00;1.06;;
966771;unknown;control;2022-10-04 18:30:00+00:00;0.304;;
966771;unknown;control;2022-10-04 18:45:00+00:00;0.29;;
966771;unknown;control;2022-10-04 19:00:00+00:00;0.263;;
966771;unknown;control;2022-10-04 19:15:00+00:00;0.243;;
966771;unknown;control;2022-10-04 19:30:00+00:00;0.227;;
966771;unknown;control;2022-10-04 19:45:00+00:00;0.226;;
966771;unknown;control;2022-10-04 20:00:00+00:00;0.214;;
966771;unknown;control;2022-10-04 20:15:00+00:00;0.224;;
966771;unknown;control;2022-10-04 20:30:00+00:00;0.121;;
966771;unknown;control;2022-10-04 20:45:00+00:00;0.106;;
966771;unknown;control;2022-10-04 21:00:00+00:00;0.117;;
966771;unknown;control;2022-10-04 21:15:00+00:00;0.104;;
966771;unknown;control;2022-10-04 21:30:00+00:00;0.107;;
966771;unknown;control;2022-10-04 21:45:00+00:00;0.108;;
966771;unknown;control;2022-10-04 22:00:00+00:00;0.099;;
966771;unknown;control;2022-10-04 22:15:00+00:00;0.107;;
966771;unknown;control;2022-10-04 22:30:00+00:00;0.109;;
966771;unknown;control;2022-10-04 22:45:00+00:00;0.096;;
966771;unknown;control;2022-10-04 23:00:00+00:00;0.11;;
966771;unknown;control;2022-10-04 23:15:00+00:00;0.104;;
966771;unknown;control;2022-10-04 23:30:00+00:00;1.335;;
966771;unknown;control;2022-10-04 23:45:00+00:00;1.29;;
966771;unknown;control;2022-10-05 00:00:00+00:00;1.284;;
966771;unknown;control;2022-10-05 00:15:00+00:00;1.325;;
966771;unknown;control;2022-10-05 00:30:00+00:00;1.355;;
966771;unknown;control;2022-10-05 00:45:00+00:00;1.362;;
966771;unknown;control;2022-10-05 01:00:00+00:00;1.364;;
966771;unknown;control;2022-10-05 01:15:00+00:00;1.37;;
966771;unknown;control;2022-10-05 01:30:00+00:00;1.349;;
966771;unknown;control;2022-10-05 01:45:00+00:00;0.759;;
966771;unknown;control;2022-10-05 02:00:00+00:00;0.105;;
966771;unknown;control;2022-10-05 02:15:00+00:00;0.103;;
966771;unknown;control;2022-10-05 02:30:00+00:00;0.826;;
966771;unknown;control;2022-10-05 02:45:00+00:00;0.887;;
966771;unknown;control;2022-10-05 03:00:00+00:00;0.879;;
966771;unknown;control;2022-10-05 03:15:00+00:00;0.681;;
966771;unknown;control;2022-10-05 03:30:00+00:00;0.111;;
966771;unknown;control;2022-10-05 03:45:00+00:00;0.622;;
966771;unknown;control;2022-10-05 04:00:00+00:00;0.912;;
966771;unknown;control;2022-10-05 04:15:00+00:00;0.156;;
966771;unknown;control;2022-10-05 04:30:00+00:00;0.138;;
966771;unknown;control;2022-10-05 04:45:00+00:00;1.183;;
966771;unknown;control;2022-10-05 05:00:00+00:00;0.631;;
966771;unknown;control;2022-10-05 05:15:00+00:00;0.159;;
966771;unknown;control;2022-10-05 05:30:00+00:00;0.297;;
966771;unknown;control;2022-10-05 05:45:00+00:00;0.214;;
966771;unknown;control;2022-10-05 06:00:00+00:00;0.164;;
966771;unknown;control;2022-10-05 06:15:00+00:00;0.1;;
966771;unknown;control;2022-10-05 06:30:00+00:00;0.097;;
966771;unknown;control;2022-10-05 06:45:00+00:00;0.101;;
966771;unknown;control;2022-10-05 07:00:00+00:00;0.37;;
966771;unknown;control;2022-10-05 07:15:00+00:00;0.77;;
966771;unknown;control;2022-10-05 07:30:00+00:00;0.12;;
966771;unknown;control;2022-10-05 07:45:00+00:00;0.121;;
966771;unknown;control;2022-10-05 08:00:00+00:00;0.143;;
966771;unknown;control;2022-10-05 08:15:00+00:00;0.11;;
966771;unknown;control;2022-10-05 08:30:00+00:00;0.196;;
966771;unknown;control;2022-10-05 08:45:00+00:00;0.195;;
966771;unknown;control;2022-10-05 09:00:00+00:00;0.106;;
966771;unknown;control;2022-10-05 09:15:00+00:00;0.695;;
966771;unknown;control;2022-10-05 09:30:00+00:00;0.336;;
966771;unknown;control;2022-10-05 09:45:00+00:00;0.546;;
966771;unknown;control;2022-10-05 10:00:00+00:00;0.144;;
966771;unknown;control;2022-10-05 10:15:00+00:00;0.126;;
966771;unknown;control;2022-10-05 10:30:00+00:00;0.095;;
966771;unknown;control;2022-10-05 10:45:00+00:00;0.111;;
966771;unknown;control;2022-10-05 11:00:00+00:00;0.571;;
966771;unknown;control;2022-10-05 11:15:00+00:00;0.415;;
966771;unknown;control;2022-10-05 11:30:00+00:00;0.277;;
966771;unknown;control;2022-10-05 11:45:00+00:00;0.435;;
966771;unknown;control;2022-10-05 12:00:00+00:00;0.26;;
966771;unknown;control;2022-10-05 12:15:00+00:00;0.105;;
966771;unknown;control;2022-10-05 12:30:00+00:00;0.101;;
966771;unknown;control;2022-10-05 12:45:00+00:00;0.112;;
966771;unknown;control;2022-10-05 13:00:00+00:00;0.106;;
966771;unknown;control;2022-10-05 13:15:00+00:00;0.1;;
966771;unknown;control;2022-10-05 13:30:00+00:00;0.108;;
966771;unknown;control;2022-10-05 13:45:00+00:00;0.102;;
966771;unknown;control;2022-10-05 14:00:00+00:00;0.098;;
966771;unknown;control;2022-10-05 14:15:00+00:00;0.109;;
966771;unknown;control;2022-10-05 14:30:00+00:00;0.106;;
966771;unknown;control;2022-10-05 14:45:00+00:00;0.1;;
966771;unknown;control;2022-10-05 15:00:00+00:00;0.107;;
966771;unknown;control;2022-10-05 15:15:00+00:00;0.106;;
966771;unknown;control;2022-10-05 15:30:00+00:00;0.096;;
966771;unknown;control;2022-10-05 15:45:00+00:00;0.115;;
966771;unknown;control;2022-10-05 16:00:00+00:00;0.106;;
966771;unknown;control;2022-10-05 16:15:00+00:00;0.103;;
966771;unknown;control;2022-10-05 16:30:00+00:00;0.107;;
966771;unknown;control;2022-10-05 16:45:00+00:00;0.099;;
966771;unknown;control;2022-10-05 17:00:00+00:00;0.252;;
966771;unknown;control;2022-10-05 17:15:00+00:00;0.168;;
966771;unknown;control;2022-10-05 17:30:00+00:00;0.138;;
966771;unknown;control;2022-10-05 17:45:00+00:00;0.17;;
966771;unknown;control;2022-10-05 18:00:00+00:00;0.158;;
966771;unknown;control;2022-10-05 18:15:00+00:00;0.15;;
966771;unknown;control;2022-10-05 18:30:00+00:00;0.177;;
966771;unknown;control;2022-10-05 18:45:00+00:00;0.157;;
966771;unknown;control;2022-10-05 19:00:00+00:00;0.183;;
966771;unknown;control;2022-10-05 19:15:00+00:00;0.187;;
966771;unknown;control;2022-10-05 19:30:00+00:00;0.177;;
966771;unknown;control;2022-10-05 19:45:00+00:00;0.181;;
966771;unknown;control;2022-10-05 20:00:00+00:00;0.174;;
966771;unknown;control;2022-10-05 20:15:00+00:00;0.166;;
966771;unknown;control;2022-10-05 20:30:00+00:00;0.172;;
966771;unknown;control;2022-10-05 20:45:00+00:00;0.189;;
966771;unknown;control;2022-10-05 21:00:00+00:00;0.178;;
966771;unknown;control;2022-10-05 21:15:00+00:00;0.177;;
966771;unknown;control;2022-10-05 21:30:00+00:00;0.152;;
966771;unknown;control;2022-10-05 21:45:00+00:00;0.119;;
966771;unknown;control;2022-10-05 22:00:00+00:00;0.122;;
966771;unknown;control;2022-10-05 22:15:00+00:00;0.112;;
966771;unknown;control;2022-10-05 22:30:00+00:00;0.106;;
966771;unknown;control;2022-10-05 22:45:00+00:00;0.109;;
966771;unknown;control;2022-10-05 23:00:00+00:00;0.098;;
966771;unknown;control;2022-10-05 23:15:00+00:00;0.107;;
966771;unknown;control;2022-10-05 23:30:00+00:00;1.363;;
966771;unknown;control;2022-10-05 23:45:00+00:00;1.319;;
966771;unknown;control;2022-10-06 00:00:00+00:00;1.3;;
966771;unknown;control;2022-10-06 00:15:00+00:00;1.314;;
966771;unknown;control;2022-10-06 00:30:00+00:00;1.306;;
966771;unknown;control;2022-10-06 00:45:00+00:00;1.328;;
966771;unknown;control;2022-10-06 01:00:00+00:00;0.357;;
966771;unknown;control;2022-10-06 01:15:00+00:00;0.105;;
966771;unknown;control;2022-10-06 01:30:00+00:00;0.113;;
966771;unknown;control;2022-10-06 01:45:00+00:00;0.102;;
966771;unknown;control;2022-10-06 02:00:00+00:00;0.096;;
966771;unknown;control;2022-10-06 02:15:00+00:00;0.109;;
966771;unknown;control;2022-10-06 02:30:00+00:00;0.104;;
966771;unknown;control;2022-10-06 02:45:00+00:00;0.106;;
966771;unknown;control;2022-10-06 03:00:00+00:00;0.107;;
966771;unknown;control;2022-10-06 03:15:00+00:00;0.1;;
966771;unknown;control;2022-10-06 03:30:00+00:00;0.101;;
966771;unknown;control;2022-10-06 03:45:00+00:00;0.101;;
966771;unknown;control;2022-10-06 04:00:00+00:00;0.097;;
966771;unknown;control;2022-10-06 04:15:00+00:00;0.108;;
966771;unknown;control;2022-10-06 04:30:00+00:00;0.109;;
966771;unknown;control;2022-10-06 04:45:00+00:00;0.118;;
966771;unknown;control;2022-10-06 05:00:00+00:00;0.11;;
966771;unknown;control;2022-10-06 05:15:00+00:00;0.147;;
966771;unknown;control;2022-10-06 05:30:00+00:00;0.693;;
966771;unknown;control;2022-10-06 05:45:00+00:00;0.8;;
966771;unknown;control;2022-10-06 06:00:00+00:00;0.125;;
966771;unknown;control;2022-10-06 06:15:00+00:00;0.137;;
966771;unknown;control;2022-10-06 06:30:00+00:00;0.158;;
966771;unknown;control;2022-10-06 06:45:00+00:00;0.129;;
966771;unknown;control;2022-10-06 07:00:00+00:00;0.653;;
966771;unknown;control;2022-10-06 07:15:00+00:00;0.591;;
966771;unknown;control;2022-10-06 07:30:00+00:00;0.461;;
966771;unknown;control;2022-10-06 07:45:00+00:00;0.427;;
966771;unknown;control;2022-10-06 08:00:00+00:00;0.442;;
966771;unknown;control;2022-10-06 08:15:00+00:00;0.367;;
966771;unknown;control;2022-10-06 08:30:00+00:00;0.31;;
966771;unknown;control;2022-10-06 08:45:00+00:00;0.289;;
966771;unknown;control;2022-10-06 09:00:00+00:00;0.332;;
966771;unknown;control;2022-10-06 09:15:00+00:00;0.766;;
966771;unknown;control;2022-10-06 09:30:00+00:00;0.459;;
966771;unknown;control;2022-10-06 09:45:00+00:00;0.219;;
966771;unknown;control;2022-10-06 10:00:00+00:00;0.114;;
966771;unknown;control;2022-10-06 10:15:00+00:00;0.118;;
966771;unknown;control;2022-10-06 10:30:00+00:00;0.1;;
966771;unknown;control;2022-10-06 10:45:00+00:00;0.106;;
966771;unknown;control;2022-10-06 11:00:00+00:00;0.107;;
966771;unknown;control;2022-10-06 11:15:00+00:00;0.101;;
966771;unknown;control;2022-10-06 11:30:00+00:00;0.101;;
966771;unknown;control;2022-10-06 11:45:00+00:00;0.095;;
966771;unknown;control;2022-10-06 12:00:00+00:00;0.104;;
966771;unknown;control;2022-10-06 12:15:00+00:00;0.099;;
966771;unknown;control;2022-10-06 12:30:00+00:00;0.093;;
966771;unknown;control;2022-10-06 12:45:00+00:00;0.103;;
966771;unknown;control;2022-10-06 13:00:00+00:00;0.106;;
966771;unknown;control;2022-10-06 13:15:00+00:00;0.102;;
966771;unknown;control;2022-10-06 13:30:00+00:00;0.102;;
966771;unknown;control;2022-10-06 13:45:00+00:00;0.094;;
966771;unknown;control;2022-10-06 14:00:00+00:00;0.096;;
966771;unknown;control;2022-10-06 14:15:00+00:00;0.102;;
966771;unknown;control;2022-10-06 14:30:00+00:00;0.098;;
966771;unknown;control;2022-10-06 14:45:00+00:00;0.105;;
966771;unknown;control;2022-10-06 15:00:00+00:00;0.109;;
966771;unknown;control;2022-10-06 15:15:00+00:00;0.095;;
966771;unknown;control;2022-10-06 15:30:00+00:00;0.1;;
966771;unknown;control;2022-10-06 15:45:00+00:00;0.105;;
966771;unknown;control;2022-10-06 16:00:00+00:00;0.111;;
966771;unknown;control;2022-10-06 16:15:00+00:00;0.127;;
966771;unknown;control;2022-10-06 16:30:00+00:00;0.134;;
966771;unknown;control;2022-10-06 16:45:00+00:00;0.143;;
966771;unknown;control;2022-10-06 17:00:00+00:00;0.148;;
966771;unknown;control;2022-10-06 17:15:00+00:00;0.121;;
966771;unknown;control;2022-10-06 17:30:00+00:00;0.121;;
966771;unknown;control;2022-10-06 17:45:00+00:00;0.125;;
966771;unknown;control;2022-10-06 18:00:00+00:00;0.128;;
966771;unknown;control;2022-10-06 18:15:00+00:00;0.132;;
966771;unknown;control;2022-10-06 18:30:00+00:00;0.131;;
966771;unknown;control;2022-10-06 18:45:00+00:00;0.123;;
966771;unknown;control;2022-10-06 19:00:00+00:00;0.128;;
966771;unknown;control;2022-10-06 19:15:00+00:00;0.252;;
966771;unknown;control;2022-10-06 19:30:00+00:00;0.123;;
966771;unknown;control;2022-10-06 19:45:00+00:00;0.131;;
966771;unknown;control;2022-10-06 20:00:00+00:00;0.121;;
966771;unknown;control;2022-10-06 20:15:00+00:00;0.11;;
966771;unknown;control;2022-10-06 20:30:00+00:00;0.126;;
966771;unknown;control;2022-10-06 20:45:00+00:00;0.133;;
966771;unknown;control;2022-10-06 21:00:00+00:00;0.11;;
966771;unknown;control;2022-10-06 21:15:00+00:00;0.111;;
966771;unknown;control;2022-10-06 21:30:00+00:00;0.097;;
966771;unknown;control;2022-10-06 21:45:00+00:00;0.105;;
966771;unknown;control;2022-10-06 22:00:00+00:00;0.11;;
966771;unknown;control;2022-10-06 22:15:00+00:00;0.097;;
966771;unknown;control;2022-10-06 22:30:00+00:00;0.1;;
966771;unknown;control;2022-10-06 22:45:00+00:00;0.109;;
966771;unknown;control;2022-10-06 23:00:00+00:00;0.11;;
966771;unknown;control;2022-10-06 23:15:00+00:00;0.12;;
966771;unknown;control;2022-10-06 23:30:00+00:00;1.389;;
966771;unknown;control;2022-10-06 23:45:00+00:00;1.303;;
966771;unknown;control;2022-10-07 00:00:00+00:00;1.297;;
966771;unknown;control;2022-10-07 00:15:00+00:00;1.322;;
966771;unknown;control;2022-10-07 00:30:00+00:00;1.343;;
966771;unknown;control;2022-10-07 00:45:00+00:00;1.348;;
966771;unknown;control;2022-10-07 01:00:00+00:00;0.229;;
966771;unknown;control;2022-10-07 01:15:00+00:00;0.1;;
966771;unknown;control;2022-10-07 01:30:00+00:00;0.095;;
966771;unknown;control;2022-10-07 01:45:00+00:00;0.11;;
966771;unknown;control;2022-10-07 02:00:00+00:00;0.099;;
966771;unknown;control;2022-10-07 02:15:00+00:00;0.096;;
966771;unknown;control;2022-10-07 02:30:00+00:00;0.11;;
966771;unknown;control;2022-10-07 02:45:00+00:00;0.103;;
966771;unknown;control;2022-10-07 03:00:00+00:00;0.095;;
966771;unknown;control;2022-10-07 03:15:00+00:00;0.099;;
966771;unknown;control;2022-10-07 03:30:00+00:00;0.097;;
966771;unknown;control;2022-10-07 03:45:00+00:00;0.1;;
966771;unknown;control;2022-10-07 04:00:00+00:00;0.098;;
966771;unknown;control;2022-10-07 04:15:00+00:00;0.092;;
966771;unknown;control;2022-10-07 04:30:00+00:00;0.114;;
966771;unknown;control;2022-10-07 04:45:00+00:00;0.119;;
966771;unknown;control;2022-10-07 05:00:00+00:00;0.125;;
966771;unknown;control;2022-10-07 05:15:00+00:00;0.111;;
966771;unknown;control;2022-10-07 05:30:00+00:00;0.113;;
966771;unknown;control;2022-10-07 05:45:00+00:00;0.106;;
966771;unknown;control;2022-10-07 06:00:00+00:00;0.112;;
966771;unknown;control;2022-10-07 06:15:00+00:00;0.108;;
966771;unknown;control;2022-10-07 06:30:00+00:00;0.113;;
966771;unknown;control;2022-10-07 06:45:00+00:00;0.1;;
966771;unknown;control;2022-10-07 07:00:00+00:00;0.089;;
966771;unknown;control;2022-10-07 07:15:00+00:00;0.095;;
966771;unknown;control;2022-10-07 07:30:00+00:00;0.098;;
966771;unknown;control;2022-10-07 07:45:00+00:00;0.088;;
966771;unknown;control;2022-10-07 08:00:00+00:00;0.096;;
966771;unknown;control;2022-10-07 08:15:00+00:00;0.1;;
966771;unknown;control;2022-10-07 08:30:00+00:00;0.094;;
966771;unknown;control;2022-10-07 08:45:00+00:00;0.104;;
966771;unknown;control;2022-10-07 09:00:00+00:00;0.1;;
966771;unknown;control;2022-10-07 09:15:00+00:00;0.102;;
966771;unknown;control;2022-10-07 09:30:00+00:00;0.105;;
966771;unknown;control;2022-10-07 09:45:00+00:00;0.098;;
966771;unknown;control;2022-10-07 10:00:00+00:00;0.103;;
966771;unknown;control;2022-10-07 10:15:00+00:00;0.107;;
966771;unknown;control;2022-10-07 10:30:00+00:00;0.096;;
966771;unknown;control;2022-10-07 10:45:00+00:00;0.127;;
966771;unknown;control;2022-10-07 11:00:00+00:00;0.311;;
966771;unknown;control;2022-10-07 11:15:00+00:00;0.48;;
966771;unknown;control;2022-10-07 11:30:00+00:00;0.235;;
966771;unknown;control;2022-10-07 11:45:00+00:00;0.171;;
966771;unknown;control;2022-10-07 12:00:00+00:00;0.135;;
966771;unknown;control;2022-10-07 12:15:00+00:00;0.121;;
966771;unknown;control;2022-10-07 12:30:00+00:00;0.121;;
966771;unknown;control;2022-10-07 12:45:00+00:00;0.118;;
966771;unknown;control;2022-10-07 13:00:00+00:00;0.121;;
966771;unknown;control;2022-10-07 13:15:00+00:00;0.113;;
966771;unknown;control;2022-10-07 13:30:00+00:00;0.129;;
966771;unknown;control;2022-10-07 13:45:00+00:00;0.189;;
966771;unknown;control;2022-10-07 14:00:00+00:00;0.155;;
966771;unknown;control;2022-10-07 14:15:00+00:00;0.121;;
966771;unknown;control;2022-10-07 14:30:00+00:00;0.126;;
966771;unknown;control;2022-10-07 14:45:00+00:00;0.13;;
966771;unknown;control;2022-10-07 15:00:00+00:00;0.163;;
966771;unknown;control;2022-10-07 15:15:00+00:00;0.21;;
966771;unknown;control;2022-10-07 15:30:00+00:00;0.267;;
966771;unknown;control;2022-10-07 15:45:00+00:00;0.121;;
966771;unknown;control;2022-10-07 16:00:00+00:00;0.155;;
966771;unknown;control;2022-10-07 16:15:00+00:00;0.176;;
966771;unknown;control;2022-10-07 16:30:00+00:00;0.179;;
966771;unknown;control;2022-10-07 16:45:00+00:00;0.121;;
966771;unknown;control;2022-10-07 17:00:00+00:00;0.139;;
966771;unknown;control;2022-10-07 17:15:00+00:00;0.157;;
966771;unknown;control;2022-10-07 17:30:00+00:00;0.145;;
966771;unknown;control;2022-10-07 17:45:00+00:00;0.151;;
966771;unknown;control;2022-10-07 18:00:00+00:00;0.156;;
966771;unknown;control;2022-10-07 18:15:00+00:00;0.155;;
966771;unknown;control;2022-10-07 18:30:00+00:00;0.161;;
966771;unknown;control;2022-10-07 18:45:00+00:00;0.15;;
966771;unknown;control;2022-10-07 19:00:00+00:00;0.148;;
966771;unknown;control;2022-10-07 19:15:00+00:00;0.118;;
966771;unknown;control;2022-10-07 19:30:00+00:00;0.102;;
966771;unknown;control;2022-10-07 19:45:00+00:00;0.096;;
966771;unknown;control;2022-10-07 20:00:00+00:00;0.102;;
966771;unknown;control;2022-10-07 20:15:00+00:00;0.103;;
966771;unknown;control;2022-10-07 20:30:00+00:00;0.145;;
966771;unknown;control;2022-10-07 20:45:00+00:00;0.136;;
966771;unknown;control;2022-10-07 21:00:00+00:00;0.11;;
966771;unknown;control;2022-10-07 21:15:00+00:00;0.115;;
966771;unknown;control;2022-10-07 21:30:00+00:00;0.11;;
966771;unknown;control;2022-10-07 21:45:00+00:00;0.104;;
966771;unknown;control;2022-10-07 22:00:00+00:00;0.118;;
966771;unknown;control;2022-10-07 22:15:00+00:00;0.105;;
966771;unknown;control;2022-10-07 22:30:00+00:00;0.102;;
966771;unknown;control;2022-10-07 22:45:00+00:00;0.106;;
966771;unknown;control;2022-10-07 23:00:00+00:00;0.103;;
966771;unknown;control;2022-10-07 23:15:00+00:00;0.1;;
966771;unknown;control;2022-10-07 23:30:00+00:00;1.327;;
966771;unknown;control;2022-10-07 23:45:00+00:00;1.282;;
966771;unknown;control;2022-10-08 00:00:00+00:00;1.3;;
966771;unknown;control;2022-10-08 00:15:00+00:00;1.322;;
966771;unknown;control;2022-10-08 00:30:00+00:00;0.5;;
966771;unknown;control;2022-10-08 00:45:00+00:00;0.115;;
966771;unknown;control;2022-10-08 01:00:00+00:00;0.111;;
966771;unknown;control;2022-10-08 01:15:00+00:00;0.099;;
966771;unknown;control;2022-10-08 01:30:00+00:00;0.106;;
966771;unknown;control;2022-10-08 01:45:00+00:00;0.101;;
966771;unknown;control;2022-10-08 02:00:00+00:00;0.104;;
966771;unknown;control;2022-10-08 02:15:00+00:00;0.104;;
966771;unknown;control;2022-10-08 02:30:00+00:00;0.092;;
966771;unknown;control;2022-10-08 02:45:00+00:00;0.104;;
966771;unknown;control;2022-10-08 03:00:00+00:00;0.105;;
966771;unknown;control;2022-10-08 03:15:00+00:00;0.093;;
966771;unknown;control;2022-10-08 03:30:00+00:00;0.1;;
966771;unknown;control;2022-10-08 03:45:00+00:00;0.099;;
966771;unknown;control;2022-10-08 04:00:00+00:00;0.097;;
966771;unknown;control;2022-10-08 04:15:00+00:00;0.101;;
966771;unknown;control;2022-10-08 04:30:00+00:00;0.101;;
966771;unknown;control;2022-10-08 04:45:00+00:00;0.103;;
966771;unknown;control;2022-10-08 05:00:00+00:00;0.112;;
966771;unknown;control;2022-10-08 05:15:00+00:00;0.105;;
966771;unknown;control;2022-10-08 05:30:00+00:00;0.125;;
966771;unknown;control;2022-10-08 05:45:00+00:00;0.108;;
966771;unknown;control;2022-10-08 06:00:00+00:00;0.106;;
966771;unknown;control;2022-10-08 06:15:00+00:00;0.103;;
966771;unknown;control;2022-10-08 06:30:00+00:00;0.109;;
966771;unknown;control;2022-10-08 06:45:00+00:00;0.118;;
966771;unknown;control;2022-10-08 07:00:00+00:00;0.222;;
966771;unknown;control;2022-10-08 07:15:00+00:00;0.14;;
966771;unknown;control;2022-10-08 07:30:00+00:00;0.111;;
966771;unknown;control;2022-10-08 07:45:00+00:00;0.238;;
966771;unknown;control;2022-10-08 08:00:00+00:00;0.102;;
966771;unknown;control;2022-10-08 08:15:00+00:00;0.104;;
966771;unknown;control;2022-10-08 08:30:00+00:00;0.108;;
966771;unknown;control;2022-10-08 08:45:00+00:00;0.105;;
966771;unknown;control;2022-10-08 09:00:00+00:00;0.106;;
966771;unknown;control;2022-10-08 09:15:00+00:00;0.11;;
966771;unknown;control;2022-10-08 09:30:00+00:00;0.197;;
966771;unknown;control;2022-10-08 09:45:00+00:00;0.595;;
966771;unknown;control;2022-10-08 10:00:00+00:00;0.194;;
966771;unknown;control;2022-10-08 10:15:00+00:00;0.32;;
966771;unknown;control;2022-10-08 10:30:00+00:00;0.437;;
966771;unknown;control;2022-10-08 10:45:00+00:00;0.139;;
966771;unknown;control;2022-10-08 11:00:00+00:00;0.13;;
966771;unknown;control;2022-10-08 11:15:00+00:00;0.168;;
966771;unknown;control;2022-10-08 11:30:00+00:00;0.293;;
966771;unknown;control;2022-10-08 11:45:00+00:00;0.153;;
966771;unknown;control;2022-10-08 12:00:00+00:00;0.144;;
966771;unknown;control;2022-10-08 12:15:00+00:00;0.129;;
966771;unknown;control;2022-10-08 12:30:00+00:00;0.142;;
966771;unknown;control;2022-10-08 12:45:00+00:00;0.134;;
966771;unknown;control;2022-10-08 13:00:00+00:00;0.112;;
966771;unknown;control;2022-10-08 13:15:00+00:00;0.123;;
966771;unknown;control;2022-10-08 13:30:00+00:00;0.131;;
966771;unknown;control;2022-10-08 13:45:00+00:00;0.14;;
966771;unknown;control;2022-10-08 14:00:00+00:00;0.162;;
966771;unknown;control;2022-10-08 14:15:00+00:00;0.165;;
966771;unknown;control;2022-10-08 14:30:00+00:00;0.154;;
966771;unknown;control;2022-10-08 14:45:00+00:00;0.202;;
966771;unknown;control;2022-10-08 15:00:00+00:00;0.147;;
966771;unknown;control;2022-10-08 15:15:00+00:00;0.269;;
966771;unknown;control;2022-10-08 15:30:00+00:00;0.619;;
966771;unknown;control;2022-10-08 15:45:00+00:00;0.332;;
966771;unknown;control;2022-10-08 16:00:00+00:00;0.175;;
966771;unknown;control;2022-10-08 16:15:00+00:00;0.125;;
966771;unknown;control;2022-10-08 16:30:00+00:00;0.096;;
966771;unknown;control;2022-10-08 16:45:00+00:00;0.109;;
966771;unknown;control;2022-10-08 17:00:00+00:00;0.106;;
966771;unknown;control;2022-10-08 17:15:00+00:00;0.188;;
966771;unknown;control;2022-10-08 17:30:00+00:00;0.225;;
966771;unknown;control;2022-10-08 17:45:00+00:00;0.22;;
966771;unknown;control;2022-10-08 18:00:00+00:00;0.257;;
966771;unknown;control;2022-10-08 18:15:00+00:00;0.233;;
966771;unknown;control;2022-10-08 18:30:00+00:00;0.23;;
966771;unknown;control;2022-10-08 18:45:00+00:00;0.229;;
966771;unknown;control;2022-10-08 19:00:00+00:00;0.234;;
966771;unknown;control;2022-10-08 19:15:00+00:00;0.228;;
966771;unknown;control;2022-10-08 19:30:00+00:00;0.228;;
966771;unknown;control;2022-10-08 19:45:00+00:00;0.109;;
966771;unknown;control;2022-10-08 20:00:00+00:00;0.104;;
966771;unknown;control;2022-10-08 20:15:00+00:00;0.1;;
966771;unknown;control;2022-10-08 20:30:00+00:00;0.106;;
966771;unknown;control;2022-10-08 20:45:00+00:00;0.092;;
966771;unknown;control;2022-10-08 21:00:00+00:00;0.097;;
966771;unknown;control;2022-10-08 21:15:00+00:00;0.102;;
966771;unknown;control;2022-10-08 21:30:00+00:00;0.098;;
966771;unknown;control;2022-10-08 21:45:00+00:00;0.099;;
966771;unknown;control;2022-10-08 22:00:00+00:00;0.094;;
966771;unknown;control;2022-10-08 22:15:00+00:00;0.098;;
966771;unknown;control;2022-10-08 22:30:00+00:00;0.104;;
966771;unknown;control;2022-10-08 22:45:00+00:00;0.096;;
966771;unknown;control;2022-10-08 23:00:00+00:00;0.093;;
966771;unknown;control;2022-10-08 23:15:00+00:00;0.105;;
966771;unknown;control;2022-10-08 23:30:00+00:00;1.32;;
966771;unknown;control;2022-10-08 23:45:00+00:00;1.276;;
966771;unknown;control;2022-10-09 00:00:00+00:00;1.3;;
966771;unknown;control;2022-10-09 00:15:00+00:00;1.306;;
966771;unknown;control;2022-10-09 00:30:00+00:00;1.316;;
966771;unknown;control;2022-10-09 00:45:00+00:00;1.327;;
966771;unknown;control;2022-10-09 01:00:00+00:00;1.353;;
966771;unknown;control;2022-10-09 01:15:00+00:00;1.377;;
966771;unknown;control;2022-10-09 01:30:00+00:00;0.372;;
966771;unknown;control;2022-10-09 01:45:00+00:00;0.092;;
966771;unknown;control;2022-10-09 02:00:00+00:00;0.12;;
966771;unknown;control;2022-10-09 02:15:00+00:00;0.094;;
966771;unknown;control;2022-10-09 02:30:00+00:00;0.094;;
966771;unknown;control;2022-10-09 02:45:00+00:00;0.105;;
966771;unknown;control;2022-10-09 03:00:00+00:00;0.092;;
966771;unknown;control;2022-10-09 03:15:00+00:00;0.094;;
966771;unknown;control;2022-10-09 03:30:00+00:00;0.1;;
966771;unknown;control;2022-10-09 03:45:00+00:00;0.09;;
966771;unknown;control;2022-10-09 04:00:00+00:00;0.093;;
966771;unknown;control;2022-10-09 04:15:00+00:00;0.104;;
966771;unknown;control;2022-10-09 04:30:00+00:00;0.095;;
966771;unknown;control;2022-10-09 04:45:00+00:00;0.123;;
966771;unknown;control;2022-10-09 05:00:00+00:00;0.107;;
966771;unknown;control;2022-10-09 05:15:00+00:00;0.088;;
966771;unknown;control;2022-10-09 05:30:00+00:00;0.098;;
966771;unknown;control;2022-10-09 05:45:00+00:00;0.094;;
966771;unknown;control;2022-10-09 06:00:00+00:00;0.091;;
966771;unknown;control;2022-10-09 06:15:00+00:00;0.128;;
966771;unknown;control;2022-10-09 06:30:00+00:00;0.091;;
966771;unknown;control;2022-10-09 06:45:00+00:00;0.094;;
966771;unknown;control;2022-10-09 07:00:00+00:00;0.098;;
966771;unknown;control;2022-10-09 07:15:00+00:00;0.485;;
966771;unknown;control;2022-10-09 07:30:00+00:00;0.252;;
966771;unknown;control;2022-10-09 07:45:00+00:00;0.103;;
966771;unknown;control;2022-10-09 08:00:00+00:00;0.122;;
966771;unknown;control;2022-10-09 08:15:00+00:00;0.192;;
966771;unknown;control;2022-10-09 08:30:00+00:00;0.099;;
966771;unknown;control;2022-10-09 08:45:00+00:00;0.094;;
966771;unknown;control;2022-10-09 09:00:00+00:00;0.099;;
966771;unknown;control;2022-10-09 09:15:00+00:00;0.096;;
966771;unknown;control;2022-10-09 09:30:00+00:00;0.097;;
966771;unknown;control;2022-10-09 09:45:00+00:00;0.116;;
966771;unknown;control;2022-10-09 10:00:00+00:00;0.103;;
966771;unknown;control;2022-10-09 10:15:00+00:00;0.137;;
966771;unknown;control;2022-10-09 10:30:00+00:00;0.102;;
966771;unknown;control;2022-10-09 10:45:00+00:00;0.091;;
966771;unknown;control;2022-10-09 11:00:00+00:00;0.092;;
966771;unknown;control;2022-10-09 11:15:00+00:00;0.098;;
966771;unknown;control;2022-10-09 11:30:00+00:00;0.093;;
966771;unknown;control;2022-10-09 11:45:00+00:00;0.096;;
966771;unknown;control;2022-10-09 12:00:00+00:00;0.095;;
966771;unknown;control;2022-10-09 12:15:00+00:00;0.086;;
966771;unknown;control;2022-10-09 12:30:00+00:00;0.096;;
966771;unknown;control;2022-10-09 12:45:00+00:00;0.091;;
966771;unknown;control;2022-10-09 13:00:00+00:00;0.594;;
966771;unknown;control;2022-10-09 13:15:00+00:00;0.13;;
966771;unknown;control;2022-10-09 13:30:00+00:00;0.154;;
966771;unknown;control;2022-10-09 13:45:00+00:00;0.378;;
966771;unknown;control;2022-10-09 14:00:00+00:00;0.457;;
966771;unknown;control;2022-10-09 14:15:00+00:00;0.612;;
966771;unknown;control;2022-10-09 14:30:00+00:00;0.232;;
966771;unknown;control;2022-10-09 14:45:00+00:00;0.207;;
966771;unknown;control;2022-10-09 15:00:00+00:00;0.195;;
966771;unknown;control;2022-10-09 15:15:00+00:00;0.251;;
966771;unknown;control;2022-10-09 15:30:00+00:00;0.2;;
966771;unknown;control;2022-10-09 15:45:00+00:00;0.168;;
966771;unknown;control;2022-10-09 16:00:00+00:00;0.5;;
966771;unknown;control;2022-10-09 16:15:00+00:00;0.108;;
966771;unknown;control;2022-10-09 16:30:00+00:00;0.157;;
966771;unknown;control;2022-10-09 16:45:00+00:00;0.203;;
966771;unknown;control;2022-10-09 17:00:00+00:00;0.201;;
966771;unknown;control;2022-10-09 17:15:00+00:00;0.199;;
966771;unknown;control;2022-10-09 17:30:00+00:00;0.2;;
966771;unknown;control;2022-10-09 17:45:00+00:00;0.217;;
966771;unknown;control;2022-10-09 18:00:00+00:00;0.165;;
966771;unknown;control;2022-10-09 18:15:00+00:00;0.161;;
966771;unknown;control;2022-10-09 18:30:00+00:00;0.148;;
966771;unknown;control;2022-10-09 18:45:00+00:00;0.151;;
966771;unknown;control;2022-10-09 19:00:00+00:00;0.152;;
966771;unknown;control;2022-10-09 19:15:00+00:00;0.151;;
966771;unknown;control;2022-10-09 19:30:00+00:00;0.141;;
966771;unknown;control;2022-10-09 19:45:00+00:00;0.132;;
966771;unknown;control;2022-10-09 20:00:00+00:00;0.099;;
966771;unknown;control;2022-10-09 20:15:00+00:00;0.102;;
966771;unknown;control;2022-10-09 20:30:00+00:00;0.096;;
966771;unknown;control;2022-10-09 20:45:00+00:00;0.097;;
966771;unknown;control;2022-10-09 21:00:00+00:00;0.106;;
966771;unknown;control;2022-10-09 21:15:00+00:00;0.096;;
966771;unknown;control;2022-10-09 21:30:00+00:00;0.096;;
966771;unknown;control;2022-10-09 21:45:00+00:00;0.109;;
966771;unknown;control;2022-10-09 22:00:00+00:00;0.096;;
966771;unknown;control;2022-10-09 22:15:00+00:00;0.094;;
966771;unknown;control;2022-10-09 22:30:00+00:00;0.116;;
966771;unknown;control;2022-10-09 22:45:00+00:00;0.107;;
966771;unknown;control;2022-10-09 23:00:00+00:00;0.101;;
966771;unknown;control;2022-10-09 23:15:00+00:00;0.102;;
966771;unknown;control;2022-10-09 23:30:00+00:00;1.315;;
966771;unknown;control;2022-10-09 23:45:00+00:00;1.287;;
966771;unknown;control;2022-10-10 00:00:00+00:00;1.287;;
966771;unknown;control;2022-10-10 00:15:00+00:00;1.3;;
966771;unknown;control;2022-10-10 00:30:00+00:00;1.306;;
966771;unknown;control;2022-10-10 00:45:00+00:00;1.31;;
966771;unknown;control;2022-10-10 01:00:00+00:00;0.884;;
966771;unknown;control;2022-10-10 01:15:00+00:00;0.098;;
966771;unknown;control;2022-10-10 01:30:00+00:00;0.097;;
966771;unknown;control;2022-10-10 01:45:00+00:00;0.093;;
966771;unknown;control;2022-10-10 02:00:00+00:00;0.103;;
966771;unknown;control;2022-10-10 02:15:00+00:00;0.099;;
966771;unknown;control;2022-10-10 02:30:00+00:00;0.1;;
966771;unknown;control;2022-10-10 02:45:00+00:00;0.102;;
966771;unknown;control;2022-10-10 03:00:00+00:00;0.101;;
966771;unknown;control;2022-10-10 03:15:00+00:00;0.115;;
966771;unknown;control;2022-10-10 03:30:00+00:00;0.15;;
966771;unknown;control;2022-10-10 03:45:00+00:00;0.11;;
966771;unknown;control;2022-10-10 04:00:00+00:00;0.108;;
966771;unknown;control;2022-10-10 04:15:00+00:00;0.114;;
966771;unknown;control;2022-10-10 04:30:00+00:00;0.133;;
966771;unknown;control;2022-10-10 04:45:00+00:00;0.105;;
966771;unknown;control;2022-10-10 05:00:00+00:00;0.123;;
966771;unknown;control;2022-10-10 05:15:00+00:00;0.138;;
966771;unknown;control;2022-10-10 05:30:00+00:00;0.108;;
966771;unknown;control;2022-10-10 05:45:00+00:00;0.503;;
966771;unknown;control;2022-10-10 06:00:00+00:00;0.138;;
966771;unknown;control;2022-10-10 06:15:00+00:00;0.122;;
966771;unknown;control;2022-10-10 06:30:00+00:00;0.144;;
966771;unknown;control;2022-10-10 06:45:00+00:00;0.133;;
966771;unknown;control;2022-10-10 07:00:00+00:00;0.247;;
966771;unknown;control;2022-10-10 07:15:00+00:00;0.219;;
966771;unknown;control;2022-10-10 07:30:00+00:00;0.176;;
966771;unknown;control;2022-10-10 07:45:00+00:00;0.171;;
966771;unknown;control;2022-10-10 08:00:00+00:00;0.52;;
966771;unknown;control;2022-10-10 08:15:00+00:00;0.529;;
966771;unknown;control;2022-10-10 08:30:00+00:00;0.253;;
966771;unknown;control;2022-10-10 08:45:00+00:00;0.515;;
966771;unknown;control;2022-10-10 09:00:00+00:00;0.111;;
966771;unknown;control;2022-10-10 09:15:00+00:00;0.107;;
966771;unknown;control;2022-10-10 09:30:00+00:00;0.183;;
966771;unknown;control;2022-10-10 09:45:00+00:00;0.461;;
966771;unknown;control;2022-10-10 10:00:00+00:00;0.136;;
966771;unknown;control;2022-10-10 10:15:00+00:00;0.119;;
966771;unknown;control;2022-10-10 10:30:00+00:00;0.121;;
966771;unknown;control;2022-10-10 10:45:00+00:00;0.112;;
966771;unknown;control;2022-10-10 11:00:00+00:00;0.613;;
966771;unknown;control;2022-10-10 11:15:00+00:00;0.541;;
966771;unknown;control;2022-10-10 11:30:00+00:00;0.146;;
966771;unknown;control;2022-10-10 11:45:00+00:00;0.147;;
966771;unknown;control;2022-10-10 12:00:00+00:00;0.163;;
966771;unknown;control;2022-10-10 12:15:00+00:00;0.111;;
966771;unknown;control;2022-10-10 12:30:00+00:00;0.201;;
966771;unknown;control;2022-10-10 12:45:00+00:00;0.263;;
966771;unknown;control;2022-10-10 13:00:00+00:00;0.255;;
966771;unknown;control;2022-10-10 13:15:00+00:00;0.366;;
966771;unknown;control;2022-10-10 13:30:00+00:00;0.338;;
966771;unknown;control;2022-10-10 13:45:00+00:00;0.274;;
966771;unknown;control;2022-10-10 14:00:00+00:00;0.144;;
966771;unknown;control;2022-10-10 14:15:00+00:00;0.272;;
966771;unknown;control;2022-10-10 14:30:00+00:00;0.372;;
966771;unknown;control;2022-10-10 14:45:00+00:00;0.299;;
966771;unknown;control;2022-10-10 15:00:00+00:00;0.146;;
966771;unknown;control;2022-10-10 15:15:00+00:00;0.121;;
966771;unknown;control;2022-10-10 15:30:00+00:00;0.279;;
966771;unknown;control;2022-10-10 15:45:00+00:00;0.108;;
966771;unknown;control;2022-10-10 16:00:00+00:00;0.141;;
966771;unknown;control;2022-10-10 16:15:00+00:00;0.146;;
966771;unknown;control;2022-10-10 16:30:00+00:00;0.094;;
966771;unknown;control;2022-10-10 16:45:00+00:00;0.149;;
966771;unknown;control;2022-10-10 17:00:00+00:00;0.203;;
966771;unknown;control;2022-10-10 17:15:00+00:00;0.199;;
966771;unknown;control;2022-10-10 17:30:00+00:00;0.185;;
966771;unknown;control;2022-10-10 17:45:00+00:00;0.186;;
966771;unknown;control;2022-10-10 18:00:00+00:00;0.189;;
966771;unknown;control;2022-10-10 18:15:00+00:00;0.196;;
966771;unknown;control;2022-10-10 18:30:00+00:00;0.196;;
966771;unknown;control;2022-10-10 18:45:00+00:00;0.192;;
966771;unknown;control;2022-10-10 19:00:00+00:00;0.195;;
966771;unknown;control;2022-10-10 19:15:00+00:00;0.201;;
966771;unknown;control;2022-10-10 19:30:00+00:00;0.19;;
966771;unknown;control;2022-10-10 19:45:00+00:00;0.133;;
966771;unknown;control;2022-10-10 20:00:00+00:00;0.096;;
966771;unknown;control;2022-10-10 20:15:00+00:00;0.106;;
966771;unknown;control;2022-10-10 20:30:00+00:00;0.102;;
966771;unknown;control;2022-10-10 20:45:00+00:00;0.089;;
966771;unknown;control;2022-10-10 21:00:00+00:00;0.1;;
966771;unknown;control;2022-10-10 21:15:00+00:00;0.102;;
966771;unknown;control;2022-10-10 21:30:00+00:00;0.097;;
966771;unknown;control;2022-10-10 21:45:00+00:00;0.104;;
966771;unknown;control;2022-10-10 22:00:00+00:00;0.096;;
966771;unknown;control;2022-10-10 22:15:00+00:00;0.102;;
966771;unknown;control;2022-10-10 22:30:00+00:00;0.1;;
966771;unknown;control;2022-10-10 22:45:00+00:00;0.091;;
966771;unknown;control;2022-10-10 23:00:00+00:00;0.104;;
966771;unknown;control;2022-10-10 23:15:00+00:00;0.101;;
966771;unknown;control;2022-10-10 23:30:00+00:00;1.344;;
966771;unknown;control;2022-10-10 23:45:00+00:00;1.316;;
966771;unknown;control;2022-10-11 00:00:00+00:00;1.321;;
966771;unknown;control;2022-10-11 00:15:00+00:00;1.34;;
966771;unknown;control;2022-10-11 00:30:00+00:00;1.36;;
966771;unknown;control;2022-10-11 00:45:00+00:00;1.356;;
966771;unknown;control;2022-10-11 01:00:00+00:00;1.378;;
966771;unknown;control;2022-10-11 01:15:00+00:00;1.166;;
966771;unknown;control;2022-10-11 01:30:00+00:00;0.093;;
966771;unknown;control;2022-10-11 01:45:00+00:00;0.104;;
966771;unknown;control;2022-10-11 02:00:00+00:00;0.102;;
966771;unknown;control;2022-10-11 02:15:00+00:00;0.092;;
966771;unknown;control;2022-10-11 02:30:00+00:00;0.101;;
966771;unknown;control;2022-10-11 02:45:00+00:00;0.102;;
966771;unknown;control;2022-10-11 03:00:00+00:00;0.107;;
966771;unknown;control;2022-10-11 03:15:00+00:00;0.101;;
966771;unknown;control;2022-10-11 03:30:00+00:00;0.095;;
966771;unknown;control;2022-10-11 03:45:00+00:00;0.096;;
966771;unknown;control;2022-10-11 04:00:00+00:00;0.099;;
966771;unknown;control;2022-10-11 04:15:00+00:00;0.095;;
966771;unknown;control;2022-10-11 04:30:00+00:00;0.115;;
966771;unknown;control;2022-10-11 04:45:00+00:00;0.112;;
966771;unknown;control;2022-10-11 05:00:00+00:00;0.123;;
966771;unknown;control;2022-10-11 05:15:00+00:00;0.123;;
966771;unknown;control;2022-10-11 05:30:00+00:00;0.12;;
966771;unknown;control;2022-10-11 05:45:00+00:00;0.117;;
966771;unknown;control;2022-10-11 06:00:00+00:00;0.12;;
966771;unknown;control;2022-10-11 06:15:00+00:00;0.111;;
966771;unknown;control;2022-10-11 06:30:00+00:00;0.109;;
966771;unknown;control;2022-10-11 06:45:00+00:00;0.099;;
966771;unknown;control;2022-10-11 07:00:00+00:00;0.092;;
966771;unknown;control;2022-10-11 07:15:00+00:00;0.09;;
966771;unknown;control;2022-10-11 07:30:00+00:00;0.095;;
966771;unknown;control;2022-10-11 07:45:00+00:00;0.089;;
966771;unknown;control;2022-10-11 08:00:00+00:00;0.095;;
966771;unknown;control;2022-10-11 08:15:00+00:00;0.092;;
966771;unknown;control;2022-10-11 08:30:00+00:00;0.094;;
966771;unknown;control;2022-10-11 08:45:00+00:00;0.114;;
966771;unknown;control;2022-10-11 09:00:00+00:00;0.101;;
966771;unknown;control;2022-10-11 09:15:00+00:00;0.219;;
966771;unknown;control;2022-10-11 09:30:00+00:00;0.606;;
966771;unknown;control;2022-10-11 09:45:00+00:00;0.498;;
966771;unknown;control;2022-10-11 10:00:00+00:00;0.105;;
966771;unknown;control;2022-10-11 10:15:00+00:00;0.129;;
966771;unknown;control;2022-10-11 10:30:00+00:00;0.101;;
966771;unknown;control;2022-10-11 10:45:00+00:00;0.105;;
966771;unknown;control;2022-10-11 11:00:00+00:00;0.106;;
966771;unknown;control;2022-10-11 11:15:00+00:00;0.11;;
966771;unknown;control;2022-10-11 11:30:00+00:00;0.118;;
966771;unknown;control;2022-10-11 11:45:00+00:00;0.113;;
966771;unknown;control;2022-10-11 12:00:00+00:00;0.106;;
966771;unknown;control;2022-10-11 12:15:00+00:00;0.115;;
966771;unknown;control;2022-10-11 12:30:00+00:00;0.099;;
966771;unknown;control;2022-10-11 12:45:00+00:00;0.089;;
966771;unknown;control;2022-10-11 13:00:00+00:00;0.096;;
966771;unknown;control;2022-10-11 13:15:00+00:00;0.09;;
966771;unknown;control;2022-10-11 13:30:00+00:00;0.096;;
966771;unknown;control;2022-10-11 13:45:00+00:00;0.099;;
966771;unknown;control;2022-10-11 14:00:00+00:00;0.093;;
966771;unknown;control;2022-10-11 14:15:00+00:00;0.105;;
966771;unknown;control;2022-10-11 14:30:00+00:00;0.103;;
966771;unknown;control;2022-10-11 14:45:00+00:00;0.256;;
966771;unknown;control;2022-10-11 15:00:00+00:00;0.162;;
966771;unknown;control;2022-10-11 15:15:00+00:00;0.167;;
966771;unknown;control;2022-10-11 15:30:00+00:00;0.19;;
966771;unknown;control;2022-10-11 15:45:00+00:00;0.199;;
966771;unknown;control;2022-10-11 16:00:00+00:00;0.182;;
966771;unknown;control;2022-10-11 16:15:00+00:00;0.184;;
966771;unknown;control;2022-10-11 16:30:00+00:00;0.205;;
966771;unknown;control;2022-10-11 16:45:00+00:00;0.336;;
966771;unknown;control;2022-10-11 17:00:00+00:00;0.185;;
966771;unknown;control;2022-10-11 17:15:00+00:00;0.229;;
966771;unknown;control;2022-10-11 17:30:00+00:00;0.174;;
966771;unknown;control;2022-10-11 17:45:00+00:00;0.179;;
966771;unknown;control;2022-10-11 18:00:00+00:00;0.275;;
966771;unknown;control;2022-10-11 18:15:00+00:00;0.186;;
966771;unknown;control;2022-10-11 18:30:00+00:00;0.194;;
966771;unknown;control;2022-10-11 18:45:00+00:00;0.184;;
966771;unknown;control;2022-10-11 19:00:00+00:00;0.181;;
966771;unknown;control;2022-10-11 19:15:00+00:00;0.196;;
966771;unknown;control;2022-10-11 19:30:00+00:00;0.19;;
966771;unknown;control;2022-10-11 19:45:00+00:00;0.164;;
966771;unknown;control;2022-10-11 20:00:00+00:00;0.478;;
966771;unknown;control;2022-10-11 20:15:00+00:00;0.425;;
966771;unknown;control;2022-10-11 20:30:00+00:00;0.122;;
966771;unknown;control;2022-10-11 20:45:00+00:00;0.22;;
966771;unknown;control;2022-10-11 21:00:00+00:00;0.373;;
966771;unknown;control;2022-10-11 21:15:00+00:00;0.109;;
966771;unknown;control;2022-10-11 21:30:00+00:00;0.102;;
966771;unknown;control;2022-10-11 21:45:00+00:00;0.103;;
966771;unknown;control;2022-10-11 22:00:00+00:00;0.105;;
966771;unknown;control;2022-10-11 22:15:00+00:00;0.098;;
966771;unknown;control;2022-10-11 22:30:00+00:00;0.106;;
966771;unknown;control;2022-10-11 22:45:00+00:00;0.097;;
966771;unknown;control;2022-10-11 23:00:00+00:00;0.095;;
966771;unknown;control;2022-10-11 23:15:00+00:00;0.1;;
966771;unknown;control;2022-10-11 23:30:00+00:00;1.337;;
966771;unknown;control;2022-10-11 23:45:00+00:00;1.296;;
966771;unknown;control;2022-10-12 00:00:00+00:00;1.304;;
966771;unknown;control;2022-10-12 00:15:00+00:00;1.312;;
966771;unknown;control;2022-10-12 00:30:00+00:00;0.536;;
966771;unknown;control;2022-10-12 00:45:00+00:00;0.103;;
966771;unknown;control;2022-10-12 01:00:00+00:00;0.108;;
966771;unknown;control;2022-10-12 01:15:00+00:00;0.088;;
966771;unknown;control;2022-10-12 01:30:00+00:00;0.097;;
966771;unknown;control;2022-10-12 01:45:00+00:00;0.107;;
966771;unknown;control;2022-10-12 02:00:00+00:00;0.099;;
966771;unknown;control;2022-10-12 02:15:00+00:00;0.096;;
966771;unknown;control;2022-10-12 02:30:00+00:00;0.09;;
966771;unknown;control;2022-10-12 02:45:00+00:00;0.103;;
966771;unknown;control;2022-10-12 03:00:00+00:00;0.099;;
966771;unknown;control;2022-10-12 03:15:00+00:00;0.085;;
966771;unknown;control;2022-10-12 03:30:00+00:00;0.097;;
966771;unknown;control;2022-10-12 03:45:00+00:00;0.1;;
966771;unknown;control;2022-10-12 04:00:00+00:00;0.105;;
966771;unknown;control;2022-10-12 04:15:00+00:00;0.1;;
966771;unknown;control;2022-10-12 04:30:00+00:00;0.1;;
966771;unknown;control;2022-10-12 04:45:00+00:00;0.109;;
966771;unknown;control;2022-10-12 05:00:00+00:00;0.129;;
966771;unknown;control;2022-10-12 05:15:00+00:00;0.101;;
966771;unknown;control;2022-10-12 05:30:00+00:00;0.101;;
966771;unknown;control;2022-10-12 05:45:00+00:00;0.106;;
966771;unknown;control;2022-10-12 06:00:00+00:00;0.089;;
966771;unknown;control;2022-10-12 06:15:00+00:00;0.092;;
966771;unknown;control;2022-10-12 06:30:00+00:00;0.097;;
966771;unknown;control;2022-10-12 06:45:00+00:00;0.093;;
966771;unknown;control;2022-10-12 07:00:00+00:00;0.111;;
966771;unknown;control;2022-10-12 07:15:00+00:00;0.089;;
966771;unknown;control;2022-10-12 07:30:00+00:00;0.157;;
966771;unknown;control;2022-10-12 07:45:00+00:00;0.105;;
966771;unknown;control;2022-10-12 08:00:00+00:00;0.097;;
966771;unknown;control;2022-10-12 08:15:00+00:00;0.092;;
966771;unknown;control;2022-10-12 08:30:00+00:00;0.108;;
966771;unknown;control;2022-10-12 08:45:00+00:00;0.105;;
966771;unknown;control;2022-10-12 09:00:00+00:00;0.105;;
966771;unknown;control;2022-10-12 09:15:00+00:00;0.122;;
966771;unknown;control;2022-10-12 09:30:00+00:00;0.499;;
966771;unknown;control;2022-10-12 09:45:00+00:00;0.451;;
966771;unknown;control;2022-10-12 10:00:00+00:00;0.104;;
966771;unknown;control;2022-10-12 10:15:00+00:00;0.119;;
966771;unknown;control;2022-10-12 10:30:00+00:00;0.11;;
966771;unknown;control;2022-10-12 10:45:00+00:00;0.106;;
966771;unknown;control;2022-10-12 11:00:00+00:00;0.1;;
966771;unknown;control;2022-10-12 11:15:00+00:00;0.117;;
966771;unknown;control;2022-10-12 11:30:00+00:00;0.11;;
966771;unknown;control;2022-10-12 11:45:00+00:00;0.104;;
966771;unknown;control;2022-10-12 12:00:00+00:00;0.117;;
966771;unknown;control;2022-10-12 12:15:00+00:00;0.098;;
966771;unknown;control;2022-10-12 12:30:00+00:00;0.448;;
966771;unknown;control;2022-10-12 12:45:00+00:00;0.391;;
966771;unknown;control;2022-10-12 13:00:00+00:00;0.428;;
966771;unknown;control;2022-10-12 13:15:00+00:00;0.265;;
966771;unknown;control;2022-10-12 13:30:00+00:00;0.354;;
966771;unknown;control;2022-10-12 13:45:00+00:00;0.237;;
966771;unknown;control;2022-10-12 14:00:00+00:00;0.206;;
966771;unknown;control;2022-10-12 14:15:00+00:00;0.162;;
966771;unknown;control;2022-10-12 14:30:00+00:00;0.146;;
966771;unknown;control;2022-10-12 14:45:00+00:00;0.109;;
966771;unknown;control;2022-10-12 15:00:00+00:00;0.128;;
966771;unknown;control;2022-10-12 15:15:00+00:00;0.099;;
966771;unknown;control;2022-10-12 15:30:00+00:00;0.106;;
966771;unknown;control;2022-10-12 15:45:00+00:00;0.558;;
966771;unknown;control;2022-10-12 16:00:00+00:00;0.12;;
966771;unknown;control;2022-10-12 16:15:00+00:00;0.141;;
966771;unknown;control;2022-10-12 16:30:00+00:00;0.257;;
966771;unknown;control;2022-10-12 16:45:00+00:00;0.196;;
966771;unknown;control;2022-10-12 17:00:00+00:00;0.179;;
966771;unknown;control;2022-10-12 17:15:00+00:00;0.171;;
966771;unknown;control;2022-10-12 17:30:00+00:00;0.183;;
966771;unknown;control;2022-10-12 17:45:00+00:00;0.186;;
966771;unknown;control;2022-10-12 18:00:00+00:00;0.211;;
966771;unknown;control;2022-10-12 18:15:00+00:00;0.198;;
966771;unknown;control;2022-10-12 18:30:00+00:00;0.211;;
966771;unknown;control;2022-10-12 18:45:00+00:00;0.194;;
966771;unknown;control;2022-10-12 19:00:00+00:00;0.204;;
966771;unknown;control;2022-10-12 19:15:00+00:00;0.19;;
966771;unknown;control;2022-10-12 19:30:00+00:00;0.188;;
966771;unknown;control;2022-10-12 19:45:00+00:00;0.194;;
966771;unknown;control;2022-10-12 20:00:00+00:00;0.168;;
966771;unknown;control;2022-10-12 20:15:00+00:00;0.152;;
966771;unknown;control;2022-10-12 20:30:00+00:00;0.109;;
966771;unknown;control;2022-10-12 20:45:00+00:00;0.098;;
966771;unknown;control;2022-10-12 21:00:00+00:00;0.102;;
966771;unknown;control;2022-10-12 21:15:00+00:00;0.104;;
966771;unknown;control;2022-10-12 21:30:00+00:00;0.097;;
966771;unknown;control;2022-10-12 21:45:00+00:00;0.102;;
966771;unknown;control;2022-10-12 22:00:00+00:00;0.101;;
966771;unknown;control;2022-10-12 22:15:00+00:00;0.1;;
966771;unknown;control;2022-10-12 22:30:00+00:00;0.101;;
966771;unknown;control;2022-10-12 22:45:00+00:00;0.108;;
966771;unknown;control;2022-10-12 23:00:00+00:00;0.107;;
966771;unknown;control;2022-10-12 23:15:00+00:00;0.104;;
966771;unknown;control;2022-10-12 23:30:00+00:00;1.336;;
966771;unknown;control;2022-10-12 23:45:00+00:00;1.297;;
966771;unknown;control;2022-10-13 00:00:00+00:00;1.29;;
966771;unknown;control;2022-10-13 00:15:00+00:00;1.313;;
966771;unknown;control;2022-10-13 00:30:00+00:00;1.329;;
966771;unknown;control;2022-10-13 00:45:00+00:00;1.34;;
966771;unknown;control;2022-10-13 01:00:00+00:00;0.874;;
966771;unknown;control;2022-10-13 01:15:00+00:00;0.105;;
966771;unknown;control;2022-10-13 01:30:00+00:00;0.102;;
966771;unknown;control;2022-10-13 01:45:00+00:00;0.093;;
966771;unknown;control;2022-10-13 02:00:00+00:00;0.108;;
966771;unknown;control;2022-10-13 02:15:00+00:00;0.114;;
966771;unknown;control;2022-10-13 02:30:00+00:00;0.09;;
966771;unknown;control;2022-10-13 02:45:00+00:00;0.103;;
966771;unknown;control;2022-10-13 03:00:00+00:00;0.098;;
966771;unknown;control;2022-10-13 03:15:00+00:00;0.096;;
966771;unknown;control;2022-10-13 03:30:00+00:00;0.096;;
966771;unknown;control;2022-10-13 03:45:00+00:00;0.095;;
966771;unknown;control;2022-10-13 04:00:00+00:00;0.1;;
966771;unknown;control;2022-10-13 04:15:00+00:00;0.1;;
966771;unknown;control;2022-10-13 04:30:00+00:00;0.098;;
966771;unknown;control;2022-10-13 04:45:00+00:00;0.136;;
966771;unknown;control;2022-10-13 05:00:00+00:00;0.112;;
966771;unknown;control;2022-10-13 05:15:00+00:00;0.101;;
966771;unknown;control;2022-10-13 05:30:00+00:00;0.355;;
966771;unknown;control;2022-10-13 05:45:00+00:00;0.133;;
966771;unknown;control;2022-10-13 06:00:00+00:00;0.09;;
966771;unknown;control;2022-10-13 06:15:00+00:00;0.104;;
966771;unknown;control;2022-10-13 06:30:00+00:00;0.093;;
966771;unknown;control;2022-10-13 06:45:00+00:00;0.087;;
966771;unknown;control;2022-10-13 07:00:00+00:00;0.209;;
966771;unknown;control;2022-10-13 07:15:00+00:00;0.111;;
966771;unknown;control;2022-10-13 07:30:00+00:00;0.111;;
966771;unknown;control;2022-10-13 07:45:00+00:00;0.155;;
966771;unknown;control;2022-10-13 08:00:00+00:00;0.118;;
966771;unknown;control;2022-10-13 08:15:00+00:00;0.108;;
966771;unknown;control;2022-10-13 08:30:00+00:00;0.12;;
966771;unknown;control;2022-10-13 08:45:00+00:00;0.128;;
966771;unknown;control;2022-10-13 09:00:00+00:00;0.111;;
966771;unknown;control;2022-10-13 09:15:00+00:00;0.111;;
966771;unknown;control;2022-10-13 09:30:00+00:00;0.159;;
966771;unknown;control;2022-10-13 09:45:00+00:00;0.731;;
966771;unknown;control;2022-10-13 10:00:00+00:00;0.247;;
966771;unknown;control;2022-10-13 10:15:00+00:00;0.215;;
966771;unknown;control;2022-10-13 10:30:00+00:00;0.106;;
966771;unknown;control;2022-10-13 10:45:00+00:00;0.115;;
966771;unknown;control;2022-10-13 11:00:00+00:00;0.111;;
966771;unknown;control;2022-10-13 11:15:00+00:00;0.1;;
966771;unknown;control;2022-10-13 11:30:00+00:00;0.11;;
966771;unknown;control;2022-10-13 11:45:00+00:00;0.107;;
966771;unknown;control;2022-10-13 12:00:00+00:00;0.096;;
966771;unknown;control;2022-10-13 12:15:00+00:00;0.096;;
966771;unknown;control;2022-10-13 12:30:00+00:00;0.09;;
966771;unknown;control;2022-10-13 12:45:00+00:00;0.095;;
966771;unknown;control;2022-10-13 13:00:00+00:00;0.095;;
966771;unknown;control;2022-10-13 13:15:00+00:00;0.088;;
966771;unknown;control;2022-10-13 13:30:00+00:00;0.1;;
966771;unknown;control;2022-10-13 13:45:00+00:00;0.101;;
966771;unknown;control;2022-10-13 14:00:00+00:00;0.091;;
966771;unknown;control;2022-10-13 14:15:00+00:00;0.135;;
966771;unknown;control;2022-10-13 14:30:00+00:00;0.424;;
966771;unknown;control;2022-10-13 14:45:00+00:00;0.374;;
966771;unknown;control;2022-10-13 15:00:00+00:00;0.301;;
966771;unknown;control;2022-10-13 15:15:00+00:00;0.491;;
966771;unknown;control;2022-10-13 15:30:00+00:00;0.493;;
966771;unknown;control;2022-10-13 15:45:00+00:00;0.149;;
966771;unknown;control;2022-10-13 16:00:00+00:00;0.132;;
966771;unknown;control;2022-10-13 16:15:00+00:00;0.137;;
966771;unknown;control;2022-10-13 16:30:00+00:00;0.141;;
966771;unknown;control;2022-10-13 16:45:00+00:00;0.125;;
966771;unknown;control;2022-10-13 17:00:00+00:00;0.137;;
966771;unknown;control;2022-10-13 17:15:00+00:00;0.188;;
966771;unknown;control;2022-10-13 17:30:00+00:00;0.184;;
966771;unknown;control;2022-10-13 17:45:00+00:00;0.191;;
966771;unknown;control;2022-10-13 18:00:00+00:00;0.19;;
966771;unknown;control;2022-10-13 18:15:00+00:00;0.398;;
966771;unknown;control;2022-10-13 18:30:00+00:00;0.315;;
966771;unknown;control;2022-10-13 18:45:00+00:00;0.193;;
966771;unknown;control;2022-10-13 19:00:00+00:00;0.195;;
966771;unknown;control;2022-10-13 19:15:00+00:00;0.332;;
966771;unknown;control;2022-10-13 19:30:00+00:00;0.48;;
966771;unknown;control;2022-10-13 19:45:00+00:00;0.146;;
966771;unknown;control;2022-10-13 20:00:00+00:00;0.125;;
966771;unknown;control;2022-10-13 20:15:00+00:00;0.417;;
966771;unknown;control;2022-10-13 20:30:00+00:00;0.263;;
966771;unknown;control;2022-10-13 20:45:00+00:00;0.098;;
966771;unknown;control;2022-10-13 21:00:00+00:00;0.101;;
966771;unknown;control;2022-10-13 21:15:00+00:00;0.112;;
966771;unknown;control;2022-10-13 21:30:00+00:00;0.097;;
966771;unknown;control;2022-10-13 21:45:00+00:00;0.1;;
966771;unknown;control;2022-10-13 22:00:00+00:00;0.1;;
966771;unknown;control;2022-10-13 22:15:00+00:00;0.096;;
966771;unknown;control;2022-10-13 22:30:00+00:00;0.101;;
966771;unknown;control;2022-10-13 22:45:00+00:00;0.095;;
966771;unknown;control;2022-10-13 23:00:00+00:00;0.097;;
966771;unknown;control;2022-10-13 23:15:00+00:00;0.103;;
966771;unknown;control;2022-10-13 23:30:00+00:00;1.339;;
966771;unknown;control;2022-10-13 23:45:00+00:00;1.302;;
966771;unknown;control;2022-10-14 00:00:00+00:00;1.307;;
966771;unknown;control;2022-10-14 00:15:00+00:00;1.305;;
966771;unknown;control;2022-10-14 00:30:00+00:00;1.309;;
966771;unknown;control;2022-10-14 00:45:00+00:00;1.33;;
966771;unknown;control;2022-10-14 01:00:00+00:00;1.345;;
966771;unknown;control;2022-10-14 01:15:00+00:00;1.373;;
966771;unknown;control;2022-10-14 01:30:00+00:00;1.357;;
966771;unknown;control;2022-10-14 01:45:00+00:00;1.101;;
966771;unknown;control;2022-10-14 02:00:00+00:00;0.105;;
966771;unknown;control;2022-10-14 02:15:00+00:00;0.105;;
966771;unknown;control;2022-10-14 02:30:00+00:00;0.096;;
966771;unknown;control;2022-10-14 02:45:00+00:00;0.11;;
966771;unknown;control;2022-10-14 03:00:00+00:00;0.097;;
966771;unknown;control;2022-10-14 03:15:00+00:00;0.093;;
966771;unknown;control;2022-10-14 03:30:00+00:00;0.094;;
966771;unknown;control;2022-10-14 03:45:00+00:00;0.096;;
966771;unknown;control;2022-10-14 04:00:00+00:00;0.103;;
966771;unknown;control;2022-10-14 04:15:00+00:00;0.095;;
966771;unknown;control;2022-10-14 04:30:00+00:00;0.11;;
966771;unknown;control;2022-10-14 04:45:00+00:00;0.131;;
966771;unknown;control;2022-10-14 05:00:00+00:00;0.106;;
966771;unknown;control;2022-10-14 05:15:00+00:00;0.096;;
966771;unknown;control;2022-10-14 05:30:00+00:00;0.1;;
966771;unknown;control;2022-10-14 05:45:00+00:00;0.095;;
966771;unknown;control;2022-10-14 06:00:00+00:00;0.526;;
966771;unknown;control;2022-10-14 06:15:00+00:00;0.235;;
966771;unknown;control;2022-10-14 06:30:00+00:00;0.124;;
966771;unknown;control;2022-10-14 06:45:00+00:00;0.126;;
966771;unknown;control;2022-10-14 07:00:00+00:00;0.13;;
966771;unknown;control;2022-10-14 07:15:00+00:00;0.198;;
966771;unknown;control;2022-10-14 07:30:00+00:00;0.185;;
966771;unknown;control;2022-10-14 07:45:00+00:00;0.106;;
966771;unknown;control;2022-10-14 08:00:00+00:00;0.195;;
966771;unknown;control;2022-10-14 08:15:00+00:00;0.114;;
966771;unknown;control;2022-10-14 08:30:00+00:00;0.109;;
966771;unknown;control;2022-10-14 08:45:00+00:00;0.109;;
966771;unknown;control;2022-10-14 09:00:00+00:00;0.118;;
966771;unknown;control;2022-10-14 09:15:00+00:00;0.112;;
966771;unknown;control;2022-10-14 09:30:00+00:00;0.315;;
966771;unknown;control;2022-10-14 09:45:00+00:00;0.339;;
966771;unknown;control;2022-10-14 10:00:00+00:00;0.151;;
966771;unknown;control;2022-10-14 10:15:00+00:00;0.116;;
966771;unknown;control;2022-10-14 10:30:00+00:00;0.108;;
966771;unknown;control;2022-10-14 10:45:00+00:00;0.092;;
966771;unknown;control;2022-10-14 11:00:00+00:00;0.099;;
966771;unknown;control;2022-10-14 11:15:00+00:00;0.099;;
966771;unknown;control;2022-10-14 11:30:00+00:00;0.104;;
966771;unknown;control;2022-10-14 11:45:00+00:00;0.137;;
966771;unknown;control;2022-10-14 12:00:00+00:00;0.159;;
966771;unknown;control;2022-10-14 12:15:00+00:00;0.149;;
966771;unknown;control;2022-10-14 12:30:00+00:00;0.108;;
966771;unknown;control;2022-10-14 12:45:00+00:00;0.108;;
966771;unknown;control;2022-10-14 13:00:00+00:00;0.107;;
966771;unknown;control;2022-10-14 13:15:00+00:00;0.103;;
966771;unknown;control;2022-10-14 13:30:00+00:00;0.111;;
966771;unknown;control;2022-10-14 13:45:00+00:00;0.108;;
966771;unknown;control;2022-10-14 14:00:00+00:00;0.105;;
966771;unknown;control;2022-10-14 14:15:00+00:00;0.107;;
966771;unknown;control;2022-10-14 14:30:00+00:00;0.108;;
966771;unknown;control;2022-10-14 14:45:00+00:00;0.101;;
966771;unknown;control;2022-10-14 15:00:00+00:00;0.113;;
966771;unknown;control;2022-10-14 15:15:00+00:00;0.114;;
966771;unknown;control;2022-10-14 15:30:00+00:00;0.116;;
966771;unknown;control;2022-10-14 15:45:00+00:00;0.115;;
966771;unknown;control;2022-10-14 16:00:00+00:00;0.165;;
966771;unknown;control;2022-10-14 16:15:00+00:00;0.257;;
966771;unknown;control;2022-10-14 16:30:00+00:00;0.233;;
966771;unknown;control;2022-10-14 16:45:00+00:00;0.115;;
966771;unknown;control;2022-10-14 17:00:00+00:00;0.167;;
966771;unknown;control;2022-10-14 17:15:00+00:00;0.209;;
966771;unknown;control;2022-10-14 17:30:00+00:00;0.217;;
966771;unknown;control;2022-10-14 17:45:00+00:00;0.199;;
966771;unknown;control;2022-10-14 18:00:00+00:00;0.194;;
966771;unknown;control;2022-10-14 18:15:00+00:00;0.195;;
966771;unknown;control;2022-10-14 18:30:00+00:00;0.181;;
966771;unknown;control;2022-10-14 18:45:00+00:00;0.196;;
966771;unknown;control;2022-10-14 19:00:00+00:00;0.196;;
966771;unknown;control;2022-10-14 19:15:00+00:00;0.189;;
966771;unknown;control;2022-10-14 19:30:00+00:00;0.187;;
966771;unknown;control;2022-10-14 19:45:00+00:00;0.187;;
966771;unknown;control;2022-10-14 20:00:00+00:00;0.193;;
966771;unknown;control;2022-10-14 20:15:00+00:00;0.185;;
966771;unknown;control;2022-10-14 20:30:00+00:00;0.183;;
966771;unknown;control;2022-10-14 20:45:00+00:00;0.193;;
966771;unknown;control;2022-10-14 21:00:00+00:00;0.164;;
966771;unknown;control;2022-10-14 21:15:00+00:00;0.121;;
966771;unknown;control;2022-10-14 21:30:00+00:00;0.113;;
966771;unknown;control;2022-10-14 21:45:00+00:00;0.102;;
966771;unknown;control;2022-10-14 22:00:00+00:00;0.101;;
966771;unknown;control;2022-10-14 22:15:00+00:00;0.108;;
966771;unknown;control;2022-10-14 22:30:00+00:00;0.095;;
966771;unknown;control;2022-10-14 22:45:00+00:00;0.096;;
966771;unknown;control;2022-10-14 23:00:00+00:00;0.11;;
966771;unknown;control;2022-10-14 23:15:00+00:00;0.095;;
966771;unknown;control;2022-10-14 23:30:00+00:00;1.328;;
966771;unknown;control;2022-10-14 23:45:00+00:00;1.287;;
966771;unknown;control;2022-10-15 00:00:00+00:00;1.279;;
966771;unknown;control;2022-10-15 00:15:00+00:00;1.3;;
966771;unknown;control;2022-10-15 00:30:00+00:00;1.223;;
966771;unknown;control;2022-10-15 00:45:00+00:00;0.099;;
966771;unknown;control;2022-10-15 01:00:00+00:00;0.105;;
966771;unknown;control;2022-10-15 01:15:00+00:00;0.097;;
966771;unknown;control;2022-10-15 01:30:00+00:00;0.101;;
966771;unknown;control;2022-10-15 01:45:00+00:00;0.1;;
966771;unknown;control;2022-10-15 02:00:00+00:00;0.093;;
966771;unknown;control;2022-10-15 02:15:00+00:00;0.102;;
966771;unknown;control;2022-10-15 02:30:00+00:00;0.103;;
966771;unknown;control;2022-10-15 02:45:00+00:00;0.091;;
966771;unknown;control;2022-10-15 03:00:00+00:00;0.12;;
966771;unknown;control;2022-10-15 03:15:00+00:00;0.105;;
966771;unknown;control;2022-10-15 03:30:00+00:00;0.095;;
966771;unknown;control;2022-10-15 03:45:00+00:00;0.101;;
966771;unknown;control;2022-10-15 04:00:00+00:00;0.103;;
966771;unknown;control;2022-10-15 04:15:00+00:00;0.098;;
966771;unknown;control;2022-10-15 04:30:00+00:00;0.103;;
966771;unknown;control;2022-10-15 04:45:00+00:00;0.099;;
966771;unknown;control;2022-10-15 05:00:00+00:00;0.138;;
966771;unknown;control;2022-10-15 05:15:00+00:00;0.109;;
966771;unknown;control;2022-10-15 05:30:00+00:00;0.103;;
966771;unknown;control;2022-10-15 05:45:00+00:00;0.125;;
966771;unknown;control;2022-10-15 06:00:00+00:00;0.119;;
966771;unknown;control;2022-10-15 06:15:00+00:00;0.093;;
966771;unknown;control;2022-10-15 06:30:00+00:00;0.164;;
966771;unknown;control;2022-10-15 06:45:00+00:00;0.173;;
966771;unknown;control;2022-10-15 07:00:00+00:00;0.255;;
966771;unknown;control;2022-10-15 07:15:00+00:00;0.121;;
966771;unknown;control;2022-10-15 07:30:00+00:00;0.126;;
966771;unknown;control;2022-10-15 07:45:00+00:00;0.191;;
966771;unknown;control;2022-10-15 08:00:00+00:00;0.127;;
966771;unknown;control;2022-10-15 08:15:00+00:00;0.122;;
966771;unknown;control;2022-10-15 08:30:00+00:00;0.106;;
966771;unknown;control;2022-10-15 08:45:00+00:00;0.113;;
966771;unknown;control;2022-10-15 09:00:00+00:00;0.375;;
966771;unknown;control;2022-10-15 09:15:00+00:00;0.549;;
966771;unknown;control;2022-10-15 09:30:00+00:00;0.244;;
966771;unknown;control;2022-10-15 09:45:00+00:00;0.243;;
966771;unknown;control;2022-10-15 10:00:00+00:00;0.497;;
966771;unknown;control;2022-10-15 10:15:00+00:00;0.237;;
966771;unknown;control;2022-10-15 10:30:00+00:00;0.227;;
966771;unknown;control;2022-10-15 10:45:00+00:00;0.119;;
966771;unknown;control;2022-10-15 11:00:00+00:00;0.192;;
966771;unknown;control;2022-10-15 11:15:00+00:00;0.368;;
966771;unknown;control;2022-10-15 11:30:00+00:00;0.123;;
966771;unknown;control;2022-10-15 11:45:00+00:00;0.105;;
966771;unknown;control;2022-10-15 12:00:00+00:00;0.099;;
966771;unknown;control;2022-10-15 12:15:00+00:00;0.116;;
966771;unknown;control;2022-10-15 12:30:00+00:00;0.112;;
966771;unknown;control;2022-10-15 12:45:00+00:00;0.117;;
966771;unknown;control;2022-10-15 13:00:00+00:00;0.108;;
966771;unknown;control;2022-10-15 13:15:00+00:00;0.102;;
966771;unknown;control;2022-10-15 13:30:00+00:00;0.107;;
966771;unknown;control;2022-10-15 13:45:00+00:00;0.118;;
966771;unknown;control;2022-10-15 14:00:00+00:00;0.126;;
966771;unknown;control;2022-10-15 14:15:00+00:00;0.178;;
966771;unknown;control;2022-10-15 14:30:00+00:00;0.118;;
966771;unknown;control;2022-10-15 14:45:00+00:00;0.214;;
966771;unknown;control;2022-10-15 15:00:00+00:00;0.147;;
966771;unknown;control;2022-10-15 15:15:00+00:00;0.141;;
966771;unknown;control;2022-10-15 15:30:00+00:00;0.132;;
966771;unknown;control;2022-10-15 15:45:00+00:00;0.109;;
966771;unknown;control;2022-10-15 16:00:00+00:00;0.113;;
966771;unknown;control;2022-10-15 16:15:00+00:00;0.107;;
966771;unknown;control;2022-10-15 16:30:00+00:00;0.099;;
966771;unknown;control;2022-10-15 16:45:00+00:00;0.109;;
966771;unknown;control;2022-10-15 17:00:00+00:00;0.113;;
966771;unknown;control;2022-10-15 17:15:00+00:00;0.103;;
966771;unknown;control;2022-10-15 17:30:00+00:00;0.11;;
966771;unknown;control;2022-10-15 17:45:00+00:00;0.098;;
966771;unknown;control;2022-10-15 18:00:00+00:00;0.093;;
966771;unknown;control;2022-10-15 18:15:00+00:00;0.102;;
966771;unknown;control;2022-10-15 18:30:00+00:00;0.099;;
966771;unknown;control;2022-10-15 18:45:00+00:00;0.099;;
966771;unknown;control;2022-10-15 19:00:00+00:00;0.103;;
966771;unknown;control;2022-10-15 19:15:00+00:00;0.099;;
966771;unknown;control;2022-10-15 19:30:00+00:00;0.106;;
966771;unknown;control;2022-10-15 19:45:00+00:00;0.133;;
966771;unknown;control;2022-10-15 20:00:00+00:00;0.101;;
966771;unknown;control;2022-10-15 20:15:00+00:00;0.116;;
966771;unknown;control;2022-10-15 20:30:00+00:00;0.104;;
966771;unknown;control;2022-10-15 20:45:00+00:00;0.095;;
966771;unknown;control;2022-10-15 21:00:00+00:00;0.106;;
966771;unknown;control;2022-10-15 21:15:00+00:00;0.106;;
966771;unknown;control;2022-10-15 21:30:00+00:00;0.108;;
966771;unknown;control;2022-10-15 21:45:00+00:00;0.112;;
966771;unknown;control;2022-10-15 22:00:00+00:00;0.11;;
966771;unknown;control;2022-10-15 22:15:00+00:00;0.106;;
966771;unknown;control;2022-10-15 22:30:00+00:00;0.122;;
966771;unknown;control;2022-10-15 22:45:00+00:00;0.104;;
966771;unknown;control;2022-10-15 23:00:00+00:00;0.109;;
966771;unknown;control;2022-10-15 23:15:00+00:00;0.104;;
966771;unknown;control;2022-10-15 23:30:00+00:00;1.324;;
966771;unknown;control;2022-10-15 23:45:00+00:00;1.293;;
966771;unknown;control;2022-10-16 00:00:00+00:00;1.283;;
966771;unknown;control;2022-10-16 00:15:00+00:00;1.294;;
966771;unknown;control;2022-10-16 00:30:00+00:00;1.142;;
966771;unknown;control;2022-10-16 00:45:00+00:00;0.101;;
966771;unknown;control;2022-10-16 01:00:00+00:00;0.095;;
966771;unknown;control;2022-10-16 01:15:00+00:00;0.102;;
966771;unknown;control;2022-10-16 01:30:00+00:00;0.1;;
966771;unknown;control;2022-10-16 01:45:00+00:00;0.102;;
966771;unknown;control;2022-10-16 02:00:00+00:00;0.104;;
966771;unknown;control;2022-10-16 02:15:00+00:00;0.095;;
966771;unknown;control;2022-10-16 02:30:00+00:00;0.107;;
966771;unknown;control;2022-10-16 02:45:00+00:00;0.102;;
966771;unknown;control;2022-10-16 03:00:00+00:00;0.092;;
966771;unknown;control;2022-10-16 03:15:00+00:00;0.105;;
966771;unknown;control;2022-10-16 03:30:00+00:00;0.101;;
966771;unknown;control;2022-10-16 03:45:00+00:00;0.094;;
966771;unknown;control;2022-10-16 04:00:00+00:00;0.102;;
966771;unknown;control;2022-10-16 04:15:00+00:00;0.101;;
966771;unknown;control;2022-10-16 04:30:00+00:00;0.112;;
966771;unknown;control;2022-10-16 04:45:00+00:00;0.102;;
966771;unknown;control;2022-10-16 05:00:00+00:00;0.125;;
966771;unknown;control;2022-10-16 05:15:00+00:00;0.105;;
966771;unknown;control;2022-10-16 05:30:00+00:00;0.1;;
966771;unknown;control;2022-10-16 05:45:00+00:00;0.093;;
966771;unknown;control;2022-10-16 06:00:00+00:00;0.104;;
966771;unknown;control;2022-10-16 06:15:00+00:00;0.103;;
966771;unknown;control;2022-10-16 06:30:00+00:00;0.093;;
966771;unknown;control;2022-10-16 06:45:00+00:00;0.334;;
966771;unknown;control;2022-10-16 07:00:00+00:00;0.278;;
966771;unknown;control;2022-10-16 07:15:00+00:00;0.225;;
966771;unknown;control;2022-10-16 07:30:00+00:00;0.231;;
966771;unknown;control;2022-10-16 07:45:00+00:00;0.104;;
966771;unknown;control;2022-10-16 08:00:00+00:00;0.109;;
966771;unknown;control;2022-10-16 08:15:00+00:00;0.229;;
966771;unknown;control;2022-10-16 08:30:00+00:00;0.604;;
966771;unknown;control;2022-10-16 08:45:00+00:00;0.125;;
966771;unknown;control;2022-10-16 09:00:00+00:00;0.373;;
966771;unknown;control;2022-10-16 09:15:00+00:00;0.111;;
966771;unknown;control;2022-10-16 09:30:00+00:00;0.105;;
966771;unknown;control;2022-10-16 09:45:00+00:00;0.101;;
966771;unknown;control;2022-10-16 10:00:00+00:00;0.109;;
966771;unknown;control;2022-10-16 10:15:00+00:00;0.121;;
966771;unknown;control;2022-10-16 10:30:00+00:00;0.148;;
966771;unknown;control;2022-10-16 10:45:00+00:00;0.097;;
966771;unknown;control;2022-10-16 11:00:00+00:00;0.108;;
966771;unknown;control;2022-10-16 11:15:00+00:00;0.101;;
966771;unknown;control;2022-10-16 11:30:00+00:00;0.101;;
966771;unknown;control;2022-10-16 11:45:00+00:00;0.138;;
966771;unknown;control;2022-10-16 12:00:00+00:00;0.101;;
966771;unknown;control;2022-10-16 12:15:00+00:00;0.106;;
966771;unknown;control;2022-10-16 12:30:00+00:00;0.104;;
966771;unknown;control;2022-10-16 12:45:00+00:00;0.12;;
966771;unknown;control;2022-10-16 13:00:00+00:00;0.11;;
966771;unknown;control;2022-10-16 13:15:00+00:00;0.1;;
966771;unknown;control;2022-10-16 13:30:00+00:00;0.095;;
966771;unknown;control;2022-10-16 13:45:00+00:00;0.105;;
966771;unknown;control;2022-10-16 14:00:00+00:00;0.098;;
966771;unknown;control;2022-10-16 14:15:00+00:00;0.096;;
966771;unknown;control;2022-10-16 14:30:00+00:00;0.106;;
966771;unknown;control;2022-10-16 14:45:00+00:00;0.095;;
966771;unknown;control;2022-10-16 15:00:00+00:00;0.122;;
966771;unknown;control;2022-10-16 15:15:00+00:00;0.114;;
966771;unknown;control;2022-10-16 15:30:00+00:00;0.123;;
966771;unknown;control;2022-10-16 15:45:00+00:00;0.138;;
966771;unknown;control;2022-10-16 16:00:00+00:00;0.238;;
966771;unknown;control;2022-10-16 16:15:00+00:00;0.633;;
966771;unknown;control;2022-10-16 16:30:00+00:00;0.214;;
966771;unknown;control;2022-10-16 16:45:00+00:00;0.113;;
966771;unknown;control;2022-10-16 17:00:00+00:00;0.204;;
966771;unknown;control;2022-10-16 17:15:00+00:00;0.199;;
966771;unknown;control;2022-10-16 17:30:00+00:00;0.179;;
966771;unknown;control;2022-10-16 17:45:00+00:00;0.186;;
966771;unknown;control;2022-10-16 18:00:00+00:00;0.193;;
966771;unknown;control;2022-10-16 18:15:00+00:00;0.215;;
966771;unknown;control;2022-10-16 18:30:00+00:00;0.184;;
966771;unknown;control;2022-10-16 18:45:00+00:00;0.196;;
966771;unknown;control;2022-10-16 19:00:00+00:00;0.202;;
966771;unknown;control;2022-10-16 19:15:00+00:00;0.206;;
966771;unknown;control;2022-10-16 19:30:00+00:00;0.198;;
966771;unknown;control;2022-10-16 19:45:00+00:00;0.191;;
966771;unknown;control;2022-10-16 20:00:00+00:00;0.194;;
966771;unknown;control;2022-10-16 20:15:00+00:00;0.158;;
966771;unknown;control;2022-10-16 20:30:00+00:00;0.106;;
966771;unknown;control;2022-10-16 20:45:00+00:00;0.108;;
966771;unknown;control;2022-10-16 21:00:00+00:00;0.096;;
966771;unknown;control;2022-10-16 21:15:00+00:00;0.103;;
966771;unknown;control;2022-10-16 21:30:00+00:00;0.106;;
966771;unknown;control;2022-10-16 21:45:00+00:00;0.093;;
966771;unknown;control;2022-10-16 22:00:00+00:00;0.102;;
966771;unknown;control;2022-10-16 22:15:00+00:00;0.106;;
966771;unknown;control;2022-10-16 22:30:00+00:00;0.096;;
966771;unknown;control;2022-10-16 22:45:00+00:00;0.102;;
966771;unknown;control;2022-10-16 23:00:00+00:00;0.096;;
966771;unknown;control;2022-10-16 23:15:00+00:00;0.099;;
966771;unknown;control;2022-10-16 23:30:00+00:00;1.333;;
966771;unknown;control;2022-10-16 23:45:00+00:00;1.287;;
966771;unknown;control;2022-10-17 00:00:00+00:00;1.313;;
966771;unknown;control;2022-10-17 00:15:00+00:00;1.326;;
966771;unknown;control;2022-10-17 00:30:00+00:00;1.296;;
966771;unknown;control;2022-10-17 00:45:00+00:00;1.325;;
966771;unknown;control;2022-10-17 01:00:00+00:00;1.34;;
966771;unknown;control;2022-10-17 01:15:00+00:00;1.338;;
966771;unknown;control;2022-10-17 01:30:00+00:00;1.335;;
966771;unknown;control;2022-10-17 01:45:00+00:00;1.336;;
966771;unknown;control;2022-10-17 02:00:00+00:00;0.856;;
966771;unknown;control;2022-10-17 02:15:00+00:00;0.103;;
966771;unknown;control;2022-10-17 02:30:00+00:00;0.104;;
966771;unknown;control;2022-10-17 02:45:00+00:00;0.107;;
966771;unknown;control;2022-10-17 03:00:00+00:00;0.108;;
966771;unknown;control;2022-10-17 03:15:00+00:00;0.094;;
966771;unknown;control;2022-10-17 03:30:00+00:00;0.098;;
966771;unknown;control;2022-10-17 03:45:00+00:00;0.103;;
966771;unknown;control;2022-10-17 04:00:00+00:00;0.096;;
966771;unknown;control;2022-10-17 04:15:00+00:00;0.099;;
966771;unknown;control;2022-10-17 04:30:00+00:00;0.103;;
966771;unknown;control;2022-10-17 04:45:00+00:00;0.107;;
966771;unknown;control;2022-10-17 05:00:00+00:00;0.12;;
966771;unknown;control;2022-10-17 05:15:00+00:00;0.112;;
966771;unknown;control;2022-10-17 05:30:00+00:00;0.104;;
966771;unknown;control;2022-10-17 05:45:00+00:00;0.116;;
966771;unknown;control;2022-10-17 06:00:00+00:00;0.488;;
966771;unknown;control;2022-10-17 06:15:00+00:00;0.137;;
966771;unknown;control;2022-10-17 06:30:00+00:00;0.129;;
966771;unknown;control;2022-10-17 06:45:00+00:00;0.147;;
966771;unknown;control;2022-10-17 07:00:00+00:00;0.438;;
966771;unknown;control;2022-10-17 07:15:00+00:00;0.454;;
966771;unknown;control;2022-10-17 07:30:00+00:00;0.162;;
966771;unknown;control;2022-10-17 07:45:00+00:00;0.141;;
966771;unknown;control;2022-10-17 08:00:00+00:00;0.121;;
966771;unknown;control;2022-10-17 08:15:00+00:00;0.196;;
966771;unknown;control;2022-10-17 08:30:00+00:00;0.218;;
966771;unknown;control;2022-10-17 08:45:00+00:00;0.121;;
966771;unknown;control;2022-10-17 09:00:00+00:00;0.101;;
966771;unknown;control;2022-10-17 09:15:00+00:00;0.162;;
966771;unknown;control;2022-10-17 09:30:00+00:00;0.479;;
966771;unknown;control;2022-10-17 09:45:00+00:00;0.57;;
966771;unknown;control;2022-10-17 10:00:00+00:00;0.119;;
966771;unknown;control;2022-10-17 10:15:00+00:00;0.106;;
966771;unknown;control;2022-10-17 10:30:00+00:00;0.115;;
966771;unknown;control;2022-10-17 10:45:00+00:00;0.106;;
966771;unknown;control;2022-10-17 11:00:00+00:00;0.095;;
966771;unknown;control;2022-10-17 11:15:00+00:00;0.103;;
966771;unknown;control;2022-10-17 11:30:00+00:00;0.096;;
966771;unknown;control;2022-10-17 11:45:00+00:00;0.093;;
966771;unknown;control;2022-10-17 12:00:00+00:00;0.105;;
966771;unknown;control;2022-10-17 12:15:00+00:00;0.089;;
966771;unknown;control;2022-10-17 12:30:00+00:00;0.09;;
966771;unknown;control;2022-10-17 12:45:00+00:00;0.101;;
966771;unknown;control;2022-10-17 13:00:00+00:00;0.089;;
966771;unknown;control;2022-10-17 13:15:00+00:00;0.372;;
966771;unknown;control;2022-10-17 13:30:00+00:00;0.812;;
966771;unknown;control;2022-10-17 13:45:00+00:00;0.204;;
966771;unknown;control;2022-10-17 14:00:00+00:00;0.168;;
966771;unknown;control;2022-10-17 14:15:00+00:00;0.137;;
966771;unknown;control;2022-10-17 14:30:00+00:00;0.174;;
966771;unknown;control;2022-10-17 14:45:00+00:00;0.235;;
966771;unknown;control;2022-10-17 15:00:00+00:00;0.258;;
966771;unknown;control;2022-10-17 15:15:00+00:00;0.277;;
966771;unknown;control;2022-10-17 15:30:00+00:00;0.291;;
966771;unknown;control;2022-10-17 15:45:00+00:00;0.275;;
966771;unknown;control;2022-10-17 16:00:00+00:00;0.16;;
966771;unknown;control;2022-10-17 16:15:00+00:00;0.242;;
966771;unknown;control;2022-10-17 16:30:00+00:00;0.268;;
966771;unknown;control;2022-10-17 16:45:00+00:00;0.273;;
966771;unknown;control;2022-10-17 17:00:00+00:00;0.157;;
966771;unknown;control;2022-10-17 17:15:00+00:00;0.113;;
966771;unknown;control;2022-10-17 17:30:00+00:00;0.113;;
966771;unknown;control;2022-10-17 17:45:00+00:00;0.117;;
966771;unknown;control;2022-10-17 18:00:00+00:00;0.122;;
966771;unknown;control;2022-10-17 18:15:00+00:00;0.228;;
966771;unknown;control;2022-10-17 18:30:00+00:00;0.178;;
966771;unknown;control;2022-10-17 18:45:00+00:00;0.19;;
966771;unknown;control;2022-10-17 19:00:00+00:00;0.192;;
966771;unknown;control;2022-10-17 19:15:00+00:00;0.192;;
966771;unknown;control;2022-10-17 19:30:00+00:00;0.183;;
966771;unknown;control;2022-10-17 19:45:00+00:00;0.183;;
966771;unknown;control;2022-10-17 20:00:00+00:00;0.175;;
966771;unknown;control;2022-10-17 20:15:00+00:00;0.192;;
966771;unknown;control;2022-10-17 20:30:00+00:00;0.183;;
966771;unknown;control;2022-10-17 20:45:00+00:00;0.165;;
966771;unknown;control;2022-10-17 21:00:00+00:00;0.176;;
966771;unknown;control;2022-10-17 21:15:00+00:00;0.173;;
966771;unknown;control;2022-10-17 21:30:00+00:00;0.144;;
966771;unknown;control;2022-10-17 21:45:00+00:00;0.125;;
966771;unknown;control;2022-10-17 22:00:00+00:00;0.107;;
966771;unknown;control;2022-10-17 22:15:00+00:00;0.098;;
966771;unknown;control;2022-10-17 22:30:00+00:00;0.108;;
966771;unknown;control;2022-10-17 22:45:00+00:00;0.103;;
966771;unknown;control;2022-10-17 23:00:00+00:00;0.099;;
966771;unknown;control;2022-10-17 23:15:00+00:00;0.105;;
966771;unknown;control;2022-10-17 23:30:00+00:00;1.343;;
966771;unknown;control;2022-10-17 23:45:00+00:00;1.3;;
966771;unknown;control;2022-10-18 00:00:00+00:00;1.304;;
966771;unknown;control;2022-10-18 00:15:00+00:00;1.317;;
966771;unknown;control;2022-10-18 00:30:00+00:00;1.327;;
966771;unknown;control;2022-10-18 00:45:00+00:00;1.344;;
966771;unknown;control;2022-10-18 01:00:00+00:00;1.361;;
966771;unknown;control;2022-10-18 01:15:00+00:00;1.381;;
966771;unknown;control;2022-10-18 01:30:00+00:00;1.358;;
966771;unknown;control;2022-10-18 01:45:00+00:00;1.023;;
966771;unknown;control;2022-10-18 02:00:00+00:00;0.11;;
966771;unknown;control;2022-10-18 02:15:00+00:00;0.102;;
966771;unknown;control;2022-10-18 02:30:00+00:00;0.098;;
966771;unknown;control;2022-10-18 02:45:00+00:00;0.106;;
966771;unknown;control;2022-10-18 03:00:00+00:00;0.101;;
966771;unknown;control;2022-10-18 03:15:00+00:00;0.109;;
966771;unknown;control;2022-10-18 03:30:00+00:00;0.103;;
966771;unknown;control;2022-10-18 03:45:00+00:00;0.098;;
966771;unknown;control;2022-10-18 04:00:00+00:00;0.108;;
966771;unknown;control;2022-10-18 04:15:00+00:00;0.114;;
966771;unknown;control;2022-10-18 04:30:00+00:00;0.117;;
966771;unknown;control;2022-10-18 04:45:00+00:00;0.391;;
966771;unknown;control;2022-10-18 05:00:00+00:00;0.716;;
966771;unknown;control;2022-10-18 05:15:00+00:00;0.135;;
966771;unknown;control;2022-10-18 05:30:00+00:00;0.147;;
966771;unknown;control;2022-10-18 05:45:00+00:00;0.149;;
966771;unknown;control;2022-10-18 06:00:00+00:00;0.169;;
966771;unknown;control;2022-10-18 06:15:00+00:00;0.232;;
966771;unknown;control;2022-10-18 06:30:00+00:00;0.261;;
966771;unknown;control;2022-10-18 06:45:00+00:00;0.272;;
966771;unknown;control;2022-10-18 07:00:00+00:00;0.325;;
966771;unknown;control;2022-10-18 07:15:00+00:00;0.711;;
966771;unknown;control;2022-10-18 07:30:00+00:00;0.174;;
966771;unknown;control;2022-10-18 07:45:00+00:00;0.122;;
966771;unknown;control;2022-10-18 08:00:00+00:00;0.116;;
966771;unknown;control;2022-10-18 08:15:00+00:00;0.135;;
966771;unknown;control;2022-10-18 08:30:00+00:00;0.102;;
966771;unknown;control;2022-10-18 08:45:00+00:00;0.228;;
966771;unknown;control;2022-10-18 09:00:00+00:00;0.141;;
966771;unknown;control;2022-10-18 09:15:00+00:00;0.097;;
966771;unknown;control;2022-10-18 09:30:00+00:00;0.298;;
966771;unknown;control;2022-10-18 09:45:00+00:00;0.509;;
966771;unknown;control;2022-10-18 10:00:00+00:00;0.097;;
966771;unknown;control;2022-10-18 10:15:00+00:00;0.114;;
966771;unknown;control;2022-10-18 10:30:00+00:00;0.11;;
966771;unknown;control;2022-10-18 10:45:00+00:00;0.318;;
966771;unknown;control;2022-10-18 11:00:00+00:00;0.489;;
966771;unknown;control;2022-10-18 11:15:00+00:00;0.119;;
966771;unknown;control;2022-10-18 11:30:00+00:00;0.102;;
966771;unknown;control;2022-10-18 11:45:00+00:00;0.419;;
966771;unknown;control;2022-10-18 12:00:00+00:00;0.254;;
966771;unknown;control;2022-10-18 12:15:00+00:00;0.094;;
966771;unknown;control;2022-10-18 12:30:00+00:00;0.098;;
966771;unknown;control;2022-10-18 12:45:00+00:00;0.095;;
966771;unknown;control;2022-10-18 13:00:00+00:00;0.095;;
966771;unknown;control;2022-10-18 13:15:00+00:00;0.098;;
966771;unknown;control;2022-10-18 13:30:00+00:00;0.089;;
966771;unknown;control;2022-10-18 13:45:00+00:00;0.094;;
966771;unknown;control;2022-10-18 14:00:00+00:00;0.11;;
966771;unknown;control;2022-10-18 14:15:00+00:00;0.208;;
966771;unknown;control;2022-10-18 14:30:00+00:00;0.149;;
966771;unknown;control;2022-10-18 14:45:00+00:00;0.116;;
966771;unknown;control;2022-10-18 15:00:00+00:00;0.114;;
966771;unknown;control;2022-10-18 15:15:00+00:00;0.099;;
966771;unknown;control;2022-10-18 15:30:00+00:00;0.104;;
966771;unknown;control;2022-10-18 15:45:00+00:00;0.096;;
966771;unknown;control;2022-10-18 16:00:00+00:00;0.113;;
966771;unknown;control;2022-10-18 16:15:00+00:00;0.135;;
966771;unknown;control;2022-10-18 16:30:00+00:00;0.13;;
966771;unknown;control;2022-10-18 16:45:00+00:00;0.147;;
966771;unknown;control;2022-10-18 17:00:00+00:00;0.387;;
966771;unknown;control;2022-10-18 17:15:00+00:00;0.15;;
966771;unknown;control;2022-10-18 17:30:00+00:00;0.132;;
966771;unknown;control;2022-10-18 17:45:00+00:00;0.106;;
966771;unknown;control;2022-10-18 18:00:00+00:00;0.097;;
966771;unknown;control;2022-10-18 18:15:00+00:00;0.147;;
966771;unknown;control;2022-10-18 18:30:00+00:00;0.13;;
966771;unknown;control;2022-10-18 18:45:00+00:00;0.117;;
966771;unknown;control;2022-10-18 19:00:00+00:00;0.103;;
966771;unknown;control;2022-10-18 19:15:00+00:00;0.102;;
966771;unknown;control;2022-10-18 19:30:00+00:00;0.095;;
966771;unknown;control;2022-10-18 19:45:00+00:00;0.11;;
966771;unknown;control;2022-10-18 20:00:00+00:00;0.129;;
966771;unknown;control;2022-10-18 20:15:00+00:00;0.116;;
966771;unknown;control;2022-10-18 20:30:00+00:00;0.092;;
966771;unknown;control;2022-10-18 20:45:00+00:00;0.099;;
966771;unknown;control;2022-10-18 21:00:00+00:00;0.097;;
966771;unknown;control;2022-10-18 21:15:00+00:00;0.098;;
966771;unknown;control;2022-10-18 21:30:00+00:00;0.101;;
966771;unknown;control;2022-10-18 21:45:00+00:00;0.096;;
966771;unknown;control;2022-10-18 22:00:00+00:00;0.1;;
966771;unknown;control;2022-10-18 22:15:00+00:00;0.098;;
966771;unknown;control;2022-10-18 22:30:00+00:00;0.102;;
966771;unknown;control;2022-10-18 22:45:00+00:00;0.102;;
966771;unknown;control;2022-10-18 23:00:00+00:00;0.097;;
966771;unknown;control;2022-10-18 23:15:00+00:00;0.091;;
966771;unknown;control;2022-10-18 23:30:00+00:00;1.353;;
966771;unknown;control;2022-10-18 23:45:00+00:00;1.292;;
966771;unknown;control;2022-10-19 00:00:00+00:00;1.303;;
966771;unknown;control;2022-10-19 00:15:00+00:00;1.338;;
966771;unknown;control;2022-10-19 00:30:00+00:00;1.339;;
966771;unknown;control;2022-10-19 00:45:00+00:00;0.69;;
966771;unknown;control;2022-10-19 01:00:00+00:00;0.094;;
966771;unknown;control;2022-10-19 01:15:00+00:00;0.091;;
966771;unknown;control;2022-10-19 01:30:00+00:00;0.097;;
966771;unknown;control;2022-10-19 01:45:00+00:00;0.093;;
966771;unknown;control;2022-10-19 02:00:00+00:00;0.093;;
966771;unknown;control;2022-10-19 02:15:00+00:00;0.107;;
966771;unknown;control;2022-10-19 02:30:00+00:00;0.096;;
966771;unknown;control;2022-10-19 02:45:00+00:00;0.095;;
966771;unknown;control;2022-10-19 03:00:00+00:00;0.105;;
966771;unknown;control;2022-10-19 03:15:00+00:00;0.095;;
966771;unknown;control;2022-10-19 03:30:00+00:00;0.092;;
966771;unknown;control;2022-10-19 03:45:00+00:00;0.094;;
966771;unknown;control;2022-10-19 04:00:00+00:00;0.104;;
966771;unknown;control;2022-10-19 04:15:00+00:00;0.096;;
966771;unknown;control;2022-10-19 04:30:00+00:00;0.105;;
966771;unknown;control;2022-10-19 04:45:00+00:00;0.116;;
966771;unknown;control;2022-10-19 05:00:00+00:00;0.111;;
966771;unknown;control;2022-10-19 05:15:00+00:00;0.112;;
966771;unknown;control;2022-10-19 05:30:00+00:00;0.118;;
966771;unknown;control;2022-10-19 05:45:00+00:00;0.119;;
966771;unknown;control;2022-10-19 06:00:00+00:00;0.105;;
966771;unknown;control;2022-10-19 06:15:00+00:00;0.093;;
966771;unknown;control;2022-10-19 06:30:00+00:00;0.108;;
966771;unknown;control;2022-10-19 06:45:00+00:00;0.096;;
966771;unknown;control;2022-10-19 07:00:00+00:00;0.498;;
966771;unknown;control;2022-10-19 07:15:00+00:00;0.122;;
966771;unknown;control;2022-10-19 07:30:00+00:00;0.133;;
966771;unknown;control;2022-10-19 07:45:00+00:00;0.152;;
966771;unknown;control;2022-10-19 08:00:00+00:00;0.2;;
966771;unknown;control;2022-10-19 08:15:00+00:00;0.273;;
966771;unknown;control;2022-10-19 08:30:00+00:00;0.407;;
966771;unknown;control;2022-10-19 08:45:00+00:00;0.211;;
966771;unknown;control;2022-10-19 09:00:00+00:00;0.217;;
966771;unknown;control;2022-10-19 09:15:00+00:00;0.324;;
966771;unknown;control;2022-10-19 09:30:00+00:00;0.615;;
966771;unknown;control;2022-10-19 09:45:00+00:00;0.492;;
966771;unknown;control;2022-10-19 10:00:00+00:00;0.253;;
966771;unknown;control;2022-10-19 10:15:00+00:00;0.129;;
966771;unknown;control;2022-10-19 10:30:00+00:00;0.105;;
966771;unknown;control;2022-10-19 10:45:00+00:00;0.122;;
966771;unknown;control;2022-10-19 11:00:00+00:00;0.345;;
966771;unknown;control;2022-10-19 11:15:00+00:00;0.304;;
966771;unknown;control;2022-10-19 11:30:00+00:00;0.249;;
966771;unknown;control;2022-10-19 11:45:00+00:00;0.334;;
966771;unknown;control;2022-10-19 12:00:00+00:00;0.243;;
966771;unknown;control;2022-10-19 12:15:00+00:00;0.18;;
966771;unknown;control;2022-10-19 12:30:00+00:00;0.097;;
966771;unknown;control;2022-10-19 12:45:00+00:00;0.106;;
966771;unknown;control;2022-10-19 13:00:00+00:00;0.094;;
966771;unknown;control;2022-10-19 13:15:00+00:00;0.101;;
966771;unknown;control;2022-10-19 13:30:00+00:00;0.118;;
966771;unknown;control;2022-10-19 13:45:00+00:00;0.103;;
966771;unknown;control;2022-10-19 14:00:00+00:00;0.112;;
966771;unknown;control;2022-10-19 14:15:00+00:00;0.116;;
966771;unknown;control;2022-10-19 14:30:00+00:00;0.118;;
966771;unknown;control;2022-10-19 14:45:00+00:00;0.122;;
966771;unknown;control;2022-10-19 15:00:00+00:00;0.122;;
966771;unknown;control;2022-10-19 15:15:00+00:00;0.127;;
966771;unknown;control;2022-10-19 15:30:00+00:00;0.22;;
966771;unknown;control;2022-10-19 15:45:00+00:00;0.109;;
966771;unknown;control;2022-10-19 16:00:00+00:00;0.103;;
966771;unknown;control;2022-10-19 16:15:00+00:00;0.104;;
966771;unknown;control;2022-10-19 16:30:00+00:00;0.101;;
966771;unknown;control;2022-10-19 16:45:00+00:00;0.1;;
966771;unknown;control;2022-10-19 17:00:00+00:00;0.103;;
966771;unknown;control;2022-10-19 17:15:00+00:00;0.095;;
966771;unknown;control;2022-10-19 17:30:00+00:00;0.101;;
966771;unknown;control;2022-10-19 17:45:00+00:00;0.101;;
966771;unknown;control;2022-10-19 18:00:00+00:00;0.094;;
966771;unknown;control;2022-10-19 18:15:00+00:00;0.099;;
966771;unknown;control;2022-10-19 18:30:00+00:00;0.097;;
966771;unknown;control;2022-10-19 18:45:00+00:00;0.12;;
966771;unknown;control;2022-10-19 19:00:00+00:00;0.149;;
966771;unknown;control;2022-10-19 19:15:00+00:00;0.17;;
966771;unknown;control;2022-10-19 19:30:00+00:00;0.173;;
966771;unknown;control;2022-10-19 19:45:00+00:00;0.18;;
966771;unknown;control;2022-10-19 20:00:00+00:00;0.172;;
966771;unknown;control;2022-10-19 20:15:00+00:00;0.111;;
966771;unknown;control;2022-10-19 20:30:00+00:00;0.104;;
966771;unknown;control;2022-10-19 20:45:00+00:00;0.099;;
966771;unknown;control;2022-10-19 21:00:00+00:00;0.109;;
966771;unknown;control;2022-10-19 21:15:00+00:00;0.114;;
966771;unknown;control;2022-10-19 21:30:00+00:00;0.096;;
966771;unknown;control;2022-10-19 21:45:00+00:00;0.104;;
966771;unknown;control;2022-10-19 22:00:00+00:00;0.096;;
966771;unknown;control;2022-10-19 22:15:00+00:00;0.1;;
966771;unknown;control;2022-10-19 22:30:00+00:00;0.099;;
966771;unknown;control;2022-10-19 22:45:00+00:00;0.091;;
966771;unknown;control;2022-10-19 23:00:00+00:00;0.1;;
966771;unknown;control;2022-10-19 23:15:00+00:00;0.098;;
966771;unknown;control;2022-10-19 23:30:00+00:00;1.32;;
966771;unknown;control;2022-10-19 23:45:00+00:00;1.285;;
966771;unknown;control;2022-10-20 00:00:00+00:00;1.282;;
966771;unknown;control;2022-10-20 00:15:00+00:00;1.293;;
966771;unknown;control;2022-10-20 00:30:00+00:00;1.322;;
966771;unknown;control;2022-10-20 00:45:00+00:00;0.198;;
966771;unknown;control;2022-10-20 01:00:00+00:00;0.091;;
966771;unknown;control;2022-10-20 01:15:00+00:00;0.102;;
966771;unknown;control;2022-10-20 01:30:00+00:00;0.093;;
966771;unknown;control;2022-10-20 01:45:00+00:00;0.091;;
966771;unknown;control;2022-10-20 02:00:00+00:00;0.103;;
966771;unknown;control;2022-10-20 02:15:00+00:00;0.095;;
966771;unknown;control;2022-10-20 02:30:00+00:00;0.097;;
966771;unknown;control;2022-10-20 02:45:00+00:00;0.098;;
966771;unknown;control;2022-10-20 03:00:00+00:00;0.093;;
966771;unknown;control;2022-10-20 03:15:00+00:00;0.099;;
966771;unknown;control;2022-10-20 03:30:00+00:00;0.106;;
966771;unknown;control;2022-10-20 03:45:00+00:00;0.091;;
966771;unknown;control;2022-10-20 04:00:00+00:00;0.103;;
966771;unknown;control;2022-10-20 04:15:00+00:00;0.094;;
966771;unknown;control;2022-10-20 04:30:00+00:00;0.112;;
966771;unknown;control;2022-10-20 04:45:00+00:00;0.116;;
966771;unknown;control;2022-10-20 05:00:00+00:00;0.11;;
966771;unknown;control;2022-10-20 05:15:00+00:00;0.116;;
966771;unknown;control;2022-10-20 05:30:00+00:00;0.131;;
966771;unknown;control;2022-10-20 05:45:00+00:00;0.09;;
966771;unknown;control;2022-10-20 06:00:00+00:00;0.106;;
966771;unknown;control;2022-10-20 06:15:00+00:00;0.289;;
966771;unknown;control;2022-10-20 06:30:00+00:00;0.514;;
966771;unknown;control;2022-10-20 06:45:00+00:00;0.117;;
966771;unknown;control;2022-10-20 07:00:00+00:00;0.114;;
966771;unknown;control;2022-10-20 07:15:00+00:00;0.464;;
966771;unknown;control;2022-10-20 07:30:00+00:00;0.178;;
966771;unknown;control;2022-10-20 07:45:00+00:00;0.1;;
966771;unknown;control;2022-10-20 08:00:00+00:00;0.112;;
966771;unknown;control;2022-10-20 08:15:00+00:00;0.108;;
966771;unknown;control;2022-10-20 08:30:00+00:00;0.096;;
966771;unknown;control;2022-10-20 08:45:00+00:00;0.096;;
966771;unknown;control;2022-10-20 09:00:00+00:00;0.096;;
966771;unknown;control;2022-10-20 09:15:00+00:00;0.091;;
966771;unknown;control;2022-10-20 09:30:00+00:00;0.241;;
966771;unknown;control;2022-10-20 09:45:00+00:00;0.451;;
966771;unknown;control;2022-10-20 10:00:00+00:00;0.485;;
966771;unknown;control;2022-10-20 10:15:00+00:00;0.295;;
966771;unknown;control;2022-10-20 10:30:00+00:00;0.096;;
966771;unknown;control;2022-10-20 10:45:00+00:00;0.12;;
966771;unknown;control;2022-10-20 11:00:00+00:00;0.139;;
966771;unknown;control;2022-10-20 11:15:00+00:00;0.093;;
966771;unknown;control;2022-10-20 11:30:00+00:00;0.098;;
966771;unknown;control;2022-10-20 11:45:00+00:00;0.1;;
966771;unknown;control;2022-10-20 12:00:00+00:00;0.121;;
966771;unknown;control;2022-10-20 12:15:00+00:00;0.094;;
966771;unknown;control;2022-10-20 12:30:00+00:00;0.098;;
966771;unknown;control;2022-10-20 12:45:00+00:00;0.088;;
966771;unknown;control;2022-10-20 13:00:00+00:00;0.093;;
966771;unknown;control;2022-10-20 13:15:00+00:00;0.095;;
966771;unknown;control;2022-10-20 13:30:00+00:00;0.09;;
966771;unknown;control;2022-10-20 13:45:00+00:00;0.096;;
966771;unknown;control;2022-10-20 14:00:00+00:00;0.09;;
966771;unknown;control;2022-10-20 14:15:00+00:00;0.098;;
966771;unknown;control;2022-10-20 14:30:00+00:00;0.105;;
966771;unknown;control;2022-10-20 14:45:00+00:00;0.097;;
966771;unknown;control;2022-10-20 15:00:00+00:00;0.17;;
966771;unknown;control;2022-10-20 15:15:00+00:00;0.252;;
966771;unknown;control;2022-10-20 15:30:00+00:00;0.238;;
966771;unknown;control;2022-10-20 15:45:00+00:00;0.247;;
966771;unknown;control;2022-10-20 16:00:00+00:00;0.27;;
966771;unknown;control;2022-10-20 16:15:00+00:00;0.271;;
966771;unknown;control;2022-10-20 16:30:00+00:00;0.277;;
966771;unknown;control;2022-10-20 16:45:00+00:00;0.267;;
966771;unknown;control;2022-10-20 17:00:00+00:00;0.262;;
966771;unknown;control;2022-10-20 17:15:00+00:00;0.27;;
966771;unknown;control;2022-10-20 17:30:00+00:00;0.265;;
966771;unknown;control;2022-10-20 17:45:00+00:00;0.269;;
966771;unknown;control;2022-10-20 18:00:00+00:00;0.3;;
966771;unknown;control;2022-10-20 18:15:00+00:00;0.792;;
966771;unknown;control;2022-10-20 18:30:00+00:00;0.266;;
966771;unknown;control;2022-10-20 18:45:00+00:00;0.27;;
966771;unknown;control;2022-10-20 19:00:00+00:00;0.252;;
966771;unknown;control;2022-10-20 19:15:00+00:00;0.262;;
966771;unknown;control;2022-10-20 19:30:00+00:00;0.255;;
966771;unknown;control;2022-10-20 19:45:00+00:00;0.258;;
966771;unknown;control;2022-10-20 20:00:00+00:00;0.247;;
966771;unknown;control;2022-10-20 20:15:00+00:00;0.199;;
966771;unknown;control;2022-10-20 20:30:00+00:00;0.389;;
966771;unknown;control;2022-10-20 20:45:00+00:00;0.339;;
966771;unknown;control;2022-10-20 21:00:00+00:00;0.108;;
966771;unknown;control;2022-10-20 21:15:00+00:00;0.108;;
966771;unknown;control;2022-10-20 21:30:00+00:00;0.574;;
966771;unknown;control;2022-10-20 21:45:00+00:00;0.117;;
966771;unknown;control;2022-10-20 22:00:00+00:00;0.098;;
966771;unknown;control;2022-10-20 22:15:00+00:00;0.108;;
966771;unknown;control;2022-10-20 22:30:00+00:00;0.096;;
966771;unknown;control;2022-10-20 22:45:00+00:00;0.098;;
966771;unknown;control;2022-10-20 23:00:00+00:00;0.097;;
966771;unknown;control;2022-10-20 23:15:00+00:00;0.089;;
966771;unknown;control;2022-10-20 23:30:00+00:00;1.326;;
966771;unknown;control;2022-10-20 23:45:00+00:00;1.285;;
966771;unknown;control;2022-10-21 00:00:00+00:00;1.279;;
966771;unknown;control;2022-10-21 00:15:00+00:00;1.303;;
966771;unknown;control;2022-10-21 00:30:00+00:00;1.311;;
966771;unknown;control;2022-10-21 00:45:00+00:00;1.329;;
966771;unknown;control;2022-10-21 01:00:00+00:00;0.972;;
966771;unknown;control;2022-10-21 01:15:00+00:00;0.092;;
966771;unknown;control;2022-10-21 01:30:00+00:00;0.095;;
966771;unknown;control;2022-10-21 01:45:00+00:00;0.099;;
966771;unknown;control;2022-10-21 02:00:00+00:00;0.092;;
966771;unknown;control;2022-10-21 02:15:00+00:00;0.1;;
966771;unknown;control;2022-10-21 02:30:00+00:00;0.855;;
966771;unknown;control;2022-10-21 02:45:00+00:00;0.236;;
966771;unknown;control;2022-10-21 03:00:00+00:00;0.111;;
966771;unknown;control;2022-10-21 03:15:00+00:00;0.114;;
966771;unknown;control;2022-10-21 03:30:00+00:00;0.109;;
966771;unknown;control;2022-10-21 03:45:00+00:00;0.12;;
966771;unknown;control;2022-10-21 04:00:00+00:00;0.125;;
966771;unknown;control;2022-10-21 04:15:00+00:00;0.11;;
966771;unknown;control;2022-10-21 04:30:00+00:00;0.157;;
966771;unknown;control;2022-10-21 04:45:00+00:00;0.118;;
966771;unknown;control;2022-10-21 05:00:00+00:00;0.12;;
966771;unknown;control;2022-10-21 05:15:00+00:00;0.12;;
966771;unknown;control;2022-10-21 05:30:00+00:00;0.115;;
966771;unknown;control;2022-10-21 05:45:00+00:00;0.115;;
966771;unknown;control;2022-10-21 06:00:00+00:00;0.114;;
966771;unknown;control;2022-10-21 06:15:00+00:00;0.122;;
966771;unknown;control;2022-10-21 06:30:00+00:00;0.141;;
966771;unknown;control;2022-10-21 06:45:00+00:00;0.124;;
966771;unknown;control;2022-10-21 07:00:00+00:00;0.116;;
966771;unknown;control;2022-10-21 07:15:00+00:00;0.115;;
966771;unknown;control;2022-10-21 07:30:00+00:00;0.117;;
966771;unknown;control;2022-10-21 07:45:00+00:00;0.126;;
966771;unknown;control;2022-10-21 08:00:00+00:00;0.122;;
966771;unknown;control;2022-10-21 08:15:00+00:00;0.109;;
966771;unknown;control;2022-10-21 08:30:00+00:00;0.106;;
966771;unknown;control;2022-10-21 08:45:00+00:00;0.114;;
966771;unknown;control;2022-10-21 09:00:00+00:00;0.104;;
966771;unknown;control;2022-10-21 09:15:00+00:00;0.877;;
966771;unknown;control;2022-10-21 09:30:00+00:00;0.377;;
966771;unknown;control;2022-10-21 09:45:00+00:00;0.18;;
966771;unknown;control;2022-10-21 10:00:00+00:00;0.124;;
966771;unknown;control;2022-10-21 10:15:00+00:00;0.142;;
966771;unknown;control;2022-10-21 10:30:00+00:00;0.114;;
966771;unknown;control;2022-10-21 10:45:00+00:00;0.125;;
966771;unknown;control;2022-10-21 11:00:00+00:00;0.119;;
966771;unknown;control;2022-10-21 11:15:00+00:00;0.114;;
966771;unknown;control;2022-10-21 11:30:00+00:00;0.151;;
966771;unknown;control;2022-10-21 11:45:00+00:00;0.149;;
966771;unknown;control;2022-10-21 12:00:00+00:00;0.122;;
966771;unknown;control;2022-10-21 12:15:00+00:00;0.116;;
966771;unknown;control;2022-10-21 12:30:00+00:00;0.095;;
966771;unknown;control;2022-10-21 12:45:00+00:00;0.099;;
966771;unknown;control;2022-10-21 13:00:00+00:00;0.21;;
966771;unknown;control;2022-10-21 13:15:00+00:00;0.114;;
966771;unknown;control;2022-10-21 13:30:00+00:00;0.137;;
966771;unknown;control;2022-10-21 13:45:00+00:00;0.136;;
966771;unknown;control;2022-10-21 14:00:00+00:00;0.122;;
966771;unknown;control;2022-10-21 14:15:00+00:00;0.128;;
966771;unknown;control;2022-10-21 14:30:00+00:00;0.114;;
966771;unknown;control;2022-10-21 14:45:00+00:00;0.099;;
966771;unknown;control;2022-10-21 15:00:00+00:00;0.263;;
966771;unknown;control;2022-10-21 15:15:00+00:00;0.192;;
966771;unknown;control;2022-10-21 15:30:00+00:00;0.118;;
966771;unknown;control;2022-10-21 15:45:00+00:00;0.264;;
966771;unknown;control;2022-10-21 16:00:00+00:00;0.377;;
966771;unknown;control;2022-10-21 16:15:00+00:00;0.186;;
966771;unknown;control;2022-10-21 16:30:00+00:00;0.139;;
966771;unknown;control;2022-10-21 16:45:00+00:00;0.167;;
966771;unknown;control;2022-10-21 17:00:00+00:00;0.198;;
966771;unknown;control;2022-10-21 17:15:00+00:00;0.206;;
966771;unknown;control;2022-10-21 17:30:00+00:00;0.199;;
966771;unknown;control;2022-10-21 17:45:00+00:00;0.227;;
966771;unknown;control;2022-10-21 18:00:00+00:00;0.203;;
966771;unknown;control;2022-10-21 18:15:00+00:00;0.192;;
966771;unknown;control;2022-10-21 18:30:00+00:00;0.202;;
966771;unknown;control;2022-10-21 18:45:00+00:00;0.215;;
966771;unknown;control;2022-10-21 19:00:00+00:00;0.186;;
966771;unknown;control;2022-10-21 19:15:00+00:00;0.188;;
966771;unknown;control;2022-10-21 19:30:00+00:00;0.186;;
966771;unknown;control;2022-10-21 19:45:00+00:00;0.19;;
966771;unknown;control;2022-10-21 20:00:00+00:00;0.198;;
966771;unknown;control;2022-10-21 20:15:00+00:00;0.179;;
966771;unknown;control;2022-10-21 20:30:00+00:00;0.171;;
966771;unknown;control;2022-10-21 20:45:00+00:00;0.183;;
966771;unknown;control;2022-10-21 21:00:00+00:00;0.161;;
966771;unknown;control;2022-10-21 21:15:00+00:00;0.143;;
966771;unknown;control;2022-10-21 21:30:00+00:00;0.151;;
966771;unknown;control;2022-10-21 21:45:00+00:00;0.148;;
966771;unknown;control;2022-10-21 22:00:00+00:00;0.146;;
966771;unknown;control;2022-10-21 22:15:00+00:00;0.197;;
966771;unknown;control;2022-10-21 22:30:00+00:00;0.145;;
966771;unknown;control;2022-10-21 22:45:00+00:00;0.116;;
966771;unknown;control;2022-10-21 23:00:00+00:00;0.121;;
966771;unknown;control;2022-10-21 23:15:00+00:00;0.113;;
966771;unknown;control;2022-10-21 23:30:00+00:00;1.342;;
966771;unknown;control;2022-10-21 23:45:00+00:00;1.3;;
966771;unknown;control;2022-10-22 00:00:00+00:00;1.32;;
966771;unknown;control;2022-10-22 00:15:00+00:00;1.328;;
966771;unknown;control;2022-10-22 00:30:00+00:00;1.334;;
966771;unknown;control;2022-10-22 00:45:00+00:00;1.039;;
966771;unknown;control;2022-10-22 01:00:00+00:00;0.102;;
966771;unknown;control;2022-10-22 01:15:00+00:00;0.101;;
966771;unknown;control;2022-10-22 01:30:00+00:00;0.107;;
966771;unknown;control;2022-10-22 01:45:00+00:00;0.1;;
966771;unknown;control;2022-10-22 02:00:00+00:00;0.104;;
966771;unknown;control;2022-10-22 02:15:00+00:00;0.107;;
966771;unknown;control;2022-10-22 02:30:00+00:00;0.845;;
966771;unknown;control;2022-10-22 02:45:00+00:00;0.215;;
966771;unknown;control;2022-10-22 03:00:00+00:00;0.117;;
966771;unknown;control;2022-10-22 03:15:00+00:00;0.108;;
966771;unknown;control;2022-10-22 03:30:00+00:00;0.117;;
966771;unknown;control;2022-10-22 03:45:00+00:00;0.119;;
966771;unknown;control;2022-10-22 04:00:00+00:00;0.117;;
966771;unknown;control;2022-10-22 04:15:00+00:00;0.125;;
966771;unknown;control;2022-10-22 04:30:00+00:00;0.116;;
966771;unknown;control;2022-10-22 04:45:00+00:00;0.12;;
966771;unknown;control;2022-10-22 05:00:00+00:00;0.129;;
966771;unknown;control;2022-10-22 05:15:00+00:00;0.127;;
966771;unknown;control;2022-10-22 05:30:00+00:00;0.117;;
966771;unknown;control;2022-10-22 05:45:00+00:00;0.135;;
966771;unknown;control;2022-10-22 06:00:00+00:00;0.098;;
966771;unknown;control;2022-10-22 06:15:00+00:00;0.1;;
966771;unknown;control;2022-10-22 06:30:00+00:00;0.105;;
966771;unknown;control;2022-10-22 06:45:00+00:00;0.095;;
966771;unknown;control;2022-10-22 07:00:00+00:00;0.108;;
966771;unknown;control;2022-10-22 07:15:00+00:00;0.098;;
966771;unknown;control;2022-10-22 07:30:00+00:00;0.274;;
966771;unknown;control;2022-10-22 07:45:00+00:00;0.106;;
966771;unknown;control;2022-10-22 08:00:00+00:00;0.098;;
966771;unknown;control;2022-10-22 08:15:00+00:00;0.107;;
966771;unknown;control;2022-10-22 08:30:00+00:00;0.136;;
966771;unknown;control;2022-10-22 08:45:00+00:00;0.099;;
966771;unknown;control;2022-10-22 09:00:00+00:00;0.103;;
966771;unknown;control;2022-10-22 09:15:00+00:00;0.105;;
966771;unknown;control;2022-10-22 09:30:00+00:00;0.101;;
966771;unknown;control;2022-10-22 09:45:00+00:00;0.105;;
966771;unknown;control;2022-10-22 10:00:00+00:00;0.099;;
966771;unknown;control;2022-10-22 10:15:00+00:00;0.1;;
966771;unknown;control;2022-10-22 10:30:00+00:00;0.107;;
966771;unknown;control;2022-10-22 10:45:00+00:00;0.11;;
966771;unknown;control;2022-10-22 11:00:00+00:00;0.119;;
966771;unknown;control;2022-10-22 11:15:00+00:00;0.116;;
966771;unknown;control;2022-10-22 11:30:00+00:00;0.106;;
966771;unknown;control;2022-10-22 11:45:00+00:00;0.126;;
966771;unknown;control;2022-10-22 12:00:00+00:00;0.107;;
966771;unknown;control;2022-10-22 12:15:00+00:00;0.105;;
966771;unknown;control;2022-10-22 12:30:00+00:00;0.142;;
966771;unknown;control;2022-10-22 12:45:00+00:00;0.097;;
966771;unknown;control;2022-10-22 13:00:00+00:00;0.173;;
966771;unknown;control;2022-10-22 13:15:00+00:00;0.129;;
966771;unknown;control;2022-10-22 13:30:00+00:00;0.128;;
966771;unknown;control;2022-10-22 13:45:00+00:00;0.117;;
966771;unknown;control;2022-10-22 14:00:00+00:00;0.133;;
966771;unknown;control;2022-10-22 14:15:00+00:00;0.128;;
966771;unknown;control;2022-10-22 14:30:00+00:00;0.137;;
966771;unknown;control;2022-10-22 14:45:00+00:00;0.133;;
966771;unknown;control;2022-10-22 15:00:00+00:00;0.131;;
966771;unknown;control;2022-10-22 15:15:00+00:00;0.446;;
966771;unknown;control;2022-10-22 15:30:00+00:00;0.349;;
966771;unknown;control;2022-10-22 15:45:00+00:00;0.272;;
966771;unknown;control;2022-10-22 16:00:00+00:00;0.402;;
966771;unknown;control;2022-10-22 16:15:00+00:00;0.297;;
966771;unknown;control;2022-10-22 16:30:00+00:00;0.437;;
966771;unknown;control;2022-10-22 16:45:00+00:00;0.54;;
966771;unknown;control;2022-10-22 17:00:00+00:00;0.232;;
966771;unknown;control;2022-10-22 17:15:00+00:00;0.158;;
966771;unknown;control;2022-10-22 17:30:00+00:00;0.214;;
966771;unknown;control;2022-10-22 17:45:00+00:00;0.207;;
966771;unknown;control;2022-10-22 18:00:00+00:00;0.217;;
966771;unknown;control;2022-10-22 18:15:00+00:00;0.255;;
966771;unknown;control;2022-10-22 18:30:00+00:00;0.996;;
966771;unknown;control;2022-10-22 18:45:00+00:00;0.363;;
966771;unknown;control;2022-10-22 19:00:00+00:00;0.368;;
966771;unknown;control;2022-10-22 19:15:00+00:00;0.619;;
966771;unknown;control;2022-10-22 19:30:00+00:00;0.295;;
966771;unknown;control;2022-10-22 19:45:00+00:00;0.245;;
966771;unknown;control;2022-10-22 20:00:00+00:00;0.207;;
966771;unknown;control;2022-10-22 20:15:00+00:00;0.321;;
966771;unknown;control;2022-10-22 20:30:00+00:00;0.485;;
966771;unknown;control;2022-10-22 20:45:00+00:00;0.211;;
966771;unknown;control;2022-10-22 21:00:00+00:00;0.191;;
966771;unknown;control;2022-10-22 21:15:00+00:00;0.186;;
966771;unknown;control;2022-10-22 21:30:00+00:00;0.197;;
966771;unknown;control;2022-10-22 21:45:00+00:00;0.161;;
966771;unknown;control;2022-10-22 22:00:00+00:00;0.1;;
966771;unknown;control;2022-10-22 22:15:00+00:00;0.111;;
966771;unknown;control;2022-10-22 22:30:00+00:00;0.104;;
966771;unknown;control;2022-10-22 22:45:00+00:00;0.103;;
966771;unknown;control;2022-10-22 23:00:00+00:00;0.105;;
966771;unknown;control;2022-10-22 23:15:00+00:00;0.096;;
966771;unknown;control;2022-10-22 23:30:00+00:00;1.334;;
966771;unknown;control;2022-10-22 23:45:00+00:00;1.29;;
966771;unknown;control;2022-10-23 00:00:00+00:00;1.266;;
966771;unknown;control;2022-10-23 00:15:00+00:00;1.289;;
966771;unknown;control;2022-10-23 00:30:00+00:00;1.311;;
966771;unknown;control;2022-10-23 00:45:00+00:00;1.333;;
966771;unknown;control;2022-10-23 01:00:00+00:00;1.351;;
966771;unknown;control;2022-10-23 01:15:00+00:00;1.174;;
966771;unknown;control;2022-10-23 01:30:00+00:00;0.103;;
966771;unknown;control;2022-10-23 01:45:00+00:00;0.108;;
966771;unknown;control;2022-10-23 02:00:00+00:00;0.098;;
966771;unknown;control;2022-10-23 02:15:00+00:00;0.101;;
966771;unknown;control;2022-10-23 02:30:00+00:00;0.843;;
966771;unknown;control;2022-10-23 02:45:00+00:00;0.881;;
966771;unknown;control;2022-10-23 03:00:00+00:00;0.616;;
966771;unknown;control;2022-10-23 03:15:00+00:00;0.116;;
966771;unknown;control;2022-10-23 03:30:00+00:00;0.453;;
966771;unknown;control;2022-10-23 03:45:00+00:00;0.897;;
966771;unknown;control;2022-10-23 04:00:00+00:00;0.275;;
966771;unknown;control;2022-10-23 04:15:00+00:00;0.126;;
966771;unknown;control;2022-10-23 04:30:00+00:00;0.132;;
966771;unknown;control;2022-10-23 04:45:00+00:00;0.118;;
966771;unknown;control;2022-10-23 05:00:00+00:00;0.129;;
966771;unknown;control;2022-10-23 05:15:00+00:00;0.996;;
966771;unknown;control;2022-10-23 05:30:00+00:00;0.818;;
966771;unknown;control;2022-10-23 05:45:00+00:00;0.317;;
966771;unknown;control;2022-10-23 06:00:00+00:00;0.136;;
966771;unknown;control;2022-10-23 06:15:00+00:00;0.118;;
966771;unknown;control;2022-10-23 06:30:00+00:00;0.125;;
966771;unknown;control;2022-10-23 06:45:00+00:00;0.102;;
966771;unknown;control;2022-10-23 07:00:00+00:00;0.107;;
966771;unknown;control;2022-10-23 07:15:00+00:00;0.104;;
966771;unknown;control;2022-10-23 07:30:00+00:00;0.098;;
966771;unknown;control;2022-10-23 07:45:00+00:00;0.167;;
966771;unknown;control;2022-10-23 08:00:00+00:00;0.432;;
966771;unknown;control;2022-10-23 08:15:00+00:00;0.118;;
966771;unknown;control;2022-10-23 08:30:00+00:00;0.124;;
966771;unknown;control;2022-10-23 08:45:00+00:00;0.141;;
966771;unknown;control;2022-10-23 09:00:00+00:00;0.204;;
966771;unknown;control;2022-10-23 09:15:00+00:00;0.267;;
966771;unknown;control;2022-10-23 09:30:00+00:00;0.867;;
966771;unknown;control;2022-10-23 09:45:00+00:00;0.115;;
966771;unknown;control;2022-10-23 10:00:00+00:00;0.119;;
966771;unknown;control;2022-10-23 10:15:00+00:00;0.123;;
966771;unknown;control;2022-10-23 10:30:00+00:00;0.123;;
966771;unknown;control;2022-10-23 10:45:00+00:00;0.242;;
966771;unknown;control;2022-10-23 11:00:00+00:00;0.107;;
966771;unknown;control;2022-10-23 11:15:00+00:00;0.113;;
966771;unknown;control;2022-10-23 11:30:00+00:00;0.163;;
966771;unknown;control;2022-10-23 11:45:00+00:00;0.11;;
966771;unknown;control;2022-10-23 12:00:00+00:00;0.116;;
966771;unknown;control;2022-10-23 12:15:00+00:00;0.102;;
966771;unknown;control;2022-10-23 12:30:00+00:00;0.1;;
966771;unknown;control;2022-10-23 12:45:00+00:00;0.13;;
966771;unknown;control;2022-10-23 13:00:00+00:00;0.164;;
966771;unknown;control;2022-10-23 13:15:00+00:00;0.117;;
966771;unknown;control;2022-10-23 13:30:00+00:00;0.126;;
966771;unknown;control;2022-10-23 13:45:00+00:00;0.124;;
966771;unknown;control;2022-10-23 14:00:00+00:00;0.128;;
966771;unknown;control;2022-10-23 14:15:00+00:00;0.142;;
966771;unknown;control;2022-10-23 14:30:00+00:00;0.129;;
966771;unknown;control;2022-10-23 14:45:00+00:00;0.132;;
966771;unknown;control;2022-10-23 15:00:00+00:00;0.158;;
966771;unknown;control;2022-10-23 15:15:00+00:00;0.217;;
966771;unknown;control;2022-10-23 15:30:00+00:00;1.496;;
966771;unknown;control;2022-10-23 15:45:00+00:00;0.562;;
966771;unknown;control;2022-10-23 16:00:00+00:00;0.187;;
966771;unknown;control;2022-10-23 16:15:00+00:00;0.183;;
966771;unknown;control;2022-10-23 16:30:00+00:00;0.174;;
966771;unknown;control;2022-10-23 16:45:00+00:00;0.393;;
966771;unknown;control;2022-10-23 17:00:00+00:00;0.222;;
966771;unknown;control;2022-10-23 17:15:00+00:00;0.205;;
966771;unknown;control;2022-10-23 17:30:00+00:00;0.195;;
966771;unknown;control;2022-10-23 17:45:00+00:00;0.231;;
966771;unknown;control;2022-10-23 18:00:00+00:00;0.244;;
966771;unknown;control;2022-10-23 18:15:00+00:00;0.403;;
966771;unknown;control;2022-10-23 18:30:00+00:00;0.235;;
966771;unknown;control;2022-10-23 18:45:00+00:00;0.203;;
966771;unknown;control;2022-10-23 19:00:00+00:00;0.193;;
966771;unknown;control;2022-10-23 19:15:00+00:00;0.187;;
966771;unknown;control;2022-10-23 19:30:00+00:00;0.178;;
966771;unknown;control;2022-10-23 19:45:00+00:00;0.235;;
966771;unknown;control;2022-10-23 20:00:00+00:00;0.104;;
966771;unknown;control;2022-10-23 20:15:00+00:00;0.102;;
966771;unknown;control;2022-10-23 20:30:00+00:00;0.114;;
966771;unknown;control;2022-10-23 20:45:00+00:00;0.107;;
966771;unknown;control;2022-10-23 21:00:00+00:00;0.11;;
966771;unknown;control;2022-10-23 21:15:00+00:00;0.111;;
966771;unknown;control;2022-10-23 21:30:00+00:00;0.1;;
966771;unknown;control;2022-10-23 21:45:00+00:00;0.109;;
966771;unknown;control;2022-10-23 22:00:00+00:00;0.105;;
966771;unknown;control;2022-10-23 22:15:00+00:00;0.093;;
966771;unknown;control;2022-10-23 22:30:00+00:00;0.098;;
966771;unknown;control;2022-10-23 22:45:00+00:00;0.101;;
966771;unknown;control;2022-10-23 23:00:00+00:00;0.095;;
966771;unknown;control;2022-10-23 23:15:00+00:00;0.102;;
966771;unknown;control;2022-10-23 23:30:00+00:00;1.33;;
966771;unknown;control;2022-10-23 23:45:00+00:00;1.279;;
966771;unknown;control;2022-10-24 00:00:00+00:00;1.291;;
966771;unknown;control;2022-10-24 00:15:00+00:00;1.306;;
966771;unknown;control;2022-10-24 00:30:00+00:00;1.324;;
966771;unknown;control;2022-10-24 00:45:00+00:00;1.352;;
966771;unknown;control;2022-10-24 01:00:00+00:00;0.342;;
966771;unknown;control;2022-10-24 01:15:00+00:00;0.097;;
966771;unknown;control;2022-10-24 01:30:00+00:00;0.101;;
966771;unknown;control;2022-10-24 01:45:00+00:00;0.106;;
966771;unknown;control;2022-10-24 02:00:00+00:00;0.099;;
966771;unknown;control;2022-10-24 02:15:00+00:00;0.102;;
966771;unknown;control;2022-10-24 02:30:00+00:00;0.818;;
966771;unknown;control;2022-10-24 02:45:00+00:00;0.11;;
966771;unknown;control;2022-10-24 03:00:00+00:00;0.11;;
966771;unknown;control;2022-10-24 03:15:00+00:00;0.11;;
966771;unknown;control;2022-10-24 03:30:00+00:00;0.12;;
966771;unknown;control;2022-10-24 03:45:00+00:00;0.111;;
966771;unknown;control;2022-10-24 04:00:00+00:00;0.108;;
966771;unknown;control;2022-10-24 04:15:00+00:00;0.115;;
966771;unknown;control;2022-10-24 04:30:00+00:00;0.127;;
966771;unknown;control;2022-10-24 04:45:00+00:00;0.128;;
966771;unknown;control;2022-10-24 05:00:00+00:00;0.121;;
966771;unknown;control;2022-10-24 05:15:00+00:00;0.147;;
966771;unknown;control;2022-10-24 05:30:00+00:00;0.143;;
966771;unknown;control;2022-10-24 05:45:00+00:00;0.135;;
966771;unknown;control;2022-10-24 06:00:00+00:00;0.109;;
966771;unknown;control;2022-10-24 06:15:00+00:00;0.117;;
966771;unknown;control;2022-10-24 06:30:00+00:00;0.104;;
966771;unknown;control;2022-10-24 06:45:00+00:00;0.097;;
966771;unknown;control;2022-10-24 07:00:00+00:00;0.111;;
966771;unknown;control;2022-10-24 07:15:00+00:00;0.114;;
966771;unknown;control;2022-10-24 07:30:00+00:00;0.096;;
966771;unknown;control;2022-10-24 07:45:00+00:00;0.168;;
966771;unknown;control;2022-10-24 08:00:00+00:00;0.116;;
966771;unknown;control;2022-10-24 08:15:00+00:00;0.091;;
966771;unknown;control;2022-10-24 08:30:00+00:00;0.108;;
966771;unknown;control;2022-10-24 08:45:00+00:00;0.113;;
966771;unknown;control;2022-10-24 09:00:00+00:00;0.12;;
966771;unknown;control;2022-10-24 09:15:00+00:00;0.87;;
966771;unknown;control;2022-10-24 09:30:00+00:00;0.173;;
966771;unknown;control;2022-10-24 09:45:00+00:00;0.222;;
966771;unknown;control;2022-10-24 10:00:00+00:00;0.124;;
966771;unknown;control;2022-10-24 10:15:00+00:00;0.118;;
966771;unknown;control;2022-10-24 10:30:00+00:00;0.128;;
966771;unknown;control;2022-10-24 10:45:00+00:00;0.128;;
966771;unknown;control;2022-10-24 11:00:00+00:00;0.151;;
966771;unknown;control;2022-10-24 11:15:00+00:00;0.626;;
966771;unknown;control;2022-10-24 11:30:00+00:00;1.004;;
966771;unknown;control;2022-10-24 11:45:00+00:00;0.342;;
966771;unknown;control;2022-10-24 12:00:00+00:00;0.486;;
966771;unknown;control;2022-10-24 12:15:00+00:00;0.697;;
966771;unknown;control;2022-10-24 12:30:00+00:00;0.288;;
966771;unknown;control;2022-10-24 12:45:00+00:00;0.255;;
966771;unknown;control;2022-10-24 13:00:00+00:00;0.542;;
966771;unknown;control;2022-10-24 13:15:00+00:00;0.47;;
966771;unknown;control;2022-10-24 13:30:00+00:00;0.306;;
966771;unknown;control;2022-10-24 13:45:00+00:00;0.402;;
966771;unknown;control;2022-10-24 14:00:00+00:00;0.229;;
966771;unknown;control;2022-10-24 14:15:00+00:00;0.145;;
966771;unknown;control;2022-10-24 14:30:00+00:00;0.155;;
966771;unknown;control;2022-10-24 14:45:00+00:00;0.349;;
966771;unknown;control;2022-10-24 15:00:00+00:00;0.288;;
966771;unknown;control;2022-10-24 15:15:00+00:00;0.234;;
966771;unknown;control;2022-10-24 15:30:00+00:00;0.118;;
966771;unknown;control;2022-10-24 15:45:00+00:00;0.831;;
966771;unknown;control;2022-10-24 16:00:00+00:00;0.121;;
966771;unknown;control;2022-10-24 16:15:00+00:00;0.126;;
966771;unknown;control;2022-10-24 16:30:00+00:00;0.119;;
966771;unknown;control;2022-10-24 16:45:00+00:00;0.113;;
966771;unknown;control;2022-10-24 17:00:00+00:00;0.12;;
966771;unknown;control;2022-10-24 17:15:00+00:00;0.683;;
966771;unknown;control;2022-10-24 17:30:00+00:00;0.455;;
966771;unknown;control;2022-10-24 17:45:00+00:00;0.128;;
966771;unknown;control;2022-10-24 18:00:00+00:00;0.12;;
966771;unknown;control;2022-10-24 18:15:00+00:00;0.125;;
966771;unknown;control;2022-10-24 18:30:00+00:00;0.134;;
966771;unknown;control;2022-10-24 18:45:00+00:00;0.123;;
966771;unknown;control;2022-10-24 19:00:00+00:00;0.111;;
966771;unknown;control;2022-10-24 19:15:00+00:00;0.148;;
966771;unknown;control;2022-10-24 19:30:00+00:00;0.145;;
966771;unknown;control;2022-10-24 19:45:00+00:00;0.231;;
966771;unknown;control;2022-10-24 20:00:00+00:00;0.152;;
966771;unknown;control;2022-10-24 20:15:00+00:00;0.152;;
966771;unknown;control;2022-10-24 20:30:00+00:00;0.161;;
966771;unknown;control;2022-10-24 20:45:00+00:00;0.145;;
966771;unknown;control;2022-10-24 21:00:00+00:00;0.143;;
966771;unknown;control;2022-10-24 21:15:00+00:00;0.152;;
966771;unknown;control;2022-10-24 21:30:00+00:00;0.144;;
966771;unknown;control;2022-10-24 21:45:00+00:00;0.137;;
966771;unknown;control;2022-10-24 22:00:00+00:00;0.119;;
966771;unknown;control;2022-10-24 22:15:00+00:00;0.09;;
966771;unknown;control;2022-10-24 22:30:00+00:00;0.096;;
966771;unknown;control;2022-10-24 22:45:00+00:00;0.097;;
966771;unknown;control;2022-10-24 23:00:00+00:00;0.09;;
966771;unknown;control;2022-10-24 23:15:00+00:00;0.1;;
966771;unknown;control;2022-10-24 23:30:00+00:00;1.326;;
966771;unknown;control;2022-10-24 23:45:00+00:00;1.278;;
966771;unknown;control;2022-10-25 00:00:00+00:00;1.302;;
966771;unknown;control;2022-10-25 00:15:00+00:00;1.305;;
966771;unknown;control;2022-10-25 00:30:00+00:00;1.309;;
966771;unknown;control;2022-10-25 00:45:00+00:00;1.326;;
966771;unknown;control;2022-10-25 01:00:00+00:00;1.327;;
966771;unknown;control;2022-10-25 01:15:00+00:00;1.337;;
966771;unknown;control;2022-10-25 01:30:00+00:00;1.144;;
966771;unknown;control;2022-10-25 01:45:00+00:00;0.102;;
966771;unknown;control;2022-10-25 02:00:00+00:00;0.102;;
966771;unknown;control;2022-10-25 02:15:00+00:00;0.134;;
966771;unknown;control;2022-10-25 02:30:00+00:00;0.884;;
966771;unknown;control;2022-10-25 02:45:00+00:00;0.894;;
966771;unknown;control;2022-10-25 03:00:00+00:00;0.581;;
966771;unknown;control;2022-10-25 03:15:00+00:00;0.122;;
966771;unknown;control;2022-10-25 03:30:00+00:00;0.12;;
966771;unknown;control;2022-10-25 03:45:00+00:00;0.104;;
966771;unknown;control;2022-10-25 04:00:00+00:00;0.824;;
966771;unknown;control;2022-10-25 04:15:00+00:00;0.736;;
966771;unknown;control;2022-10-25 04:30:00+00:00;0.128;;
966771;unknown;control;2022-10-25 04:45:00+00:00;0.125;;
966771;unknown;control;2022-10-25 05:00:00+00:00;0.704;;
966771;unknown;control;2022-10-25 05:15:00+00:00;0.654;;
966771;unknown;control;2022-10-25 05:30:00+00:00;0.133;;
966771;unknown;control;2022-10-25 05:45:00+00:00;0.115;;
966771;unknown;control;2022-10-25 06:00:00+00:00;0.103;;
966771;unknown;control;2022-10-25 06:15:00+00:00;0.115;;
966771;unknown;control;2022-10-25 06:30:00+00:00;0.096;;
966771;unknown;control;2022-10-25 06:45:00+00:00;0.085;;
966771;unknown;control;2022-10-25 07:00:00+00:00;0.091;;
966771;unknown;control;2022-10-25 07:15:00+00:00;0.083;;
966771;unknown;control;2022-10-25 07:30:00+00:00;0.475;;
966771;unknown;control;2022-10-25 07:45:00+00:00;0.128;;
966771;unknown;control;2022-10-25 08:00:00+00:00;0.129;;
966771;unknown;control;2022-10-25 08:15:00+00:00;0.147;;
966771;unknown;control;2022-10-25 08:30:00+00:00;0.111;;
966771;unknown;control;2022-10-25 08:45:00+00:00;0.095;;
966771;unknown;control;2022-10-25 09:00:00+00:00;0.097;;
966771;unknown;control;2022-10-25 09:15:00+00:00;0.558;;
966771;unknown;control;2022-10-25 09:30:00+00:00;0.108;;
966771;unknown;control;2022-10-25 09:45:00+00:00;0.47;;
966771;unknown;control;2022-10-25 10:00:00+00:00;0.122;;
966771;unknown;control;2022-10-25 10:15:00+00:00;0.129;;
966771;unknown;control;2022-10-25 10:30:00+00:00;0.121;;
966771;unknown;control;2022-10-25 10:45:00+00:00;0.114;;
966771;unknown;control;2022-10-25 11:00:00+00:00;0.121;;
966771;unknown;control;2022-10-25 11:15:00+00:00;0.114;;
966771;unknown;control;2022-10-25 11:30:00+00:00;0.11;;
966771;unknown;control;2022-10-25 11:45:00+00:00;0.118;;
966771;unknown;control;2022-10-25 12:00:00+00:00;0.108;;
966771;unknown;control;2022-10-25 12:15:00+00:00;0.093;;
966771;unknown;control;2022-10-25 12:30:00+00:00;0.094;;
966771;unknown;control;2022-10-25 12:45:00+00:00;0.082;;
966771;unknown;control;2022-10-25 13:00:00+00:00;0.09;;
966771;unknown;control;2022-10-25 13:15:00+00:00;0.091;;
966771;unknown;control;2022-10-25 13:30:00+00:00;0.096;;
966771;unknown;control;2022-10-25 13:45:00+00:00;0.106;;
966771;unknown;control;2022-10-25 14:00:00+00:00;0.096;;
966771;unknown;control;2022-10-25 14:15:00+00:00;0.097;;
966771;unknown;control;2022-10-25 14:30:00+00:00;0.106;;
966771;unknown;control;2022-10-25 14:45:00+00:00;0.101;;
966771;unknown;control;2022-10-25 15:00:00+00:00;0.102;;
966771;unknown;control;2022-10-25 15:15:00+00:00;0.099;;
966771;unknown;control;2022-10-25 15:30:00+00:00;0.087;;
966771;unknown;control;2022-10-25 15:45:00+00:00;0.12;;
966771;unknown;control;2022-10-25 16:00:00+00:00;0.135;;
966771;unknown;control;2022-10-25 16:15:00+00:00;0.221;;
966771;unknown;control;2022-10-25 16:30:00+00:00;0.235;;
966771;unknown;control;2022-10-25 16:45:00+00:00;0.217;;
966771;unknown;control;2022-10-25 17:00:00+00:00;0.195;;
966771;unknown;control;2022-10-25 17:15:00+00:00;0.201;;
966771;unknown;control;2022-10-25 17:30:00+00:00;0.325;;
966771;unknown;control;2022-10-25 17:45:00+00:00;0.954;;
966771;unknown;control;2022-10-25 18:00:00+00:00;0.216;;
966771;unknown;control;2022-10-25 18:15:00+00:00;0.189;;
966771;unknown;control;2022-10-25 18:30:00+00:00;0.191;;
966771;unknown;control;2022-10-25 18:45:00+00:00;0.198;;
966771;unknown;control;2022-10-25 19:00:00+00:00;0.171;;
966771;unknown;control;2022-10-25 19:15:00+00:00;0.182;;
966771;unknown;control;2022-10-25 19:30:00+00:00;0.184;;
966771;unknown;control;2022-10-25 19:45:00+00:00;0.177;;
966771;unknown;control;2022-10-25 20:00:00+00:00;0.185;;
966771;unknown;control;2022-10-25 20:15:00+00:00;0.176;;
966771;unknown;control;2022-10-25 20:30:00+00:00;0.149;;
966771;unknown;control;2022-10-25 20:45:00+00:00;0.118;;
966771;unknown;control;2022-10-25 21:00:00+00:00;0.092;;
966771;unknown;control;2022-10-25 21:15:00+00:00;0.097;;
966771;unknown;control;2022-10-25 21:30:00+00:00;0.099;;
966771;unknown;control;2022-10-25 21:45:00+00:00;0.09;;
966771;unknown;control;2022-10-25 22:00:00+00:00;0.098;;
966771;unknown;control;2022-10-25 22:15:00+00:00;0.097;;
966771;unknown;control;2022-10-25 22:30:00+00:00;0.107;;
966771;unknown;control;2022-10-25 22:45:00+00:00;0.103;;
966771;unknown;control;2022-10-25 23:00:00+00:00;0.095;;
966771;unknown;control;2022-10-25 23:15:00+00:00;0.095;;
966771;unknown;control;2022-10-25 23:30:00+00:00;1.342;;
966771;unknown;control;2022-10-25 23:45:00+00:00;1.281;;
966771;unknown;control;2022-10-26 00:00:00+00:00;1.288;;
966771;unknown;control;2022-10-26 00:15:00+00:00;1.319;;
966771;unknown;control;2022-10-26 00:30:00+00:00;1.323;;
966771;unknown;control;2022-10-26 00:45:00+00:00;1.33;;
966771;unknown;control;2022-10-26 01:00:00+00:00;0.592;;
966771;unknown;control;2022-10-26 01:15:00+00:00;0.092;;
966771;unknown;control;2022-10-26 01:30:00+00:00;0.103;;
966771;unknown;control;2022-10-26 01:45:00+00:00;0.093;;
966771;unknown;control;2022-10-26 02:00:00+00:00;0.09;;
966771;unknown;control;2022-10-26 02:15:00+00:00;0.105;;
966771;unknown;control;2022-10-26 02:30:00+00:00;0.841;;
966771;unknown;control;2022-10-26 02:45:00+00:00;0.462;;
966771;unknown;control;2022-10-26 03:00:00+00:00;0.114;;
966771;unknown;control;2022-10-26 03:15:00+00:00;0.11;;
966771;unknown;control;2022-10-26 03:30:00+00:00;0.119;;
966771;unknown;control;2022-10-26 03:45:00+00:00;0.119;;
966771;unknown;control;2022-10-26 04:00:00+00:00;0.879;;
966771;unknown;control;2022-10-26 04:15:00+00:00;0.695;;
966771;unknown;control;2022-10-26 04:30:00+00:00;0.169;;
966771;unknown;control;2022-10-26 04:45:00+00:00;0.154;;
966771;unknown;control;2022-10-26 05:00:00+00:00;0.224;;
966771;unknown;control;2022-10-26 05:15:00+00:00;0.243;;
966771;unknown;control;2022-10-26 05:30:00+00:00;0.169;;
966771;unknown;control;2022-10-26 05:45:00+00:00;0.226;;
966771;unknown;control;2022-10-26 06:00:00+00:00;0.104;;
966771;unknown;control;2022-10-26 06:15:00+00:00;0.113;;
966771;unknown;control;2022-10-26 06:30:00+00:00;0.112;;
966771;unknown;control;2022-10-26 06:45:00+00:00;0.094;;
966771;unknown;control;2022-10-26 07:00:00+00:00;0.104;;
966771;unknown;control;2022-10-26 07:15:00+00:00;0.1;;
966771;unknown;control;2022-10-26 07:30:00+00:00;0.097;;
966771;unknown;control;2022-10-26 07:45:00+00:00;0.099;;
966771;unknown;control;2022-10-26 08:00:00+00:00;0.089;;
966771;unknown;control;2022-10-26 08:15:00+00:00;0.088;;
966771;unknown;control;2022-10-26 08:30:00+00:00;0.097;;
966771;unknown;control;2022-10-26 08:45:00+00:00;0.103;;
966771;unknown;control;2022-10-26 09:00:00+00:00;0.129;;
966771;unknown;control;2022-10-26 09:15:00+00:00;0.865;;
966771;unknown;control;2022-10-26 09:30:00+00:00;0.693;;
966771;unknown;control;2022-10-26 09:45:00+00:00;0.155;;
966771;unknown;control;2022-10-26 10:00:00+00:00;0.149;;
966771;unknown;control;2022-10-26 10:15:00+00:00;0.119;;
966771;unknown;control;2022-10-26 10:30:00+00:00;0.116;;
966771;unknown;control;2022-10-26 10:45:00+00:00;0.095;;
966771;unknown;control;2022-10-26 11:00:00+00:00;0.092;;
966771;unknown;control;2022-10-26 11:15:00+00:00;0.101;;
966771;unknown;control;2022-10-26 11:30:00+00:00;0.093;;
966771;unknown;control;2022-10-26 11:45:00+00:00;0.098;;
966771;unknown;control;2022-10-26 12:00:00+00:00;0.104;;
966771;unknown;control;2022-10-26 12:15:00+00:00;0.095;;
966771;unknown;control;2022-10-26 12:30:00+00:00;0.102;;
966771;unknown;control;2022-10-26 12:45:00+00:00;0.101;;
966771;unknown;control;2022-10-26 13:00:00+00:00;0.095;;
966771;unknown;control;2022-10-26 13:15:00+00:00;0.114;;
966771;unknown;control;2022-10-26 13:30:00+00:00;0.092;;
966771;unknown;control;2022-10-26 13:45:00+00:00;0.157;;
966771;unknown;control;2022-10-26 14:00:00+00:00;0.375;;
966771;unknown;control;2022-10-26 14:15:00+00:00;0.215;;
966771;unknown;control;2022-10-26 14:30:00+00:00;0.104;;
966771;unknown;control;2022-10-26 14:45:00+00:00;0.244;;
966771;unknown;control;2022-10-26 15:00:00+00:00;0.244;;
966771;unknown;control;2022-10-26 15:15:00+00:00;0.173;;
966771;unknown;control;2022-10-26 15:30:00+00:00;0.097;;
966771;unknown;control;2022-10-26 15:45:00+00:00;0.1;;
966771;unknown;control;2022-10-26 16:00:00+00:00;0.099;;
966771;unknown;control;2022-10-26 16:15:00+00:00;0.094;;
966771;unknown;control;2022-10-26 16:30:00+00:00;0.679;;
966771;unknown;control;2022-10-26 16:45:00+00:00;0.118;;
966771;unknown;control;2022-10-26 17:00:00+00:00;0.112;;
966771;unknown;control;2022-10-26 17:15:00+00:00;0.137;;
966771;unknown;control;2022-10-26 17:30:00+00:00;0.189;;
966771;unknown;control;2022-10-26 17:45:00+00:00;0.202;;
966771;unknown;control;2022-10-26 18:00:00+00:00;0.186;;
966771;unknown;control;2022-10-26 18:15:00+00:00;0.187;;
966771;unknown;control;2022-10-26 18:30:00+00:00;0.18;;
966771;unknown;control;2022-10-26 18:45:00+00:00;0.187;;
966771;unknown;control;2022-10-26 19:00:00+00:00;0.169;;
966771;unknown;control;2022-10-26 19:15:00+00:00;0.16;;
966771;unknown;control;2022-10-26 19:30:00+00:00;0.17;;
966771;unknown;control;2022-10-26 19:45:00+00:00;0.153;;
966771;unknown;control;2022-10-26 20:00:00+00:00;0.185;;
966771;unknown;control;2022-10-26 20:15:00+00:00;0.172;;
966771;unknown;control;2022-10-26 20:30:00+00:00;0.158;;
966771;unknown;control;2022-10-26 20:45:00+00:00;0.114;;
966771;unknown;control;2022-10-26 21:00:00+00:00;0.11;;
966771;unknown;control;2022-10-26 21:15:00+00:00;0.097;;
966771;unknown;control;2022-10-26 21:30:00+00:00;0.103;;
966771;unknown;control;2022-10-26 21:45:00+00:00;0.112;;
966771;unknown;control;2022-10-26 22:00:00+00:00;0.098;;
966771;unknown;control;2022-10-26 22:15:00+00:00;0.102;;
966771;unknown;control;2022-10-26 22:30:00+00:00;0.1;;
966771;unknown;control;2022-10-26 22:45:00+00:00;0.092;;
966771;unknown;control;2022-10-26 23:00:00+00:00;0.1;;
966771;unknown;control;2022-10-26 23:15:00+00:00;0.095;;
966771;unknown;control;2022-10-26 23:30:00+00:00;1.334;;
966771;unknown;control;2022-10-26 23:45:00+00:00;1.301;;
966771;unknown;control;2022-10-27 00:00:00+00:00;1.28;;
966771;unknown;control;2022-10-27 00:15:00+00:00;1.306;;
966771;unknown;control;2022-10-27 00:30:00+00:00;1.312;;
966771;unknown;control;2022-10-27 00:45:00+00:00;0.191;;
966771;unknown;control;2022-10-27 01:00:00+00:00;0.1;;
966771;unknown;control;2022-10-27 01:15:00+00:00;0.105;;
966771;unknown;control;2022-10-27 01:30:00+00:00;0.098;;
966771;unknown;control;2022-10-27 01:45:00+00:00;0.105;;
966771;unknown;control;2022-10-27 02:00:00+00:00;0.1;;
966771;unknown;control;2022-10-27 02:15:00+00:00;0.114;;
966771;unknown;control;2022-10-27 02:30:00+00:00;0.86;;
966771;unknown;control;2022-10-27 02:45:00+00:00;0.902;;
966771;unknown;control;2022-10-27 03:00:00+00:00;0.235;;
966771;unknown;control;2022-10-27 03:15:00+00:00;0.121;;
966771;unknown;control;2022-10-27 03:30:00+00:00;0.471;;
966771;unknown;control;2022-10-27 03:45:00+00:00;0.871;;
966771;unknown;control;2022-10-27 04:00:00+00:00;0.129;;
966771;unknown;control;2022-10-27 04:15:00+00:00;0.111;;
966771;unknown;control;2022-10-27 04:30:00+00:00;0.132;;
966771;unknown;control;2022-10-27 04:45:00+00:00;0.622;;
966771;unknown;control;2022-10-27 05:00:00+00:00;0.615;;
966771;unknown;control;2022-10-27 05:15:00+00:00;0.147;;
966771;unknown;control;2022-10-27 05:30:00+00:00;0.128;;
966771;unknown;control;2022-10-27 05:45:00+00:00;0.111;;
966771;unknown;control;2022-10-27 06:00:00+00:00;0.117;;
966771;unknown;control;2022-10-27 06:15:00+00:00;0.113;;
966771;unknown;control;2022-10-27 06:30:00+00:00;0.105;;
966771;unknown;control;2022-10-27 06:45:00+00:00;0.098;;
966771;unknown;control;2022-10-27 07:00:00+00:00;0.089;;
966771;unknown;control;2022-10-27 07:15:00+00:00;0.092;;
966771;unknown;control;2022-10-27 07:30:00+00:00;0.097;;
966771;unknown;control;2022-10-27 07:45:00+00:00;0.22;;
966771;unknown;control;2022-10-27 08:00:00+00:00;0.74;;
966771;unknown;control;2022-10-27 08:15:00+00:00;0.127;;
966771;unknown;control;2022-10-27 08:30:00+00:00;0.114;;
966771;unknown;control;2022-10-27 08:45:00+00:00;0.098;;
966771;unknown;control;2022-10-27 09:00:00+00:00;0.098;;
966771;unknown;control;2022-10-27 09:15:00+00:00;1.083;;
966771;unknown;control;2022-10-27 09:30:00+00:00;0.367;;
966771;unknown;control;2022-10-27 09:45:00+00:00;0.106;;
966771;unknown;control;2022-10-27 10:00:00+00:00;0.211;;
966771;unknown;control;2022-10-27 10:15:00+00:00;0.2;;
966771;unknown;control;2022-10-27 10:30:00+00:00;0.104;;
966771;unknown;control;2022-10-27 10:45:00+00:00;0.126;;
966771;unknown;control;2022-10-27 11:00:00+00:00;0.138;;
966771;unknown;control;2022-10-27 11:15:00+00:00;0.234;;
966771;unknown;control;2022-10-27 11:30:00+00:00;0.433;;
966771;unknown;control;2022-10-27 11:45:00+00:00;0.367;;
966771;unknown;control;2022-10-27 12:00:00+00:00;0.295;;
966771;unknown;control;2022-10-27 12:15:00+00:00;0.295;;
966771;unknown;control;2022-10-27 12:30:00+00:00;0.264;;
966771;unknown;control;2022-10-27 12:45:00+00:00;0.13;;
966771;unknown;control;2022-10-27 13:00:00+00:00;0.121;;
966771;unknown;control;2022-10-27 13:15:00+00:00;0.093;;
966771;unknown;control;2022-10-27 13:30:00+00:00;0.095;;
966771;unknown;control;2022-10-27 13:45:00+00:00;0.095;;
966771;unknown;control;2022-10-27 14:00:00+00:00;0.087;;
966771;unknown;control;2022-10-27 14:15:00+00:00;0.109;;
966771;unknown;control;2022-10-27 14:30:00+00:00;0.121;;
966771;unknown;control;2022-10-27 14:45:00+00:00;0.353;;
966771;unknown;control;2022-10-27 15:00:00+00:00;0.432;;
966771;unknown;control;2022-10-27 15:15:00+00:00;0.227;;
966771;unknown;control;2022-10-27 15:30:00+00:00;0.491;;
966771;unknown;control;2022-10-27 15:45:00+00:00;0.238;;
966771;unknown;control;2022-10-27 16:00:00+00:00;0.315;;
966771;unknown;control;2022-10-27 16:15:00+00:00;0.125;;
966771;unknown;control;2022-10-27 16:30:00+00:00;0.455;;
966771;unknown;control;2022-10-27 16:45:00+00:00;0.13;;
966771;unknown;control;2022-10-27 17:00:00+00:00;0.178;;
966771;unknown;control;2022-10-27 17:15:00+00:00;0.597;;
966771;unknown;control;2022-10-27 17:30:00+00:00;0.447;;
966771;unknown;control;2022-10-27 17:45:00+00:00;0.242;;
966771;unknown;control;2022-10-27 18:00:00+00:00;0.233;;
966771;unknown;control;2022-10-27 18:15:00+00:00;0.661;;
966771;unknown;control;2022-10-27 18:30:00+00:00;0.22;;
966771;unknown;control;2022-10-27 18:45:00+00:00;0.291;;
966771;unknown;control;2022-10-27 19:00:00+00:00;0.2;;
966771;unknown;control;2022-10-27 19:15:00+00:00;0.208;;
966771;unknown;control;2022-10-27 19:30:00+00:00;0.215;;
966771;unknown;control;2022-10-27 19:45:00+00:00;0.195;;
966771;unknown;control;2022-10-27 20:00:00+00:00;0.205;;
966771;unknown;control;2022-10-27 20:15:00+00:00;0.179;;
966771;unknown;control;2022-10-27 20:30:00+00:00;0.114;;
966771;unknown;control;2022-10-27 20:45:00+00:00;0.107;;
966771;unknown;control;2022-10-27 21:00:00+00:00;0.091;;
966771;unknown;control;2022-10-27 21:15:00+00:00;0.094;;
966771;unknown;control;2022-10-27 21:30:00+00:00;0.099;;
966771;unknown;control;2022-10-27 21:45:00+00:00;0.095;;
966771;unknown;control;2022-10-27 22:00:00+00:00;0.102;;
966771;unknown;control;2022-10-27 22:15:00+00:00;0.105;;
966771;unknown;control;2022-10-27 22:30:00+00:00;0.09;;
966771;unknown;control;2022-10-27 22:45:00+00:00;0.097;;
966771;unknown;control;2022-10-27 23:00:00+00:00;0.109;;
966771;unknown;control;2022-10-27 23:15:00+00:00;0.096;;
966771;unknown;control;2022-10-27 23:30:00+00:00;1.348;;
966771;unknown;control;2022-10-27 23:45:00+00:00;1.291;;
966771;unknown;control;2022-10-28 00:00:00+00:00;1.275;;
966771;unknown;control;2022-10-28 00:15:00+00:00;1.301;;
966771;unknown;control;2022-10-28 00:30:00+00:00;1.301;;
966771;unknown;control;2022-10-28 00:45:00+00:00;0.179;;
966771;unknown;control;2022-10-28 01:00:00+00:00;0.107;;
966771;unknown;control;2022-10-28 01:15:00+00:00;0.097;;
966771;unknown;control;2022-10-28 01:30:00+00:00;0.093;;
966771;unknown;control;2022-10-28 01:45:00+00:00;0.096;;
966771;unknown;control;2022-10-28 02:00:00+00:00;0.089;;
966771;unknown;control;2022-10-28 02:15:00+00:00;0.102;;
966771;unknown;control;2022-10-28 02:30:00+00:00;0.85;;
966771;unknown;control;2022-10-28 02:45:00+00:00;0.851;;
966771;unknown;control;2022-10-28 03:00:00+00:00;0.952;;
966771;unknown;control;2022-10-28 03:15:00+00:00;1.356;;
966771;unknown;control;2022-10-28 03:30:00+00:00;1.562;;
966771;unknown;control;2022-10-28 03:45:00+00:00;2.125;;
966771;unknown;control;2022-10-28 04:00:00+00:00;0.256;;
966771;unknown;control;2022-10-28 04:15:00+00:00;0.139;;
966771;unknown;control;2022-10-28 04:30:00+00:00;0.145;;
966771;unknown;control;2022-10-28 04:45:00+00:00;0.121;;
966771;unknown;control;2022-10-28 05:00:00+00:00;0.611;;
966771;unknown;control;2022-10-28 05:15:00+00:00;0.881;;
966771;unknown;control;2022-10-28 05:30:00+00:00;0.124;;
966771;unknown;control;2022-10-28 05:45:00+00:00;0.158;;
966771;unknown;control;2022-10-28 06:00:00+00:00;0.132;;
966771;unknown;control;2022-10-28 06:15:00+00:00;0.102;;
966771;unknown;control;2022-10-28 06:30:00+00:00;0.101;;
966771;unknown;control;2022-10-28 06:45:00+00:00;0.1;;
966771;unknown;control;2022-10-28 07:00:00+00:00;0.1;;
966771;unknown;control;2022-10-28 07:15:00+00:00;0.088;;
966771;unknown;control;2022-10-28 07:30:00+00:00;0.096;;
966771;unknown;control;2022-10-28 07:45:00+00:00;0.108;;
966771;unknown;control;2022-10-28 08:00:00+00:00;0.128;;
966771;unknown;control;2022-10-28 08:15:00+00:00;0.129;;
966771;unknown;control;2022-10-28 08:30:00+00:00;0.137;;
966771;unknown;control;2022-10-28 08:45:00+00:00;0.133;;
966771;unknown;control;2022-10-28 09:00:00+00:00;0.138;;
966771;unknown;control;2022-10-28 09:15:00+00:00;0.745;;
966771;unknown;control;2022-10-28 09:30:00+00:00;0.312;;
966771;unknown;control;2022-10-28 09:45:00+00:00;0.221;;
966771;unknown;control;2022-10-28 10:00:00+00:00;0.164;;
966771;unknown;control;2022-10-28 10:15:00+00:00;0.137;;
966771;unknown;control;2022-10-28 10:30:00+00:00;0.156;;
966771;unknown;control;2022-10-28 10:45:00+00:00;0.16;;
966771;unknown;control;2022-10-28 11:00:00+00:00;0.143;;
966771;unknown;control;2022-10-28 11:15:00+00:00;0.149;;
966771;unknown;control;2022-10-28 11:30:00+00:00;0.139;;
966771;unknown;control;2022-10-28 11:45:00+00:00;0.12;;
966771;unknown;control;2022-10-28 12:00:00+00:00;0.127;;
966771;unknown;control;2022-10-28 12:15:00+00:00;0.123;;
966771;unknown;control;2022-10-28 12:30:00+00:00;0.108;;
966771;unknown;control;2022-10-28 12:45:00+00:00;0.12;;
966771;unknown;control;2022-10-28 13:00:00+00:00;0.102;;
966771;unknown;control;2022-10-28 13:15:00+00:00;0.097;;
966771;unknown;control;2022-10-28 13:30:00+00:00;0.102;;
966771;unknown;control;2022-10-28 13:45:00+00:00;0.092;;
966771;unknown;control;2022-10-28 14:00:00+00:00;0.097;;
966771;unknown;control;2022-10-28 14:15:00+00:00;0.104;;
966771;unknown;control;2022-10-28 14:30:00+00:00;0.093;;
966771;unknown;control;2022-10-28 14:45:00+00:00;0.101;;
966771;unknown;control;2022-10-28 15:00:00+00:00;0.1;;
966771;unknown;control;2022-10-28 15:15:00+00:00;0.089;;
966771;unknown;control;2022-10-28 15:30:00+00:00;0.11;;
966771;unknown;control;2022-10-28 15:45:00+00:00;0.124;;
966771;unknown;control;2022-10-28 16:00:00+00:00;0.131;;
966771;unknown;control;2022-10-28 16:15:00+00:00;0.483;;
966771;unknown;control;2022-10-28 16:30:00+00:00;0.291;;
966771;unknown;control;2022-10-28 16:45:00+00:00;0.122;;
966771;unknown;control;2022-10-28 17:00:00+00:00;0.127;;
966771;unknown;control;2022-10-28 17:15:00+00:00;0.175;;
966771;unknown;control;2022-10-28 17:30:00+00:00;0.25;;
966771;unknown;control;2022-10-28 17:45:00+00:00;0.258;;
966771;unknown;control;2022-10-28 18:00:00+00:00;0.23;;
966771;unknown;control;2022-10-28 18:15:00+00:00;0.231;;
966771;unknown;control;2022-10-28 18:30:00+00:00;0.204;;
966771;unknown;control;2022-10-28 18:45:00+00:00;0.197;;
966771;unknown;control;2022-10-28 19:00:00+00:00;0.202;;
966771;unknown;control;2022-10-28 19:15:00+00:00;0.184;;
966771;unknown;control;2022-10-28 19:30:00+00:00;0.178;;
966771;unknown;control;2022-10-28 19:45:00+00:00;0.191;;
966771;unknown;control;2022-10-28 20:00:00+00:00;0.186;;
966771;unknown;control;2022-10-28 20:15:00+00:00;0.186;;
966771;unknown;control;2022-10-28 20:30:00+00:00;0.19;;
966771;unknown;control;2022-10-28 20:45:00+00:00;0.178;;
966771;unknown;control;2022-10-28 21:00:00+00:00;0.183;;
966771;unknown;control;2022-10-28 21:15:00+00:00;0.205;;
966771;unknown;control;2022-10-28 21:30:00+00:00;0.182;;
966771;unknown;control;2022-10-28 21:45:00+00:00;0.187;;
966771;unknown;control;2022-10-28 22:00:00+00:00;0.165;;
966771;unknown;control;2022-10-28 22:15:00+00:00;0.092;;
966771;unknown;control;2022-10-28 22:30:00+00:00;0.106;;
966771;unknown;control;2022-10-28 22:45:00+00:00;0.101;;
966771;unknown;control;2022-10-28 23:00:00+00:00;0.098;;
966771;unknown;control;2022-10-28 23:15:00+00:00;0.104;;
966771;unknown;control;2022-10-28 23:30:00+00:00;1.324;;
966771;unknown;control;2022-10-28 23:45:00+00:00;1.295;;
966771;unknown;control;2022-10-29 00:00:00+00:00;1.311;;
966771;unknown;control;2022-10-29 00:15:00+00:00;1.303;;
966771;unknown;control;2022-10-29 00:30:00+00:00;1.307;;
966771;unknown;control;2022-10-29 00:45:00+00:00;1.332;;
966771;unknown;control;2022-10-29 01:00:00+00:00;1.342;;
966771;unknown;control;2022-10-29 01:15:00+00:00;1.369;;
966771;unknown;control;2022-10-29 01:30:00+00:00;1.379;;
966771;unknown;control;2022-10-29 01:45:00+00:00;0.371;;
966771;unknown;control;2022-10-29 02:00:00+00:00;0.099;;
966771;unknown;control;2022-10-29 02:15:00+00:00;0.109;;
966771;unknown;control;2022-10-29 02:30:00+00:00;0.852;;
966771;unknown;control;2022-10-29 02:45:00+00:00;0.846;;
966771;unknown;control;2022-10-29 03:00:00+00:00;0.112;;
966771;unknown;control;2022-10-29 03:15:00+00:00;0.12;;
966771;unknown;control;2022-10-29 03:30:00+00:00;0.372;;
966771;unknown;control;2022-10-29 03:45:00+00:00;0.884;;
966771;unknown;control;2022-10-29 04:00:00+00:00;0.469;;
966771;unknown;control;2022-10-29 04:15:00+00:00;0.118;;
966771;unknown;control;2022-10-29 04:30:00+00:00;0.357;;
966771;unknown;control;2022-10-29 04:45:00+00:00;0.914;;
966771;unknown;control;2022-10-29 05:00:00+00:00;0.196;;
966771;unknown;control;2022-10-29 05:15:00+00:00;0.132;;
966771;unknown;control;2022-10-29 05:30:00+00:00;0.332;;
966771;unknown;control;2022-10-29 05:45:00+00:00;0.094;;
966771;unknown;control;2022-10-29 06:00:00+00:00;0.091;;
966771;unknown;control;2022-10-29 06:15:00+00:00;0.271;;
966771;unknown;control;2022-10-29 06:30:00+00:00;0.382;;
966771;unknown;control;2022-10-29 06:45:00+00:00;0.128;;
966771;unknown;control;2022-10-29 07:00:00+00:00;0.115;;
966771;unknown;control;2022-10-29 07:15:00+00:00;0.212;;
966771;unknown;control;2022-10-29 07:30:00+00:00;0.781;;
966771;unknown;control;2022-10-29 07:45:00+00:00;0.497;;
966771;unknown;control;2022-10-29 08:00:00+00:00;0.165;;
966771;unknown;control;2022-10-29 08:15:00+00:00;0.143;;
966771;unknown;control;2022-10-29 08:30:00+00:00;0.145;;
966771;unknown;control;2022-10-29 08:45:00+00:00;0.244;;
966771;unknown;control;2022-10-29 09:00:00+00:00;0.121;;
966771;unknown;control;2022-10-29 09:15:00+00:00;0.83;;
966771;unknown;control;2022-10-29 09:30:00+00:00;0.121;;
966771;unknown;control;2022-10-29 09:45:00+00:00;0.115;;
966771;unknown;control;2022-10-29 10:00:00+00:00;0.128;;
966771;unknown;control;2022-10-29 10:15:00+00:00;0.129;;
966771;unknown;control;2022-10-29 10:30:00+00:00;0.121;;
966771;unknown;control;2022-10-29 10:45:00+00:00;0.139;;
966771;unknown;control;2022-10-29 11:00:00+00:00;0.245;;
966771;unknown;control;2022-10-29 11:15:00+00:00;0.279;;
966771;unknown;control;2022-10-29 11:30:00+00:00;0.296;;
966771;unknown;control;2022-10-29 11:45:00+00:00;0.328;;
966771;unknown;control;2022-10-29 12:00:00+00:00;0.253;;
966771;unknown;control;2022-10-29 12:15:00+00:00;0.14;;
966771;unknown;control;2022-10-29 12:30:00+00:00;0.467;;
966771;unknown;control;2022-10-29 12:45:00+00:00;0.276;;
966771;unknown;control;2022-10-29 13:00:00+00:00;0.127;;
966771;unknown;control;2022-10-29 13:15:00+00:00;0.088;;
966771;unknown;control;2022-10-29 13:30:00+00:00;0.141;;
966771;unknown;control;2022-10-29 13:45:00+00:00;0.147;;
966771;unknown;control;2022-10-29 14:00:00+00:00;0.14;;
966771;unknown;control;2022-10-29 14:15:00+00:00;0.139;;
966771;unknown;control;2022-10-29 14:30:00+00:00;0.136;;
966771;unknown;control;2022-10-29 14:45:00+00:00;0.141;;
966771;unknown;control;2022-10-29 15:00:00+00:00;0.213;;
966771;unknown;control;2022-10-29 15:15:00+00:00;0.267;;
966771;unknown;control;2022-10-29 15:30:00+00:00;0.309;;
966771;unknown;control;2022-10-29 15:45:00+00:00;0.698;;
966771;unknown;control;2022-10-29 16:00:00+00:00;0.459;;
966771;unknown;control;2022-10-29 16:15:00+00:00;0.217;;
966771;unknown;control;2022-10-29 16:30:00+00:00;0.165;;
966771;unknown;control;2022-10-29 16:45:00+00:00;0.182;;
966771;unknown;control;2022-10-29 17:00:00+00:00;0.172;;
966771;unknown;control;2022-10-29 17:15:00+00:00;0.558;;
966771;unknown;control;2022-10-29 17:30:00+00:00;0.307;;
966771;unknown;control;2022-10-29 17:45:00+00:00;0.243;;
966771;unknown;control;2022-10-29 18:00:00+00:00;0.237;;
966771;unknown;control;2022-10-29 18:15:00+00:00;0.242;;
966771;unknown;control;2022-10-29 18:30:00+00:00;0.933;;
966771;unknown;control;2022-10-29 18:45:00+00:00;0.285;;
966771;unknown;control;2022-10-29 19:00:00+00:00;0.505;;
966771;unknown;control;2022-10-29 19:15:00+00:00;0.642;;
966771;unknown;control;2022-10-29 19:30:00+00:00;0.194;;
966771;unknown;control;2022-10-29 19:45:00+00:00;0.199;;
966771;unknown;control;2022-10-29 20:00:00+00:00;0.228;;
966771;unknown;control;2022-10-29 20:15:00+00:00;0.593;;
966771;unknown;control;2022-10-29 20:30:00+00:00;0.191;;
966771;unknown;control;2022-10-29 20:45:00+00:00;0.179;;
966771;unknown;control;2022-10-29 21:00:00+00:00;0.18;;
966771;unknown;control;2022-10-29 21:15:00+00:00;0.187;;
966771;unknown;control;2022-10-29 21:30:00+00:00;0.169;;
966771;unknown;control;2022-10-29 21:45:00+00:00;0.17;;
966771;unknown;control;2022-10-29 22:00:00+00:00;0.109;;
966771;unknown;control;2022-10-29 22:15:00+00:00;0.097;;
966771;unknown;control;2022-10-29 22:30:00+00:00;0.096;;
966771;unknown;control;2022-10-29 22:45:00+00:00;0.099;;
966771;unknown;control;2022-10-29 23:00:00+00:00;0.093;;
966771;unknown;control;2022-10-29 23:15:00+00:00;0.099;;
966771;unknown;control;2022-10-29 23:30:00+00:00;1.329;;
966771;unknown;control;2022-10-29 23:45:00+00:00;1.29;;
966771;unknown;control;2022-10-31 00:00:00+00:00;0.101;;
966771;unknown;control;2022-10-31 00:15:00+00:00;0.089;;
966771;unknown;control;2022-10-31 00:30:00+00:00;1.328;;
966771;unknown;control;2022-10-31 00:45:00+00:00;1.285;;
966771;unknown;control;2022-10-31 01:00:00+00:00;1.277;;
966771;unknown;control;2022-10-31 01:15:00+00:00;1.302;;
966771;unknown;control;2022-10-31 01:30:00+00:00;1.316;;
966771;unknown;control;2022-10-31 01:45:00+00:00;1.316;;
966771;unknown;control;2022-10-31 02:00:00+00:00;1.322;;
966771;unknown;control;2022-10-31 02:15:00+00:00;1.321;;
966771;unknown;control;2022-10-31 02:30:00+00:00;1.336;;
966771;unknown;control;2022-10-31 02:45:00+00:00;1.354;;
966771;unknown;control;2022-10-31 03:00:00+00:00;1.343;;
966771;unknown;control;2022-10-31 03:15:00+00:00;0.925;;
966771;unknown;control;2022-10-31 03:30:00+00:00;0.849;;
966771;unknown;control;2022-10-31 03:45:00+00:00;0.885;;
966771;unknown;control;2022-10-31 04:00:00+00:00;0.869;;
966771;unknown;control;2022-10-31 04:15:00+00:00;0.118;;
966771;unknown;control;2022-10-31 04:30:00+00:00;0.228;;
966771;unknown;control;2022-10-31 04:45:00+00:00;0.887;;
966771;unknown;control;2022-10-31 05:00:00+00:00;0.487;;
966771;unknown;control;2022-10-31 05:15:00+00:00;0.158;;
966771;unknown;control;2022-10-31 05:30:00+00:00;0.337;;
966771;unknown;control;2022-10-31 05:45:00+00:00;0.908;;
966771;unknown;control;2022-10-31 06:00:00+00:00;0.492;;
966771;unknown;control;2022-10-31 06:15:00+00:00;0.128;;
966771;unknown;control;2022-10-31 06:30:00+00:00;0.13;;
966771;unknown;control;2022-10-31 06:45:00+00:00;0.127;;
966771;unknown;control;2022-10-31 07:00:00+00:00;0.093;;
966771;unknown;control;2022-10-31 07:15:00+00:00;0.082;;
966771;unknown;control;2022-10-31 07:30:00+00:00;0.094;;
966771;unknown;control;2022-10-31 07:45:00+00:00;0.093;;
966771;unknown;control;2022-10-31 08:00:00+00:00;0.085;;
966771;unknown;control;2022-10-31 08:15:00+00:00;0.26;;
966771;unknown;control;2022-10-31 08:30:00+00:00;0.305;;
966771;unknown;control;2022-10-31 08:45:00+00:00;0.123;;
966771;unknown;control;2022-10-31 09:00:00+00:00;0.134;;
966771;unknown;control;2022-10-31 09:15:00+00:00;0.146;;
966771;unknown;control;2022-10-31 09:30:00+00:00;0.229;;
966771;unknown;control;2022-10-31 09:45:00+00:00;0.197;;
966771;unknown;control;2022-10-31 10:00:00+00:00;0.173;;
966771;unknown;control;2022-10-31 10:15:00+00:00;0.887;;
966771;unknown;control;2022-10-31 10:30:00+00:00;0.486;;
966771;unknown;control;2022-10-31 10:45:00+00:00;0.132;;
966771;unknown;control;2022-10-31 11:00:00+00:00;0.151;;
966771;unknown;control;2022-10-31 11:15:00+00:00;0.124;;
966771;unknown;control;2022-10-31 11:30:00+00:00;0.136;;
966771;unknown;control;2022-10-31 11:45:00+00:00;0.607;;
966771;unknown;control;2022-10-31 12:00:00+00:00;0.23;;
966771;unknown;control;2022-10-31 12:15:00+00:00;0.772;;
966771;unknown;control;2022-10-31 12:30:00+00:00;0.732;;
966771;unknown;control;2022-10-31 12:45:00+00:00;0.22;;
966771;unknown;control;2022-10-31 13:00:00+00:00;0.157;;
966771;unknown;control;2022-10-31 13:15:00+00:00;0.159;;
966771;unknown;control;2022-10-31 13:30:00+00:00;0.196;;
966771;unknown;control;2022-10-31 13:45:00+00:00;0.251;;
966771;unknown;control;2022-10-31 14:00:00+00:00;0.274;;
966771;unknown;control;2022-10-31 14:15:00+00:00;0.277;;
966771;unknown;control;2022-10-31 14:30:00+00:00;0.274;;
966771;unknown;control;2022-10-31 14:45:00+00:00;0.408;;
966771;unknown;control;2022-10-31 15:00:00+00:00;0.634;;
966771;unknown;control;2022-10-31 15:15:00+00:00;0.956;;
966771;unknown;control;2022-10-31 15:30:00+00:00;1.177;;
966771;unknown;control;2022-10-31 15:45:00+00:00;0.333;;
966771;unknown;control;2022-10-31 16:00:00+00:00;0.255;;
966771;unknown;control;2022-10-31 16:15:00+00:00;0.469;;
966771;unknown;control;2022-10-31 16:30:00+00:00;0.269;;
966771;unknown;control;2022-10-31 16:45:00+00:00;0.922;;
966771;unknown;control;2022-10-31 17:00:00+00:00;0.791;;
966771;unknown;control;2022-10-31 17:15:00+00:00;0.268;;
966771;unknown;control;2022-10-31 17:30:00+00:00;0.439;;
966771;unknown;control;2022-10-31 17:45:00+00:00;0.801;;
966771;unknown;control;2022-10-31 18:00:00+00:00;1.176;;
966771;unknown;control;2022-10-31 18:15:00+00:00;0.551;;
966771;unknown;control;2022-10-31 18:30:00+00:00;0.319;;
966771;unknown;control;2022-10-31 18:45:00+00:00;0.617;;
966771;unknown;control;2022-10-31 19:00:00+00:00;1.11;;
966771;unknown;control;2022-10-31 19:15:00+00:00;0.372;;
966771;unknown;control;2022-10-31 19:30:00+00:00;0.318;;
966771;unknown;control;2022-10-31 19:45:00+00:00;0.315;;
966771;unknown;control;2022-10-31 20:00:00+00:00;0.308;;
966771;unknown;control;2022-10-31 20:15:00+00:00;0.299;;
966771;unknown;control;2022-10-31 20:30:00+00:00;0.302;;
966771;unknown;control;2022-10-31 20:45:00+00:00;0.404;;
966771;unknown;control;2022-10-31 21:00:00+00:00;0.298;;
966771;unknown;control;2022-10-31 21:15:00+00:00;0.32;;
966771;unknown;control;2022-10-31 21:30:00+00:00;0.33;;
966771;unknown;control;2022-10-31 21:45:00+00:00;0.368;;
966771;unknown;control;2022-10-31 22:00:00+00:00;0.295;;
966771;unknown;control;2022-10-31 22:15:00+00:00;0.295;;
966771;unknown;control;2022-10-31 22:30:00+00:00;0.374;;
966771;unknown;control;2022-10-31 22:45:00+00:00;0.305;;
966771;unknown;control;2022-10-31 23:00:00+00:00;0.231;;
966771;unknown;control;2022-10-31 23:15:00+00:00;0.186;;
966771;unknown;control;2022-10-31 23:30:00+00:00;0.191;;
966771;unknown;control;2022-10-31 23:45:00+00:00;0.177;;
966771;unknown;control;2022-11-01 00:00:00+00:00;0.183;;
966771;unknown;control;2022-11-01 00:15:00+00:00;0.188;;
966771;unknown;control;2022-11-01 00:30:00+00:00;0.175;;
966771;unknown;control;2022-11-01 00:45:00+00:00;0.156;;
966771;unknown;control;2022-11-01 01:00:00+00:00;0.218;;
966771;unknown;control;2022-11-01 01:15:00+00:00;0.168;;
966771;unknown;control;2022-11-01 01:30:00+00:00;1.38;;
966771;unknown;control;2022-11-01 01:45:00+00:00;1.365;;
966771;unknown;control;2022-11-01 02:00:00+00:00;1.39;;
966771;unknown;control;2022-11-01 02:15:00+00:00;1.384;;
966771;unknown;control;2022-11-01 02:30:00+00:00;1.407;;
966771;unknown;control;2022-11-01 02:45:00+00:00;1.419;;
966771;unknown;control;2022-11-01 03:00:00+00:00;1.416;;
966771;unknown;control;2022-11-01 03:15:00+00:00;1.387;;
966771;unknown;control;2022-11-01 03:30:00+00:00;0.891;;
966771;unknown;control;2022-11-01 03:45:00+00:00;0.982;;
966771;unknown;control;2022-11-01 04:00:00+00:00;0.989;;
966771;unknown;control;2022-11-01 04:15:00+00:00;0.225;;
966771;unknown;control;2022-11-01 04:30:00+00:00;0.118;;
966771;unknown;control;2022-11-01 04:45:00+00:00;1.374;;
966771;unknown;control;2022-11-01 05:00:00+00:00;2.23;;
966771;unknown;control;2022-11-01 05:15:00+00:00;1.516;;
966771;unknown;control;2022-11-01 05:30:00+00:00;1.35;;
966771;unknown;control;2022-11-01 05:45:00+00:00;1.328;;
966771;unknown;control;2022-11-01 06:00:00+00:00;0.575;;
966771;unknown;control;2022-11-01 06:15:00+00:00;0.71;;
966771;unknown;control;2022-11-01 06:30:00+00:00;0.114;;
966771;unknown;control;2022-11-01 06:45:00+00:00;0.086;;
966771;unknown;control;2022-11-01 07:00:00+00:00;0.091;;
966771;unknown;control;2022-11-01 07:15:00+00:00;0.091;;
966771;unknown;control;2022-11-01 07:30:00+00:00;0.089;;
966771;unknown;control;2022-11-01 07:45:00+00:00;0.097;;
966771;unknown;control;2022-11-01 08:00:00+00:00;0.087;;
966771;unknown;control;2022-11-01 08:15:00+00:00;0.088;;
966771;unknown;control;2022-11-01 08:30:00+00:00;0.102;;
966771;unknown;control;2022-11-01 08:45:00+00:00;0.094;;
966771;unknown;control;2022-11-01 09:00:00+00:00;0.091;;
966771;unknown;control;2022-11-01 09:15:00+00:00;0.093;;
966771;unknown;control;2022-11-01 09:30:00+00:00;0.087;;
966771;unknown;control;2022-11-01 09:45:00+00:00;0.097;;
966771;unknown;control;2022-11-01 10:00:00+00:00;0.103;;
966771;unknown;control;2022-11-01 10:15:00+00:00;0.54;;
966771;unknown;control;2022-11-01 10:30:00+00:00;0.114;;
966771;unknown;control;2022-11-01 10:45:00+00:00;0.113;;
966771;unknown;control;2022-11-01 11:00:00+00:00;0.117;;
966771;unknown;control;2022-11-01 11:15:00+00:00;0.117;;
966771;unknown;control;2022-11-01 11:30:00+00:00;0.109;;
966771;unknown;control;2022-11-01 11:45:00+00:00;0.112;;
966771;unknown;control;2022-11-01 12:00:00+00:00;0.117;;
966771;unknown;control;2022-11-01 12:15:00+00:00;0.105;;
966771;unknown;control;2022-11-01 12:30:00+00:00;0.109;;
966771;unknown;control;2022-11-01 12:45:00+00:00;0.114;;
966771;unknown;control;2022-11-01 13:00:00+00:00;0.107;;
966771;unknown;control;2022-11-01 13:15:00+00:00;0.098;;
966771;unknown;control;2022-11-01 13:30:00+00:00;0.09;;
966771;unknown;control;2022-11-01 13:45:00+00:00;0.089;;
966771;unknown;control;2022-11-01 14:00:00+00:00;0.099;;
966771;unknown;control;2022-11-01 14:15:00+00:00;0.092;;
966771;unknown;control;2022-11-01 14:30:00+00:00;0.088;;
966771;unknown;control;2022-11-01 14:45:00+00:00;0.095;;
966771;unknown;control;2022-11-01 15:00:00+00:00;0.097;;
966771;unknown;control;2022-11-01 15:15:00+00:00;0.098;;
966771;unknown;control;2022-11-01 15:30:00+00:00;0.099;;
966771;unknown;control;2022-11-01 15:45:00+00:00;0.086;;
966771;unknown;control;2022-11-01 16:00:00+00:00;0.095;;
966771;unknown;control;2022-11-01 16:15:00+00:00;0.104;;
966771;unknown;control;2022-11-01 16:30:00+00:00;0.115;;
966771;unknown;control;2022-11-01 16:45:00+00:00;0.874;;
966771;unknown;control;2022-11-01 17:00:00+00:00;0.132;;
966771;unknown;control;2022-11-01 17:15:00+00:00;0.128;;
966771;unknown;control;2022-11-01 17:30:00+00:00;0.121;;
966771;unknown;control;2022-11-01 17:45:00+00:00;0.21;;
966771;unknown;control;2022-11-01 18:00:00+00:00;0.141;;
966771;unknown;control;2022-11-01 18:15:00+00:00;0.211;;
966771;unknown;control;2022-11-01 18:30:00+00:00;0.944;;
966771;unknown;control;2022-11-01 18:45:00+00:00;0.526;;
966771;unknown;control;2022-11-01 19:00:00+00:00;0.119;;
966771;unknown;control;2022-11-01 19:15:00+00:00;0.201;;
966771;unknown;control;2022-11-01 19:30:00+00:00;0.129;;
966771;unknown;control;2022-11-01 19:45:00+00:00;0.134;;
966771;unknown;control;2022-11-01 20:00:00+00:00;0.222;;
966771;unknown;control;2022-11-01 20:15:00+00:00;0.124;;
966771;unknown;control;2022-11-01 20:30:00+00:00;0.124;;
966771;unknown;control;2022-11-01 20:45:00+00:00;0.166;;
966771;unknown;control;2022-11-01 21:00:00+00:00;0.246;;
966771;unknown;control;2022-11-01 21:15:00+00:00;0.207;;
966771;unknown;control;2022-11-01 21:30:00+00:00;0.183;;
966771;unknown;control;2022-11-01 21:45:00+00:00;0.19;;
966771;unknown;control;2022-11-01 22:00:00+00:00;0.266;;
966771;unknown;control;2022-11-01 22:15:00+00:00;0.184;;
966771;unknown;control;2022-11-01 22:30:00+00:00;0.26;;
966771;unknown;control;2022-11-01 22:45:00+00:00;0.196;;
966771;unknown;control;2022-11-01 23:00:00+00:00;0.221;;
966771;unknown;control;2022-11-01 23:15:00+00:00;0.225;;
966771;unknown;control;2022-11-01 23:30:00+00:00;0.258;;
966771;unknown;control;2022-11-01 23:45:00+00:00;0.19;;
966771;unknown;control;2022-11-02 00:00:00+00:00;0.265;;
966771;unknown;control;2022-11-02 00:15:00+00:00;0.172;;
966771;unknown;control;2022-11-02 00:30:00+00:00;0.271;;
966771;unknown;control;2022-11-02 00:45:00+00:00;0.174;;
966771;unknown;control;2022-11-02 01:00:00+00:00;0.171;;
966771;unknown;control;2022-11-02 01:15:00+00:00;0.153;;
966771;unknown;control;2022-11-02 01:30:00+00:00;1.325;;
966771;unknown;control;2022-11-02 01:45:00+00:00;1.404;;
966771;unknown;control;2022-11-02 02:00:00+00:00;1.414;;
966771;unknown;control;2022-11-02 02:15:00+00:00;1.436;;
966771;unknown;control;2022-11-02 02:30:00+00:00;1.435;;
966771;unknown;control;2022-11-02 02:45:00+00:00;1.436;;
966771;unknown;control;2022-11-02 03:00:00+00:00;1.335;;
966771;unknown;control;2022-11-02 03:15:00+00:00;0.378;;
966771;unknown;control;2022-11-02 03:30:00+00:00;0.92;;
966771;unknown;control;2022-11-02 03:45:00+00:00;0.891;;
966771;unknown;control;2022-11-02 04:00:00+00:00;0.985;;
966771;unknown;control;2022-11-02 04:15:00+00:00;0.306;;
966771;unknown;control;2022-11-02 04:30:00+00:00;0.151;;
966771;unknown;control;2022-11-02 04:45:00+00:00;0.488;;
966771;unknown;control;2022-11-02 05:00:00+00:00;0.895;;
966771;unknown;control;2022-11-02 05:15:00+00:00;0.213;;
966771;unknown;control;2022-11-02 05:30:00+00:00;0.123;;
966771;unknown;control;2022-11-02 05:45:00+00:00;0.408;;
966771;unknown;control;2022-11-02 06:00:00+00:00;0.901;;
966771;unknown;control;2022-11-02 06:15:00+00:00;0.201;;
966771;unknown;control;2022-11-02 06:30:00+00:00;0.106;;
966771;unknown;control;2022-11-02 06:45:00+00:00;0.104;;
966771;unknown;control;2022-11-02 07:00:00+00:00;0.092;;
966771;unknown;control;2022-11-02 07:15:00+00:00;0.085;;
966771;unknown;control;2022-11-02 07:30:00+00:00;0.094;;
966771;unknown;control;2022-11-02 07:45:00+00:00;0.093;;
966771;unknown;control;2022-11-02 08:00:00+00:00;0.091;;
966771;unknown;control;2022-11-02 08:15:00+00:00;0.094;;
966771;unknown;control;2022-11-02 08:30:00+00:00;0.09;;
966771;unknown;control;2022-11-02 08:45:00+00:00;0.098;;
966771;unknown;control;2022-11-02 09:00:00+00:00;0.099;;
966771;unknown;control;2022-11-02 09:15:00+00:00;0.085;;
966771;unknown;control;2022-11-02 09:30:00+00:00;0.091;;
966771;unknown;control;2022-11-02 09:45:00+00:00;0.097;;
966771;unknown;control;2022-11-02 10:00:00+00:00;0.1;;
966771;unknown;control;2022-11-02 10:15:00+00:00;0.685;;
966771;unknown;control;2022-11-02 10:30:00+00:00;0.109;;
966771;unknown;control;2022-11-02 10:45:00+00:00;0.106;;
966771;unknown;control;2022-11-02 11:00:00+00:00;0.119;;
966771;unknown;control;2022-11-02 11:15:00+00:00;0.112;;
966771;unknown;control;2022-11-02 11:30:00+00:00;0.109;;
966771;unknown;control;2022-11-02 11:45:00+00:00;0.114;;
966771;unknown;control;2022-11-02 12:00:00+00:00;0.11;;
966771;unknown;control;2022-11-02 12:15:00+00:00;0.11;;
966771;unknown;control;2022-11-02 12:30:00+00:00;0.112;;
966771;unknown;control;2022-11-02 12:45:00+00:00;0.106;;
966771;unknown;control;2022-11-02 13:00:00+00:00;0.113;;
966771;unknown;control;2022-11-02 13:15:00+00:00;0.099;;
966771;unknown;control;2022-11-02 13:30:00+00:00;0.083;;
966771;unknown;control;2022-11-02 13:45:00+00:00;0.092;;
966771;unknown;control;2022-11-02 14:00:00+00:00;0.096;;
966771;unknown;control;2022-11-02 14:15:00+00:00;0.089;;
966771;unknown;control;2022-11-02 14:30:00+00:00;0.093;;
966771;unknown;control;2022-11-02 14:45:00+00:00;0.09;;
966771;unknown;control;2022-11-02 15:00:00+00:00;0.095;;
966771;unknown;control;2022-11-02 15:15:00+00:00;0.103;;
966771;unknown;control;2022-11-02 15:30:00+00:00;0.091;;
966771;unknown;control;2022-11-02 15:45:00+00:00;0.173;;
966771;unknown;control;2022-11-02 16:00:00+00:00;0.174;;
966771;unknown;control;2022-11-02 16:15:00+00:00;0.182;;
966771;unknown;control;2022-11-02 16:30:00+00:00;0.193;;
966771;unknown;control;2022-11-02 16:45:00+00:00;1.014;;
966771;unknown;control;2022-11-02 17:00:00+00:00;0.972;;
966771;unknown;control;2022-11-02 17:15:00+00:00;0.976;;
966771;unknown;control;2022-11-02 17:30:00+00:00;0.239;;
966771;unknown;control;2022-11-02 17:45:00+00:00;0.416;;
966771;unknown;control;2022-11-02 18:00:00+00:00;1.04;;
966771;unknown;control;2022-11-02 18:15:00+00:00;1.052;;
966771;unknown;control;2022-11-02 18:30:00+00:00;0.366;;
966771;unknown;control;2022-11-02 18:45:00+00:00;0.286;;
966771;unknown;control;2022-11-02 19:00:00+00:00;0.917;;
966771;unknown;control;2022-11-02 19:15:00+00:00;0.996;;
966771;unknown;control;2022-11-02 19:30:00+00:00;0.285;;
966771;unknown;control;2022-11-02 19:45:00+00:00;0.221;;
966771;unknown;control;2022-11-02 20:00:00+00:00;0.243;;
966771;unknown;control;2022-11-02 20:15:00+00:00;0.271;;
966771;unknown;control;2022-11-02 20:30:00+00:00;0.262;;
966771;unknown;control;2022-11-02 20:45:00+00:00;0.249;;
966771;unknown;control;2022-11-02 21:00:00+00:00;0.234;;
966771;unknown;control;2022-11-02 21:15:00+00:00;0.23;;
966771;unknown;control;2022-11-02 21:30:00+00:00;0.272;;
966771;unknown;control;2022-11-02 21:45:00+00:00;0.276;;
966771;unknown;control;2022-11-02 22:00:00+00:00;0.265;;
966771;unknown;control;2022-11-02 22:15:00+00:00;0.275;;
966771;unknown;control;2022-11-02 22:30:00+00:00;0.281;;
966771;unknown;control;2022-11-02 22:45:00+00:00;0.264;;
966771;unknown;control;2022-11-02 23:00:00+00:00;0.273;;
966771;unknown;control;2022-11-02 23:15:00+00:00;0.269;;
966771;unknown;control;2022-11-02 23:30:00+00:00;0.238;;
966771;unknown;control;2022-11-02 23:45:00+00:00;0.248;;
966771;unknown;control;2022-11-03 00:00:00+00:00;0.231;;
966771;unknown;control;2022-11-03 00:15:00+00:00;0.259;;
966771;unknown;control;2022-11-03 00:30:00+00:00;0.276;;
966771;unknown;control;2022-11-03 00:45:00+00:00;0.27;;
966771;unknown;control;2022-11-03 01:00:00+00:00;0.262;;
966771;unknown;control;2022-11-03 01:15:00+00:00;0.222;;
966771;unknown;control;2022-11-03 01:30:00+00:00;1.403;;
966771;unknown;control;2022-11-03 01:45:00+00:00;1.446;;
966771;unknown;control;2022-11-03 02:00:00+00:00;1.124;;
966771;unknown;control;2022-11-03 02:15:00+00:00;0.211;;
966771;unknown;control;2022-11-03 02:30:00+00:00;0.233;;
966771;unknown;control;2022-11-03 02:45:00+00:00;0.276;;
966771;unknown;control;2022-11-03 03:00:00+00:00;0.224;;
966771;unknown;control;2022-11-03 03:15:00+00:00;0.237;;
966771;unknown;control;2022-11-03 03:30:00+00:00;1.002;;
966771;unknown;control;2022-11-03 03:45:00+00:00;0.973;;
966771;unknown;control;2022-11-03 04:00:00+00:00;1.038;;
966771;unknown;control;2022-11-03 04:15:00+00:00;0.984;;
966771;unknown;control;2022-11-03 04:30:00+00:00;1.051;;
966771;unknown;control;2022-11-03 04:45:00+00:00;1.03;;
966771;unknown;control;2022-11-03 05:00:00+00:00;0.848;;
966771;unknown;control;2022-11-03 05:15:00+00:00;0.267;;
966771;unknown;control;2022-11-03 05:30:00+00:00;0.204;;
966771;unknown;control;2022-11-03 05:45:00+00:00;0.77;;
966771;unknown;control;2022-11-03 06:00:00+00:00;0.998;;
966771;unknown;control;2022-11-03 06:15:00+00:00;0.892;;
966771;unknown;control;2022-11-03 06:30:00+00:00;0.185;;
966771;unknown;control;2022-11-03 06:45:00+00:00;0.179;;
966771;unknown;control;2022-11-03 07:00:00+00:00;0.173;;
966771;unknown;control;2022-11-03 07:15:00+00:00;0.162;;
966771;unknown;control;2022-11-03 07:30:00+00:00;0.226;;
966771;unknown;control;2022-11-03 07:45:00+00:00;0.119;;
966771;unknown;control;2022-11-03 08:00:00+00:00;0.164;;
966771;unknown;control;2022-11-03 08:15:00+00:00;0.098;;
966771;unknown;control;2022-11-03 08:30:00+00:00;0.094;;
966771;unknown;control;2022-11-03 08:45:00+00:00;0.086;;
966771;unknown;control;2022-11-03 09:00:00+00:00;0.097;;
966771;unknown;control;2022-11-03 09:15:00+00:00;0.095;;
966771;unknown;control;2022-11-03 09:30:00+00:00;0.095;;
966771;unknown;control;2022-11-03 09:45:00+00:00;0.097;;
966771;unknown;control;2022-11-03 10:00:00+00:00;0.101;;
966771;unknown;control;2022-11-03 10:15:00+00:00;0.864;;
966771;unknown;control;2022-11-03 10:30:00+00:00;0.468;;
966771;unknown;control;2022-11-03 10:45:00+00:00;0.113;;
966771;unknown;control;2022-11-03 11:00:00+00:00;0.11;;
966771;unknown;control;2022-11-03 11:15:00+00:00;0.115;;
966771;unknown;control;2022-11-03 11:30:00+00:00;0.106;;
966771;unknown;control;2022-11-03 11:45:00+00:00;0.114;;
966771;unknown;control;2022-11-03 12:00:00+00:00;0.114;;
966771;unknown;control;2022-11-03 12:15:00+00:00;0.101;;
966771;unknown;control;2022-11-03 12:30:00+00:00;0.11;;
966771;unknown;control;2022-11-03 12:45:00+00:00;0.114;;
966771;unknown;control;2022-11-03 13:00:00+00:00;0.105;;
966771;unknown;control;2022-11-03 13:15:00+00:00;0.094;;
966771;unknown;control;2022-11-03 13:30:00+00:00;0.092;;
966771;unknown;control;2022-11-03 13:45:00+00:00;0.095;;
966771;unknown;control;2022-11-03 14:00:00+00:00;0.097;;
966771;unknown;control;2022-11-03 14:15:00+00:00;0.117;;
966771;unknown;control;2022-11-03 14:30:00+00:00;0.14;;
966771;unknown;control;2022-11-03 14:45:00+00:00;0.097;;
966771;unknown;control;2022-11-03 15:00:00+00:00;0.117;;
966771;unknown;control;2022-11-03 15:15:00+00:00;0.196;;
966771;unknown;control;2022-11-03 15:30:00+00:00;0.194;;
966771;unknown;control;2022-11-03 15:45:00+00:00;0.109;;
966771;unknown;control;2022-11-03 16:00:00+00:00;0.173;;
966771;unknown;control;2022-11-03 16:15:00+00:00;0.193;;
966771;unknown;control;2022-11-03 16:30:00+00:00;0.204;;
966771;unknown;control;2022-11-03 16:45:00+00:00;0.957;;
966771;unknown;control;2022-11-03 17:00:00+00:00;0.987;;
966771;unknown;control;2022-11-03 17:15:00+00:00;0.281;;
966771;unknown;control;2022-11-03 17:30:00+00:00;0.217;;
966771;unknown;control;2022-11-03 17:45:00+00:00;0.896;;
966771;unknown;control;2022-11-03 18:00:00+00:00;0.692;;
966771;unknown;control;2022-11-03 18:15:00+00:00;0.236;;
966771;unknown;control;2022-11-03 18:30:00+00:00;0.24;;
966771;unknown;control;2022-11-03 18:45:00+00:00;0.938;;
966771;unknown;control;2022-11-03 19:00:00+00:00;0.537;;
966771;unknown;control;2022-11-03 19:15:00+00:00;0.165;;
966771;unknown;control;2022-11-03 19:30:00+00:00;0.172;;
966771;unknown;control;2022-11-03 19:45:00+00:00;0.57;;
966771;unknown;control;2022-11-03 20:00:00+00:00;0.19;;
966771;unknown;control;2022-11-03 20:15:00+00:00;0.183;;
966771;unknown;control;2022-11-03 20:30:00+00:00;0.19;;
966771;unknown;control;2022-11-03 20:45:00+00:00;0.093;;
966771;unknown;control;2022-11-03 21:00:00+00:00;0.197;;
966771;unknown;control;2022-11-03 21:15:00+00:00;0.201;;
966771;unknown;control;2022-11-03 21:30:00+00:00;0.088;;
966771;unknown;control;2022-11-03 21:45:00+00:00;0.197;;
966771;unknown;control;2022-11-03 22:00:00+00:00;0.195;;
966771;unknown;control;2022-11-03 22:15:00+00:00;0.177;;
966771;unknown;control;2022-11-03 22:30:00+00:00;0.191;;
966771;unknown;control;2022-11-03 22:45:00+00:00;0.134;;
966771;unknown;control;2022-11-03 23:00:00+00:00;0.144;;
966771;unknown;control;2022-11-03 23:15:00+00:00;0.192;;
966771;unknown;control;2022-11-03 23:30:00+00:00;0.182;;
966771;unknown;control;2022-11-03 23:45:00+00:00;0.181;;
966771;unknown;control;2022-11-04 00:00:00+00:00;0.189;;
966771;unknown;control;2022-11-04 00:15:00+00:00;0.182;;
966771;unknown;control;2022-11-04 00:30:00+00:00;0.181;;
966771;unknown;control;2022-11-04 00:45:00+00:00;0.184;;
966771;unknown;control;2022-11-04 01:00:00+00:00;0.157;;
966771;unknown;control;2022-11-04 01:15:00+00:00;0.176;;
966771;unknown;control;2022-11-04 01:30:00+00:00;1.43;;
966771;unknown;control;2022-11-04 01:45:00+00:00;1.373;;
966771;unknown;control;2022-11-04 02:00:00+00:00;1.388;;
966771;unknown;control;2022-11-04 02:15:00+00:00;1.45;;
966771;unknown;control;2022-11-04 02:30:00+00:00;1.424;;
966771;unknown;control;2022-11-04 02:45:00+00:00;1.399;;
966771;unknown;control;2022-11-04 03:00:00+00:00;1.428;;
966771;unknown;control;2022-11-04 03:15:00+00:00;0.806;;
966771;unknown;control;2022-11-04 03:30:00+00:00;0.949;;
966771;unknown;control;2022-11-04 03:45:00+00:00;1.003;;
966771;unknown;control;2022-11-04 04:00:00+00:00;0.598;;
966771;unknown;control;2022-11-04 04:15:00+00:00;0.299;;
966771;unknown;control;2022-11-04 04:30:00+00:00;1.022;;
966771;unknown;control;2022-11-04 04:45:00+00:00;0.64;;
966771;unknown;control;2022-11-04 05:00:00+00:00;0.294;;
966771;unknown;control;2022-11-04 05:15:00+00:00;0.69;;
966771;unknown;control;2022-11-04 05:30:00+00:00;0.963;;
966771;unknown;control;2022-11-04 05:45:00+00:00;0.293;;
966771;unknown;control;2022-11-04 06:00:00+00:00;0.213;;
966771;unknown;control;2022-11-04 06:15:00+00:00;0.971;;
966771;unknown;control;2022-11-04 06:30:00+00:00;0.89;;
966771;unknown;control;2022-11-04 06:45:00+00:00;0.192;;
966771;unknown;control;2022-11-04 07:00:00+00:00;0.183;;
966771;unknown;control;2022-11-04 07:15:00+00:00;0.167;;
966771;unknown;control;2022-11-04 07:30:00+00:00;0.09;;
966771;unknown;control;2022-11-04 07:45:00+00:00;0.094;;
966771;unknown;control;2022-11-04 08:00:00+00:00;0.088;;
966771;unknown;control;2022-11-04 08:15:00+00:00;0.096;;
966771;unknown;control;2022-11-04 08:30:00+00:00;0.088;;
966771;unknown;control;2022-11-04 08:45:00+00:00;0.086;;
966771;unknown;control;2022-11-04 09:00:00+00:00;0.1;;
966771;unknown;control;2022-11-04 09:15:00+00:00;0.096;;
966771;unknown;control;2022-11-04 09:30:00+00:00;0.088;;
966771;unknown;control;2022-11-04 09:45:00+00:00;0.093;;
966771;unknown;control;2022-11-04 10:00:00+00:00;0.104;;
966771;unknown;control;2022-11-04 10:15:00+00:00;0.749;;
966771;unknown;control;2022-11-04 10:30:00+00:00;0.114;;
966771;unknown;control;2022-11-04 10:45:00+00:00;0.103;;
966771;unknown;control;2022-11-04 11:00:00+00:00;0.11;;
966771;unknown;control;2022-11-04 11:15:00+00:00;0.118;;
966771;unknown;control;2022-11-04 11:30:00+00:00;0.109;;
966771;unknown;control;2022-11-04 11:45:00+00:00;0.111;;
966771;unknown;control;2022-11-04 12:00:00+00:00;0.106;;
966771;unknown;control;2022-11-04 12:15:00+00:00;0.107;;
966771;unknown;control;2022-11-04 12:30:00+00:00;0.115;;
966771;unknown;control;2022-11-04 12:45:00+00:00;0.106;;
966771;unknown;control;2022-11-04 13:00:00+00:00;0.104;;
966771;unknown;control;2022-11-04 13:15:00+00:00;0.096;;
966771;unknown;control;2022-11-04 13:30:00+00:00;0.089;;
966771;unknown;control;2022-11-04 13:45:00+00:00;0.092;;
966771;unknown;control;2022-11-04 14:00:00+00:00;0.093;;
966771;unknown;control;2022-11-04 14:15:00+00:00;0.082;;
966771;unknown;control;2022-11-04 14:30:00+00:00;0.095;;
966771;unknown;control;2022-11-04 14:45:00+00:00;0.095;;
966771;unknown;control;2022-11-04 15:00:00+00:00;0.087;;
966771;unknown;control;2022-11-04 15:15:00+00:00;0.169;;
966771;unknown;control;2022-11-04 15:30:00+00:00;0.115;;
966771;unknown;control;2022-11-04 15:45:00+00:00;0.182;;
966771;unknown;control;2022-11-04 16:00:00+00:00;0.187;;
966771;unknown;control;2022-11-04 16:15:00+00:00;0.177;;
966771;unknown;control;2022-11-04 16:30:00+00:00;0.199;;
966771;unknown;control;2022-11-04 16:45:00+00:00;0.953;;
966771;unknown;control;2022-11-04 17:00:00+00:00;0.942;;
966771;unknown;control;2022-11-04 17:15:00+00:00;0.203;;
966771;unknown;control;2022-11-04 17:30:00+00:00;0.471;;
966771;unknown;control;2022-11-04 17:45:00+00:00;0.878;;
966771;unknown;control;2022-11-04 18:00:00+00:00;0.295;;
966771;unknown;control;2022-11-04 18:15:00+00:00;0.375;;
966771;unknown;control;2022-11-04 18:30:00+00:00;1.031;;
966771;unknown;control;2022-11-04 18:45:00+00:00;0.613;;
966771;unknown;control;2022-11-04 19:00:00+00:00;0.226;;
966771;unknown;control;2022-11-04 19:15:00+00:00;0.227;;
966771;unknown;control;2022-11-04 19:30:00+00:00;0.721;;
966771;unknown;control;2022-11-04 19:45:00+00:00;0.957;;
966771;unknown;control;2022-11-04 20:00:00+00:00;0.198;;
966771;unknown;control;2022-11-04 20:15:00+00:00;0.187;;
966771;unknown;control;2022-11-04 20:30:00+00:00;0.182;;
966771;unknown;control;2022-11-04 20:45:00+00:00;0.179;;
966771;unknown;control;2022-11-04 21:00:00+00:00;0.22;;
966771;unknown;control;2022-11-04 21:15:00+00:00;0.251;;
966771;unknown;control;2022-11-04 21:30:00+00:00;0.192;;
966771;unknown;control;2022-11-04 21:45:00+00:00;0.191;;
966771;unknown;control;2022-11-04 22:00:00+00:00;0.178;;
966771;unknown;control;2022-11-04 22:15:00+00:00;0.178;;
966771;unknown;control;2022-11-04 22:30:00+00:00;0.187;;
966771;unknown;control;2022-11-04 22:45:00+00:00;0.18;;
966771;unknown;control;2022-11-04 23:00:00+00:00;0.207;;
966771;unknown;control;2022-11-04 23:15:00+00:00;0.247;;
966771;unknown;control;2022-11-04 23:30:00+00:00;0.19;;
966771;unknown;control;2022-11-04 23:45:00+00:00;0.191;;
966771;unknown;control;2022-11-05 00:00:00+00:00;0.183;;
966771;unknown;control;2022-11-05 00:15:00+00:00;0.178;;
966771;unknown;control;2022-11-05 00:30:00+00:00;0.184;;
966771;unknown;control;2022-11-05 00:45:00+00:00;0.21;;
966771;unknown;control;2022-11-05 01:00:00+00:00;0.247;;
966771;unknown;control;2022-11-05 01:15:00+00:00;0.187;;
966771;unknown;control;2022-11-05 01:30:00+00:00;1.391;;
966771;unknown;control;2022-11-05 01:45:00+00:00;1.392;;
966771;unknown;control;2022-11-05 02:00:00+00:00;1.398;;
966771;unknown;control;2022-11-05 02:15:00+00:00;1.391;;
966771;unknown;control;2022-11-05 02:30:00+00:00;1.406;;
966771;unknown;control;2022-11-05 02:45:00+00:00;1.467;;
966771;unknown;control;2022-11-05 03:00:00+00:00;0.929;;
966771;unknown;control;2022-11-05 03:15:00+00:00;0.199;;
966771;unknown;control;2022-11-05 03:30:00+00:00;0.939;;
966771;unknown;control;2022-11-05 03:45:00+00:00;0.995;;
966771;unknown;control;2022-11-05 04:00:00+00:00;0.996;;
966771;unknown;control;2022-11-05 04:15:00+00:00;0.369;;
966771;unknown;control;2022-11-05 04:30:00+00:00;0.378;;
966771;unknown;control;2022-11-05 04:45:00+00:00;0.986;;
966771;unknown;control;2022-11-05 05:00:00+00:00;0.88;;
966771;unknown;control;2022-11-05 05:15:00+00:00;0.271;;
966771;unknown;control;2022-11-05 05:30:00+00:00;0.22;;
966771;unknown;control;2022-11-05 05:45:00+00:00;1.56;;
966771;unknown;control;2022-11-05 06:00:00+00:00;0.925;;
966771;unknown;control;2022-11-05 06:15:00+00:00;0.262;;
966771;unknown;control;2022-11-05 06:30:00+00:00;0.207;;
966771;unknown;control;2022-11-05 06:45:00+00:00;0.193;;
966771;unknown;control;2022-11-05 07:00:00+00:00;0.178;;
966771;unknown;control;2022-11-05 07:15:00+00:00;0.17;;
966771;unknown;control;2022-11-05 07:30:00+00:00;0.095;;
966771;unknown;control;2022-11-05 07:45:00+00:00;0.194;;
966771;unknown;control;2022-11-05 08:00:00+00:00;0.182;;
966771;unknown;control;2022-11-05 08:15:00+00:00;0.129;;
966771;unknown;control;2022-11-05 08:30:00+00:00;0.135;;
966771;unknown;control;2022-11-05 08:45:00+00:00;0.091;;
966771;unknown;control;2022-11-05 09:00:00+00:00;0.097;;
966771;unknown;control;2022-11-05 09:15:00+00:00;0.088;;
966771;unknown;control;2022-11-05 09:30:00+00:00;0.095;;
966771;unknown;control;2022-11-05 09:45:00+00:00;0.093;;
966771;unknown;control;2022-11-05 10:00:00+00:00;0.104;;
966771;unknown;control;2022-11-05 10:15:00+00:00;0.873;;
966771;unknown;control;2022-11-05 10:30:00+00:00;0.194;;
966771;unknown;control;2022-11-05 10:45:00+00:00;0.1;;
966771;unknown;control;2022-11-05 11:00:00+00:00;0.113;;
966771;unknown;control;2022-11-05 11:15:00+00:00;0.115;;
966771;unknown;control;2022-11-05 11:30:00+00:00;0.111;;
966771;unknown;control;2022-11-05 11:45:00+00:00;0.11;;
966771;unknown;control;2022-11-05 12:00:00+00:00;0.103;;
966771;unknown;control;2022-11-05 12:15:00+00:00;0.107;;
966771;unknown;control;2022-11-05 12:30:00+00:00;0.114;;
966771;unknown;control;2022-11-05 12:45:00+00:00;0.106;;
966771;unknown;control;2022-11-05 13:00:00+00:00;0.105;;
966771;unknown;control;2022-11-05 13:15:00+00:00;0.094;;
966771;unknown;control;2022-11-05 13:30:00+00:00;0.089;;
966771;unknown;control;2022-11-05 13:45:00+00:00;0.094;;
966771;unknown;control;2022-11-05 14:00:00+00:00;0.093;;
966771;unknown;control;2022-11-05 14:15:00+00:00;0.082;;
966771;unknown;control;2022-11-05 14:30:00+00:00;0.093;;
966771;unknown;control;2022-11-05 14:45:00+00:00;0.096;;
966771;unknown;control;2022-11-05 15:00:00+00:00;0.091;;
966771;unknown;control;2022-11-05 15:15:00+00:00;0.192;;
966771;unknown;control;2022-11-05 15:30:00+00:00;0.188;;
966771;unknown;control;2022-11-05 15:45:00+00:00;0.187;;
966771;unknown;control;2022-11-05 16:00:00+00:00;0.274;;
966771;unknown;control;2022-11-05 16:15:00+00:00;0.225;;
966771;unknown;control;2022-11-05 16:30:00+00:00;0.285;;
966771;unknown;control;2022-11-05 16:45:00+00:00;1.054;;
966771;unknown;control;2022-11-05 17:00:00+00:00;1.414;;
966771;unknown;control;2022-11-05 17:15:00+00:00;1.579;;
966771;unknown;control;2022-11-05 17:30:00+00:00;1.564;;
966771;unknown;control;2022-11-05 17:45:00+00:00;1.14;;
966771;unknown;control;2022-11-05 18:00:00+00:00;0.318;;
966771;unknown;control;2022-11-05 18:15:00+00:00;0.911;;
966771;unknown;control;2022-11-05 18:30:00+00:00;1.159;;
966771;unknown;control;2022-11-05 18:45:00+00:00;1.13;;
966771;unknown;control;2022-11-05 19:00:00+00:00;0.852;;
966771;unknown;control;2022-11-05 19:15:00+00:00;0.373;;
966771;unknown;control;2022-11-05 19:30:00+00:00;0.716;;
966771;unknown;control;2022-11-05 19:45:00+00:00;1.124;;
966771;unknown;control;2022-11-05 20:00:00+00:00;0.312;;
966771;unknown;control;2022-11-05 20:15:00+00:00;0.346;;
966771;unknown;control;2022-11-05 20:30:00+00:00;0.39;;
966771;unknown;control;2022-11-05 20:45:00+00:00;0.361;;
966771;unknown;control;2022-11-05 21:00:00+00:00;0.322;;
966771;unknown;control;2022-11-05 21:15:00+00:00;0.3;;
966771;unknown;control;2022-11-05 21:30:00+00:00;0.359;;
966771;unknown;control;2022-11-05 21:45:00+00:00;0.373;;
966771;unknown;control;2022-11-05 22:00:00+00:00;0.35;;
966771;unknown;control;2022-11-05 22:15:00+00:00;0.311;;
966771;unknown;control;2022-11-05 22:30:00+00:00;0.318;;
966771;unknown;control;2022-11-05 22:45:00+00:00;0.331;;
966771;unknown;control;2022-11-05 23:00:00+00:00;0.26;;
966771;unknown;control;2022-11-05 23:15:00+00:00;0.283;;
966771;unknown;control;2022-11-05 23:30:00+00:00;0.331;;
966771;unknown;control;2022-11-05 23:45:00+00:00;0.303;;
966771;unknown;control;2022-11-06 00:00:00+00:00;0.285;;
966771;unknown;control;2022-11-06 00:15:00+00:00;0.292;;
966771;unknown;control;2022-11-06 00:30:00+00:00;0.277;;
966771;unknown;control;2022-11-06 00:45:00+00:00;0.234;;
966771;unknown;control;2022-11-06 01:00:00+00:00;0.321;;
966771;unknown;control;2022-11-06 01:15:00+00:00;0.214;;
966771;unknown;control;2022-11-06 01:30:00+00:00;1.515;;
966771;unknown;control;2022-11-06 01:45:00+00:00;1.431;;
966771;unknown;control;2022-11-06 02:00:00+00:00;1.48;;
966771;unknown;control;2022-11-06 02:15:00+00:00;1.499;;
966771;unknown;control;2022-11-06 02:30:00+00:00;1.445;;
966771;unknown;control;2022-11-06 02:45:00+00:00;1.549;;
966771;unknown;control;2022-11-06 03:00:00+00:00;1.491;;
966771;unknown;control;2022-11-06 03:15:00+00:00;1.519;;
966771;unknown;control;2022-11-06 03:30:00+00:00;2.316;;
966771;unknown;control;2022-11-06 03:45:00+00:00;2.319;;
966771;unknown;control;2022-11-06 04:00:00+00:00;2.253;;
966771;unknown;control;2022-11-06 04:15:00+00:00;2.377;;
966771;unknown;control;2022-11-06 04:30:00+00:00;1.645;;
966771;unknown;control;2022-11-06 04:45:00+00:00;1.462;;
966771;unknown;control;2022-11-06 05:00:00+00:00;2.407;;
966771;unknown;control;2022-11-06 05:15:00+00:00;1.406;;
966771;unknown;control;2022-11-06 05:30:00+00:00;0.683;;
966771;unknown;control;2022-11-06 05:45:00+00:00;1.162;;
966771;unknown;control;2022-11-06 06:00:00+00:00;0.998;;
966771;unknown;control;2022-11-06 06:15:00+00:00;0.283;;
966771;unknown;control;2022-11-06 06:30:00+00:00;0.698;;
966771;unknown;control;2022-11-06 06:45:00+00:00;1.032;;
966771;unknown;control;2022-11-06 07:00:00+00:00;0.831;;
966771;unknown;control;2022-11-06 07:15:00+00:00;0.215;;
966771;unknown;control;2022-11-06 07:30:00+00:00;0.594;;
966771;unknown;control;2022-11-06 07:45:00+00:00;0.41;;
966771;unknown;control;2022-11-06 08:00:00+00:00;0.494;;
966771;unknown;control;2022-11-06 08:15:00+00:00;0.203;;
966771;unknown;control;2022-11-06 08:30:00+00:00;0.106;;
966771;unknown;control;2022-11-06 08:45:00+00:00;0.377;;
966771;unknown;control;2022-11-06 09:00:00+00:00;0.272;;
966771;unknown;control;2022-11-06 09:15:00+00:00;0.103;;
966771;unknown;control;2022-11-06 09:30:00+00:00;0.093;;
966771;unknown;control;2022-11-06 09:45:00+00:00;0.094;;
966771;unknown;control;2022-11-06 10:00:00+00:00;0.097;;
966771;unknown;control;2022-11-06 10:15:00+00:00;0.104;;
966771;unknown;control;2022-11-06 10:30:00+00:00;0.874;;
966771;unknown;control;2022-11-06 10:45:00+00:00;0.59;;
966771;unknown;control;2022-11-06 11:00:00+00:00;0.107;;
966771;unknown;control;2022-11-06 11:15:00+00:00;0.118;;
966771;unknown;control;2022-11-06 11:30:00+00:00;0.115;;
966771;unknown;control;2022-11-06 11:45:00+00:00;0.102;;
966771;unknown;control;2022-11-06 12:00:00+00:00;0.455;;
966771;unknown;control;2022-11-06 12:15:00+00:00;0.582;;
966771;unknown;control;2022-11-06 12:30:00+00:00;0.105;;
966771;unknown;control;2022-11-06 12:45:00+00:00;0.11;;
966771;unknown;control;2022-11-06 13:00:00+00:00;0.11;;
966771;unknown;control;2022-11-06 13:15:00+00:00;0.095;;
966771;unknown;control;2022-11-06 13:30:00+00:00;0.092;;
966771;unknown;control;2022-11-06 13:45:00+00:00;0.182;;
966771;unknown;control;2022-11-06 14:00:00+00:00;0.096;;
966771;unknown;control;2022-11-06 14:15:00+00:00;0.097;;
966771;unknown;control;2022-11-06 14:30:00+00:00;0.195;;
966771;unknown;control;2022-11-06 14:45:00+00:00;0.189;;
966771;unknown;control;2022-11-06 15:00:00+00:00;0.188;;
966771;unknown;control;2022-11-06 15:15:00+00:00;0.142;;
966771;unknown;control;2022-11-06 15:30:00+00:00;0.252;;
966771;unknown;control;2022-11-06 15:45:00+00:00;0.239;;
966771;unknown;control;2022-11-06 16:00:00+00:00;0.251;;
966771;unknown;control;2022-11-06 16:15:00+00:00;0.206;;
966771;unknown;control;2022-11-06 16:30:00+00:00;0.984;;
966771;unknown;control;2022-11-06 16:45:00+00:00;1.08;;
966771;unknown;control;2022-11-06 17:00:00+00:00;1.009;;
966771;unknown;control;2022-11-06 17:15:00+00:00;0.595;;
966771;unknown;control;2022-11-06 17:30:00+00:00;0.279;;
966771;unknown;control;2022-11-06 17:45:00+00:00;1.055;;
966771;unknown;control;2022-11-06 18:00:00+00:00;1.092;;
966771;unknown;control;2022-11-06 18:15:00+00:00;0.367;;
966771;unknown;control;2022-11-06 18:30:00+00:00;0.713;;
966771;unknown;control;2022-11-06 18:45:00+00:00;0.708;;
966771;unknown;control;2022-11-06 19:00:00+00:00;1.075;;
966771;unknown;control;2022-11-06 19:15:00+00:00;0.311;;
966771;unknown;control;2022-11-06 19:30:00+00:00;0.285;;
966771;unknown;control;2022-11-06 19:45:00+00:00;0.65;;
966771;unknown;control;2022-11-06 20:00:00+00:00;0.278;;
966771;unknown;control;2022-11-06 20:15:00+00:00;0.203;;
966771;unknown;control;2022-11-06 20:30:00+00:00;0.198;;
966771;unknown;control;2022-11-06 20:45:00+00:00;0.192;;
966771;unknown;control;2022-11-06 21:00:00+00:00;0.253;;
966771;unknown;control;2022-11-06 21:15:00+00:00;0.205;;
966771;unknown;control;2022-11-06 21:30:00+00:00;0.196;;
966771;unknown;control;2022-11-06 21:45:00+00:00;0.188;;
966771;unknown;control;2022-11-06 22:00:00+00:00;0.19;;
966771;unknown;control;2022-11-06 22:15:00+00:00;0.189;;
966771;unknown;control;2022-11-06 22:30:00+00:00;0.262;;
966771;unknown;control;2022-11-06 22:45:00+00:00;0.219;;
966771;unknown;control;2022-11-06 23:00:00+00:00;0.295;;
966771;unknown;control;2022-11-06 23:15:00+00:00;0.217;;
966771;unknown;control;2022-11-06 23:30:00+00:00;0.282;;
966771;unknown;control;2022-11-06 23:45:00+00:00;0.201;;
966771;unknown;control;2022-11-07 00:00:00+00:00;0.284;;
966771;unknown;control;2022-11-07 00:15:00+00:00;0.196;;
966771;unknown;control;2022-11-07 00:30:00+00:00;0.185;;
966771;unknown;control;2022-11-07 00:45:00+00:00;0.232;;
966771;unknown;control;2022-11-07 01:00:00+00:00;0.225;;
966771;unknown;control;2022-11-07 01:15:00+00:00;0.184;;
966771;unknown;control;2022-11-07 01:30:00+00:00;1.392;;
966771;unknown;control;2022-11-07 01:45:00+00:00;1.436;;
966771;unknown;control;2022-11-07 02:00:00+00:00;0.688;;
966771;unknown;control;2022-11-07 02:15:00+00:00;0.272;;
966771;unknown;control;2022-11-07 02:30:00+00:00;0.238;;
966771;unknown;control;2022-11-07 02:45:00+00:00;0.326;;
966771;unknown;control;2022-11-07 03:00:00+00:00;0.249;;
966771;unknown;control;2022-11-07 03:15:00+00:00;0.328;;
966771;unknown;control;2022-11-07 03:30:00+00:00;1.067;;
966771;unknown;control;2022-11-07 03:45:00+00:00;1.064;;
966771;unknown;control;2022-11-07 04:00:00+00:00;1.056;;
966771;unknown;control;2022-11-07 04:15:00+00:00;1.136;;
966771;unknown;control;2022-11-07 04:30:00+00:00;1.145;;
966771;unknown;control;2022-11-07 04:45:00+00:00;1.111;;
966771;unknown;control;2022-11-07 05:00:00+00:00;1.135;;
966771;unknown;control;2022-11-07 05:15:00+00:00;1.057;;
966771;unknown;control;2022-11-07 05:30:00+00:00;1.811;;
966771;unknown;control;2022-11-07 05:45:00+00:00;1.92;;
966771;unknown;control;2022-11-07 06:00:00+00:00;0.334;;
966771;unknown;control;2022-11-07 06:15:00+00:00;1.025;;
966771;unknown;control;2022-11-07 06:30:00+00:00;1.131;;
966771;unknown;control;2022-11-07 06:45:00+00:00;0.223;;
966771;unknown;control;2022-11-07 07:00:00+00:00;0.273;;
966771;unknown;control;2022-11-07 07:15:00+00:00;0.18;;
966771;unknown;control;2022-11-07 07:30:00+00:00;0.085;;
966771;unknown;control;2022-11-07 07:45:00+00:00;0.096;;
966771;unknown;control;2022-11-07 08:00:00+00:00;0.098;;
966771;unknown;control;2022-11-07 08:15:00+00:00;0.088;;
966771;unknown;control;2022-11-07 08:30:00+00:00;0.095;;
966771;unknown;control;2022-11-07 08:45:00+00:00;0.093;;
966771;unknown;control;2022-11-07 09:00:00+00:00;0.094;;
966771;unknown;control;2022-11-07 09:15:00+00:00;0.095;;
966771;unknown;control;2022-11-07 09:30:00+00:00;0.089;;
966771;unknown;control;2022-11-07 09:45:00+00:00;0.102;;
966771;unknown;control;2022-11-07 10:00:00+00:00;0.119;;
966771;unknown;control;2022-11-07 10:15:00+00:00;0.682;;
966771;unknown;control;2022-11-07 10:30:00+00:00;0.114;;
966771;unknown;control;2022-11-07 10:45:00+00:00;0.117;;
966771;unknown;control;2022-11-07 11:00:00+00:00;0.104;;
966771;unknown;control;2022-11-07 11:15:00+00:00;0.115;;
966771;unknown;control;2022-11-07 11:30:00+00:00;0.117;;
966771;unknown;control;2022-11-07 11:45:00+00:00;0.115;;
966771;unknown;control;2022-11-07 12:00:00+00:00;0.113;;
966771;unknown;control;2022-11-07 12:15:00+00:00;0.106;;
966771;unknown;control;2022-11-07 12:30:00+00:00;0.112;;
966771;unknown;control;2022-11-07 12:45:00+00:00;0.119;;
966771;unknown;control;2022-11-07 13:00:00+00:00;0.105;;
966771;unknown;control;2022-11-07 13:15:00+00:00;0.094;;
966771;unknown;control;2022-11-07 13:30:00+00:00;0.1;;
966771;unknown;control;2022-11-07 13:45:00+00:00;0.09;;
966771;unknown;control;2022-11-07 14:00:00+00:00;0.093;;
966771;unknown;control;2022-11-07 14:15:00+00:00;0.093;;
966771;unknown;control;2022-11-07 14:30:00+00:00;0.094;;
966771;unknown;control;2022-11-07 14:45:00+00:00;0.102;;
966771;unknown;control;2022-11-07 15:00:00+00:00;0.093;;
966771;unknown;control;2022-11-07 15:15:00+00:00;0.094;;
966771;unknown;control;2022-11-07 15:30:00+00:00;0.104;;
966771;unknown;control;2022-11-07 15:45:00+00:00;0.093;;
966771;unknown;control;2022-11-07 16:00:00+00:00;0.188;;
966771;unknown;control;2022-11-07 16:15:00+00:00;0.21;;
966771;unknown;control;2022-11-07 16:30:00+00:00;0.196;;
966771;unknown;control;2022-11-07 16:45:00+00:00;0.9;;
966771;unknown;control;2022-11-07 17:00:00+00:00;0.797;;
966771;unknown;control;2022-11-07 17:15:00+00:00;0.249;;
966771;unknown;control;2022-11-07 17:30:00+00:00;0.688;;
966771;unknown;control;2022-11-07 17:45:00+00:00;1.033;;
966771;unknown;control;2022-11-07 18:00:00+00:00;0.368;;
966771;unknown;control;2022-11-07 18:15:00+00:00;0.389;;
966771;unknown;control;2022-11-07 18:30:00+00:00;1.004;;
966771;unknown;control;2022-11-07 18:45:00+00:00;0.9;;
966771;unknown;control;2022-11-07 19:00:00+00:00;0.253;;
966771;unknown;control;2022-11-07 19:15:00+00:00;0.627;;
966771;unknown;control;2022-11-07 19:30:00+00:00;1.08;;
966771;unknown;control;2022-11-07 19:45:00+00:00;0.407;;
966771;unknown;control;2022-11-07 20:00:00+00:00;0.206;;
966771;unknown;control;2022-11-07 20:15:00+00:00;0.326;;
966771;unknown;control;2022-11-07 20:30:00+00:00;0.257;;
966771;unknown;control;2022-11-07 20:45:00+00:00;0.276;;
966771;unknown;control;2022-11-07 21:00:00+00:00;0.32;;
966771;unknown;control;2022-11-07 21:15:00+00:00;0.23;;
966771;unknown;control;2022-11-07 21:30:00+00:00;0.306;;
966771;unknown;control;2022-11-07 21:45:00+00:00;0.321;;
966771;unknown;control;2022-11-07 22:00:00+00:00;0.259;;
966771;unknown;control;2022-11-07 22:15:00+00:00;0.278;;
966771;unknown;control;2022-11-07 22:30:00+00:00;0.367;;
966771;unknown;control;2022-11-07 22:45:00+00:00;0.286;;
966771;unknown;control;2022-11-07 23:00:00+00:00;0.285;;
966771;unknown;control;2022-11-07 23:15:00+00:00;0.342;;
966771;unknown;control;2022-11-07 23:30:00+00:00;0.288;;
966771;unknown;control;2022-11-07 23:45:00+00:00;0.273;;
966771;unknown;control;2022-11-08 00:00:00+00:00;0.349;;
966771;unknown;control;2022-11-08 00:15:00+00:00;0.332;;
966771;unknown;control;2022-11-08 00:30:00+00:00;0.271;;
966771;unknown;control;2022-11-08 00:45:00+00:00;0.325;;
966771;unknown;control;2022-11-08 01:00:00+00:00;0.319;;
966771;unknown;control;2022-11-08 01:15:00+00:00;0.268;;
966771;unknown;control;2022-11-08 01:30:00+00:00;1.496;;
966771;unknown;control;2022-11-08 01:45:00+00:00;1.521;;
966771;unknown;control;2022-11-08 02:00:00+00:00;0.764;;
966771;unknown;control;2022-11-08 02:15:00+00:00;0.355;;
966771;unknown;control;2022-11-08 02:30:00+00:00;0.311;;
966771;unknown;control;2022-11-08 02:45:00+00:00;0.283;;
966771;unknown;control;2022-11-08 03:00:00+00:00;0.34;;
966771;unknown;control;2022-11-08 03:15:00+00:00;0.313;;
966771;unknown;control;2022-11-08 03:30:00+00:00;1.018;;
966771;unknown;control;2022-11-08 03:45:00+00:00;1.116;;
966771;unknown;control;2022-11-08 04:00:00+00:00;0.903;;
966771;unknown;control;2022-11-08 04:15:00+00:00;1.096;;
966771;unknown;control;2022-11-08 04:30:00+00:00;1.117;;
966771;unknown;control;2022-11-08 04:45:00+00:00;0.854;;
966771;unknown;control;2022-11-08 05:00:00+00:00;1.101;;
966771;unknown;control;2022-11-08 05:15:00+00:00;1.022;;
966771;unknown;control;2022-11-08 05:30:00+00:00;2.052;;
966771;unknown;control;2022-11-08 05:45:00+00:00;2.32;;
966771;unknown;control;2022-11-08 06:00:00+00:00;0.893;;
966771;unknown;control;2022-11-08 06:15:00+00:00;1.128;;
966771;unknown;control;2022-11-08 06:30:00+00:00;1.089;;
966771;unknown;control;2022-11-08 06:45:00+00:00;0.285;;
966771;unknown;control;2022-11-08 07:00:00+00:00;0.279;;
966771;unknown;control;2022-11-08 07:15:00+00:00;0.195;;
966771;unknown;control;2022-11-08 07:30:00+00:00;0.098;;
966771;unknown;control;2022-11-08 07:45:00+00:00;0.201;;
966771;unknown;control;2022-11-08 08:00:00+00:00;0.177;;
966771;unknown;control;2022-11-08 08:15:00+00:00;0.189;;
966771;unknown;control;2022-11-08 08:30:00+00:00;0.176;;
966771;unknown;control;2022-11-08 08:45:00+00:00;0.091;;
966771;unknown;control;2022-11-08 09:00:00+00:00;0.099;;
966771;unknown;control;2022-11-08 09:15:00+00:00;0.09;;
966771;unknown;control;2022-11-08 09:30:00+00:00;0.094;;
966771;unknown;control;2022-11-08 09:45:00+00:00;0.095;;
966771;unknown;control;2022-11-08 10:00:00+00:00;0.115;;
966771;unknown;control;2022-11-08 10:15:00+00:00;0.892;;
966771;unknown;control;2022-11-08 10:30:00+00:00;0.189;;
966771;unknown;control;2022-11-08 10:45:00+00:00;0.106;;
966771;unknown;control;2022-11-08 11:00:00+00:00;0.117;;
966771;unknown;control;2022-11-08 11:15:00+00:00;0.112;;
966771;unknown;control;2022-11-08 11:30:00+00:00;0.112;;
966771;unknown;control;2022-11-08 11:45:00+00:00;0.116;;
966771;unknown;control;2022-11-08 12:00:00+00:00;0.11;;
966771;unknown;control;2022-11-08 12:15:00+00:00;0.114;;
966771;unknown;control;2022-11-08 12:30:00+00:00;0.112;;
966771;unknown;control;2022-11-08 12:45:00+00:00;0.103;;
966771;unknown;control;2022-11-08 13:00:00+00:00;0.116;;
966771;unknown;control;2022-11-08 13:15:00+00:00;0.098;;
966771;unknown;control;2022-11-08 13:30:00+00:00;0.086;;
966771;unknown;control;2022-11-08 13:45:00+00:00;0.096;;
966771;unknown;control;2022-11-08 14:00:00+00:00;0.095;;
966771;unknown;control;2022-11-08 14:15:00+00:00;0.091;;
966771;unknown;control;2022-11-08 14:30:00+00:00;0.094;;
966771;unknown;control;2022-11-08 14:45:00+00:00;0.089;;
966771;unknown;control;2022-11-08 15:00:00+00:00;0.096;;
966771;unknown;control;2022-11-08 15:15:00+00:00;0.1;;
966771;unknown;control;2022-11-08 15:30:00+00:00;0.092;;
966771;unknown;control;2022-11-08 15:45:00+00:00;0.097;;
966771;unknown;control;2022-11-08 16:00:00+00:00;0.202;;
966771;unknown;control;2022-11-08 16:15:00+00:00;0.174;;
966771;unknown;control;2022-11-08 16:30:00+00:00;0.205;;
966771;unknown;control;2022-11-08 16:45:00+00:00;0.958;;
966771;unknown;control;2022-11-08 17:00:00+00:00;1.075;;
966771;unknown;control;2022-11-08 17:15:00+00:00;0.977;;
966771;unknown;control;2022-11-08 17:30:00+00:00;0.332;;
966771;unknown;control;2022-11-08 17:45:00+00:00;1.171;;
966771;unknown;control;2022-11-08 18:00:00+00:00;1.078;;
966771;unknown;control;2022-11-08 18:15:00+00:00;0.794;;
966771;unknown;control;2022-11-08 18:30:00+00:00;0.247;;
966771;unknown;control;2022-11-08 18:45:00+00:00;0.969;;
966771;unknown;control;2022-11-08 19:00:00+00:00;0.954;;
966771;unknown;control;2022-11-08 19:15:00+00:00;0.321;;
966771;unknown;control;2022-11-08 19:30:00+00:00;0.343;;
966771;unknown;control;2022-11-08 19:45:00+00:00;1.081;;
966771;unknown;control;2022-11-08 20:00:00+00:00;0.223;;
966771;unknown;control;2022-11-08 20:15:00+00:00;0.28;;
966771;unknown;control;2022-11-08 20:30:00+00:00;0.223;;
966771;unknown;control;2022-11-08 20:45:00+00:00;0.288;;
966771;unknown;control;2022-11-08 21:00:00+00:00;0.232;;
966771;unknown;control;2022-11-08 21:15:00+00:00;0.264;;
966771;unknown;control;2022-11-08 21:30:00+00:00;0.303;;
966771;unknown;control;2022-11-08 21:45:00+00:00;0.208;;
966771;unknown;control;2022-11-08 22:00:00+00:00;0.305;;
966771;unknown;control;2022-11-08 22:15:00+00:00;0.222;;
966771;unknown;control;2022-11-08 22:30:00+00:00;0.289;;
966771;unknown;control;2022-11-08 22:45:00+00:00;0.203;;
966771;unknown;control;2022-11-08 23:00:00+00:00;0.289;;
966771;unknown;control;2022-11-08 23:15:00+00:00;0.201;;
966771;unknown;control;2022-11-08 23:30:00+00:00;0.249;;
966771;unknown;control;2022-11-08 23:45:00+00:00;0.25;;
966771;unknown;control;2022-11-09 00:00:00+00:00;0.239;;
966771;unknown;control;2022-11-09 00:15:00+00:00;0.252;;
966771;unknown;control;2022-11-09 00:30:00+00:00;0.254;;
966771;unknown;control;2022-11-09 00:45:00+00:00;0.222;;
966771;unknown;control;2022-11-09 01:00:00+00:00;0.295;;
966771;unknown;control;2022-11-09 01:15:00+00:00;0.207;;
966771;unknown;control;2022-11-09 01:30:00+00:00;1.443;;
966771;unknown;control;2022-11-09 01:45:00+00:00;1.419;;
966771;unknown;control;2022-11-09 02:00:00+00:00;1.389;;
966771;unknown;control;2022-11-09 02:15:00+00:00;0.368;;
966771;unknown;control;2022-11-09 02:30:00+00:00;0.256;;
966771;unknown;control;2022-11-09 02:45:00+00:00;0.192;;
966771;unknown;control;2022-11-09 03:00:00+00:00;0.186;;
966771;unknown;control;2022-11-09 03:15:00+00:00;0.205;;
966771;unknown;control;2022-11-09 03:30:00+00:00;0.933;;
966771;unknown;control;2022-11-09 03:45:00+00:00;1.006;;
966771;unknown;control;2022-11-09 04:00:00+00:00;1.041;;
966771;unknown;control;2022-11-09 04:15:00+00:00;0.914;;
966771;unknown;control;2022-11-09 04:30:00+00:00;0.211;;
966771;unknown;control;2022-11-09 04:45:00+00:00;0.75;;
966771;unknown;control;2022-11-09 05:00:00+00:00;1.019;;
966771;unknown;control;2022-11-09 05:15:00+00:00;0.329;;
966771;unknown;control;2022-11-09 05:30:00+00:00;1.126;;
966771;unknown;control;2022-11-09 05:45:00+00:00;2.233;;
966771;unknown;control;2022-11-09 06:00:00+00:00;0.539;;
966771;unknown;control;2022-11-09 06:15:00+00:00;0.278;;
966771;unknown;control;2022-11-09 06:30:00+00:00;0.213;;
966771;unknown;control;2022-11-09 06:45:00+00:00;0.187;;
966771;unknown;control;2022-11-09 07:00:00+00:00;0.181;;
966771;unknown;control;2022-11-09 07:15:00+00:00;0.2;;
966771;unknown;control;2022-11-09 07:30:00+00:00;0.182;;
966771;unknown;control;2022-11-09 07:45:00+00:00;0.084;;
966771;unknown;control;2022-11-09 08:00:00+00:00;0.095;;
966771;unknown;control;2022-11-09 08:15:00+00:00;0.095;;
966771;unknown;control;2022-11-09 08:30:00+00:00;0.093;;
966771;unknown;control;2022-11-09 08:45:00+00:00;0.096;;
966771;unknown;control;2022-11-09 09:00:00+00:00;0.09;;
966771;unknown;control;2022-11-09 09:15:00+00:00;0.092;;
966771;unknown;control;2022-11-09 09:30:00+00:00;0.101;;
966771;unknown;control;2022-11-09 09:45:00+00:00;0.091;;
966771;unknown;control;2022-11-09 10:00:00+00:00;0.115;;
966771;unknown;control;2022-11-09 10:15:00+00:00;0.889;;
966771;unknown;control;2022-11-09 10:30:00+00:00;0.144;;
966771;unknown;control;2022-11-09 10:45:00+00:00;0.112;;
966771;unknown;control;2022-11-09 11:00:00+00:00;0.111;;
966771;unknown;control;2022-11-09 11:15:00+00:00;0.103;;
966771;unknown;control;2022-11-09 11:30:00+00:00;0.121;;
966771;unknown;control;2022-11-09 11:45:00+00:00;0.119;;
966771;unknown;control;2022-11-09 12:00:00+00:00;0.105;;
966771;unknown;control;2022-11-09 12:15:00+00:00;0.111;;
966771;unknown;control;2022-11-09 12:30:00+00:00;0.113;;
966771;unknown;control;2022-11-09 12:45:00+00:00;0.108;;
966771;unknown;control;2022-11-09 13:00:00+00:00;0.111;;
966771;unknown;control;2022-11-09 13:15:00+00:00;0.089;;
966771;unknown;control;2022-11-09 13:30:00+00:00;0.091;;
966771;unknown;control;2022-11-09 13:45:00+00:00;0.099;;
966771;unknown;control;2022-11-09 14:00:00+00:00;0.09;;
966771;unknown;control;2022-11-09 14:15:00+00:00;0.09;;
966771;unknown;control;2022-11-09 14:30:00+00:00;0.101;;
966771;unknown;control;2022-11-09 14:45:00+00:00;0.092;;
966771;unknown;control;2022-11-09 15:00:00+00:00;0.095;;
966771;unknown;control;2022-11-09 15:15:00+00:00;0.184;;
966771;unknown;control;2022-11-09 15:30:00+00:00;0.09;;
966771;unknown;control;2022-11-09 15:45:00+00:00;0.19;;
966771;unknown;control;2022-11-09 16:00:00+00:00;0.141;;
966771;unknown;control;2022-11-09 16:15:00+00:00;0.133;;
966771;unknown;control;2022-11-09 16:30:00+00:00;0.206;;
966771;unknown;control;2022-11-09 16:45:00+00:00;0.865;;
966771;unknown;control;2022-11-09 17:00:00+00:00;0.666;;
966771;unknown;control;2022-11-09 17:15:00+00:00;0.135;;
966771;unknown;control;2022-11-09 17:30:00+00:00;0.66;;
966771;unknown;control;2022-11-09 17:45:00+00:00;0.538;;
966771;unknown;control;2022-11-09 18:00:00+00:00;0.245;;
966771;unknown;control;2022-11-09 18:15:00+00:00;0.144;;
966771;unknown;control;2022-11-09 18:30:00+00:00;0.918;;
966771;unknown;control;2022-11-09 18:45:00+00:00;0.306;;
966771;unknown;control;2022-11-09 19:00:00+00:00;0.267;;
966771;unknown;control;2022-11-09 19:15:00+00:00;0.188;;
966771;unknown;control;2022-11-09 19:30:00+00:00;0.856;;
966771;unknown;control;2022-11-09 19:45:00+00:00;0.437;;
966771;unknown;control;2022-11-09 20:00:00+00:00;0.452;;
966771;unknown;control;2022-11-09 20:15:00+00:00;0.161;;
966771;unknown;control;2022-11-09 20:30:00+00:00;0.21;;
966771;unknown;control;2022-11-09 20:45:00+00:00;0.143;;
966771;unknown;control;2022-11-09 21:00:00+00:00;0.186;;
966771;unknown;control;2022-11-09 21:15:00+00:00;0.096;;
966771;unknown;control;2022-11-09 21:30:00+00:00;0.185;;
966771;unknown;control;2022-11-09 21:45:00+00:00;0.158;;
966771;unknown;control;2022-11-09 22:00:00+00:00;0.126;;
966771;unknown;control;2022-11-09 22:15:00+00:00;0.195;;
966771;unknown;control;2022-11-09 22:30:00+00:00;0.094;;
966771;unknown;control;2022-11-09 22:45:00+00:00;0.19;;
966771;unknown;control;2022-11-09 23:00:00+00:00;0.1;;
966771;unknown;control;2022-11-09 23:15:00+00:00;0.244;;
966771;unknown;control;2022-11-09 23:30:00+00:00;0.121;;
966771;unknown;control;2022-11-09 23:45:00+00:00;0.114;;
966771;unknown;control;2022-11-10 00:00:00+00:00;0.196;;
966771;unknown;control;2022-11-10 00:15:00+00:00;0.111;;
966771;unknown;control;2022-11-10 00:30:00+00:00;0.183;;
966771;unknown;control;2022-11-10 00:45:00+00:00;0.089;;
966771;unknown;control;2022-11-10 01:00:00+00:00;0.185;;
966771;unknown;control;2022-11-10 01:15:00+00:00;0.17;;
966771;unknown;control;2022-11-10 01:30:00+00:00;1.336;;
966771;unknown;control;2022-11-10 01:45:00+00:00;1.429;;
966771;unknown;control;2022-11-10 02:00:00+00:00;1.25;;
966771;unknown;control;2022-11-10 02:15:00+00:00;0.181;;
966771;unknown;control;2022-11-10 02:30:00+00:00;0.198;;
966771;unknown;control;2022-11-10 02:45:00+00:00;0.208;;
966771;unknown;control;2022-11-10 03:00:00+00:00;0.278;;
966771;unknown;control;2022-11-10 03:15:00+00:00;0.226;;
966771;unknown;control;2022-11-10 03:30:00+00:00;0.973;;
966771;unknown;control;2022-11-10 03:45:00+00:00;1.102;;
966771;unknown;control;2022-11-10 04:00:00+00:00;1.015;;
966771;unknown;control;2022-11-10 04:15:00+00:00;0.242;;
966771;unknown;control;2022-11-10 04:30:00+00:00;0.196;;
966771;unknown;control;2022-11-10 04:45:00+00:00;0.924;;
966771;unknown;control;2022-11-10 05:00:00+00:00;1.347;;
966771;unknown;control;2022-11-10 05:15:00+00:00;1.44;;
966771;unknown;control;2022-11-10 05:30:00+00:00;1.834;;
966771;unknown;control;2022-11-10 05:45:00+00:00;1.509;;
966771;unknown;control;2022-11-10 06:00:00+00:00;0.214;;
966771;unknown;control;2022-11-10 06:15:00+00:00;0.199;;
966771;unknown;control;2022-11-10 06:30:00+00:00;0.826;;
966771;unknown;control;2022-11-10 06:45:00+00:00;0.205;;
966771;unknown;control;2022-11-10 07:00:00+00:00;0.174;;
966771;unknown;control;2022-11-10 07:15:00+00:00;0.094;;
966771;unknown;control;2022-11-10 07:30:00+00:00;0.097;;
966771;unknown;control;2022-11-10 07:45:00+00:00;0.091;;
966771;unknown;control;2022-11-10 08:00:00+00:00;0.095;;
966771;unknown;control;2022-11-10 08:15:00+00:00;0.094;;
966771;unknown;control;2022-11-10 08:30:00+00:00;0.088;;
966771;unknown;control;2022-11-10 08:45:00+00:00;0.104;;
966771;unknown;control;2022-11-10 09:00:00+00:00;0.094;;
966771;unknown;control;2022-11-10 09:15:00+00:00;0.087;;
966771;unknown;control;2022-11-10 09:30:00+00:00;0.097;;
966771;unknown;control;2022-11-10 09:45:00+00:00;0.093;;
966771;unknown;control;2022-11-10 10:00:00+00:00;0.107;;
966771;unknown;control;2022-11-10 10:15:00+00:00;0.884;;
966771;unknown;control;2022-11-10 10:30:00+00:00;0.168;;
966771;unknown;control;2022-11-10 10:45:00+00:00;0.114;;
966771;unknown;control;2022-11-10 11:00:00+00:00;0.113;;
966771;unknown;control;2022-11-10 11:15:00+00:00;0.103;;
966771;unknown;control;2022-11-10 11:30:00+00:00;0.119;;
966771;unknown;control;2022-11-10 11:45:00+00:00;0.12;;
966771;unknown;control;2022-11-10 12:00:00+00:00;0.108;;
966771;unknown;control;2022-11-10 12:15:00+00:00;0.116;;
966771;unknown;control;2022-11-10 12:30:00+00:00;0.114;;
966771;unknown;control;2022-11-10 12:45:00+00:00;0.108;;
966771;unknown;control;2022-11-10 13:00:00+00:00;0.112;;
966771;unknown;control;2022-11-10 13:15:00+00:00;0.093;;
966771;unknown;control;2022-11-10 13:30:00+00:00;0.094;;
966771;unknown;control;2022-11-10 13:45:00+00:00;0.097;;
966771;unknown;control;2022-11-10 14:00:00+00:00;0.086;;
966771;unknown;control;2022-11-10 14:15:00+00:00;0.094;;
966771;unknown;control;2022-11-10 14:30:00+00:00;0.1;;
966771;unknown;control;2022-11-10 14:45:00+00:00;0.141;;
966771;unknown;control;2022-11-10 15:00:00+00:00;0.127;;
966771;unknown;control;2022-11-10 15:15:00+00:00;0.19;;
966771;unknown;control;2022-11-10 15:30:00+00:00;0.188;;
966771;unknown;control;2022-11-10 15:45:00+00:00;0.238;;
966771;unknown;control;2022-11-10 16:00:00+00:00;0.252;;
966771;unknown;control;2022-11-10 16:15:00+00:00;0.189;;
966771;unknown;control;2022-11-10 16:30:00+00:00;0.268;;
966771;unknown;control;2022-11-10 16:45:00+00:00;1.003;;
966771;unknown;control;2022-11-10 17:00:00+00:00;1.025;;
966771;unknown;control;2022-11-10 17:15:00+00:00;1.126;;
966771;unknown;control;2022-11-10 17:30:00+00:00;0.319;;
966771;unknown;control;2022-11-10 17:45:00+00:00;0.612;;
966771;unknown;control;2022-11-10 18:00:00+00:00;1.047;;
966771;unknown;control;2022-11-10 18:15:00+00:00;0.951;;
966771;unknown;control;2022-11-10 18:30:00+00:00;0.241;;
966771;unknown;control;2022-11-10 18:45:00+00:00;0.761;;
966771;unknown;control;2022-11-10 19:00:00+00:00;1.074;;
966771;unknown;control;2022-11-10 19:15:00+00:00;0.547;;
966771;unknown;control;2022-11-10 19:30:00+00:00;0.287;;
966771;unknown;control;2022-11-10 19:45:00+00:00;0.797;;
966771;unknown;control;2022-11-10 20:00:00+00:00;0.319;;
966771;unknown;control;2022-11-10 20:15:00+00:00;0.206;;
966771;unknown;control;2022-11-10 20:30:00+00:00;0.314;;
966771;unknown;control;2022-11-10 20:45:00+00:00;0.274;;
966771;unknown;control;2022-11-10 21:00:00+00:00;0.234;;
966771;unknown;control;2022-11-10 21:15:00+00:00;0.31;;
966771;unknown;control;2022-11-10 21:30:00+00:00;0.218;;
966771;unknown;control;2022-11-10 21:45:00+00:00;0.3;;
966771;unknown;control;2022-11-10 22:00:00+00:00;0.205;;
966771;unknown;control;2022-11-10 22:15:00+00:00;0.341;;
966771;unknown;control;2022-11-10 22:30:00+00:00;0.241;;
966771;unknown;control;2022-11-10 22:45:00+00:00;0.287;;
966771;unknown;control;2022-11-10 23:00:00+00:00;0.27;;
966771;unknown;control;2022-11-10 23:15:00+00:00;0.259;;
966771;unknown;control;2022-11-10 23:30:00+00:00;0.29;;
966771;unknown;control;2022-11-10 23:45:00+00:00;0.207;;
966771;unknown;control;2022-11-11 00:00:00+00:00;0.249;;
966771;unknown;control;2022-11-11 00:15:00+00:00;0.227;;
966771;unknown;control;2022-11-11 00:30:00+00:00;0.232;;
966771;unknown;control;2022-11-11 00:45:00+00:00;0.258;;
966771;unknown;control;2022-11-11 01:00:00+00:00;0.19;;
966771;unknown;control;2022-11-11 01:15:00+00:00;0.268;;
966771;unknown;control;2022-11-11 01:30:00+00:00;1.382;;
966771;unknown;control;2022-11-11 01:45:00+00:00;1.421;;
966771;unknown;control;2022-11-11 02:00:00+00:00;0.583;;
966771;unknown;control;2022-11-11 02:15:00+00:00;0.194;;
966771;unknown;control;2022-11-11 02:30:00+00:00;0.222;;
966771;unknown;control;2022-11-11 02:45:00+00:00;0.252;;
966771;unknown;control;2022-11-11 03:00:00+00:00;0.192;;
966771;unknown;control;2022-11-11 03:15:00+00:00;0.204;;
966771;unknown;control;2022-11-11 03:30:00+00:00;0.957;;
966771;unknown;control;2022-11-11 03:45:00+00:00;1.076;;
966771;unknown;control;2022-11-11 04:00:00+00:00;0.98;;
966771;unknown;control;2022-11-11 04:15:00+00:00;1.034;;
966771;unknown;control;2022-11-11 04:30:00+00:00;0.24;;
966771;unknown;control;2022-11-11 04:45:00+00:00;0.495;;
966771;unknown;control;2022-11-11 05:00:00+00:00;1.059;;
966771;unknown;control;2022-11-11 05:15:00+00:00;0.954;;
966771;unknown;control;2022-11-11 05:30:00+00:00;1.411;;
966771;unknown;control;2022-11-11 05:45:00+00:00;1.421;;
966771;unknown;control;2022-11-11 06:00:00+00:00;0.969;;
966771;unknown;control;2022-11-11 06:15:00+00:00;0.291;;
966771;unknown;control;2022-11-11 06:30:00+00:00;0.227;;
966771;unknown;control;2022-11-11 06:45:00+00:00;0.193;;
966771;unknown;control;2022-11-11 07:00:00+00:00;0.176;;
966771;unknown;control;2022-11-11 07:15:00+00:00;0.188;;
966771;unknown;control;2022-11-11 07:30:00+00:00;0.181;;
966771;unknown;control;2022-11-11 07:45:00+00:00;0.091;;
966771;unknown;control;2022-11-11 08:00:00+00:00;0.184;;
966771;unknown;control;2022-11-11 08:15:00+00:00;0.092;;
966771;unknown;control;2022-11-11 08:30:00+00:00;0.095;;
966771;unknown;control;2022-11-11 08:45:00+00:00;0.094;;
966771;unknown;control;2022-11-11 09:00:00+00:00;0.086;;
966771;unknown;control;2022-11-11 09:15:00+00:00;0.097;;
966771;unknown;control;2022-11-11 09:30:00+00:00;0.098;;
966771;unknown;control;2022-11-11 09:45:00+00:00;0.085;;
966771;unknown;control;2022-11-11 10:00:00+00:00;0.113;;
966771;unknown;control;2022-11-11 10:15:00+00:00;0.879;;
966771;unknown;control;2022-11-11 10:30:00+00:00;0.466;;
966771;unknown;control;2022-11-11 10:45:00+00:00;0.119;;
966771;unknown;control;2022-11-11 11:00:00+00:00;0.126;;
966771;unknown;control;2022-11-11 11:15:00+00:00;0.127;;
966771;unknown;control;2022-11-11 11:30:00+00:00;0.136;;
966771;unknown;control;2022-11-11 11:45:00+00:00;0.124;;
966771;unknown;control;2022-11-11 12:00:00+00:00;0.116;;
966771;unknown;control;2022-11-11 12:15:00+00:00;0.121;;
966771;unknown;control;2022-11-11 12:30:00+00:00;0.112;;
966771;unknown;control;2022-11-11 12:45:00+00:00;0.112;;
966771;unknown;control;2022-11-11 13:00:00+00:00;0.114;;
966771;unknown;control;2022-11-11 13:15:00+00:00;0.093;;
966771;unknown;control;2022-11-11 13:30:00+00:00;0.096;;
966771;unknown;control;2022-11-11 13:45:00+00:00;0.094;;
966771;unknown;control;2022-11-11 14:00:00+00:00;0.09;;
966771;unknown;control;2022-11-11 14:15:00+00:00;0.099;;
966771;unknown;control;2022-11-11 14:30:00+00:00;0.093;;
966771;unknown;control;2022-11-11 14:45:00+00:00;0.086;;
966771;unknown;control;2022-11-11 15:00:00+00:00;0.184;;
966771;unknown;control;2022-11-11 15:15:00+00:00;0.093;;
966771;unknown;control;2022-11-11 15:30:00+00:00;0.181;;
966771;unknown;control;2022-11-11 15:45:00+00:00;0.1;;
966771;unknown;control;2022-11-11 16:00:00+00:00;0.19;;
966771;unknown;control;2022-11-11 16:15:00+00:00;0.183;;
966771;unknown;control;2022-11-11 16:30:00+00:00;0.12;;
966771;unknown;control;2022-11-11 16:45:00+00:00;0.944;;
966771;unknown;control;2022-11-11 17:00:00+00:00;0.91;;
966771;unknown;control;2022-11-11 17:15:00+00:00;0.118;;
966771;unknown;control;2022-11-11 17:30:00+00:00;0.538;;
966771;unknown;control;2022-11-11 17:45:00+00:00;0.83;;
966771;unknown;control;2022-11-11 18:00:00+00:00;0.172;;
966771;unknown;control;2022-11-11 18:15:00+00:00;0.335;;
966771;unknown;control;2022-11-11 18:30:00+00:00;0.917;;
966771;unknown;control;2022-11-11 18:45:00+00:00;0.208;;
966771;unknown;control;2022-11-11 19:00:00+00:00;0.204;;
966771;unknown;control;2022-11-11 19:15:00+00:00;0.794;;
966771;unknown;control;2022-11-11 19:30:00+00:00;0.787;;
966771;unknown;control;2022-11-11 19:45:00+00:00;0.116;;
966771;unknown;control;2022-11-11 20:00:00+00:00;0.189;;
966771;unknown;control;2022-11-11 20:15:00+00:00;0.18;;
966771;unknown;control;2022-11-11 20:30:00+00:00;0.191;;
966771;unknown;control;2022-11-11 20:45:00+00:00;0.205;;
966771;unknown;control;2022-11-11 21:00:00+00:00;0.138;;
966771;unknown;control;2022-11-11 21:15:00+00:00;0.147;;
966771;unknown;control;2022-11-11 21:30:00+00:00;0.19;;
966771;unknown;control;2022-11-11 21:45:00+00:00;0.181;;
966771;unknown;control;2022-11-11 22:00:00+00:00;0.192;;
966771;unknown;control;2022-11-11 22:15:00+00:00;0.178;;
966771;unknown;control;2022-11-11 22:30:00+00:00;0.188;;
966771;unknown;control;2022-11-11 22:45:00+00:00;0.198;;
966771;unknown;control;2022-11-11 23:00:00+00:00;0.184;;
966771;unknown;control;2022-11-11 23:15:00+00:00;0.18;;
966771;unknown;control;2022-11-11 23:30:00+00:00;0.185;;
966771;unknown;control;2022-11-11 23:45:00+00:00;0.171;;
966771;unknown;control;2022-11-12 00:00:00+00:00;0.19;;
966771;unknown;control;2022-11-12 00:15:00+00:00;0.193;;
966771;unknown;control;2022-11-12 00:30:00+00:00;0.179;;
966771;unknown;control;2022-11-12 00:45:00+00:00;0.177;;
966771;unknown;control;2022-11-12 01:00:00+00:00;0.181;;
966771;unknown;control;2022-11-12 01:15:00+00:00;0.148;;
966771;unknown;control;2022-11-12 01:30:00+00:00;1.413;;
966771;unknown;control;2022-11-12 01:45:00+00:00;1.42;;
966771;unknown;control;2022-11-12 02:00:00+00:00;0.345;;
966771;unknown;control;2022-11-12 02:15:00+00:00;0.181;;
966771;unknown;control;2022-11-12 02:30:00+00:00;0.181;;
966771;unknown;control;2022-11-12 02:45:00+00:00;0.184;;
966771;unknown;control;2022-11-12 03:00:00+00:00;0.196;;
966771;unknown;control;2022-11-12 03:15:00+00:00;0.204;;
966771;unknown;control;2022-11-12 03:30:00+00:00;0.94;;
966771;unknown;control;2022-11-12 03:45:00+00:00;1.0;;
966771;unknown;control;2022-11-12 04:00:00+00:00;0.994;;
966771;unknown;control;2022-11-12 04:15:00+00:00;0.208;;
966771;unknown;control;2022-11-12 04:30:00+00:00;0.538;;
966771;unknown;control;2022-11-12 04:45:00+00:00;1.0;;
966771;unknown;control;2022-11-12 05:00:00+00:00;0.324;;
966771;unknown;control;2022-11-12 05:15:00+00:00;1.247;;
966771;unknown;control;2022-11-12 05:30:00+00:00;2.189;;
966771;unknown;control;2022-11-12 05:45:00+00:00;1.757;;
966771;unknown;control;2022-11-12 06:00:00+00:00;0.217;;
966771;unknown;control;2022-11-12 06:15:00+00:00;0.518;;
966771;unknown;control;2022-11-12 06:30:00+00:00;0.922;;
966771;unknown;control;2022-11-12 06:45:00+00:00;0.199;;
966771;unknown;control;2022-11-12 07:00:00+00:00;0.178;;
966771;unknown;control;2022-11-12 07:15:00+00:00;0.178;;
966771;unknown;control;2022-11-12 07:30:00+00:00;0.186;;
966771;unknown;control;2022-11-12 07:45:00+00:00;0.182;;
966771;unknown;control;2022-11-12 08:00:00+00:00;0.098;;
966771;unknown;control;2022-11-12 08:15:00+00:00;0.174;;
966771;unknown;control;2022-11-12 08:30:00+00:00;0.094;;
966771;unknown;control;2022-11-12 08:45:00+00:00;0.099;;
966771;unknown;control;2022-11-12 09:00:00+00:00;0.175;;
966771;unknown;control;2022-11-12 09:15:00+00:00;0.091;;
966771;unknown;control;2022-11-12 09:30:00+00:00;0.098;;
966771;unknown;control;2022-11-12 09:45:00+00:00;0.087;;
966771;unknown;control;2022-11-12 10:00:00+00:00;0.116;;
966771;unknown;control;2022-11-12 10:15:00+00:00;0.876;;
966771;unknown;control;2022-11-12 10:30:00+00:00;0.907;;
966771;unknown;control;2022-11-12 10:45:00+00:00;0.115;;
966771;unknown;control;2022-11-12 11:00:00+00:00;0.114;;
966771;unknown;control;2022-11-12 11:15:00+00:00;0.34;;
966771;unknown;control;2022-11-12 11:30:00+00:00;0.76;;
966771;unknown;control;2022-11-12 11:45:00+00:00;0.112;;
966771;unknown;control;2022-11-12 12:00:00+00:00;0.107;;
966771;unknown;control;2022-11-12 12:15:00+00:00;0.304;;
966771;unknown;control;2022-11-12 12:30:00+00:00;0.755;;
966771;unknown;control;2022-11-12 12:45:00+00:00;0.105;;
966771;unknown;control;2022-11-12 13:00:00+00:00;0.112;;
966771;unknown;control;2022-11-12 13:15:00+00:00;0.092;;
966771;unknown;control;2022-11-12 13:30:00+00:00;0.091;;
966771;unknown;control;2022-11-12 13:45:00+00:00;0.096;;
966771;unknown;control;2022-11-12 14:00:00+00:00;0.089;;
966771;unknown;control;2022-11-12 14:15:00+00:00;0.105;;
966771;unknown;control;2022-11-12 14:30:00+00:00;0.208;;
966771;unknown;control;2022-11-12 14:45:00+00:00;0.107;;
966771;unknown;control;2022-11-12 15:00:00+00:00;0.209;;
966771;unknown;control;2022-11-12 15:15:00+00:00;0.209;;
966771;unknown;control;2022-11-12 15:30:00+00:00;0.195;;
966771;unknown;control;2022-11-12 15:45:00+00:00;0.198;;
966771;unknown;control;2022-11-12 16:00:00+00:00;0.23;;
966771;unknown;control;2022-11-12 16:15:00+00:00;0.24;;
966771;unknown;control;2022-11-12 16:30:00+00:00;0.549;;
966771;unknown;control;2022-11-12 16:45:00+00:00;1.175;;
966771;unknown;control;2022-11-12 17:00:00+00:00;1.359;;
966771;unknown;control;2022-11-12 17:15:00+00:00;1.111;;
966771;unknown;control;2022-11-12 17:30:00+00:00;0.313;;
966771;unknown;control;2022-11-12 17:45:00+00:00;0.285;;
966771;unknown;control;2022-11-12 18:00:00+00:00;0.898;;
966771;unknown;control;2022-11-12 18:15:00+00:00;1.01;;
966771;unknown;control;2022-11-12 18:30:00+00:00;0.259;;
966771;unknown;control;2022-11-12 18:45:00+00:00;0.255;;
966771;unknown;control;2022-11-12 19:00:00+00:00;0.602;;
966771;unknown;control;2022-11-12 19:15:00+00:00;1.087;;
966771;unknown;control;2022-11-12 19:30:00+00:00;0.425;;
966771;unknown;control;2022-11-12 19:45:00+00:00;0.246;;
966771;unknown;control;2022-11-12 20:00:00+00:00;0.235;;
966771;unknown;control;2022-11-12 20:15:00+00:00;0.292;;
966771;unknown;control;2022-11-12 20:30:00+00:00;0.213;;
966771;unknown;control;2022-11-12 20:45:00+00:00;0.199;;
966771;unknown;control;2022-11-12 21:00:00+00:00;0.191;;
966771;unknown;control;2022-11-12 21:15:00+00:00;0.209;;
966771;unknown;control;2022-11-12 21:30:00+00:00;0.271;;
966771;unknown;control;2022-11-12 21:45:00+00:00;0.189;;
966771;unknown;control;2022-11-12 22:00:00+00:00;0.194;;
966771;unknown;control;2022-11-12 22:15:00+00:00;0.297;;
966771;unknown;control;2022-11-12 22:30:00+00:00;0.195;;
966771;unknown;control;2022-11-12 22:45:00+00:00;0.204;;
966771;unknown;control;2022-11-12 23:00:00+00:00;0.26;;
966771;unknown;control;2022-11-12 23:15:00+00:00;0.188;;
966771;unknown;control;2022-11-12 23:30:00+00:00;0.287;;
966771;unknown;control;2022-11-12 23:45:00+00:00;0.188;;
966771;unknown;control;2022-11-13 00:00:00+00:00;0.181;;
966771;unknown;control;2022-11-13 00:15:00+00:00;0.283;;
966771;unknown;control;2022-11-13 00:30:00+00:00;0.189;;
966771;unknown;control;2022-11-13 00:45:00+00:00;0.25;;
966771;unknown;control;2022-11-13 01:00:00+00:00;0.222;;
966771;unknown;control;2022-11-13 01:15:00+00:00;0.2;;
966771;unknown;control;2022-11-13 01:30:00+00:00;1.475;;
966771;unknown;control;2022-11-13 01:45:00+00:00;1.393;;
966771;unknown;control;2022-11-13 02:00:00+00:00;1.445;;
966771;unknown;control;2022-11-13 02:15:00+00:00;1.446;;
966771;unknown;control;2022-11-13 02:30:00+00:00;1.441;;
966771;unknown;control;2022-11-13 02:45:00+00:00;1.131;;
966771;unknown;control;2022-11-13 03:00:00+00:00;0.236;;
966771;unknown;control;2022-11-13 03:15:00+00:00;0.291;;
966771;unknown;control;2022-11-13 03:30:00+00:00;1.031;;
966771;unknown;control;2022-11-13 03:45:00+00:00;1.059;;
966771;unknown;control;2022-11-13 04:00:00+00:00;1.124;;
966771;unknown;control;2022-11-13 04:15:00+00:00;1.116;;
966771;unknown;control;2022-11-13 04:30:00+00:00;1.117;;
966771;unknown;control;2022-11-13 04:45:00+00:00;1.145;;
966771;unknown;control;2022-11-13 05:00:00+00:00;0.283;;
966771;unknown;control;2022-11-13 05:15:00+00:00;0.798;;
966771;unknown;control;2022-11-13 05:30:00+00:00;1.153;;
966771;unknown;control;2022-11-13 05:45:00+00:00;0.662;;
966771;unknown;control;2022-11-13 06:00:00+00:00;0.302;;
966771;unknown;control;2022-11-13 06:15:00+00:00;0.989;;
966771;unknown;control;2022-11-13 06:30:00+00:00;0.981;;
966771;unknown;control;2022-11-13 06:45:00+00:00;0.277;;
966771;unknown;control;2022-11-13 07:00:00+00:00;0.526;;
966771;unknown;control;2022-11-13 07:15:00+00:00;0.211;;
966771;unknown;control;2022-11-13 07:30:00+00:00;0.276;;
966771;unknown;control;2022-11-13 07:45:00+00:00;0.25;;
966771;unknown;control;2022-11-13 08:00:00+00:00;0.275;;
966771;unknown;control;2022-11-13 08:15:00+00:00;0.253;;
966771;unknown;control;2022-11-13 08:30:00+00:00;0.244;;
966771;unknown;control;2022-11-13 08:45:00+00:00;0.205;;
966771;unknown;control;2022-11-13 09:00:00+00:00;0.213;;
966771;unknown;control;2022-11-13 09:15:00+00:00;0.215;;
966771;unknown;control;2022-11-13 09:30:00+00:00;0.26;;
966771;unknown;control;2022-11-13 09:45:00+00:00;0.193;;
966771;unknown;control;2022-11-13 10:00:00+00:00;0.185;;
966771;unknown;control;2022-11-13 10:15:00+00:00;0.199;;
966771;unknown;control;2022-11-13 10:30:00+00:00;0.958;;
966771;unknown;control;2022-11-13 10:45:00+00:00;1.022;;
966771;unknown;control;2022-11-13 11:00:00+00:00;0.494;;
966771;unknown;control;2022-11-13 11:15:00+00:00;0.207;;
966771;unknown;control;2022-11-13 11:30:00+00:00;0.908;;
966771;unknown;control;2022-11-13 11:45:00+00:00;1.031;;
966771;unknown;control;2022-11-13 12:00:00+00:00;0.374;;
966771;unknown;control;2022-11-13 12:15:00+00:00;0.2;;
966771;unknown;control;2022-11-13 12:30:00+00:00;0.366;;
966771;unknown;control;2022-11-13 12:45:00+00:00;1.004;;
966771;unknown;control;2022-11-13 13:00:00+00:00;0.768;;
966771;unknown;control;2022-11-13 13:15:00+00:00;0.191;;
966771;unknown;control;2022-11-13 13:30:00+00:00;0.18;;
966771;unknown;control;2022-11-13 13:45:00+00:00;0.192;;
966771;unknown;control;2022-11-13 14:00:00+00:00;0.284;;
966771;unknown;control;2022-11-13 14:15:00+00:00;0.183;;
966771;unknown;control;2022-11-13 14:30:00+00:00;0.204;;
966771;unknown;control;2022-11-13 14:45:00+00:00;0.213;;
966771;unknown;control;2022-11-13 15:00:00+00:00;0.26;;
966771;unknown;control;2022-11-13 15:15:00+00:00;0.196;;
966771;unknown;control;2022-11-13 15:30:00+00:00;0.285;;
966771;unknown;control;2022-11-13 15:45:00+00:00;0.192;;
966771;unknown;control;2022-11-13 16:00:00+00:00;0.283;;
966771;unknown;control;2022-11-13 16:15:00+00:00;0.233;;
966771;unknown;control;2022-11-13 16:30:00+00:00;1.051;;
966771;unknown;control;2022-11-13 16:45:00+00:00;1.036;;
966771;unknown;control;2022-11-13 17:00:00+00:00;1.078;;
966771;unknown;control;2022-11-13 17:15:00+00:00;0.441;;
966771;unknown;control;2022-11-13 17:30:00+00:00;0.38;;
966771;unknown;control;2022-11-13 17:45:00+00:00;1.059;;
966771;unknown;control;2022-11-13 18:00:00+00:00;0.739;;
966771;unknown;control;2022-11-13 18:15:00+00:00;0.288;;
966771;unknown;control;2022-11-13 18:30:00+00:00;0.645;;
966771;unknown;control;2022-11-13 18:45:00+00:00;1.134;;
966771;unknown;control;2022-11-13 19:00:00+00:00;0.236;;
966771;unknown;control;2022-11-13 19:15:00+00:00;0.282;;
966771;unknown;control;2022-11-13 19:30:00+00:00;1.028;;
966771;unknown;control;2022-11-13 19:45:00+00:00;0.71;;
966771;unknown;control;2022-11-13 20:00:00+00:00;0.208;;
966771;unknown;control;2022-11-13 20:15:00+00:00;0.26;;
966771;unknown;control;2022-11-13 20:30:00+00:00;0.223;;
966771;unknown;control;2022-11-13 20:45:00+00:00;0.22;;
966771;unknown;control;2022-11-13 21:00:00+00:00;0.3;;
966771;unknown;control;2022-11-13 21:15:00+00:00;0.188;;
966771;unknown;control;2022-11-13 21:30:00+00:00;0.215;;
966771;unknown;control;2022-11-13 21:45:00+00:00;0.272;;
966771;unknown;control;2022-11-13 22:00:00+00:00;0.192;;
966771;unknown;control;2022-11-13 22:15:00+00:00;0.281;;
966771;unknown;control;2022-11-13 22:30:00+00:00;0.192;;
966771;unknown;control;2022-11-13 22:45:00+00:00;0.18;;
966771;unknown;control;2022-11-13 23:00:00+00:00;0.245;;
966771;unknown;control;2022-11-13 23:15:00+00:00;0.222;;
966771;unknown;control;2022-11-13 23:30:00+00:00;0.192;;
966771;unknown;control;2022-11-13 23:45:00+00:00;0.282;;
966771;unknown;control;2022-11-14 00:00:00+00:00;0.178;;
966771;unknown;control;2022-11-14 00:15:00+00:00;0.243;;
966771;unknown;control;2022-11-14 00:30:00+00:00;0.22;;
966771;unknown;control;2022-11-14 00:45:00+00:00;0.257;;
966771;unknown;control;2022-11-14 01:00:00+00:00;0.249;;
966771;unknown;control;2022-11-14 01:15:00+00:00;0.288;;
966771;unknown;control;2022-11-14 01:30:00+00:00;1.403;;
966771;unknown;control;2022-11-14 01:45:00+00:00;1.499;;
966771;unknown;control;2022-11-14 02:00:00+00:00;1.414;;
966771;unknown;control;2022-11-14 02:15:00+00:00;1.447;;
966771;unknown;control;2022-11-14 02:30:00+00:00;1.409;;
966771;unknown;control;2022-11-14 02:45:00+00:00;1.506;;
966771;unknown;control;2022-11-14 03:00:00+00:00;0.371;;
966771;unknown;control;2022-11-14 03:15:00+00:00;0.306;;
966771;unknown;control;2022-11-14 03:30:00+00:00;0.941;;
966771;unknown;control;2022-11-14 03:45:00+00:00;1.066;;
966771;unknown;control;2022-11-14 04:00:00+00:00;1.009;;
966771;unknown;control;2022-11-14 04:15:00+00:00;1.115;;
966771;unknown;control;2022-11-14 04:30:00+00:00;0.335;;
966771;unknown;control;2022-11-14 04:45:00+00:00;0.597;;
966771;unknown;control;2022-11-14 05:00:00+00:00;1.028;;
966771;unknown;control;2022-11-14 05:15:00+00:00;0.704;;
966771;unknown;control;2022-11-14 05:30:00+00:00;0.221;;
966771;unknown;control;2022-11-14 05:45:00+00:00;0.966;;
966771;unknown;control;2022-11-14 06:00:00+00:00;0.961;;
966771;unknown;control;2022-11-14 06:15:00+00:00;0.237;;
966771;unknown;control;2022-11-14 06:30:00+00:00;0.531;;
966771;unknown;control;2022-11-14 06:45:00+00:00;0.193;;
966771;unknown;control;2022-11-14 07:00:00+00:00;0.296;;
966771;unknown;control;2022-11-14 07:15:00+00:00;0.189;;
966771;unknown;control;2022-11-14 07:30:00+00:00;0.284;;
966771;unknown;control;2022-11-14 07:45:00+00:00;0.177;;
966771;unknown;control;2022-11-14 08:00:00+00:00;0.205;;
966771;unknown;control;2022-11-14 08:15:00+00:00;0.25;;
966771;unknown;control;2022-11-14 08:30:00+00:00;0.179;;
966771;unknown;control;2022-11-14 08:45:00+00:00;0.167;;
966771;unknown;control;2022-11-14 09:00:00+00:00;0.12;;
966771;unknown;control;2022-11-14 09:15:00+00:00;0.21;;
966771;unknown;control;2022-11-14 09:30:00+00:00;0.232;;
966771;unknown;control;2022-11-14 09:45:00+00:00;0.099;;
966771;unknown;control;2022-11-14 10:00:00+00:00;0.2;;
966771;unknown;control;2022-11-14 10:15:00+00:00;0.962;;
966771;unknown;control;2022-11-14 10:30:00+00:00;0.941;;
966771;unknown;control;2022-11-14 10:45:00+00:00;0.209;;
966771;unknown;control;2022-11-14 11:00:00+00:00;0.112;;
966771;unknown;control;2022-11-14 11:15:00+00:00;0.114;;
966771;unknown;control;2022-11-14 11:30:00+00:00;0.114;;
966771;unknown;control;2022-11-14 11:45:00+00:00;0.46;;
966771;unknown;control;2022-11-14 12:00:00+00:00;0.534;;
966771;unknown;control;2022-11-14 12:15:00+00:00;0.108;;
966771;unknown;control;2022-11-14 12:30:00+00:00;0.119;;
966771;unknown;control;2022-11-14 12:45:00+00:00;0.11;;
966771;unknown;control;2022-11-14 13:00:00+00:00;0.367;;
966771;unknown;control;2022-11-14 13:15:00+00:00;0.101;;
966771;unknown;control;2022-11-14 13:30:00+00:00;0.093;;
966771;unknown;control;2022-11-14 13:45:00+00:00;0.091;;
966771;unknown;control;2022-11-14 14:00:00+00:00;0.096;;
966771;unknown;control;2022-11-14 14:15:00+00:00;0.093;;
966771;unknown;control;2022-11-14 14:30:00+00:00;0.095;;
966771;unknown;control;2022-11-14 14:45:00+00:00;0.096;;
966771;unknown;control;2022-11-14 15:00:00+00:00;0.089;;
966771;unknown;control;2022-11-14 15:15:00+00:00;0.191;;
966771;unknown;control;2022-11-14 15:30:00+00:00;0.188;;
966771;unknown;control;2022-11-14 15:45:00+00:00;0.166;;
966771;unknown;control;2022-11-14 16:00:00+00:00;0.205;;
966771;unknown;control;2022-11-14 16:15:00+00:00;0.2;;
966771;unknown;control;2022-11-14 16:30:00+00:00;0.212;;
966771;unknown;control;2022-11-14 16:45:00+00:00;0.975;;
966771;unknown;control;2022-11-14 17:00:00+00:00;0.938;;
966771;unknown;control;2022-11-14 17:15:00+00:00;0.213;;
966771;unknown;control;2022-11-14 17:30:00+00:00;0.39;;
966771;unknown;control;2022-11-14 17:45:00+00:00;1.077;;
966771;unknown;control;2022-11-14 18:00:00+00:00;0.605;;
966771;unknown;control;2022-11-14 18:15:00+00:00;0.209;;
966771;unknown;control;2022-11-14 18:30:00+00:00;0.713;;
966771;unknown;control;2022-11-14 18:45:00+00:00;0.981;;
966771;unknown;control;2022-11-14 19:00:00+00:00;0.278;;
966771;unknown;control;2022-11-14 19:15:00+00:00;0.253;;
966771;unknown;control;2022-11-14 19:30:00+00:00;0.985;;
966771;unknown;control;2022-11-14 19:45:00+00:00;1.012;;
966771;unknown;control;2022-11-14 20:00:00+00:00;0.287;;
966771;unknown;control;2022-11-14 20:15:00+00:00;0.216;;
966771;unknown;control;2022-11-14 20:30:00+00:00;0.287;;
966771;unknown;control;2022-11-14 20:45:00+00:00;0.283;;
966771;unknown;control;2022-11-14 21:00:00+00:00;0.236;;
966771;unknown;control;2022-11-14 21:15:00+00:00;0.311;;
966771;unknown;control;2022-11-14 21:30:00+00:00;0.238;;
966771;unknown;control;2022-11-14 21:45:00+00:00;0.291;;
966771;unknown;control;2022-11-14 22:00:00+00:00;0.331;;
966771;unknown;control;2022-11-14 22:15:00+00:00;0.192;;
966771;unknown;control;2022-11-14 22:30:00+00:00;0.298;;
966771;unknown;control;2022-11-14 22:45:00+00:00;0.2;;
966771;unknown;control;2022-11-14 23:00:00+00:00;0.297;;
966771;unknown;control;2022-11-14 23:15:00+00:00;0.23;;
966771;unknown;control;2022-11-14 23:30:00+00:00;0.267;;
966771;unknown;control;2022-11-14 23:45:00+00:00;0.237;;
966771;unknown;control;2022-11-15 00:00:00+00:00;0.258;;
966771;unknown;control;2022-11-15 00:15:00+00:00;0.252;;
966771;unknown;control;2022-11-15 00:30:00+00:00;0.22;;
966771;unknown;control;2022-11-15 00:45:00+00:00;0.292;;
966771;unknown;control;2022-11-15 01:00:00+00:00;0.179;;
966771;unknown;control;2022-11-15 01:15:00+00:00;0.268;;
966771;unknown;control;2022-11-15 01:30:00+00:00;1.397;;
966771;unknown;control;2022-11-15 01:45:00+00:00;1.465;;
966771;unknown;control;2022-11-15 02:00:00+00:00;0.966;;
966771;unknown;control;2022-11-15 02:15:00+00:00;0.257;;
966771;unknown;control;2022-11-15 02:30:00+00:00;0.233;;
966771;unknown;control;2022-11-15 02:45:00+00:00;0.253;;
966771;unknown;control;2022-11-15 03:00:00+00:00;0.227;;
966771;unknown;control;2022-11-15 03:15:00+00:00;0.258;;
966771;unknown;control;2022-11-15 03:30:00+00:00;1.011;;
966771;unknown;control;2022-11-15 03:45:00+00:00;1.006;;
966771;unknown;control;2022-11-15 04:00:00+00:00;1.059;;
966771;unknown;control;2022-11-15 04:15:00+00:00;1.024;;
966771;unknown;control;2022-11-15 04:30:00+00:00;0.952;;
966771;unknown;control;2022-11-15 04:45:00+00:00;0.75;;
966771;unknown;control;2022-11-15 05:00:00+00:00;1.649;;
966771;unknown;control;2022-11-15 05:15:00+00:00;2.242;;
966771;unknown;control;2022-11-15 05:30:00+00:00;1.202;;
966771;unknown;control;2022-11-15 05:45:00+00:00;0.305;;
966771;unknown;control;2022-11-15 06:00:00+00:00;0.49;;
966771;unknown;control;2022-11-15 06:15:00+00:00;1.021;;
966771;unknown;control;2022-11-15 06:30:00+00:00;0.686;;
966771;unknown;control;2022-11-15 06:45:00+00:00;0.169;;
966771;unknown;control;2022-11-15 07:00:00+00:00;0.191;;
966771;unknown;control;2022-11-15 07:15:00+00:00;0.265;;
966771;unknown;control;2022-11-15 07:30:00+00:00;0.165;;
966771;unknown;control;2022-11-15 07:45:00+00:00;0.095;;
966771;unknown;control;2022-11-15 08:00:00+00:00;0.099;;
966771;unknown;control;2022-11-15 08:15:00+00:00;0.089;;
966771;unknown;control;2022-11-15 08:30:00+00:00;0.097;;
966771;unknown;control;2022-11-15 08:45:00+00:00;0.095;;
966771;unknown;control;2022-11-15 09:00:00+00:00;0.093;;
966771;unknown;control;2022-11-15 09:15:00+00:00;0.095;;
966771;unknown;control;2022-11-15 09:30:00+00:00;0.092;;
966771;unknown;control;2022-11-15 09:45:00+00:00;0.095;;
966771;unknown;control;2022-11-15 10:00:00+00:00;0.121;;
966771;unknown;control;2022-11-15 10:15:00+00:00;0.874;;
966771;unknown;control;2022-11-15 10:30:00+00:00;0.483;;
966771;unknown;control;2022-11-15 10:45:00+00:00;0.119;;
966771;unknown;control;2022-11-15 11:00:00+00:00;0.105;;
966771;unknown;control;2022-11-15 11:15:00+00:00;0.111;;
966771;unknown;control;2022-11-15 11:30:00+00:00;0.683;;
966771;unknown;control;2022-11-15 11:45:00+00:00;0.341;;
966771;unknown;control;2022-11-15 12:00:00+00:00;0.115;;
966771;unknown;control;2022-11-15 12:15:00+00:00;0.12;;
966771;unknown;control;2022-11-15 12:30:00+00:00;0.108;;
966771;unknown;control;2022-11-15 12:45:00+00:00;0.112;;
966771;unknown;control;2022-11-15 13:00:00+00:00;0.114;;
966771;unknown;control;2022-11-15 13:15:00+00:00;0.093;;
966771;unknown;control;2022-11-15 13:30:00+00:00;0.096;;
966771;unknown;control;2022-11-15 13:45:00+00:00;0.094;;
966771;unknown;control;2022-11-15 14:00:00+00:00;0.091;;
966771;unknown;control;2022-11-15 14:15:00+00:00;0.101;;
966771;unknown;control;2022-11-15 14:30:00+00:00;0.092;;
966771;unknown;control;2022-11-15 14:45:00+00:00;0.09;;
966771;unknown;control;2022-11-15 15:00:00+00:00;0.192;;
966771;unknown;control;2022-11-15 15:15:00+00:00;0.184;;
966771;unknown;control;2022-11-15 15:30:00+00:00;0.179;;
966771;unknown;control;2022-11-15 15:45:00+00:00;0.2;;
966771;unknown;control;2022-11-15 16:00:00+00:00;0.171;;
966771;unknown;control;2022-11-15 16:15:00+00:00;0.131;;
966771;unknown;control;2022-11-15 16:30:00+00:00;0.209;;
966771;unknown;control;2022-11-15 16:45:00+00:00;0.96;;
966771;unknown;control;2022-11-15 17:00:00+00:00;0.991;;
966771;unknown;control;2022-11-15 17:15:00+00:00;0.218;;
966771;unknown;control;2022-11-15 17:30:00+00:00;0.213;;
966771;unknown;control;2022-11-15 17:45:00+00:00;0.552;;
966771;unknown;control;2022-11-15 18:00:00+00:00;1.074;;
966771;unknown;control;2022-11-15 18:15:00+00:00;0.308;;
966771;unknown;control;2022-11-15 18:30:00+00:00;0.218;;
966771;unknown;control;2022-11-15 18:45:00+00:00;0.852;;
966771;unknown;control;2022-11-15 19:00:00+00:00;0.56;;
966771;unknown;control;2022-11-15 19:15:00+00:00;0.216;;
966771;unknown;control;2022-11-15 19:30:00+00:00;0.313;;
966771;unknown;control;2022-11-15 19:45:00+00:00;1.014;;
966771;unknown;control;2022-11-15 20:00:00+00:00;0.21;;
966771;unknown;control;2022-11-15 20:15:00+00:00;0.181;;
966771;unknown;control;2022-11-15 20:30:00+00:00;0.209;;
966771;unknown;control;2022-11-15 20:45:00+00:00;0.186;;
966771;unknown;control;2022-11-15 21:00:00+00:00;0.215;;
966771;unknown;control;2022-11-15 21:15:00+00:00;0.192;;
966771;unknown;control;2022-11-15 21:30:00+00:00;0.188;;
966771;unknown;control;2022-11-15 21:45:00+00:00;0.185;;
966771;unknown;control;2022-11-15 22:00:00+00:00;0.188;;
966771;unknown;control;2022-11-15 22:15:00+00:00;0.187;;
966771;unknown;control;2022-11-15 22:30:00+00:00;0.178;;
966771;unknown;control;2022-11-15 22:45:00+00:00;0.181;;
966771;unknown;control;2022-11-15 23:00:00+00:00;0.187;;
966771;unknown;control;2022-11-15 23:15:00+00:00;0.2;;
966771;unknown;control;2022-11-15 23:30:00+00:00;0.223;;
966771;unknown;control;2022-11-15 23:45:00+00:00;0.212;;
966771;unknown;control;2022-11-16 00:00:00+00:00;0.191;;
966771;unknown;control;2022-11-16 00:15:00+00:00;0.183;;
966771;unknown;control;2022-11-16 00:30:00+00:00;0.183;;
966771;unknown;control;2022-11-16 00:45:00+00:00;0.175;;
966771;unknown;control;2022-11-16 01:00:00+00:00;0.179;;
966771;unknown;control;2022-11-16 01:15:00+00:00;0.178;;
966771;unknown;control;2022-11-16 01:30:00+00:00;1.384;;
966771;unknown;control;2022-11-16 01:45:00+00:00;1.404;;
966771;unknown;control;2022-11-16 02:00:00+00:00;1.442;;
966771;unknown;control;2022-11-16 02:15:00+00:00;1.225;;
966771;unknown;control;2022-11-16 02:30:00+00:00;0.185;;
966771;unknown;control;2022-11-16 02:45:00+00:00;0.191;;
966771;unknown;control;2022-11-16 03:00:00+00:00;0.184;;
966771;unknown;control;2022-11-16 03:15:00+00:00;0.206;;
966771;unknown;control;2022-11-16 03:30:00+00:00;0.94;;
966771;unknown;control;2022-11-16 03:45:00+00:00;1.04;;
966771;unknown;control;2022-11-16 04:00:00+00:00;0.6;;
966771;unknown;control;2022-11-16 04:15:00+00:00;0.233;;
966771;unknown;control;2022-11-16 04:30:00+00:00;0.61;;
966771;unknown;control;2022-11-16 04:45:00+00:00;1.007;;
966771;unknown;control;2022-11-16 05:00:00+00:00;0.253;;
966771;unknown;control;2022-11-16 05:15:00+00:00;0.289;;
966771;unknown;control;2022-11-16 05:30:00+00:00;1.0;;
966771;unknown;control;2022-11-16 05:45:00+00:00;0.552;;
966771;unknown;control;2022-11-16 06:00:00+00:00;0.255;;
966771;unknown;control;2022-11-16 06:15:00+00:00;0.874;;
966771;unknown;control;2022-11-16 06:30:00+00:00;1.157;;
966771;unknown;control;2022-11-16 06:45:00+00:00;0.2;;
966771;unknown;control;2022-11-16 07:00:00+00:00;0.217;;
966771;unknown;control;2022-11-16 07:15:00+00:00;0.425;;
966771;unknown;control;2022-11-16 07:30:00+00:00;0.187;;
966771;unknown;control;2022-11-16 07:45:00+00:00;0.246;;
966771;unknown;control;2022-11-16 08:00:00+00:00;0.149;;
966771;unknown;control;2022-11-16 08:15:00+00:00;0.119;;
966771;unknown;control;2022-11-16 08:30:00+00:00;0.156;;
966771;unknown;control;2022-11-16 08:45:00+00:00;0.159;;
966771;unknown;control;2022-11-16 09:00:00+00:00;0.634;;
966771;unknown;control;2022-11-16 09:15:00+00:00;0.155;;
966771;unknown;control;2022-11-16 09:30:00+00:00;0.149;;
966771;unknown;control;2022-11-16 09:45:00+00:00;0.157;;
966771;unknown;control;2022-11-16 10:00:00+00:00;0.2;;
966771;unknown;control;2022-11-16 10:15:00+00:00;1.03;;
966771;unknown;control;2022-11-16 10:30:00+00:00;0.221;;
966771;unknown;control;2022-11-16 10:45:00+00:00;0.227;;
966771;unknown;control;2022-11-16 11:00:00+00:00;0.28;;
966771;unknown;control;2022-11-16 11:15:00+00:00;0.186;;
966771;unknown;control;2022-11-16 11:30:00+00:00;0.121;;
966771;unknown;control;2022-11-16 11:45:00+00:00;0.128;;
966771;unknown;control;2022-11-16 12:00:00+00:00;0.243;;
966771;unknown;control;2022-11-16 12:15:00+00:00;0.116;;
966771;unknown;control;2022-11-16 12:30:00+00:00;0.12;;
966771;unknown;control;2022-11-16 12:45:00+00:00;0.12;;
966771;unknown;control;2022-11-16 13:00:00+00:00;0.116;;
966771;unknown;control;2022-11-16 13:15:00+00:00;0.1;;
966771;unknown;control;2022-11-16 13:30:00+00:00;0.113;;
966771;unknown;control;2022-11-16 13:45:00+00:00;0.096;;
966771;unknown;control;2022-11-16 14:00:00+00:00;0.103;;
966771;unknown;control;2022-11-16 14:15:00+00:00;0.094;;
966771;unknown;control;2022-11-16 14:30:00+00:00;0.151;;
966771;unknown;control;2022-11-16 14:45:00+00:00;0.143;;
966771;unknown;control;2022-11-16 15:00:00+00:00;0.178;;
966771;unknown;control;2022-11-16 15:15:00+00:00;0.181;;
966771;unknown;control;2022-11-16 15:30:00+00:00;0.217;;
966771;unknown;control;2022-11-16 15:45:00+00:00;0.213;;
966771;unknown;control;2022-11-16 16:00:00+00:00;0.257;;
966771;unknown;control;2022-11-16 16:15:00+00:00;0.354;;
966771;unknown;control;2022-11-16 16:30:00+00:00;0.358;;
966771;unknown;control;2022-11-16 16:45:00+00:00;1.004;;
966771;unknown;control;2022-11-16 17:00:00+00:00;1.159;;
966771;unknown;control;2022-11-16 17:15:00+00:00;1.138;;
966771;unknown;control;2022-11-16 17:30:00+00:00;0.326;;
966771;unknown;control;2022-11-16 17:45:00+00:00;1.118;;
966771;unknown;control;2022-11-16 18:00:00+00:00;1.143;;
966771;unknown;control;2022-11-16 18:15:00+00:00;0.457;;
966771;unknown;control;2022-11-16 18:30:00+00:00;0.375;;
966771;unknown;control;2022-11-16 18:45:00+00:00;1.105;;
966771;unknown;control;2022-11-16 19:00:00+00:00;1.203;;
966771;unknown;control;2022-11-16 19:15:00+00:00;1.175;;
966771;unknown;control;2022-11-16 19:30:00+00:00;0.336;;
966771;unknown;control;2022-11-16 19:45:00+00:00;0.56;;
966771;unknown;control;2022-11-16 20:00:00+00:00;0.329;;
966771;unknown;control;2022-11-16 20:15:00+00:00;0.325;;
966771;unknown;control;2022-11-16 20:30:00+00:00;0.319;;
966771;unknown;control;2022-11-16 20:45:00+00:00;0.234;;
966771;unknown;control;2022-11-16 21:00:00+00:00;0.288;;
966771;unknown;control;2022-11-16 21:15:00+00:00;0.203;;
966771;unknown;control;2022-11-16 21:30:00+00:00;0.276;;
966771;unknown;control;2022-11-16 21:45:00+00:00;0.254;;
966771;unknown;control;2022-11-16 22:00:00+00:00;0.216;;
966771;unknown;control;2022-11-16 22:15:00+00:00;0.273;;
966771;unknown;control;2022-11-16 22:30:00+00:00;0.19;;
966771;unknown;control;2022-11-16 22:45:00+00:00;0.288;;
966771;unknown;control;2022-11-16 23:00:00+00:00;0.249;;
966771;unknown;control;2022-11-16 23:15:00+00:00;0.215;;
966771;unknown;control;2022-11-16 23:30:00+00:00;0.25;;
966771;unknown;control;2022-11-16 23:45:00+00:00;0.181;;
966771;unknown;control;2022-11-17 00:00:00+00:00;0.28;;
966771;unknown;control;2022-11-17 00:15:00+00:00;0.188;;
966771;unknown;control;2022-11-17 00:30:00+00:00;0.269;;
966771;unknown;control;2022-11-17 00:45:00+00:00;0.185;;
966771;unknown;control;2022-11-17 01:00:00+00:00;0.196;;
966771;unknown;control;2022-11-17 01:15:00+00:00;0.249;;
966771;unknown;control;2022-11-17 01:30:00+00:00;1.396;;
966771;unknown;control;2022-11-17 01:45:00+00:00;1.425;;
966771;unknown;control;2022-11-17 02:00:00+00:00;1.43;;
966771;unknown;control;2022-11-17 02:15:00+00:00;0.538;;
966771;unknown;control;2022-11-17 02:30:00+00:00;0.195;;
966771;unknown;control;2022-11-17 02:45:00+00:00;0.258;;
966771;unknown;control;2022-11-17 03:00:00+00:00;0.18;;
966771;unknown;control;2022-11-17 03:15:00+00:00;0.252;;
966771;unknown;control;2022-11-17 03:30:00+00:00;0.992;;
966771;unknown;control;2022-11-17 03:45:00+00:00;0.997;;
966771;unknown;control;2022-11-17 04:00:00+00:00;0.665;;
966771;unknown;control;2022-11-17 04:15:00+00:00;0.248;;
966771;unknown;control;2022-11-17 04:30:00+00:00;0.943;;
966771;unknown;control;2022-11-17 04:45:00+00:00;0.695;;
966771;unknown;control;2022-11-17 05:00:00+00:00;0.224;;
966771;unknown;control;2022-11-17 05:15:00+00:00;0.664;;
966771;unknown;control;2022-11-17 05:30:00+00:00;1.87;;
966771;unknown;control;2022-11-17 05:45:00+00:00;1.434;;
966771;unknown;control;2022-11-17 06:00:00+00:00;0.207;;
966771;unknown;control;2022-11-17 06:15:00+00:00;0.209;;
966771;unknown;control;2022-11-17 06:30:00+00:00;0.933;;
966771;unknown;control;2022-11-17 06:45:00+00:00;0.278;;
966771;unknown;control;2022-11-17 07:00:00+00:00;0.159;;
966771;unknown;control;2022-11-17 07:15:00+00:00;0.208;;
966771;unknown;control;2022-11-17 07:30:00+00:00;0.596;;
966771;unknown;control;2022-11-17 07:45:00+00:00;0.138;;
966771;unknown;control;2022-11-17 08:00:00+00:00;0.127;;
966771;unknown;control;2022-11-17 08:15:00+00:00;0.157;;
966771;unknown;control;2022-11-17 08:30:00+00:00;0.25;;
966771;unknown;control;2022-11-17 08:45:00+00:00;0.962;;
966771;unknown;control;2022-11-17 09:00:00+00:00;0.355;;
966771;unknown;control;2022-11-17 09:15:00+00:00;0.141;;
966771;unknown;control;2022-11-17 09:30:00+00:00;0.137;;
966771;unknown;control;2022-11-17 09:45:00+00:00;0.448;;
966771;unknown;control;2022-11-17 10:00:00+00:00;0.514;;
966771;unknown;control;2022-11-17 10:15:00+00:00;0.848;;
966771;unknown;control;2022-11-17 10:30:00+00:00;0.223;;
966771;unknown;control;2022-11-17 10:45:00+00:00;0.233;;
966771;unknown;control;2022-11-17 11:00:00+00:00;0.321;;
966771;unknown;control;2022-11-17 11:15:00+00:00;0.173;;
966771;unknown;control;2022-11-17 11:30:00+00:00;0.151;;
966771;unknown;control;2022-11-17 11:45:00+00:00;0.218;;
966771;unknown;control;2022-11-17 12:00:00+00:00;0.276;;
966771;unknown;control;2022-11-17 12:15:00+00:00;0.293;;
966771;unknown;control;2022-11-17 12:30:00+00:00;0.31;;
966771;unknown;control;2022-11-17 12:45:00+00:00;0.301;;
966771;unknown;control;2022-11-17 13:00:00+00:00;0.285;;
966771;unknown;control;2022-11-17 13:15:00+00:00;0.22;;
966771;unknown;control;2022-11-17 13:30:00+00:00;0.273;;
966771;unknown;control;2022-11-17 13:45:00+00:00;0.279;;
966771;unknown;control;2022-11-17 14:00:00+00:00;0.166;;
966771;unknown;control;2022-11-17 14:15:00+00:00;0.1;;
966771;unknown;control;2022-11-17 14:30:00+00:00;0.109;;
966771;unknown;control;2022-11-17 14:45:00+00:00;0.167;;
966771;unknown;control;2022-11-17 15:00:00+00:00;0.132;;
966771;unknown;control;2022-11-17 15:15:00+00:00;0.117;;
966771;unknown;control;2022-11-17 15:30:00+00:00;0.203;;
966771;unknown;control;2022-11-17 15:45:00+00:00;0.189;;
966771;unknown;control;2022-11-17 16:00:00+00:00;0.555;;
966771;unknown;control;2022-11-17 16:15:00+00:00;0.4;;
966771;unknown;control;2022-11-17 16:30:00+00:00;0.685;;
966771;unknown;control;2022-11-17 16:45:00+00:00;0.997;;
966771;unknown;control;2022-11-17 17:00:00+00:00;0.772;;
966771;unknown;control;2022-11-17 17:15:00+00:00;0.215;;
966771;unknown;control;2022-11-17 17:30:00+00:00;0.257;;
966771;unknown;control;2022-11-17 17:45:00+00:00;0.661;;
966771;unknown;control;2022-11-17 18:00:00+00:00;0.725;;
966771;unknown;control;2022-11-17 18:15:00+00:00;0.26;;
966771;unknown;control;2022-11-17 18:30:00+00:00;0.27;;
966771;unknown;control;2022-11-17 18:45:00+00:00;0.363;;
966771;unknown;control;2022-11-17 19:00:00+00:00;1.004;;
966771;unknown;control;2022-11-17 19:15:00+00:00;0.32;;
966771;unknown;control;2022-11-17 19:30:00+00:00;0.31;;
966771;unknown;control;2022-11-17 19:45:00+00:00;1.019;;
966771;unknown;control;2022-11-17 20:00:00+00:00;0.326;;
966771;unknown;control;2022-11-17 20:15:00+00:00;0.25;;
966771;unknown;control;2022-11-17 20:30:00+00:00;0.313;;
966771;unknown;control;2022-11-17 20:45:00+00:00;0.252;;
966771;unknown;control;2022-11-17 21:00:00+00:00;0.234;;
966771;unknown;control;2022-11-17 21:15:00+00:00;0.274;;
966771;unknown;control;2022-11-17 21:30:00+00:00;0.245;;
966771;unknown;control;2022-11-17 21:45:00+00:00;0.236;;
966771;unknown;control;2022-11-17 22:00:00+00:00;0.247;;
966771;unknown;control;2022-11-17 22:15:00+00:00;0.193;;
966771;unknown;control;2022-11-17 22:30:00+00:00;0.219;;
966771;unknown;control;2022-11-17 22:45:00+00:00;0.196;;
966771;unknown;control;2022-11-17 23:00:00+00:00;0.218;;
966771;unknown;control;2022-11-17 23:15:00+00:00;0.176;;
966771;unknown;control;2022-11-17 23:30:00+00:00;0.17;;
966771;unknown;control;2022-11-17 23:45:00+00:00;0.234;;
966771;unknown;control;2022-11-18 00:00:00+00:00;0.17;;
966771;unknown;control;2022-11-18 00:15:00+00:00;0.249;;
966771;unknown;control;2022-11-18 00:30:00+00:00;0.165;;
966771;unknown;control;2022-11-18 00:45:00+00:00;0.237;;
966771;unknown;control;2022-11-18 01:00:00+00:00;0.17;;
966771;unknown;control;2022-11-18 01:15:00+00:00;0.232;;
966771;unknown;control;2022-11-18 01:30:00+00:00;1.404;;
966771;unknown;control;2022-11-18 01:45:00+00:00;1.439;;
966771;unknown;control;2022-11-18 02:00:00+00:00;1.44;;
966771;unknown;control;2022-11-18 02:15:00+00:00;1.407;;
966771;unknown;control;2022-11-18 02:30:00+00:00;1.471;;
966771;unknown;control;2022-11-18 02:45:00+00:00;0.332;;
966771;unknown;control;2022-11-18 03:00:00+00:00;0.215;;
966771;unknown;control;2022-11-18 03:15:00+00:00;0.356;;
966771;unknown;control;2022-11-18 03:30:00+00:00;1.011;;
966771;unknown;control;2022-11-18 03:45:00+00:00;1.095;;
966771;unknown;control;2022-11-18 04:00:00+00:00;1.105;;
966771;unknown;control;2022-11-18 04:15:00+00:00;0.361;;
966771;unknown;control;2022-11-18 04:30:00+00:00;0.52;;
966771;unknown;control;2022-11-18 04:45:00+00:00;0.99;;
966771;unknown;control;2022-11-18 05:00:00+00:00;0.447;;
966771;unknown;control;2022-11-18 05:15:00+00:00;0.905;;
966771;unknown;control;2022-11-18 05:30:00+00:00;2.19;;
966771;unknown;control;2022-11-18 05:45:00+00:00;2.332;;
966771;unknown;control;2022-11-18 06:00:00+00:00;0.386;;
966771;unknown;control;2022-11-18 06:15:00+00:00;0.278;;
966771;unknown;control;2022-11-18 06:30:00+00:00;0.603;;
966771;unknown;control;2022-11-18 06:45:00+00:00;0.218;;
966771;unknown;control;2022-11-18 07:00:00+00:00;0.212;;
966771;unknown;control;2022-11-18 07:15:00+00:00;0.243;;
966771;unknown;control;2022-11-18 07:30:00+00:00;0.184;;
966771;unknown;control;2022-11-18 07:45:00+00:00;0.224;;
966771;unknown;control;2022-11-18 08:00:00+00:00;0.12;;
966771;unknown;control;2022-11-18 08:15:00+00:00;0.444;;
966771;unknown;control;2022-11-18 08:30:00+00:00;0.149;;
966771;unknown;control;2022-11-18 08:45:00+00:00;0.146;;
966771;unknown;control;2022-11-18 09:00:00+00:00;0.155;;
966771;unknown;control;2022-11-18 09:15:00+00:00;0.2;;
966771;unknown;control;2022-11-18 09:30:00+00:00;0.15;;
966771;unknown;control;2022-11-18 09:45:00+00:00;0.1;;
966771;unknown;control;2022-11-18 10:00:00+00:00;0.135;;
966771;unknown;control;2022-11-18 10:15:00+00:00;1.11;;
966771;unknown;control;2022-11-18 10:30:00+00:00;0.663;;
966771;unknown;control;2022-11-18 10:45:00+00:00;0.134;;
966771;unknown;control;2022-11-18 11:00:00+00:00;0.125;;
966771;unknown;control;2022-11-18 11:15:00+00:00;0.399;;
966771;unknown;control;2022-11-18 11:30:00+00:00;0.678;;
966771;unknown;control;2022-11-18 11:45:00+00:00;0.133;;
966771;unknown;control;2022-11-18 12:00:00+00:00;0.124;;
966771;unknown;control;2022-11-18 12:15:00+00:00;0.131;;
966771;unknown;control;2022-11-18 12:30:00+00:00;0.429;;
966771;unknown;control;2022-11-18 12:45:00+00:00;0.616;;
966771;unknown;control;2022-11-18 13:00:00+00:00;0.222;;
966771;unknown;control;2022-11-18 13:15:00+00:00;0.195;;
966771;unknown;control;2022-11-18 13:30:00+00:00;0.229;;
966771;unknown;control;2022-11-18 13:45:00+00:00;0.195;;
966771;unknown;control;2022-11-18 14:00:00+00:00;0.232;;
966771;unknown;control;2022-11-18 14:15:00+00:00;0.204;;
966771;unknown;control;2022-11-18 14:30:00+00:00;0.185;;
966771;unknown;control;2022-11-18 14:45:00+00:00;0.166;;
966771;unknown;control;2022-11-18 15:00:00+00:00;0.276;;
966771;unknown;control;2022-11-18 15:15:00+00:00;0.357;;
966771;unknown;control;2022-11-18 15:30:00+00:00;0.373;;
966771;unknown;control;2022-11-18 15:45:00+00:00;0.379;;
966771;unknown;control;2022-11-18 16:00:00+00:00;0.517;;
966771;unknown;control;2022-11-18 16:15:00+00:00;0.635;;
966771;unknown;control;2022-11-18 16:30:00+00:00;0.495;;
966771;unknown;control;2022-11-18 16:45:00+00:00;1.163;;
966771;unknown;control;2022-11-18 17:00:00+00:00;1.205;;
966771;unknown;control;2022-11-18 17:15:00+00:00;1.227;;
966771;unknown;control;2022-11-18 17:30:00+00:00;1.501;;
966771;unknown;control;2022-11-18 17:45:00+00:00;1.272;;
966771;unknown;control;2022-11-18 18:00:00+00:00;1.322;;
966771;unknown;control;2022-11-18 18:15:00+00:00;0.461;;
966771;unknown;control;2022-11-18 18:30:00+00:00;0.998;;
966771;unknown;control;2022-11-18 18:45:00+00:00;1.247;;
966771;unknown;control;2022-11-18 19:00:00+00:00;0.443;;
966771;unknown;control;2022-11-18 19:15:00+00:00;0.93;;
966771;unknown;control;2022-11-18 19:30:00+00:00;1.09;;
966771;unknown;control;2022-11-18 19:45:00+00:00;0.492;;
966771;unknown;control;2022-11-18 20:00:00+00:00;0.44;;
966771;unknown;control;2022-11-18 20:15:00+00:00;0.497;;
966771;unknown;control;2022-11-18 20:30:00+00:00;0.4;;
966771;unknown;control;2022-11-18 20:45:00+00:00;0.399;;
966771;unknown;control;2022-11-18 21:00:00+00:00;0.334;;
966771;unknown;control;2022-11-18 21:15:00+00:00;0.26;;
966771;unknown;control;2022-11-18 21:30:00+00:00;0.263;;
966771;unknown;control;2022-11-18 21:45:00+00:00;0.308;;
966771;unknown;control;2022-11-18 22:00:00+00:00;0.294;;
966771;unknown;control;2022-11-18 22:15:00+00:00;0.267;;
966771;unknown;control;2022-11-18 22:30:00+00:00;0.242;;
966771;unknown;control;2022-11-18 22:45:00+00:00;0.235;;
966771;unknown;control;2022-11-18 23:00:00+00:00;0.253;;
966771;unknown;control;2022-11-18 23:15:00+00:00;0.29;;
966771;unknown;control;2022-11-18 23:30:00+00:00;0.274;;
966771;unknown;control;2022-11-18 23:45:00+00:00;0.272;;
966771;unknown;control;2022-11-19 00:00:00+00:00;0.279;;
966771;unknown;control;2022-11-19 00:15:00+00:00;0.281;;
966771;unknown;control;2022-11-19 00:30:00+00:00;0.325;;
966771;unknown;control;2022-11-19 00:45:00+00:00;0.331;;
966771;unknown;control;2022-11-19 01:00:00+00:00;0.313;;
966771;unknown;control;2022-11-19 01:15:00+00:00;0.245;;
966771;unknown;control;2022-11-19 01:30:00+00:00;1.387;;
966771;unknown;control;2022-11-19 01:45:00+00:00;1.402;;
966771;unknown;control;2022-11-19 02:00:00+00:00;1.424;;
966771;unknown;control;2022-11-19 02:15:00+00:00;1.428;;
966771;unknown;control;2022-11-19 02:30:00+00:00;1.459;;
966771;unknown;control;2022-11-19 02:45:00+00:00;1.451;;
966771;unknown;control;2022-11-19 03:00:00+00:00;1.463;;
966771;unknown;control;2022-11-19 03:15:00+00:00;0.36;;
966771;unknown;control;2022-11-19 03:30:00+00:00;1.054;;
966771;unknown;control;2022-11-19 03:45:00+00:00;1.093;;
966771;unknown;control;2022-11-19 04:00:00+00:00;0.981;;
966771;unknown;control;2022-11-19 04:15:00+00:00;1.091;;
966771;unknown;control;2022-11-19 04:30:00+00:00;1.097;;
966771;unknown;control;2022-11-19 04:45:00+00:00;0.958;;
966771;unknown;control;2022-11-19 05:00:00+00:00;1.154;;
966771;unknown;control;2022-11-19 05:15:00+00:00;1.155;;
966771;unknown;control;2022-11-19 05:30:00+00:00;2.186;;
966771;unknown;control;2022-11-19 05:45:00+00:00;2.368;;
966771;unknown;control;2022-11-19 06:00:00+00:00;1.029;;
966771;unknown;control;2022-11-19 06:15:00+00:00;1.164;;
966771;unknown;control;2022-11-19 06:30:00+00:00;0.853;;
966771;unknown;control;2022-11-19 06:45:00+00:00;0.248;;
966771;unknown;control;2022-11-19 07:00:00+00:00;0.257;;
966771;unknown;control;2022-11-19 07:15:00+00:00;0.259;;
966771;unknown;control;2022-11-19 07:30:00+00:00;0.224;;
966771;unknown;control;2022-11-19 07:45:00+00:00;0.213;;
966771;unknown;control;2022-11-19 08:00:00+00:00;0.24;;
966771;unknown;control;2022-11-19 08:15:00+00:00;0.098;;
966771;unknown;control;2022-11-19 08:30:00+00:00;0.109;;
966771;unknown;control;2022-11-19 08:45:00+00:00;0.097;;
966771;unknown;control;2022-11-19 09:00:00+00:00;0.097;;
966771;unknown;control;2022-11-19 09:15:00+00:00;0.114;;
966771;unknown;control;2022-11-19 09:30:00+00:00;0.256;;
966771;unknown;control;2022-11-19 09:45:00+00:00;0.111;;
966771;unknown;control;2022-11-19 10:00:00+00:00;0.113;;
966771;unknown;control;2022-11-19 10:15:00+00:00;0.916;;
966771;unknown;control;2022-11-19 10:30:00+00:00;1.397;;
966771;unknown;control;2022-11-19 10:45:00+00:00;0.978;;
966771;unknown;control;2022-11-19 11:00:00+00:00;0.611;;
966771;unknown;control;2022-11-19 11:15:00+00:00;0.127;;
966771;unknown;control;2022-11-19 11:30:00+00:00;0.109;;
966771;unknown;control;2022-11-19 11:45:00+00:00;0.411;;
966771;unknown;control;2022-11-19 12:00:00+00:00;0.899;;
966771;unknown;control;2022-11-19 12:15:00+00:00;0.123;;
966771;unknown;control;2022-11-19 12:30:00+00:00;0.402;;
966771;unknown;control;2022-11-19 12:45:00+00:00;1.305;;
966771;unknown;control;2022-11-19 13:00:00+00:00;1.076;;
966771;unknown;control;2022-11-19 13:15:00+00:00;0.178;;
966771;unknown;control;2022-11-19 13:30:00+00:00;0.206;;
966771;unknown;control;2022-11-19 13:45:00+00:00;0.458;;
966771;unknown;control;2022-11-19 14:00:00+00:00;0.311;;
966771;unknown;control;2022-11-19 14:15:00+00:00;0.186;;
966771;unknown;control;2022-11-19 14:30:00+00:00;0.196;;
966771;unknown;control;2022-11-19 14:45:00+00:00;0.202;;
966771;unknown;control;2022-11-19 15:00:00+00:00;0.21;;
966771;unknown;control;2022-11-19 15:15:00+00:00;0.245;;
966771;unknown;control;2022-11-19 15:30:00+00:00;0.229;;
966771;unknown;control;2022-11-19 15:45:00+00:00;0.205;;
966771;unknown;control;2022-11-19 16:00:00+00:00;0.197;;
966771;unknown;control;2022-11-19 16:15:00+00:00;0.251;;
966771;unknown;control;2022-11-19 16:30:00+00:00;0.333;;
966771;unknown;control;2022-11-19 16:45:00+00:00;1.054;;
966771;unknown;control;2022-11-19 17:00:00+00:00;1.104;;
966771;unknown;control;2022-11-19 17:15:00+00:00;1.204;;
966771;unknown;control;2022-11-19 17:30:00+00:00;1.534;;
966771;unknown;control;2022-11-19 17:45:00+00:00;1.153;;
966771;unknown;control;2022-11-19 18:00:00+00:00;0.346;;
966771;unknown;control;2022-11-19 18:15:00+00:00;0.392;;
966771;unknown;control;2022-11-19 18:30:00+00:00;1.136;;
966771;unknown;control;2022-11-19 18:45:00+00:00;0.859;;
966771;unknown;control;2022-11-19 19:00:00+00:00;0.351;;
966771;unknown;control;2022-11-19 19:15:00+00:00;0.406;;
966771;unknown;control;2022-11-19 19:30:00+00:00;1.142;;
966771;unknown;control;2022-11-19 19:45:00+00:00;1.153;;
966771;unknown;control;2022-11-19 20:00:00+00:00;0.363;;
966771;unknown;control;2022-11-19 20:15:00+00:00;0.351;;
966771;unknown;control;2022-11-19 20:30:00+00:00;0.39;;
966771;unknown;control;2022-11-19 20:45:00+00:00;0.314;;
966771;unknown;control;2022-11-19 21:00:00+00:00;0.289;;
966771;unknown;control;2022-11-19 21:15:00+00:00;0.299;;
966771;unknown;control;2022-11-19 21:30:00+00:00;0.36;;
966771;unknown;control;2022-11-19 21:45:00+00:00;0.339;;
966771;unknown;control;2022-11-19 22:00:00+00:00;0.321;;
966771;unknown;control;2022-11-19 22:15:00+00:00;0.302;;
966771;unknown;control;2022-11-19 22:30:00+00:00;0.318;;
966771;unknown;control;2022-11-19 22:45:00+00:00;0.374;;
966771;unknown;control;2022-11-19 23:00:00+00:00;0.371;;
966771;unknown;control;2022-11-19 23:15:00+00:00;0.318;;
966771;unknown;control;2022-11-19 23:30:00+00:00;0.292;;
966771;unknown;control;2022-11-19 23:45:00+00:00;0.321;;
966771;unknown;control;2022-11-20 00:00:00+00:00;0.338;;
966771;unknown;control;2022-11-20 00:15:00+00:00;0.346;;
966771;unknown;control;2022-11-20 00:30:00+00:00;0.301;;
966771;unknown;control;2022-11-20 00:45:00+00:00;0.309;;
966771;unknown;control;2022-11-20 01:00:00+00:00;0.31;;
966771;unknown;control;2022-11-20 01:15:00+00:00;0.283;;
966771;unknown;control;2022-11-20 01:30:00+00:00;1.429;;
966771;unknown;control;2022-11-20 01:45:00+00:00;1.443;;
966771;unknown;control;2022-11-20 02:00:00+00:00;1.475;;
966771;unknown;control;2022-11-20 02:15:00+00:00;1.481;;
966771;unknown;control;2022-11-20 02:30:00+00:00;1.479;;
966771;unknown;control;2022-11-20 02:45:00+00:00;1.457;;
966771;unknown;control;2022-11-20 03:00:00+00:00;1.485;;
966771;unknown;control;2022-11-20 03:15:00+00:00;1.579;;
966771;unknown;control;2022-11-20 03:30:00+00:00;2.319;;
966771;unknown;control;2022-11-20 03:45:00+00:00;1.059;;
966771;unknown;control;2022-11-20 04:00:00+00:00;0.931;;
966771;unknown;control;2022-11-20 04:15:00+00:00;1.085;;
966771;unknown;control;2022-11-20 04:30:00+00:00;1.122;;
966771;unknown;control;2022-11-20 04:45:00+00:00;0.932;;
966771;unknown;control;2022-11-20 05:00:00+00:00;1.114;;
966771;unknown;control;2022-11-20 05:15:00+00:00;0.968;;
966771;unknown;control;2022-11-20 05:30:00+00:00;1.062;;
966771;unknown;control;2022-11-20 05:45:00+00:00;1.053;;
966771;unknown;control;2022-11-20 06:00:00+00:00;0.928;;
966771;unknown;control;2022-11-20 06:15:00+00:00;1.112;;
966771;unknown;control;2022-11-20 06:30:00+00:00;1.092;;
966771;unknown;control;2022-11-20 06:45:00+00:00;0.915;;
966771;unknown;control;2022-11-20 07:00:00+00:00;1.059;;
966771;unknown;control;2022-11-20 07:15:00+00:00;0.233;;
966771;unknown;control;2022-11-20 07:30:00+00:00;0.227;;
966771;unknown;control;2022-11-20 07:45:00+00:00;0.244;;
966771;unknown;control;2022-11-20 08:00:00+00:00;0.183;;
966771;unknown;control;2022-11-20 08:15:00+00:00;0.285;;
966771;unknown;control;2022-11-20 08:30:00+00:00;0.102;;
966771;unknown;control;2022-11-20 08:45:00+00:00;0.097;;
966771;unknown;control;2022-11-20 09:00:00+00:00;0.222;;
966771;unknown;control;2022-11-20 09:15:00+00:00;0.148;;
966771;unknown;control;2022-11-20 09:30:00+00:00;0.325;;
966771;unknown;control;2022-11-20 09:45:00+00:00;0.148;;
966771;unknown;control;2022-11-20 10:00:00+00:00;0.113;;
966771;unknown;control;2022-11-20 10:15:00+00:00;0.137;;
966771;unknown;control;2022-11-20 10:30:00+00:00;1.399;;
966771;unknown;control;2022-11-20 10:45:00+00:00;0.942;;
966771;unknown;control;2022-11-20 11:00:00+00:00;0.925;;
966771;unknown;control;2022-11-20 11:15:00+00:00;0.397;;
966771;unknown;control;2022-11-20 11:30:00+00:00;0.123;;
966771;unknown;control;2022-11-20 11:45:00+00:00;0.337;;
966771;unknown;control;2022-11-20 12:00:00+00:00;0.988;;
966771;unknown;control;2022-11-20 12:15:00+00:00;0.605;;
966771;unknown;control;2022-11-20 12:30:00+00:00;0.354;;
966771;unknown;control;2022-11-20 12:45:00+00:00;0.248;;
966771;unknown;control;2022-11-20 13:00:00+00:00;0.759;;
966771;unknown;control;2022-11-20 13:15:00+00:00;0.315;;
966771;unknown;control;2022-11-20 13:30:00+00:00;0.259;;
966771;unknown;control;2022-11-20 13:45:00+00:00;0.389;;
966771;unknown;control;2022-11-20 14:00:00+00:00;0.288;;
966771;unknown;control;2022-11-20 14:15:00+00:00;0.366;;
966771;unknown;control;2022-11-20 14:30:00+00:00;0.291;;
966771;unknown;control;2022-11-20 14:45:00+00:00;0.241;;
966771;unknown;control;2022-11-20 15:00:00+00:00;0.273;;
966771;unknown;control;2022-11-20 15:15:00+00:00;0.303;;
966771;unknown;control;2022-11-20 15:30:00+00:00;0.523;;
966771;unknown;control;2022-11-20 15:45:00+00:00;0.509;;
966771;unknown;control;2022-11-20 16:00:00+00:00;0.406;;
966771;unknown;control;2022-11-20 16:15:00+00:00;0.401;;
966771;unknown;control;2022-11-20 16:30:00+00:00;1.078;;
966771;unknown;control;2022-11-20 16:45:00+00:00;1.344;;
966771;unknown;control;2022-11-20 17:00:00+00:00;1.361;;
966771;unknown;control;2022-11-20 17:15:00+00:00;1.275;;
966771;unknown;control;2022-11-20 17:30:00+00:00;1.14;;
966771;unknown;control;2022-11-20 17:45:00+00:00;1.178;;
966771;unknown;control;2022-11-20 18:00:00+00:00;1.161;;
966771;unknown;control;2022-11-20 18:15:00+00:00;1.061;;
966771;unknown;control;2022-11-20 18:30:00+00:00;1.185;;
966771;unknown;control;2022-11-20 18:45:00+00:00;0.724;;
966771;unknown;control;2022-11-20 19:00:00+00:00;0.451;;
966771;unknown;control;2022-11-20 19:15:00+00:00;1.153;;
966771;unknown;control;2022-11-20 19:30:00+00:00;1.292;;
966771;unknown;control;2022-11-20 19:45:00+00:00;0.863;;
966771;unknown;control;2022-11-20 20:00:00+00:00;0.473;;
966771;unknown;control;2022-11-20 20:15:00+00:00;0.483;;
966771;unknown;control;2022-11-20 20:30:00+00:00;0.45;;
966771;unknown;control;2022-11-20 20:45:00+00:00;0.398;;
966771;unknown;control;2022-11-20 21:00:00+00:00;0.37;;
966771;unknown;control;2022-11-20 21:15:00+00:00;0.364;;
966771;unknown;control;2022-11-20 21:30:00+00:00;0.344;;
966771;unknown;control;2022-11-20 21:45:00+00:00;0.35;;
966771;unknown;control;2022-11-20 22:00:00+00:00;0.318;;
966771;unknown;control;2022-11-20 22:15:00+00:00;0.363;;
966771;unknown;control;2022-11-20 22:30:00+00:00;0.318;;
966771;unknown;control;2022-11-20 22:45:00+00:00;0.348;;
966771;unknown;control;2022-11-20 23:00:00+00:00;0.363;;
966771;unknown;control;2022-11-20 23:15:00+00:00;0.306;;
966771;unknown;control;2022-11-20 23:30:00+00:00;0.346;;
966771;unknown;control;2022-11-20 23:45:00+00:00;0.36;;
966771;unknown;control;2022-11-21 00:00:00+00:00;0.31;;
966771;unknown;control;2022-11-21 00:15:00+00:00;0.314;;
966771;unknown;control;2022-11-21 00:30:00+00:00;0.325;;
966771;unknown;control;2022-11-21 00:45:00+00:00;0.297;;
966771;unknown;control;2022-11-21 01:00:00+00:00;0.337;;
966771;unknown;control;2022-11-21 01:15:00+00:00;0.312;;
966771;unknown;control;2022-11-21 01:30:00+00:00;1.479;;
966771;unknown;control;2022-11-21 01:45:00+00:00;1.471;;
966771;unknown;control;2022-11-21 02:00:00+00:00;1.492;;
966771;unknown;control;2022-11-21 02:15:00+00:00;1.51;;
966771;unknown;control;2022-11-21 02:30:00+00:00;1.491;;
966771;unknown;control;2022-11-21 02:45:00+00:00;1.519;;
966771;unknown;control;2022-11-21 03:00:00+00:00;1.543;;
966771;unknown;control;2022-11-21 03:15:00+00:00;1.585;;
966771;unknown;control;2022-11-21 03:30:00+00:00;1.813;;
966771;unknown;control;2022-11-21 03:45:00+00:00;1.137;;
966771;unknown;control;2022-11-21 04:00:00+00:00;1.003;;
966771;unknown;control;2022-11-21 04:15:00+00:00;1.137;;
966771;unknown;control;2022-11-21 04:30:00+00:00;1.094;;
966771;unknown;control;2022-11-21 04:45:00+00:00;1.051;;
966771;unknown;control;2022-11-21 05:00:00+00:00;1.127;;
966771;unknown;control;2022-11-21 05:15:00+00:00;0.993;;
966771;unknown;control;2022-11-21 05:30:00+00:00;1.138;;
966771;unknown;control;2022-11-21 05:45:00+00:00;1.129;;
966771;unknown;control;2022-11-21 06:00:00+00:00;1.095;;
966771;unknown;control;2022-11-21 06:15:00+00:00;1.129;;
966771;unknown;control;2022-11-21 06:30:00+00:00;1.015;;
966771;unknown;control;2022-11-21 06:45:00+00:00;0.704;;
966771;unknown;control;2022-11-21 07:00:00+00:00;0.586;;
966771;unknown;control;2022-11-21 07:15:00+00:00;0.292;;
966771;unknown;control;2022-11-21 07:30:00+00:00;0.633;;
966771;unknown;control;2022-11-21 07:45:00+00:00;1.152;;
966771;unknown;control;2022-11-21 08:00:00+00:00;0.281;;
966771;unknown;control;2022-11-21 08:15:00+00:00;0.149;;
966771;unknown;control;2022-11-21 08:30:00+00:00;0.168;;
966771;unknown;control;2022-11-21 08:45:00+00:00;0.546;;
966771;unknown;control;2022-11-21 09:00:00+00:00;0.379;;
966771;unknown;control;2022-11-21 09:15:00+00:00;0.312;;
966771;unknown;control;2022-11-21 09:30:00+00:00;0.312;;
966771;unknown;control;2022-11-21 09:45:00+00:00;0.307;;
966771;unknown;control;2022-11-21 10:00:00+00:00;0.228;;
966771;unknown;control;2022-11-21 10:15:00+00:00;0.893;;
966771;unknown;control;2022-11-21 10:30:00+00:00;1.058;;
966771;unknown;control;2022-11-21 10:45:00+00:00;0.641;;
966771;unknown;control;2022-11-21 11:00:00+00:00;0.117;;
966771;unknown;control;2022-11-21 11:15:00+00:00;0.195;;
966771;unknown;control;2022-11-21 11:30:00+00:00;0.116;;
966771;unknown;control;2022-11-21 11:45:00+00:00;0.272;;
966771;unknown;control;2022-11-21 12:00:00+00:00;0.886;;
966771;unknown;control;2022-11-21 12:15:00+00:00;0.218;;
966771;unknown;control;2022-11-21 12:30:00+00:00;0.109;;
966771;unknown;control;2022-11-21 12:45:00+00:00;0.633;;
966771;unknown;control;2022-11-21 13:00:00+00:00;0.882;;
966771;unknown;control;2022-11-21 13:15:00+00:00;0.114;;
966771;unknown;control;2022-11-21 13:30:00+00:00;0.131;;
966771;unknown;control;2022-11-21 13:45:00+00:00;0.186;;
966771;unknown;control;2022-11-21 14:00:00+00:00;0.194;;
966771;unknown;control;2022-11-21 14:15:00+00:00;0.215;;
966771;unknown;control;2022-11-21 14:30:00+00:00;0.185;;
966771;unknown;control;2022-11-21 14:45:00+00:00;0.234;;
966771;unknown;control;2022-11-21 15:00:00+00:00;0.249;;
966771;unknown;control;2022-11-21 15:15:00+00:00;0.241;;
966771;unknown;control;2022-11-21 15:30:00+00:00;0.272;;
966771;unknown;control;2022-11-21 15:45:00+00:00;0.293;;
966771;unknown;control;2022-11-21 16:00:00+00:00;0.252;;
966771;unknown;control;2022-11-21 16:15:00+00:00;0.297;;
966771;unknown;control;2022-11-21 16:30:00+00:00;0.288;;
966771;unknown;control;2022-11-21 16:45:00+00:00;1.011;;
966771;unknown;control;2022-11-21 17:00:00+00:00;1.046;;
966771;unknown;control;2022-11-21 17:15:00+00:00;1.008;;
966771;unknown;control;2022-11-21 17:30:00+00:00;1.158;;
966771;unknown;control;2022-11-21 17:45:00+00:00;1.132;;
966771;unknown;control;2022-11-21 18:00:00+00:00;1.169;;
966771;unknown;control;2022-11-21 18:15:00+00:00;0.874;;
966771;unknown;control;2022-11-21 18:30:00+00:00;0.33;;
966771;unknown;control;2022-11-21 18:45:00+00:00;0.892;;
966771;unknown;control;2022-11-21 19:00:00+00:00;1.158;;
966771;unknown;control;2022-11-21 19:15:00+00:00;1.081;;
966771;unknown;control;2022-11-21 19:30:00+00:00;1.228;;
966771;unknown;control;2022-11-21 19:45:00+00:00;0.589;;
966771;unknown;control;2022-11-21 20:00:00+00:00;0.346;;
966771;unknown;control;2022-11-21 20:15:00+00:00;0.377;;
966771;unknown;control;2022-11-21 20:30:00+00:00;0.286;;
966771;unknown;control;2022-11-21 20:45:00+00:00;0.264;;
966771;unknown;control;2022-11-21 21:00:00+00:00;0.245;;
966771;unknown;control;2022-11-21 21:15:00+00:00;0.264;;
966771;unknown;control;2022-11-21 21:30:00+00:00;0.244;;
966771;unknown;control;2022-11-21 21:45:00+00:00;0.265;;
966771;unknown;control;2022-11-21 22:00:00+00:00;0.252;;
966771;unknown;control;2022-11-21 22:15:00+00:00;0.26;;
966771;unknown;control;2022-11-21 22:30:00+00:00;0.273;;
966771;unknown;control;2022-11-21 22:45:00+00:00;0.277;;
966771;unknown;control;2022-11-21 23:00:00+00:00;0.215;;
966771;unknown;control;2022-11-21 23:15:00+00:00;0.262;;
966771;unknown;control;2022-11-21 23:30:00+00:00;0.256;;
966771;unknown;control;2022-11-21 23:45:00+00:00;0.21;;
966771;unknown;control;2022-11-22 00:00:00+00:00;0.258;;
966771;unknown;control;2022-11-22 00:15:00+00:00;0.216;;
966771;unknown;control;2022-11-22 00:30:00+00:00;0.26;;
966771;unknown;control;2022-11-22 00:45:00+00:00;0.208;;
966771;unknown;control;2022-11-22 01:00:00+00:00;0.266;;
966771;unknown;control;2022-11-22 01:15:00+00:00;0.21;;
966771;unknown;control;2022-11-22 01:30:00+00:00;1.458;;
966771;unknown;control;2022-11-22 01:45:00+00:00;1.444;;
966771;unknown;control;2022-11-22 02:00:00+00:00;1.461;;
966771;unknown;control;2022-11-22 02:15:00+00:00;1.437;;
966771;unknown;control;2022-11-22 02:30:00+00:00;1.472;;
966771;unknown;control;2022-11-22 02:45:00+00:00;1.43;;
966771;unknown;control;2022-11-22 03:00:00+00:00;1.487;;
966771;unknown;control;2022-11-22 03:15:00+00:00;1.204;;
966771;unknown;control;2022-11-22 03:30:00+00:00;0.959;;
966771;unknown;control;2022-11-22 03:45:00+00:00;1.063;;
966771;unknown;control;2022-11-22 04:00:00+00:00;1.003;;
966771;unknown;control;2022-11-22 04:15:00+00:00;1.043;;
966771;unknown;control;2022-11-22 04:30:00+00:00;1.08;;
966771;unknown;control;2022-11-22 04:45:00+00:00;1.053;;
966771;unknown;control;2022-11-22 05:00:00+00:00;0.288;;
966771;unknown;control;2022-11-22 05:15:00+00:00;0.719;;
966771;unknown;control;2022-11-22 05:30:00+00:00;1.057;;
966771;unknown;control;2022-11-22 05:45:00+00:00;0.653;;
966771;unknown;control;2022-11-22 06:00:00+00:00;0.316;;
966771;unknown;control;2022-11-22 06:15:00+00:00;0.586;;
966771;unknown;control;2022-11-22 06:30:00+00:00;1.046;;
966771;unknown;control;2022-11-22 06:45:00+00:00;0.242;;
966771;unknown;control;2022-11-22 07:00:00+00:00;0.246;;
966771;unknown;control;2022-11-22 07:15:00+00:00;0.248;;
966771;unknown;control;2022-11-22 07:30:00+00:00;0.205;;
966771;unknown;control;2022-11-22 07:45:00+00:00;0.192;;
966771;unknown;control;2022-11-22 08:00:00+00:00;0.2;;
966771;unknown;control;2022-11-22 08:15:00+00:00;0.204;;
966771;unknown;control;2022-11-22 08:30:00+00:00;0.509;;
966771;unknown;control;2022-11-22 08:45:00+00:00;0.172;;
966771;unknown;control;2022-11-22 09:00:00+00:00;0.182;;
966771;unknown;control;2022-11-22 09:15:00+00:00;0.207;;
966771;unknown;control;2022-11-22 09:30:00+00:00;0.142;;
966771;unknown;control;2022-11-22 09:45:00+00:00;0.233;;
966771;unknown;control;2022-11-22 10:00:00+00:00;0.137;;
966771;unknown;control;2022-11-22 10:15:00+00:00;1.055;;
966771;unknown;control;2022-11-22 10:30:00+00:00;1.214;;
966771;unknown;control;2022-11-22 10:45:00+00:00;0.589;;
966771;unknown;control;2022-11-22 11:00:00+00:00;0.224;;
966771;unknown;control;2022-11-22 11:15:00+00:00;0.838;;
966771;unknown;control;2022-11-22 11:30:00+00:00;0.739;;
966771;unknown;control;2022-11-22 11:45:00+00:00;0.127;;
966771;unknown;control;2022-11-22 12:00:00+00:00;0.123;;
966771;unknown;control;2022-11-22 12:15:00+00:00;0.124;;
966771;unknown;control;2022-11-22 12:30:00+00:00;0.808;;
966771;unknown;control;2022-11-22 12:45:00+00:00;0.422;;
966771;unknown;control;2022-11-22 13:00:00+00:00;0.161;;
966771;unknown;control;2022-11-22 13:15:00+00:00;0.169;;
966771;unknown;control;2022-11-22 13:30:00+00:00;0.092;;
966771;unknown;control;2022-11-22 13:45:00+00:00;0.173;;
966771;unknown;control;2022-11-22 14:00:00+00:00;0.099;;
966771;unknown;control;2022-11-22 14:15:00+00:00;0.244;;
966771;unknown;control;2022-11-22 14:30:00+00:00;0.185;;
966771;unknown;control;2022-11-22 14:45:00+00:00;0.204;;
966771;unknown;control;2022-11-22 15:00:00+00:00;0.209;;
966771;unknown;control;2022-11-22 15:15:00+00:00;0.241;;
966771;unknown;control;2022-11-22 15:30:00+00:00;0.221;;
966771;unknown;control;2022-11-22 15:45:00+00:00;0.217;;
966771;unknown;control;2022-11-22 16:00:00+00:00;0.38;;
966771;unknown;control;2022-11-22 16:15:00+00:00;0.233;;
966771;unknown;control;2022-11-22 16:30:00+00:00;0.292;;
966771;unknown;control;2022-11-22 16:45:00+00:00;1.048;;
966771;unknown;control;2022-11-22 17:00:00+00:00;1.199;;
966771;unknown;control;2022-11-22 17:15:00+00:00;1.157;;
966771;unknown;control;2022-11-22 17:30:00+00:00;1.037;;
966771;unknown;control;2022-11-22 17:45:00+00:00;0.408;;
966771;unknown;control;2022-11-22 18:00:00+00:00;1.008;;
966771;unknown;control;2022-11-22 18:15:00+00:00;1.255;;
966771;unknown;control;2022-11-22 18:30:00+00:00;0.398;;
966771;unknown;control;2022-11-22 18:45:00+00:00;0.578;;
966771;unknown;control;2022-11-22 19:00:00+00:00;1.229;;
966771;unknown;control;2022-11-22 19:15:00+00:00;0.725;;
966771;unknown;control;2022-11-22 19:30:00+00:00;0.359;;
966771;unknown;control;2022-11-22 19:45:00+00:00;0.864;;
966771;unknown;control;2022-11-22 20:00:00+00:00;0.368;;
966771;unknown;control;2022-11-22 20:15:00+00:00;0.378;;
966771;unknown;control;2022-11-22 20:30:00+00:00;0.355;;
966771;unknown;control;2022-11-22 20:45:00+00:00;0.242;;
966771;unknown;control;2022-11-22 21:00:00+00:00;0.281;;
966771;unknown;control;2022-11-22 21:15:00+00:00;0.225;;
966771;unknown;control;2022-11-22 21:30:00+00:00;0.27;;
966771;unknown;control;2022-11-22 21:45:00+00:00;0.249;;
966771;unknown;control;2022-11-22 22:00:00+00:00;0.235;;
966771;unknown;control;2022-11-22 22:15:00+00:00;0.262;;
966771;unknown;control;2022-11-22 22:30:00+00:00;0.219;;
966771;unknown;control;2022-11-22 22:45:00+00:00;0.267;;
966771;unknown;control;2022-11-22 23:00:00+00:00;0.209;;
966771;unknown;control;2022-11-22 23:15:00+00:00;0.268;;
966771;unknown;control;2022-11-22 23:30:00+00:00;0.219;;
966771;unknown;control;2022-11-22 23:45:00+00:00;0.252;;
966771;unknown;control;2022-11-23 00:00:00+00:00;0.218;;
966771;unknown;control;2022-11-23 00:15:00+00:00;0.256;;
966771;unknown;control;2022-11-23 00:30:00+00:00;0.213;;
966771;unknown;control;2022-11-23 00:45:00+00:00;0.268;;
966771;unknown;control;2022-11-23 01:00:00+00:00;0.215;;
966771;unknown;control;2022-11-23 01:15:00+00:00;0.292;;
966771;unknown;control;2022-11-23 01:30:00+00:00;1.449;;
966771;unknown;control;2022-11-23 01:45:00+00:00;1.489;;
966771;unknown;control;2022-11-23 02:00:00+00:00;1.528;;
966771;unknown;control;2022-11-23 02:15:00+00:00;1.523;;
966771;unknown;control;2022-11-23 02:30:00+00:00;1.521;;
966771;unknown;control;2022-11-23 02:45:00+00:00;1.497;;
966771;unknown;control;2022-11-23 03:00:00+00:00;1.521;;
966771;unknown;control;2022-11-23 03:15:00+00:00;0.394;;
966771;unknown;control;2022-11-23 03:30:00+00:00;1.066;;
966771;unknown;control;2022-11-23 03:45:00+00:00;1.102;;
966771;unknown;control;2022-11-23 04:00:00+00:00;0.955;;
966771;unknown;control;2022-11-23 04:15:00+00:00;1.137;;
966771;unknown;control;2022-11-23 04:30:00+00:00;1.152;;
966771;unknown;control;2022-11-23 04:45:00+00:00;0.917;;
966771;unknown;control;2022-11-23 05:00:00+00:00;1.136;;
966771;unknown;control;2022-11-23 05:15:00+00:00;1.161;;
966771;unknown;control;2022-11-23 05:30:00+00:00;1.162;;
966771;unknown;control;2022-11-23 05:45:00+00:00;0.902;;
966771;unknown;control;2022-11-23 06:00:00+00:00;1.178;;
966771;unknown;control;2022-11-23 06:15:00+00:00;1.195;;
966771;unknown;control;2022-11-23 06:30:00+00:00;1.147;;
966771;unknown;control;2022-11-23 06:45:00+00:00;0.354;;
966771;unknown;control;2022-11-23 07:00:00+00:00;0.328;;
966771;unknown;control;2022-11-23 07:15:00+00:00;0.278;;
966771;unknown;control;2022-11-23 07:30:00+00:00;0.215;;
966771;unknown;control;2022-11-23 07:45:00+00:00;0.202;;
966771;unknown;control;2022-11-23 08:00:00+00:00;0.147;;
966771;unknown;control;2022-11-23 08:15:00+00:00;0.1;;
966771;unknown;control;2022-11-23 08:30:00+00:00;0.173;;
966771;unknown;control;2022-11-23 08:45:00+00:00;0.163;;
966771;unknown;control;2022-11-23 09:00:00+00:00;0.096;;
966771;unknown;control;2022-11-23 09:15:00+00:00;0.174;;
966771;unknown;control;2022-11-23 09:30:00+00:00;0.104;;
966771;unknown;control;2022-11-23 09:45:00+00:00;0.104;;
966771;unknown;control;2022-11-23 10:00:00+00:00;0.102;;
966771;unknown;control;2022-11-23 10:15:00+00:00;0.835;;
966771;unknown;control;2022-11-23 10:30:00+00:00;1.185;;
966771;unknown;control;2022-11-23 10:45:00+00:00;0.258;;
966771;unknown;control;2022-11-23 11:00:00+00:00;0.235;;
966771;unknown;control;2022-11-23 11:15:00+00:00;0.542;;
966771;unknown;control;2022-11-23 11:30:00+00:00;1.364;;
966771;unknown;control;2022-11-23 11:45:00+00:00;0.232;;
966771;unknown;control;2022-11-23 12:00:00+00:00;0.443;;
966771;unknown;control;2022-11-23 12:15:00+00:00;0.373;;
966771;unknown;control;2022-11-23 12:30:00+00:00;0.41;;
966771;unknown;control;2022-11-23 12:45:00+00:00;0.273;;
966771;unknown;control;2022-11-23 13:00:00+00:00;1.042;;
966771;unknown;control;2022-11-23 13:15:00+00:00;0.281;;
966771;unknown;control;2022-11-23 13:30:00+00:00;0.242;;
966771;unknown;control;2022-11-23 13:45:00+00:00;0.421;;
966771;unknown;control;2022-11-23 14:00:00+00:00;0.262;;
966771;unknown;control;2022-11-23 14:15:00+00:00;0.133;;
966771;unknown;control;2022-11-23 14:30:00+00:00;0.475;;
966771;unknown;control;2022-11-23 14:45:00+00:00;0.347;;
966771;unknown;control;2022-11-23 15:00:00+00:00;0.243;;
966771;unknown;control;2022-11-23 15:15:00+00:00;0.343;;
966771;unknown;control;2022-11-23 15:30:00+00:00;0.342;;
966771;unknown;control;2022-11-23 15:45:00+00:00;0.338;;
966771;unknown;control;2022-11-23 16:00:00+00:00;0.41;;
966771;unknown;control;2022-11-23 16:15:00+00:00;0.359;;
966771;unknown;control;2022-11-23 16:30:00+00:00;0.373;;
966771;unknown;control;2022-11-23 16:45:00+00:00;1.037;;
966771;unknown;control;2022-11-23 17:00:00+00:00;1.099;;
966771;unknown;control;2022-11-23 17:15:00+00:00;0.413;;
966771;unknown;control;2022-11-23 17:30:00+00:00;0.289;;
966771;unknown;control;2022-11-23 17:45:00+00:00;1.107;;
966771;unknown;control;2022-11-23 18:00:00+00:00;0.635;;
966771;unknown;control;2022-11-23 18:15:00+00:00;0.279;;
966771;unknown;control;2022-11-23 18:30:00+00:00;0.596;;
966771;unknown;control;2022-11-23 18:45:00+00:00;1.08;;
966771;unknown;control;2022-11-23 19:00:00+00:00;0.246;;
966771;unknown;control;2022-11-23 19:15:00+00:00;0.301;;
966771;unknown;control;2022-11-23 19:30:00+00:00;0.565;;
966771;unknown;control;2022-11-23 19:45:00+00:00;0.994;;
966771;unknown;control;2022-11-23 20:00:00+00:00;0.276;;
966771;unknown;control;2022-11-23 20:15:00+00:00;0.237;;
966771;unknown;control;2022-11-23 20:30:00+00:00;0.261;;
966771;unknown;control;2022-11-23 20:45:00+00:00;0.242;;
966771;unknown;control;2022-11-23 21:00:00+00:00;0.278;;
966771;unknown;control;2022-11-23 21:15:00+00:00;0.256;;
966771;unknown;control;2022-11-23 21:30:00+00:00;0.307;;
966771;unknown;control;2022-11-23 21:45:00+00:00;0.265;;
966771;unknown;control;2022-11-23 22:00:00+00:00;0.246;;
966771;unknown;control;2022-11-23 22:15:00+00:00;0.273;;
966771;unknown;control;2022-11-23 22:30:00+00:00;0.21;;
966771;unknown;control;2022-11-23 22:45:00+00:00;0.272;;
966771;unknown;control;2022-11-23 23:00:00+00:00;0.248;;
966771;unknown;control;2022-11-23 23:15:00+00:00;0.274;;
966771;unknown;control;2022-11-23 23:30:00+00:00;0.291;;
966771;unknown;control;2022-11-23 23:45:00+00:00;0.264;;
966771;unknown;control;2022-11-24 00:00:00+00:00;0.255;;
966771;unknown;control;2022-11-24 00:15:00+00:00;0.27;;
966771;unknown;control;2022-11-24 00:30:00+00:00;0.242;;
966771;unknown;control;2022-11-24 00:45:00+00:00;0.207;;
966771;unknown;control;2022-11-24 01:00:00+00:00;0.241;;
966771;unknown;control;2022-11-24 01:15:00+00:00;0.238;;
966771;unknown;control;2022-11-24 01:30:00+00:00;1.453;;
966771;unknown;control;2022-11-24 01:45:00+00:00;1.479;;
966771;unknown;control;2022-11-24 02:00:00+00:00;1.492;;
966771;unknown;control;2022-11-24 02:15:00+00:00;1.318;;
966771;unknown;control;2022-11-24 02:30:00+00:00;0.23;;
966771;unknown;control;2022-11-24 02:45:00+00:00;0.744;;
966771;unknown;control;2022-11-24 03:00:00+00:00;0.717;;
966771;unknown;control;2022-11-24 03:15:00+00:00;0.326;;
966771;unknown;control;2022-11-24 03:30:00+00:00;1.048;;
966771;unknown;control;2022-11-24 03:45:00+00:00;1.066;;
966771;unknown;control;2022-11-24 04:00:00+00:00;1.092;;
966771;unknown;control;2022-11-24 04:15:00+00:00;0.438;;
966771;unknown;control;2022-11-24 04:30:00+00:00;0.258;;
966771;unknown;control;2022-11-24 04:45:00+00:00;0.826;;
966771;unknown;control;2022-11-24 05:00:00+00:00;1.068;;
966771;unknown;control;2022-11-24 05:15:00+00:00;0.436;;
966771;unknown;control;2022-11-24 05:30:00+00:00;0.307;;
966771;unknown;control;2022-11-24 05:45:00+00:00;0.328;;
966771;unknown;control;2022-11-24 06:00:00+00:00;1.076;;
966771;unknown;control;2022-11-24 06:15:00+00:00;0.642;;
966771;unknown;control;2022-11-24 06:30:00+00:00;0.467;;
966771;unknown;control;2022-11-24 06:45:00+00:00;0.257;;
966771;unknown;control;2022-11-24 07:00:00+00:00;0.229;;
966771;unknown;control;2022-11-24 07:15:00+00:00;0.262;;
966771;unknown;control;2022-11-24 07:30:00+00:00;0.224;;
966771;unknown;control;2022-11-24 07:45:00+00:00;0.12;;
966771;unknown;control;2022-11-24 08:00:00+00:00;0.948;;
966771;unknown;control;2022-11-24 08:15:00+00:00;0.565;;
966771;unknown;control;2022-11-24 08:30:00+00:00;0.27;;
966771;unknown;control;2022-11-24 08:45:00+00:00;0.301;;
966771;unknown;control;2022-11-24 09:00:00+00:00;0.249;;
966771;unknown;control;2022-11-24 09:15:00+00:00;0.305;;
966771;unknown;control;2022-11-24 09:30:00+00:00;0.296;;
966771;unknown;control;2022-11-24 09:45:00+00:00;0.241;;
966771;unknown;control;2022-11-24 10:00:00+00:00;0.513;;
966771;unknown;control;2022-11-24 10:15:00+00:00;1.155;;
966771;unknown;control;2022-11-24 10:30:00+00:00;0.226;;
966771;unknown;control;2022-11-24 10:45:00+00:00;0.182;;
966771;unknown;control;2022-11-24 11:00:00+00:00;0.161;;
966771;unknown;control;2022-11-24 11:15:00+00:00;0.154;;
966771;unknown;control;2022-11-24 11:30:00+00:00;0.161;;
966771;unknown;control;2022-11-24 11:45:00+00:00;0.187;;
966771;unknown;control;2022-11-24 12:00:00+00:00;0.276;;
966771;unknown;control;2022-11-24 12:15:00+00:00;0.294;;
966771;unknown;control;2022-11-24 12:30:00+00:00;0.227;;
966771;unknown;control;2022-11-24 12:45:00+00:00;0.111;;
966771;unknown;control;2022-11-24 13:00:00+00:00;0.531;;
966771;unknown;control;2022-11-24 13:15:00+00:00;0.179;;
966771;unknown;control;2022-11-24 13:30:00+00:00;0.109;;
966771;unknown;control;2022-11-24 13:45:00+00:00;0.102;;
966771;unknown;control;2022-11-24 14:00:00+00:00;0.095;;
966771;unknown;control;2022-11-24 14:15:00+00:00;0.099;;
966771;unknown;control;2022-11-24 14:30:00+00:00;0.168;;
966771;unknown;control;2022-11-24 14:45:00+00:00;0.146;;
966771;unknown;control;2022-11-24 15:00:00+00:00;0.296;;
966771;unknown;control;2022-11-24 15:15:00+00:00;0.281;;
966771;unknown;control;2022-11-24 15:30:00+00:00;0.268;;
966771;unknown;control;2022-11-24 15:45:00+00:00;0.327;;
966771;unknown;control;2022-11-24 16:00:00+00:00;0.287;;
966771;unknown;control;2022-11-24 16:15:00+00:00;0.365;;
966771;unknown;control;2022-11-24 16:30:00+00:00;0.387;;
966771;unknown;control;2022-11-24 16:45:00+00:00;1.104;;
966771;unknown;control;2022-11-24 17:00:00+00:00;1.129;;
966771;unknown;control;2022-11-24 17:15:00+00:00;1.105;;
966771;unknown;control;2022-11-24 17:30:00+00:00;1.178;;
966771;unknown;control;2022-11-24 17:45:00+00:00;1.169;;
966771;unknown;control;2022-11-24 18:00:00+00:00;1.206;;
966771;unknown;control;2022-11-24 18:15:00+00:00;1.14;;
966771;unknown;control;2022-11-24 18:30:00+00:00;0.364;;
966771;unknown;control;2022-11-24 18:45:00+00:00;0.783;;
966771;unknown;control;2022-11-24 19:00:00+00:00;1.18;;
966771;unknown;control;2022-11-24 19:15:00+00:00;1.109;;
966771;unknown;control;2022-11-24 19:30:00+00:00;0.491;;
966771;unknown;control;2022-11-24 19:45:00+00:00;0.542;;
966771;unknown;control;2022-11-24 20:00:00+00:00;0.364;;
966771;unknown;control;2022-11-24 20:15:00+00:00;0.359;;
966771;unknown;control;2022-11-24 20:30:00+00:00;0.377;;
966771;unknown;control;2022-11-24 20:45:00+00:00;0.383;;
966771;unknown;control;2022-11-24 21:00:00+00:00;0.338;;
966771;unknown;control;2022-11-24 21:15:00+00:00;0.294;;
966771;unknown;control;2022-11-24 21:30:00+00:00;0.297;;
966771;unknown;control;2022-11-24 21:45:00+00:00;0.314;;
966771;unknown;control;2022-11-24 22:00:00+00:00;0.305;;
966771;unknown;control;2022-11-24 22:15:00+00:00;0.294;;
966771;unknown;control;2022-11-24 22:30:00+00:00;0.289;;
966771;unknown;control;2022-11-24 22:45:00+00:00;0.32;;
966771;unknown;control;2022-11-24 23:00:00+00:00;0.301;;
966771;unknown;control;2022-11-24 23:15:00+00:00;0.313;;
966771;unknown;control;2022-11-24 23:30:00+00:00;0.327;;
966771;unknown;control;2022-11-24 23:45:00+00:00;0.274;;
966771;unknown;control;2022-11-25 00:00:00+00:00;0.27;;
966771;unknown;control;2022-11-25 00:15:00+00:00;0.306;;
966771;unknown;control;2022-11-25 00:30:00+00:00;0.653;;
966771;unknown;control;2022-11-25 00:45:00+00:00;1.065;;
966771;unknown;control;2022-11-25 01:00:00+00:00;0.736;;
966771;unknown;control;2022-11-25 01:15:00+00:00;0.305;;
966771;unknown;control;2022-11-25 01:30:00+00:00;1.522;;
966771;unknown;control;2022-11-25 01:45:00+00:00;1.518;;
966771;unknown;control;2022-11-25 02:00:00+00:00;2.019;;
966771;unknown;control;2022-11-25 02:15:00+00:00;2.065;;
966771;unknown;control;2022-11-25 02:30:00+00:00;1.517;;
966771;unknown;control;2022-11-25 02:45:00+00:00;1.547;;
966771;unknown;control;2022-11-25 03:00:00+00:00;1.541;;
966771;unknown;control;2022-11-25 03:15:00+00:00;1.821;;
966771;unknown;control;2022-11-25 03:30:00+00:00;2.24;;
966771;unknown;control;2022-11-25 03:45:00+00:00;1.636;;
966771;unknown;control;2022-11-25 04:00:00+00:00;0.906;;
966771;unknown;control;2022-11-25 04:15:00+00:00;1.08;;
966771;unknown;control;2022-11-25 04:30:00+00:00;0.896;;
966771;unknown;control;2022-11-25 04:45:00+00:00;1.074;;
966771;unknown;control;2022-11-25 05:00:00+00:00;1.128;;
966771;unknown;control;2022-11-25 05:15:00+00:00;0.927;;
966771;unknown;control;2022-11-25 05:30:00+00:00;1.145;;
966771;unknown;control;2022-11-25 05:45:00+00:00;1.541;;
966771;unknown;control;2022-11-25 06:00:00+00:00;0.742;;
966771;unknown;control;2022-11-25 06:15:00+00:00;0.818;;
966771;unknown;control;2022-11-25 06:30:00+00:00;1.122;;
966771;unknown;control;2022-11-25 06:45:00+00:00;0.352;;
966771;unknown;control;2022-11-25 07:00:00+00:00;0.276;;
966771;unknown;control;2022-11-25 07:15:00+00:00;0.26;;
966771;unknown;control;2022-11-25 07:30:00+00:00;0.358;;
966771;unknown;control;2022-11-25 07:45:00+00:00;0.334;;
966771;unknown;control;2022-11-25 08:00:00+00:00;0.37;;
966771;unknown;control;2022-11-25 08:15:00+00:00;0.262;;
966771;unknown;control;2022-11-25 08:30:00+00:00;0.187;;
966771;unknown;control;2022-11-25 08:45:00+00:00;0.101;;
966771;unknown;control;2022-11-25 09:00:00+00:00;0.162;;
966771;unknown;control;2022-11-25 09:15:00+00:00;0.16;;
966771;unknown;control;2022-11-25 09:30:00+00:00;0.098;;
966771;unknown;control;2022-11-25 09:45:00+00:00;0.088;;
966771;unknown;control;2022-11-25 10:00:00+00:00;0.131;;
966771;unknown;control;2022-11-25 10:15:00+00:00;0.919;;
966771;unknown;control;2022-11-25 10:30:00+00:00;1.055;;
966771;unknown;control;2022-11-25 10:45:00+00:00;0.54;;
966771;unknown;control;2022-11-25 11:00:00+00:00;0.128;;
966771;unknown;control;2022-11-25 11:15:00+00:00;0.617;;
966771;unknown;control;2022-11-25 11:30:00+00:00;0.911;;
966771;unknown;control;2022-11-25 11:45:00+00:00;0.193;;
966771;unknown;control;2022-11-25 12:00:00+00:00;0.129;;
966771;unknown;control;2022-11-25 12:15:00+00:00;1.097;;
966771;unknown;control;2022-11-25 12:30:00+00:00;0.874;;
966771;unknown;control;2022-11-25 12:45:00+00:00;0.375;;
966771;unknown;control;2022-11-25 13:00:00+00:00;0.195;;
966771;unknown;control;2022-11-25 13:15:00+00:00;0.096;;
966771;unknown;control;2022-11-25 13:30:00+00:00;0.515;;
966771;unknown;control;2022-11-25 13:45:00+00:00;0.194;;
966771;unknown;control;2022-11-25 14:00:00+00:00;0.185;;
966771;unknown;control;2022-11-25 14:15:00+00:00;0.291;;
966771;unknown;control;2022-11-25 14:30:00+00:00;0.256;;
966771;unknown;control;2022-11-25 14:45:00+00:00;0.234;;
966771;unknown;control;2022-11-25 15:00:00+00:00;0.344;;
966771;unknown;control;2022-11-25 15:15:00+00:00;0.303;;
966771;unknown;control;2022-11-25 15:30:00+00:00;0.278;;
966771;unknown;control;2022-11-25 15:45:00+00:00;0.268;;
966771;unknown;control;2022-11-25 16:00:00+00:00;0.279;;
966771;unknown;control;2022-11-25 16:15:00+00:00;0.312;;
966771;unknown;control;2022-11-25 16:30:00+00:00;0.328;;
966771;unknown;control;2022-11-25 16:45:00+00:00;1.041;;
966771;unknown;control;2022-11-25 17:00:00+00:00;1.087;;
966771;unknown;control;2022-11-25 17:15:00+00:00;1.089;;
966771;unknown;control;2022-11-25 17:30:00+00:00;1.118;;
966771;unknown;control;2022-11-25 17:45:00+00:00;1.091;;
966771;unknown;control;2022-11-25 18:00:00+00:00;1.158;;
966771;unknown;control;2022-11-25 18:15:00+00:00;1.186;;
966771;unknown;control;2022-11-25 18:30:00+00:00;1.025;;
966771;unknown;control;2022-11-25 18:45:00+00:00;1.136;;
966771;unknown;control;2022-11-25 19:00:00+00:00;0.352;;
966771;unknown;control;2022-11-25 19:15:00+00:00;0.446;;
966771;unknown;control;2022-11-25 19:30:00+00:00;0.812;;
966771;unknown;control;2022-11-25 19:45:00+00:00;1.15;;
966771;unknown;control;2022-11-25 20:00:00+00:00;0.314;;
966771;unknown;control;2022-11-25 20:15:00+00:00;0.327;;
966771;unknown;control;2022-11-25 20:30:00+00:00;0.371;;
966771;unknown;control;2022-11-25 20:45:00+00:00;0.314;;
966771;unknown;control;2022-11-25 21:00:00+00:00;0.248;;
966771;unknown;control;2022-11-25 21:15:00+00:00;0.248;;
966771;unknown;control;2022-11-25 21:30:00+00:00;0.242;;
966771;unknown;control;2022-11-25 21:45:00+00:00;0.285;;
966771;unknown;control;2022-11-25 22:00:00+00:00;0.311;;
966771;unknown;control;2022-11-25 22:15:00+00:00;0.301;;
966771;unknown;control;2022-11-25 22:30:00+00:00;0.287;;
966771;unknown;control;2022-11-25 22:45:00+00:00;0.358;;
966771;unknown;control;2022-11-25 23:00:00+00:00;0.314;;
966771;unknown;control;2022-11-25 23:15:00+00:00;0.27;;
966771;unknown;control;2022-11-25 23:30:00+00:00;0.278;;
966771;unknown;control;2022-11-25 23:45:00+00:00;0.323;;
966771;unknown;control;2022-11-26 00:00:00+00:00;0.27;;
966771;unknown;control;2022-11-26 00:15:00+00:00;0.257;;
966771;unknown;control;2022-11-26 00:30:00+00:00;0.287;;
966771;unknown;control;2022-11-26 00:45:00+00:00;0.286;;
966771;unknown;control;2022-11-26 01:00:00+00:00;0.219;;
966771;unknown;control;2022-11-26 01:15:00+00:00;0.259;;
966771;unknown;control;2022-11-26 01:30:00+00:00;1.843;;
966771;unknown;control;2022-11-26 01:45:00+00:00;2.194;;
966771;unknown;control;2022-11-26 02:00:00+00:00;1.567;;
966771;unknown;control;2022-11-26 02:15:00+00:00;1.482;;
966771;unknown;control;2022-11-26 02:30:00+00:00;1.194;;
966771;unknown;control;2022-11-26 02:45:00+00:00;0.274;;
966771;unknown;control;2022-11-26 03:00:00+00:00;0.232;;
966771;unknown;control;2022-11-26 03:15:00+00:00;0.312;;
966771;unknown;control;2022-11-26 03:30:00+00:00;1.023;;
966771;unknown;control;2022-11-26 03:45:00+00:00;1.037;;
966771;unknown;control;2022-11-26 04:00:00+00:00;1.053;;
966771;unknown;control;2022-11-26 04:15:00+00:00;1.048;;
966771;unknown;control;2022-11-26 04:30:00+00:00;0.982;;
966771;unknown;control;2022-11-26 04:45:00+00:00;1.114;;
966771;unknown;control;2022-11-26 05:00:00+00:00;1.148;;
966771;unknown;control;2022-11-26 05:15:00+00:00;0.909;;
966771;unknown;control;2022-11-26 05:30:00+00:00;1.087;;
966771;unknown;control;2022-11-26 05:45:00+00:00;1.536;;
966771;unknown;control;2022-11-26 06:00:00+00:00;0.916;;
966771;unknown;control;2022-11-26 06:15:00+00:00;1.114;;
966771;unknown;control;2022-11-26 06:30:00+00:00;0.519;;
966771;unknown;control;2022-11-26 06:45:00+00:00;0.238;;
966771;unknown;control;2022-11-26 07:00:00+00:00;0.291;;
966771;unknown;control;2022-11-26 07:15:00+00:00;0.211;;
966771;unknown;control;2022-11-26 07:30:00+00:00;0.221;;
966771;unknown;control;2022-11-26 07:45:00+00:00;0.215;;
966771;unknown;control;2022-11-26 08:00:00+00:00;0.157;;
966771;unknown;control;2022-11-26 08:15:00+00:00;0.103;;
966771;unknown;control;2022-11-26 08:30:00+00:00;0.531;;
966771;unknown;control;2022-11-26 08:45:00+00:00;0.55;;
966771;unknown;control;2022-11-26 09:00:00+00:00;0.347;;
966771;unknown;control;2022-11-26 09:15:00+00:00;0.313;;
966771;unknown;control;2022-11-26 09:30:00+00:00;0.375;;
966771;unknown;control;2022-11-26 09:45:00+00:00;0.295;;
966771;unknown;control;2022-11-26 10:00:00+00:00;0.201;;
966771;unknown;control;2022-11-26 10:15:00+00:00;0.89;;
966771;unknown;control;2022-11-26 10:30:00+00:00;0.769;;
966771;unknown;control;2022-11-26 10:45:00+00:00;0.138;;
966771;unknown;control;2022-11-26 11:00:00+00:00;0.153;;
966771;unknown;control;2022-11-26 11:15:00+00:00;0.144;;
966771;unknown;control;2022-11-26 11:30:00+00:00;0.142;;
966771;unknown;control;2022-11-26 11:45:00+00:00;0.141;;
966771;unknown;control;2022-11-26 12:00:00+00:00;0.123;;
966771;unknown;control;2022-11-26 12:15:00+00:00;0.72;;
966771;unknown;control;2022-11-26 12:30:00+00:00;0.608;;
966771;unknown;control;2022-11-26 12:45:00+00:00;0.116;;
966771;unknown;control;2022-11-26 13:00:00+00:00;0.124;;
966771;unknown;control;2022-11-26 13:15:00+00:00;0.161;;
966771;unknown;control;2022-11-26 13:30:00+00:00;0.169;;
966771;unknown;control;2022-11-26 13:45:00+00:00;0.283;;
966771;unknown;control;2022-11-26 14:00:00+00:00;0.204;;
966771;unknown;control;2022-11-26 14:15:00+00:00;0.247;;
966771;unknown;control;2022-11-26 14:30:00+00:00;0.265;;
966771;unknown;control;2022-11-26 14:45:00+00:00;0.249;;
966771;unknown;control;2022-11-26 15:00:00+00:00;0.279;;
966771;unknown;control;2022-11-26 15:15:00+00:00;0.247;;
966771;unknown;control;2022-11-26 15:30:00+00:00;0.278;;
966771;unknown;control;2022-11-26 15:45:00+00:00;0.292;;
966771;unknown;control;2022-11-26 16:00:00+00:00;0.357;;
966771;unknown;control;2022-11-26 16:15:00+00:00;0.362;;
966771;unknown;control;2022-11-26 16:30:00+00:00;0.392;;
966771;unknown;control;2022-11-26 16:45:00+00:00;1.121;;
966771;unknown;control;2022-11-26 17:00:00+00:00;1.142;;
966771;unknown;control;2022-11-26 17:15:00+00:00;1.035;;
966771;unknown;control;2022-11-26 17:30:00+00:00;1.147;;
966771;unknown;control;2022-11-26 17:45:00+00:00;1.087;;
966771;unknown;control;2022-11-26 18:00:00+00:00;1.001;;
966771;unknown;control;2022-11-26 18:15:00+00:00;1.146;;
966771;unknown;control;2022-11-26 18:30:00+00:00;0.932;;
966771;unknown;control;2022-11-26 18:45:00+00:00;1.144;;
966771;unknown;control;2022-11-26 19:00:00+00:00;1.155;;
966771;unknown;control;2022-11-26 19:15:00+00:00;0.923;;
966771;unknown;control;2022-11-26 19:30:00+00:00;1.168;;
966771;unknown;control;2022-11-26 19:45:00+00:00;1.14;;
966771;unknown;control;2022-11-26 20:00:00+00:00;0.36;;
966771;unknown;control;2022-11-26 20:15:00+00:00;0.326;;
966771;unknown;control;2022-11-26 20:30:00+00:00;0.341;;
966771;unknown;control;2022-11-26 20:45:00+00:00;0.346;;
966771;unknown;control;2022-11-26 21:00:00+00:00;0.358;;
966771;unknown;control;2022-11-26 21:15:00+00:00;0.351;;
966771;unknown;control;2022-11-26 21:30:00+00:00;0.359;;
966771;unknown;control;2022-11-26 21:45:00+00:00;0.372;;
966771;unknown;control;2022-11-26 22:00:00+00:00;0.357;;
966771;unknown;control;2022-11-26 22:15:00+00:00;0.404;;
966771;unknown;control;2022-11-26 22:30:00+00:00;0.345;;
966771;unknown;control;2022-11-26 22:45:00+00:00;0.336;;
966771;unknown;control;2022-11-26 23:00:00+00:00;0.291;;
966771;unknown;control;2022-11-26 23:15:00+00:00;0.283;;
966771;unknown;control;2022-11-26 23:30:00+00:00;0.282;;
966771;unknown;control;2022-11-26 23:45:00+00:00;0.25;;
966771;unknown;control;2022-11-27 00:00:00+00:00;0.291;;
966771;unknown;control;2022-11-27 00:15:00+00:00;0.509;;
966771;unknown;control;2022-11-27 00:30:00+00:00;0.997;;
966771;unknown;control;2022-11-27 00:45:00+00:00;0.762;;
966771;unknown;control;2022-11-27 01:00:00+00:00;0.257;;
966771;unknown;control;2022-11-27 01:15:00+00:00;0.284;;
966771;unknown;control;2022-11-27 01:30:00+00:00;1.462;;
966771;unknown;control;2022-11-27 01:45:00+00:00;1.493;;
966771;unknown;control;2022-11-27 02:00:00+00:00;1.48;;
966771;unknown;control;2022-11-27 02:15:00+00:00;1.973;;
966771;unknown;control;2022-11-27 02:30:00+00:00;2.285;;
966771;unknown;control;2022-11-27 02:45:00+00:00;1.484;;
966771;unknown;control;2022-11-27 03:00:00+00:00;1.521;;
966771;unknown;control;2022-11-27 03:15:00+00:00;1.525;;
966771;unknown;control;2022-11-27 03:30:00+00:00;2.141;;
966771;unknown;control;2022-11-27 03:45:00+00:00;2.286;;
966771;unknown;control;2022-11-27 04:00:00+00:00;1.635;;
966771;unknown;control;2022-11-27 04:15:00+00:00;1.054;;
966771;unknown;control;2022-11-27 04:30:00+00:00;1.067;;
966771;unknown;control;2022-11-27 04:45:00+00:00;0.856;;
966771;unknown;control;2022-11-27 05:00:00+00:00;1.105;;
966771;unknown;control;2022-11-27 05:15:00+00:00;0.998;;
966771;unknown;control;2022-11-27 05:30:00+00:00;0.958;;
966771;unknown;control;2022-11-27 05:45:00+00:00;1.105;;
966771;unknown;control;2022-11-27 06:00:00+00:00;0.895;;
966771;unknown;control;2022-11-27 06:15:00+00:00;1.069;;
966771;unknown;control;2022-11-27 06:30:00+00:00;1.118;;
966771;unknown;control;2022-11-27 06:45:00+00:00;0.882;;
966771;unknown;control;2022-11-27 07:00:00+00:00;1.053;;
966771;unknown;control;2022-11-27 07:15:00+00:00;0.256;;
966771;unknown;control;2022-11-27 07:30:00+00:00;0.243;;
966771;unknown;control;2022-11-27 07:45:00+00:00;0.569;;
966771;unknown;control;2022-11-27 08:00:00+00:00;0.291;;
966771;unknown;control;2022-11-27 08:15:00+00:00;0.221;;
966771;unknown;control;2022-11-27 08:30:00+00:00;0.209;;
966771;unknown;control;2022-11-27 08:45:00+00:00;0.327;;
966771;unknown;control;2022-11-27 09:00:00+00:00;0.307;;
966771;unknown;control;2022-11-27 09:15:00+00:00;0.222;;
966771;unknown;control;2022-11-27 09:30:00+00:00;0.174;;
966771;unknown;control;2022-11-27 09:45:00+00:00;0.169;;
966771;unknown;control;2022-11-27 10:00:00+00:00;0.102;;
966771;unknown;control;2022-11-27 10:15:00+00:00;0.118;;
966771;unknown;control;2022-11-27 10:30:00+00:00;0.875;;
966771;unknown;control;2022-11-27 10:45:00+00:00;0.948;;
966771;unknown;control;2022-11-27 11:00:00+00:00;0.79;;
966771;unknown;control;2022-11-27 11:15:00+00:00;0.45;;
966771;unknown;control;2022-11-27 11:30:00+00:00;0.124;;
966771;unknown;control;2022-11-27 11:45:00+00:00;0.131;;
966771;unknown;control;2022-11-27 12:00:00+00:00;0.138;;
966771;unknown;control;2022-11-27 12:15:00+00:00;0.175;;
966771;unknown;control;2022-11-27 12:30:00+00:00;0.183;;
966771;unknown;control;2022-11-27 12:45:00+00:00;0.886;;
966771;unknown;control;2022-11-27 13:00:00+00:00;0.843;;
966771;unknown;control;2022-11-27 13:15:00+00:00;0.277;;
966771;unknown;control;2022-11-27 13:30:00+00:00;0.119;;
966771;unknown;control;2022-11-27 13:45:00+00:00;0.189;;
966771;unknown;control;2022-11-27 14:00:00+00:00;0.199;;
966771;unknown;control;2022-11-27 14:15:00+00:00;0.246;;
966771;unknown;control;2022-11-27 14:30:00+00:00;0.318;;
966771;unknown;control;2022-11-27 14:45:00+00:00;0.357;;
966771;unknown;control;2022-11-27 15:00:00+00:00;0.318;;
966771;unknown;control;2022-11-27 15:15:00+00:00;0.353;;
966771;unknown;control;2022-11-27 15:30:00+00:00;0.35;;
966771;unknown;control;2022-11-27 15:45:00+00:00;0.544;;
966771;unknown;control;2022-11-27 16:00:00+00:00;0.659;;
966771;unknown;control;2022-11-27 16:15:00+00:00;0.732;;
966771;unknown;control;2022-11-27 16:30:00+00:00;1.368;;
966771;unknown;control;2022-11-27 16:45:00+00:00;1.284;;
966771;unknown;control;2022-11-27 17:00:00+00:00;1.034;;
966771;unknown;control;2022-11-27 17:15:00+00:00;1.297;;
966771;unknown;control;2022-11-27 17:30:00+00:00;1.527;;
966771;unknown;control;2022-11-27 17:45:00+00:00;0.837;;
966771;unknown;control;2022-11-27 18:00:00+00:00;0.77;;
966771;unknown;control;2022-11-27 18:15:00+00:00;1.197;;
966771;unknown;control;2022-11-27 18:30:00+00:00;1.103;;
966771;unknown;control;2022-11-27 18:45:00+00:00;0.785;;
966771;unknown;control;2022-11-27 19:00:00+00:00;0.5;;
966771;unknown;control;2022-11-27 19:15:00+00:00;1.168;;
966771;unknown;control;2022-11-27 19:30:00+00:00;1.212;;
966771;unknown;control;2022-11-27 19:45:00+00:00;0.402;;
966771;unknown;control;2022-11-27 20:00:00+00:00;0.369;;
966771;unknown;control;2022-11-27 20:15:00+00:00;0.366;;
966771;unknown;control;2022-11-27 20:30:00+00:00;0.399;;
966771;unknown;control;2022-11-27 20:45:00+00:00;0.373;;
966771;unknown;control;2022-11-27 21:00:00+00:00;0.271;;
966771;unknown;control;2022-11-27 21:15:00+00:00;0.266;;
966771;unknown;control;2022-11-27 21:30:00+00:00;0.277;;
966771;unknown;control;2022-11-27 21:45:00+00:00;0.239;;
966771;unknown;control;2022-11-27 22:00:00+00:00;0.27;;
966771;unknown;control;2022-11-27 22:15:00+00:00;0.273;;
966771;unknown;control;2022-11-27 22:30:00+00:00;0.239;;
966771;unknown;control;2022-11-27 22:45:00+00:00;0.288;;
966771;unknown;control;2022-11-27 23:00:00+00:00;0.235;;
966771;unknown;control;2022-11-27 23:15:00+00:00;0.249;;
966771;unknown;control;2022-11-27 23:30:00+00:00;0.275;;
966771;unknown;control;2022-11-27 23:45:00+00:00;0.235;;
966771;unknown;control;2022-11-28 00:00:00+00:00;0.251;;
966771;unknown;control;2022-11-28 00:15:00+00:00;0.281;;
966771;unknown;control;2022-11-28 00:30:00+00:00;0.262;;
966771;unknown;control;2022-11-28 00:45:00+00:00;0.262;;
966771;unknown;control;2022-11-28 01:00:00+00:00;0.291;;
966771;unknown;control;2022-11-28 01:15:00+00:00;0.27;;
966771;unknown;control;2022-11-28 01:30:00+00:00;1.909;;
966771;unknown;control;2022-11-28 01:45:00+00:00;2.234;;
966771;unknown;control;2022-11-28 02:00:00+00:00;1.731;;
966771;unknown;control;2022-11-28 02:15:00+00:00;1.463;;
966771;unknown;control;2022-11-28 02:30:00+00:00;0.818;;
966771;unknown;control;2022-11-28 02:45:00+00:00;0.311;;
966771;unknown;control;2022-11-28 03:00:00+00:00;0.248;;
966771;unknown;control;2022-11-28 03:15:00+00:00;0.432;;
966771;unknown;control;2022-11-28 03:30:00+00:00;1.056;;
966771;unknown;control;2022-11-28 03:45:00+00:00;1.021;;
966771;unknown;control;2022-11-28 04:00:00+00:00;0.872;;
966771;unknown;control;2022-11-28 04:15:00+00:00;1.094;;
966771;unknown;control;2022-11-28 04:30:00+00:00;1.007;;
966771;unknown;control;2022-11-28 04:45:00+00:00;0.919;;
966771;unknown;control;2022-11-28 05:00:00+00:00;1.09;;
966771;unknown;control;2022-11-28 05:15:00+00:00;0.948;;
966771;unknown;control;2022-11-28 05:30:00+00:00;2.278;;
966771;unknown;control;2022-11-28 05:45:00+00:00;2.306;;
966771;unknown;control;2022-11-28 06:00:00+00:00;0.93;;
966771;unknown;control;2022-11-28 06:15:00+00:00;1.133;;
966771;unknown;control;2022-11-28 06:30:00+00:00;1.114;;
966771;unknown;control;2022-11-28 06:45:00+00:00;0.676;;
966771;unknown;control;2022-11-28 07:00:00+00:00;0.31;;
966771;unknown;control;2022-11-28 07:15:00+00:00;0.319;;
966771;unknown;control;2022-11-28 07:30:00+00:00;0.288;;
966771;unknown;control;2022-11-28 07:45:00+00:00;0.679;;
966771;unknown;control;2022-11-28 08:00:00+00:00;0.858;;
966771;unknown;control;2022-11-28 08:15:00+00:00;0.258;;
966771;unknown;control;2022-11-28 08:30:00+00:00;0.266;;
966771;unknown;control;2022-11-28 08:45:00+00:00;0.281;;
966771;unknown;control;2022-11-28 09:00:00+00:00;0.301;;
966771;unknown;control;2022-11-28 09:15:00+00:00;0.355;;
966771;unknown;control;2022-11-28 09:30:00+00:00;0.392;;
966771;unknown;control;2022-11-28 09:45:00+00:00;0.338;;
966771;unknown;control;2022-11-28 10:00:00+00:00;0.169;;
966771;unknown;control;2022-11-28 10:15:00+00:00;1.108;;
966771;unknown;control;2022-11-28 10:30:00+00:00;1.237;;
966771;unknown;control;2022-11-28 10:45:00+00:00;0.913;;
966771;unknown;control;2022-11-28 11:00:00+00:00;0.967;;
966771;unknown;control;2022-11-28 11:15:00+00:00;0.554;;
966771;unknown;control;2022-11-28 11:30:00+00:00;0.18;;
966771;unknown;control;2022-11-28 11:45:00+00:00;0.187;;
966771;unknown;control;2022-11-28 12:00:00+00:00;0.518;;
966771;unknown;control;2022-11-28 12:15:00+00:00;1.093;;
966771;unknown;control;2022-11-28 12:30:00+00:00;0.609;;
966771;unknown;control;2022-11-28 12:45:00+00:00;0.187;;
966771;unknown;control;2022-11-28 13:00:00+00:00;0.118;;
966771;unknown;control;2022-11-28 13:15:00+00:00;0.161;;
966771;unknown;control;2022-11-28 13:30:00+00:00;0.123;;
966771;unknown;control;2022-11-28 13:45:00+00:00;0.178;;
966771;unknown;control;2022-11-28 14:00:00+00:00;0.184;;
966771;unknown;control;2022-11-28 14:15:00+00:00;0.147;;
966771;unknown;control;2022-11-28 14:30:00+00:00;0.215;;
966771;unknown;control;2022-11-28 14:45:00+00:00;0.157;;
966771;unknown;control;2022-11-28 15:00:00+00:00;0.216;;
966771;unknown;control;2022-11-28 15:15:00+00:00;0.235;;
966771;unknown;control;2022-11-28 15:30:00+00:00;0.451;;
966771;unknown;control;2022-11-28 15:45:00+00:00;0.398;;
966771;unknown;control;2022-11-28 16:00:00+00:00;0.362;;
966771;unknown;control;2022-11-28 16:15:00+00:00;0.354;;
966771;unknown;control;2022-11-28 16:30:00+00:00;0.391;;
966771;unknown;control;2022-11-28 16:45:00+00:00;1.147;;
966771;unknown;control;2022-11-28 17:00:00+00:00;1.221;;
966771;unknown;control;2022-11-28 17:15:00+00:00;0.595;;
966771;unknown;control;2022-11-28 17:30:00+00:00;0.322;;
966771;unknown;control;2022-11-28 17:45:00+00:00;0.968;;
966771;unknown;control;2022-11-28 18:00:00+00:00;0.943;;
966771;unknown;control;2022-11-28 18:15:00+00:00;0.33;;
966771;unknown;control;2022-11-28 18:30:00+00:00;0.373;;
966771;unknown;control;2022-11-28 18:45:00+00:00;1.094;;
966771;unknown;control;2022-11-28 19:00:00+00:00;0.643;;
966771;unknown;control;2022-11-28 19:15:00+00:00;0.28;;
966771;unknown;control;2022-11-28 19:30:00+00:00;0.3;;
966771;unknown;control;2022-11-28 19:45:00+00:00;0.283;;
966771;unknown;control;2022-11-28 20:00:00+00:00;0.263;;
966771;unknown;control;2022-11-28 20:15:00+00:00;0.283;;
966771;unknown;control;2022-11-28 20:30:00+00:00;0.289;;
966771;unknown;control;2022-11-28 20:45:00+00:00;0.278;;
966771;unknown;control;2022-11-28 21:00:00+00:00;0.305;;
966771;unknown;control;2022-11-28 21:15:00+00:00;0.346;;
966771;unknown;control;2022-11-28 21:30:00+00:00;0.309;;
966771;unknown;control;2022-11-28 21:45:00+00:00;0.263;;
966771;unknown;control;2022-11-28 22:00:00+00:00;0.205;;
966771;unknown;control;2022-11-28 22:15:00+00:00;0.215;;
966771;unknown;control;2022-11-28 22:30:00+00:00;0.211;;
966771;unknown;control;2022-11-28 22:45:00+00:00;0.207;;
966771;unknown;control;2022-11-28 23:00:00+00:00;0.212;;
966771;unknown;control;2022-11-28 23:15:00+00:00;0.198;;
966771;unknown;control;2022-11-28 23:30:00+00:00;0.206;;
966771;unknown;control;2022-11-28 23:45:00+00:00;0.249;;
966771;unknown;control;2022-11-29 00:00:00+00:00;0.189;;
966771;unknown;control;2022-11-29 00:15:00+00:00;0.208;;
966771;unknown;control;2022-11-29 00:30:00+00:00;0.228;;
966771;unknown;control;2022-11-29 00:45:00+00:00;0.222;;
966771;unknown;control;2022-11-29 01:00:00+00:00;0.211;;
966771;unknown;control;2022-11-29 01:15:00+00:00;0.211;;
966771;unknown;control;2022-11-29 01:30:00+00:00;1.442;;
966771;unknown;control;2022-11-29 01:45:00+00:00;1.464;;
966771;unknown;control;2022-11-29 02:00:00+00:00;1.431;;
966771;unknown;control;2022-11-29 02:15:00+00:00;1.426;;
966771;unknown;control;2022-11-29 02:30:00+00:00;1.43;;
966771;unknown;control;2022-11-29 02:45:00+00:00;1.492;;
966771;unknown;control;2022-11-29 03:00:00+00:00;0.741;;
966771;unknown;control;2022-11-29 03:15:00+00:00;0.237;;
966771;unknown;control;2022-11-29 03:30:00+00:00;1.008;;
966771;unknown;control;2022-11-29 03:45:00+00:00;1.067;;
966771;unknown;control;2022-11-29 04:00:00+00:00;0.987;;
966771;unknown;control;2022-11-29 04:15:00+00:00;1.03;;
966771;unknown;control;2022-11-29 04:30:00+00:00;1.015;;
966771;unknown;control;2022-11-29 04:45:00+00:00;0.724;;
966771;unknown;control;2022-11-29 05:00:00+00:00;0.256;;
966771;unknown;control;2022-11-29 05:15:00+00:00;0.535;;
966771;unknown;control;2022-11-29 05:30:00+00:00;2.129;;
966771;unknown;control;2022-11-29 05:45:00+00:00;1.988;;
966771;unknown;control;2022-11-29 06:00:00+00:00;0.258;;
966771;unknown;control;2022-11-29 06:15:00+00:00;0.264;;
966771;unknown;control;2022-11-29 06:30:00+00:00;0.988;;
966771;unknown;control;2022-11-29 06:45:00+00:00;0.235;;
966771;unknown;control;2022-11-29 07:00:00+00:00;0.212;;
966771;unknown;control;2022-11-29 07:15:00+00:00;0.212;;
966771;unknown;control;2022-11-29 07:30:00+00:00;0.2;;
966771;unknown;control;2022-11-29 07:45:00+00:00;0.164;;
966771;unknown;control;2022-11-29 08:00:00+00:00;0.173;;
966771;unknown;control;2022-11-29 08:15:00+00:00;0.151;;
966771;unknown;control;2022-11-29 08:30:00+00:00;0.447;;
966771;unknown;control;2022-11-29 08:45:00+00:00;0.126;;
966771;unknown;control;2022-11-29 09:00:00+00:00;0.127;;
966771;unknown;control;2022-11-29 09:15:00+00:00;0.123;;
966771;unknown;control;2022-11-29 09:30:00+00:00;0.12;;
966771;unknown;control;2022-11-29 09:45:00+00:00;0.236;;
966771;unknown;control;2022-11-29 10:00:00+00:00;0.149;;
966771;unknown;control;2022-11-29 10:15:00+00:00;0.87;;
966771;unknown;control;2022-11-29 10:30:00+00:00;1.122;;
966771;unknown;control;2022-11-29 10:45:00+00:00;0.652;;
966771;unknown;control;2022-11-29 11:00:00+00:00;0.22;;
966771;unknown;control;2022-11-29 11:15:00+00:00;0.162;;
966771;unknown;control;2022-11-29 11:30:00+00:00;0.183;;
966771;unknown;control;2022-11-29 11:45:00+00:00;0.183;;
966771;unknown;control;2022-11-29 12:00:00+00:00;0.156;;
966771;unknown;control;2022-11-29 12:15:00+00:00;0.127;;
966771;unknown;control;2022-11-29 12:30:00+00:00;0.122;;
966771;unknown;control;2022-11-29 12:45:00+00:00;0.123;;
966771;unknown;control;2022-11-29 13:00:00+00:00;0.618;;
966771;unknown;control;2022-11-29 13:15:00+00:00;0.167;;
966771;unknown;control;2022-11-29 13:30:00+00:00;0.165;;
966771;unknown;control;2022-11-29 13:45:00+00:00;0.301;;
966771;unknown;control;2022-11-29 14:00:00+00:00;0.148;;
966771;unknown;control;2022-11-29 14:15:00+00:00;0.212;;
966771;unknown;control;2022-11-29 14:30:00+00:00;0.269;;
966771;unknown;control;2022-11-29 14:45:00+00:00;0.308;;
966771;unknown;control;2022-11-29 15:00:00+00:00;0.309;;
966771;unknown;control;2022-11-29 15:15:00+00:00;0.301;;
966771;unknown;control;2022-11-29 15:30:00+00:00;0.552;;
966771;unknown;control;2022-11-29 15:45:00+00:00;0.401;;
966771;unknown;control;2022-11-29 16:00:00+00:00;0.441;;
966771;unknown;control;2022-11-29 16:15:00+00:00;0.318;;
966771;unknown;control;2022-11-29 16:30:00+00:00;0.315;;
966771;unknown;control;2022-11-29 16:45:00+00:00;1.083;;
966771;unknown;control;2022-11-29 17:00:00+00:00;1.123;;
966771;unknown;control;2022-11-29 17:15:00+00:00;1.131;;
966771;unknown;control;2022-11-29 17:30:00+00:00;0.791;;
966771;unknown;control;2022-11-29 17:45:00+00:00;0.332;;
966771;unknown;control;2022-11-29 18:00:00+00:00;0.635;;
966771;unknown;control;2022-11-29 18:15:00+00:00;1.236;;
966771;unknown;control;2022-11-29 18:30:00+00:00;0.774;;
966771;unknown;control;2022-11-29 18:45:00+00:00;0.33;;
966771;unknown;control;2022-11-29 19:00:00+00:00;0.828;;
966771;unknown;control;2022-11-29 19:15:00+00:00;1.201;;
966771;unknown;control;2022-11-29 19:30:00+00:00;0.347;;
966771;unknown;control;2022-11-29 19:45:00+00:00;0.391;;
966771;unknown;control;2022-11-29 20:00:00+00:00;0.323;;
966771;unknown;control;2022-11-29 20:15:00+00:00;0.326;;
966771;unknown;control;2022-11-29 20:30:00+00:00;0.286;;
966771;unknown;control;2022-11-29 20:45:00+00:00;0.199;;
966771;unknown;control;2022-11-29 21:00:00+00:00;0.233;;
966771;unknown;control;2022-11-29 21:15:00+00:00;0.238;;
966771;unknown;control;2022-11-29 21:30:00+00:00;0.199;;
966771;unknown;control;2022-11-29 21:45:00+00:00;0.232;;
966771;unknown;control;2022-11-29 22:00:00+00:00;0.239;;
966771;unknown;control;2022-11-29 22:15:00+00:00;0.204;;
966771;unknown;control;2022-11-29 22:30:00+00:00;0.268;;
966771;unknown;control;2022-11-29 22:45:00+00:00;0.201;;
966771;unknown;control;2022-11-29 23:00:00+00:00;0.23;;
966771;unknown;control;2022-11-29 23:15:00+00:00;0.225;;
966771;unknown;control;2022-11-29 23:30:00+00:00;0.189;;
966771;unknown;control;2022-11-29 23:45:00+00:00;0.263;;
966771;unknown;control;2022-11-30 00:00:00+00:00;0.21;;
966771;unknown;control;2022-11-30 00:15:00+00:00;0.215;;
966771;unknown;control;2022-11-30 00:30:00+00:00;0.249;;
966771;unknown;control;2022-11-30 00:45:00+00:00;0.204;;
966771;unknown;control;2022-11-30 01:00:00+00:00;0.213;;
966771;unknown;control;2022-11-30 01:15:00+00:00;0.25;;
966771;unknown;control;2022-11-30 01:30:00+00:00;1.416;;
966771;unknown;control;2022-11-30 01:45:00+00:00;1.472;;
966771;unknown;control;2022-11-30 02:00:00+00:00;1.418;;
966771;unknown;control;2022-11-30 02:15:00+00:00;1.475;;
966771;unknown;control;2022-11-30 02:30:00+00:00;1.43;;
966771;unknown;control;2022-11-30 02:45:00+00:00;1.477;;
966771;unknown;control;2022-11-30 03:00:00+00:00;0.485;;
966771;unknown;control;2022-11-30 03:15:00+00:00;1.0;;
966771;unknown;control;2022-11-30 03:30:00+00:00;0.984;;
966771;unknown;control;2022-11-30 03:45:00+00:00;1.046;;
966771;unknown;control;2022-11-30 04:00:00+00:00;1.043;;
966771;unknown;control;2022-11-30 04:15:00+00:00;1.039;;
966771;unknown;control;2022-11-30 04:30:00+00:00;1.066;;
966771;unknown;control;2022-11-30 04:45:00+00:00;0.288;;
966771;unknown;control;2022-11-30 05:00:00+00:00;0.367;;
966771;unknown;control;2022-11-30 05:15:00+00:00;1.054;;
966771;unknown;control;2022-11-30 05:30:00+00:00;1.114;;
966771;unknown;control;2022-11-30 05:45:00+00:00;0.417;;
966771;unknown;control;2022-11-30 06:00:00+00:00;0.326;;
966771;unknown;control;2022-11-30 06:15:00+00:00;0.708;;
966771;unknown;control;2022-11-30 06:30:00+00:00;1.054;;
966771;unknown;control;2022-11-30 06:45:00+00:00;0.226;;
966771;unknown;control;2022-11-30 07:00:00+00:00;0.265;;
966771;unknown;control;2022-11-30 07:15:00+00:00;0.235;;
966771;unknown;control;2022-11-30 07:30:00+00:00;0.27;;
966771;unknown;control;2022-11-30 07:45:00+00:00;0.21;;
966771;unknown;control;2022-11-30 08:00:00+00:00;0.226;;
966771;unknown;control;2022-11-30 08:15:00+00:00;0.496;;
966771;unknown;control;2022-11-30 08:30:00+00:00;0.945;;
966771;unknown;control;2022-11-30 08:45:00+00:00;0.397;;
966771;unknown;control;2022-11-30 09:00:00+00:00;0.229;;
966771;unknown;control;2022-11-30 09:15:00+00:00;0.248;;
966771;unknown;control;2022-11-30 09:30:00+00:00;0.197;;
966771;unknown;control;2022-11-30 09:45:00+00:00;0.098;;
966771;unknown;control;2022-11-30 10:00:00+00:00;0.168;;
966771;unknown;control;2022-11-30 10:15:00+00:00;0.93;;
966771;unknown;control;2022-11-30 10:30:00+00:00;0.955;;
966771;unknown;control;2022-11-30 10:45:00+00:00;0.996;;
966771;unknown;control;2022-11-30 11:00:00+00:00;1.186;;
966771;unknown;control;2022-11-30 11:15:00+00:00;0.771;;
966771;unknown;control;2022-11-30 11:30:00+00:00;0.192;;
966771;unknown;control;2022-11-30 11:45:00+00:00;0.692;;
966771;unknown;control;2022-11-30 12:00:00+00:00;1.018;;
966771;unknown;control;2022-11-30 12:15:00+00:00;0.764;;
966771;unknown;control;2022-11-30 12:30:00+00:00;0.306;;
966771;unknown;control;2022-11-30 12:45:00+00:00;0.409;;
966771;unknown;control;2022-11-30 13:00:00+00:00;1.119;;
966771;unknown;control;2022-11-30 13:15:00+00:00;0.385;;
966771;unknown;control;2022-11-30 13:30:00+00:00;0.327;;
966771;unknown;control;2022-11-30 13:45:00+00:00;0.238;;
966771;unknown;control;2022-11-30 14:00:00+00:00;0.304;;
966771;unknown;control;2022-11-30 14:15:00+00:00;0.284;;
966771;unknown;control;2022-11-30 14:30:00+00:00;0.221;;
966771;unknown;control;2022-11-30 14:45:00+00:00;0.249;;
966771;unknown;control;2022-11-30 15:00:00+00:00;0.348;;
966771;unknown;control;2022-11-30 15:15:00+00:00;0.391;;
966771;unknown;control;2022-11-30 15:30:00+00:00;0.399;;
966771;unknown;control;2022-11-30 15:45:00+00:00;0.407;;
966771;unknown;control;2022-11-30 16:00:00+00:00;0.397;;
966771;unknown;control;2022-11-30 16:15:00+00:00;0.439;;
966771;unknown;control;2022-11-30 16:30:00+00:00;0.376;;
966771;unknown;control;2022-11-30 16:45:00+00:00;1.153;;
966771;unknown;control;2022-11-30 17:00:00+00:00;1.194;;
966771;unknown;control;2022-11-30 17:15:00+00:00;1.068;;
966771;unknown;control;2022-11-30 17:30:00+00:00;1.231;;
966771;unknown;control;2022-11-30 17:45:00+00:00;1.194;;
966771;unknown;control;2022-11-30 18:00:00+00:00;1.073;;
966771;unknown;control;2022-11-30 18:15:00+00:00;1.243;;
966771;unknown;control;2022-11-30 18:30:00+00:00;1.018;;
966771;unknown;control;2022-11-30 18:45:00+00:00;1.221;;
966771;unknown;control;2022-11-30 19:00:00+00:00;1.01;;
966771;unknown;control;2022-11-30 19:15:00+00:00;0.351;;
966771;unknown;control;2022-11-30 19:30:00+00:00;0.704;;
966771;unknown;control;2022-11-30 19:45:00+00:00;1.129;;
966771;unknown;control;2022-11-30 20:00:00+00:00;0.369;;
966771;unknown;control;2022-11-30 20:15:00+00:00;0.397;;
966771;unknown;control;2022-11-30 20:30:00+00:00;0.346;;
966771;unknown;control;2022-11-30 20:45:00+00:00;0.419;;
966771;unknown;control;2022-11-30 21:00:00+00:00;0.244;;
966771;unknown;control;2022-11-30 21:15:00+00:00;0.256;;
966771;unknown;control;2022-11-30 21:30:00+00:00;0.361;;
966771;unknown;control;2022-11-30 21:45:00+00:00;0.316;;
966771;unknown;control;2022-11-30 22:00:00+00:00;0.323;;
966771;unknown;control;2022-11-30 22:15:00+00:00;0.356;;
966771;unknown;control;2022-11-30 22:30:00+00:00;0.273;;
966771;unknown;control;2022-11-30 22:45:00+00:00;0.27;;
966771;unknown;control;2022-11-30 23:00:00+00:00;0.266;;
966771;unknown;control;2022-11-30 23:15:00+00:00;0.232;;
966771;unknown;control;2022-11-30 23:30:00+00:00;0.278;;
966771;unknown;control;2022-11-30 23:45:00+00:00;0.251;;
966771;unknown;control;2022-12-01 00:00:00+00:00;0.259;;
966771;unknown;control;2022-12-01 00:15:00+00:00;0.305;;
966771;unknown;control;2022-12-01 00:30:00+00:00;0.254;;
966771;unknown;control;2022-12-01 00:45:00+00:00;0.29;;
966771;unknown;control;2022-12-01 01:00:00+00:00;0.312;;
966771;unknown;control;2022-12-01 01:15:00+00:00;0.252;;
966771;unknown;control;2022-12-01 01:30:00+00:00;2.026;;
966771;unknown;control;2022-12-01 01:45:00+00:00;2.266;;
966771;unknown;control;2022-12-01 02:00:00+00:00;1.976;;
966771;unknown;control;2022-12-01 02:15:00+00:00;0.831;;
966771;unknown;control;2022-12-01 02:30:00+00:00;0.277;;
966771;unknown;control;2022-12-01 02:45:00+00:00;0.628;;
966771;unknown;control;2022-12-01 03:00:00+00:00;1.087;;
966771;unknown;control;2022-12-01 03:15:00+00:00;0.637;;
966771;unknown;control;2022-12-01 03:30:00+00:00;0.847;;
966771;unknown;control;2022-12-01 03:45:00+00:00;1.086;;
966771;unknown;control;2022-12-01 04:00:00+00:00;0.94;;
966771;unknown;control;2022-12-01 04:15:00+00:00;1.083;;
966771;unknown;control;2022-12-01 04:30:00+00:00;1.077;;
966771;unknown;control;2022-12-01 04:45:00+00:00;0.919;;
966771;unknown;control;2022-12-01 05:00:00+00:00;1.086;;
966771;unknown;control;2022-12-01 05:15:00+00:00;1.065;;
966771;unknown;control;2022-12-01 05:30:00+00:00;1.628;;
966771;unknown;control;2022-12-01 05:45:00+00:00;2.268;;
966771;unknown;control;2022-12-01 06:00:00+00:00;0.989;;
966771;unknown;control;2022-12-01 06:15:00+00:00;1.112;;
966771;unknown;control;2022-12-01 06:30:00+00:00;1.11;;
966771;unknown;control;2022-12-01 06:45:00+00:00;0.314;;
966771;unknown;control;2022-12-01 07:00:00+00:00;0.358;;
966771;unknown;control;2022-12-01 07:15:00+00:00;0.267;;
966771;unknown;control;2022-12-01 07:30:00+00:00;0.282;;
966771;unknown;control;2022-12-01 07:45:00+00:00;0.254;;
966771;unknown;control;2022-12-01 08:00:00+00:00;0.297;;
966771;unknown;control;2022-12-01 08:15:00+00:00;0.251;;
966771;unknown;control;2022-12-01 08:30:00+00:00;0.257;;
966771;unknown;control;2022-12-01 08:45:00+00:00;0.313;;
966771;unknown;control;2022-12-01 09:00:00+00:00;0.252;;
966771;unknown;control;2022-12-01 09:15:00+00:00;0.259;;
966771;unknown;control;2022-12-01 09:30:00+00:00;0.307;;
966771;unknown;control;2022-12-01 09:45:00+00:00;0.276;;
966771;unknown;control;2022-12-01 10:00:00+00:00;0.253;;
966771;unknown;control;2022-12-01 10:15:00+00:00;1.033;;
966771;unknown;control;2022-12-01 10:30:00+00:00;1.163;;
966771;unknown;control;2022-12-01 10:45:00+00:00;0.9;;
966771;unknown;control;2022-12-01 11:00:00+00:00;1.045;;
966771;unknown;control;2022-12-01 11:15:00+00:00;1.015;;
966771;unknown;control;2022-12-01 11:30:00+00:00;1.243;;
966771;unknown;control;2022-12-01 11:45:00+00:00;1.402;;
966771;unknown;control;2022-12-01 12:00:00+00:00;0.945;;
966771;unknown;control;2022-12-01 12:15:00+00:00;1.13;;
966771;unknown;control;2022-12-01 12:30:00+00:00;1.329;;
966771;unknown;control;2022-12-01 12:45:00+00:00;0.295;;
966771;unknown;control;2022-12-01 13:00:00+00:00;0.293;;
966771;unknown;control;2022-12-01 13:15:00+00:00;0.282;;
966771;unknown;control;2022-12-01 13:30:00+00:00;0.296;;
966771;unknown;control;2022-12-01 13:45:00+00:00;0.276;;
966771;unknown;control;2022-12-01 14:00:00+00:00;0.29;;
966771;unknown;control;2022-12-01 14:15:00+00:00;0.375;;
966771;unknown;control;2022-12-01 14:30:00+00:00;0.365;;
966771;unknown;control;2022-12-01 14:45:00+00:00;0.394;;
966771;unknown;control;2022-12-01 15:00:00+00:00;0.368;;
966771;unknown;control;2022-12-01 15:15:00+00:00;0.394;;
966771;unknown;control;2022-12-01 15:30:00+00:00;0.527;;
966771;unknown;control;2022-12-01 15:45:00+00:00;0.363;;
966771;unknown;control;2022-12-01 16:00:00+00:00;0.434;;
966771;unknown;control;2022-12-01 16:15:00+00:00;0.555;;
966771;unknown;control;2022-12-01 16:30:00+00:00;0.451;;
966771;unknown;control;2022-12-01 16:45:00+00:00;1.18;;
966771;unknown;control;2022-12-01 17:00:00+00:00;1.226;;
966771;unknown;control;2022-12-01 17:15:00+00:00;1.085;;
966771;unknown;control;2022-12-01 17:30:00+00:00;1.289;;
966771;unknown;control;2022-12-01 17:45:00+00:00;1.254;;
966771;unknown;control;2022-12-01 18:00:00+00:00;1.163;;
966771;unknown;control;2022-12-01 18:15:00+00:00;1.3;;
966771;unknown;control;2022-12-01 18:30:00+00:00;0.496;;
966771;unknown;control;2022-12-01 18:45:00+00:00;0.525;;
966771;unknown;control;2022-12-01 19:00:00+00:00;1.243;;
966771;unknown;control;2022-12-01 19:15:00+00:00;1.219;;
966771;unknown;control;2022-12-01 19:30:00+00:00;0.758;;
966771;unknown;control;2022-12-01 19:45:00+00:00;0.415;;
966771;unknown;control;2022-12-01 20:00:00+00:00;0.39;;
966771;unknown;control;2022-12-01 20:15:00+00:00;0.413;;
966771;unknown;control;2022-12-01 20:30:00+00:00;0.393;;
966771;unknown;control;2022-12-01 20:45:00+00:00;0.351;;
966771;unknown;control;2022-12-01 21:00:00+00:00;0.369;;
966771;unknown;control;2022-12-01 21:15:00+00:00;0.322;;
966771;unknown;control;2022-12-01 21:30:00+00:00;0.258;;
966771;unknown;control;2022-12-01 21:45:00+00:00;0.281;;
966771;unknown;control;2022-12-01 22:00:00+00:00;0.249;;
966771;unknown;control;2022-12-01 22:15:00+00:00;0.286;;
966771;unknown;control;2022-12-01 22:30:00+00:00;0.308;;
966771;unknown;control;2022-12-01 22:45:00+00:00;0.258;;
966771;unknown;control;2022-12-01 23:00:00+00:00;0.27;;
966771;unknown;control;2022-12-01 23:15:00+00:00;0.305;;
966771;unknown;control;2022-12-01 23:30:00+00:00;0.259;;
966771;unknown;control;2022-12-01 23:45:00+00:00;0.263;;
966771;unknown;control;2022-12-02 00:00:00+00:00;0.291;;
966771;unknown;control;2022-12-02 00:15:00+00:00;0.29;;
966771;unknown;control;2022-12-02 00:30:00+00:00;0.258;;
966771;unknown;control;2022-12-02 00:45:00+00:00;0.256;;
966771;unknown;control;2022-12-02 01:00:00+00:00;0.285;;
966771;unknown;control;2022-12-02 01:15:00+00:00;0.241;;
966771;unknown;control;2022-12-02 01:30:00+00:00;1.509;;
966771;unknown;control;2022-12-02 01:45:00+00:00;2.217;;
966771;unknown;control;2022-12-02 02:00:00+00:00;2.246;;
966771;unknown;control;2022-12-02 02:15:00+00:00;1.7;;
966771;unknown;control;2022-12-02 02:30:00+00:00;1.491;;
966771;unknown;control;2022-12-02 02:45:00+00:00;0.422;;
966771;unknown;control;2022-12-02 03:00:00+00:00;0.264;;
966771;unknown;control;2022-12-02 03:15:00+00:00;0.302;;
966771;unknown;control;2022-12-02 03:30:00+00:00;1.018;;
966771;unknown;control;2022-12-02 03:45:00+00:00;1.066;;
966771;unknown;control;2022-12-02 04:00:00+00:00;0.904;;
966771;unknown;control;2022-12-02 04:15:00+00:00;1.081;;
966771;unknown;control;2022-12-02 04:30:00+00:00;1.065;;
966771;unknown;control;2022-12-02 04:45:00+00:00;0.848;;
966771;unknown;control;2022-12-02 05:00:00+00:00;1.092;;
966771;unknown;control;2022-12-02 05:15:00+00:00;0.917;;
966771;unknown;control;2022-12-02 05:30:00+00:00;1.985;;
966771;unknown;control;2022-12-02 05:45:00+00:00;2.274;;
966771;unknown;control;2022-12-02 06:00:00+00:00;0.938;;
966771;unknown;control;2022-12-02 06:15:00+00:00;1.082;;
966771;unknown;control;2022-12-02 06:30:00+00:00;1.073;;
966771;unknown;control;2022-12-02 06:45:00+00:00;0.482;;
966771;unknown;control;2022-12-02 07:00:00+00:00;0.657;;
966771;unknown;control;2022-12-02 07:15:00+00:00;0.353;;
966771;unknown;control;2022-12-02 07:30:00+00:00;0.296;;
966771;unknown;control;2022-12-02 07:45:00+00:00;0.325;;
966771;unknown;control;2022-12-02 08:00:00+00:00;0.395;;
966771;unknown;control;2022-12-02 08:15:00+00:00;0.319;;
966771;unknown;control;2022-12-02 08:30:00+00:00;0.299;;
966771;unknown;control;2022-12-02 08:45:00+00:00;0.313;;
966771;unknown;control;2022-12-02 09:00:00+00:00;0.259;;
966771;unknown;control;2022-12-02 09:15:00+00:00;0.242;;
966771;unknown;control;2022-12-02 09:30:00+00:00;0.242;;
966771;unknown;control;2022-12-02 09:45:00+00:00;0.294;;
966771;unknown;control;2022-12-02 10:00:00+00:00;0.607;;
966771;unknown;control;2022-12-02 10:15:00+00:00;1.153;;
966771;unknown;control;2022-12-02 10:30:00+00:00;1.076;;
966771;unknown;control;2022-12-02 10:45:00+00:00;0.815;;
966771;unknown;control;2022-12-02 11:00:00+00:00;1.011;;
966771;unknown;control;2022-12-02 11:15:00+00:00;0.956;;
966771;unknown;control;2022-12-02 11:30:00+00:00;0.857;;
966771;unknown;control;2022-12-02 11:45:00+00:00;1.105;;
966771;unknown;control;2022-12-02 12:00:00+00:00;0.792;;
966771;unknown;control;2022-12-02 12:15:00+00:00;0.968;;
966771;unknown;control;2022-12-02 12:30:00+00:00;0.982;;
966771;unknown;control;2022-12-02 12:45:00+00:00;0.397;;
966771;unknown;control;2022-12-02 13:00:00+00:00;0.214;;
966771;unknown;control;2022-12-02 13:15:00+00:00;0.154;;
966771;unknown;control;2022-12-02 13:30:00+00:00;0.167;;
966771;unknown;control;2022-12-02 13:45:00+00:00;0.196;;
966771;unknown;control;2022-12-02 14:00:00+00:00;0.195;;
966771;unknown;control;2022-12-02 14:15:00+00:00;0.221;;
966771;unknown;control;2022-12-02 14:30:00+00:00;0.216;;
966771;unknown;control;2022-12-02 14:45:00+00:00;0.208;;
966771;unknown;control;2022-12-02 15:00:00+00:00;0.288;;
966771;unknown;control;2022-12-02 15:15:00+00:00;0.257;;
966771;unknown;control;2022-12-02 15:30:00+00:00;0.256;;
966771;unknown;control;2022-12-02 15:45:00+00:00;0.402;;
966771;unknown;control;2022-12-02 16:00:00+00:00;0.578;;
966771;unknown;control;2022-12-02 16:15:00+00:00;0.442;;
966771;unknown;control;2022-12-02 16:30:00+00:00;0.451;;
966771;unknown;control;2022-12-02 16:45:00+00:00;1.176;;
966771;unknown;control;2022-12-02 17:00:00+00:00;1.198;;
966771;unknown;control;2022-12-02 17:15:00+00:00;1.055;;
966771;unknown;control;2022-12-02 17:30:00+00:00;1.211;;
966771;unknown;control;2022-12-02 17:45:00+00:00;1.211;;
966771;unknown;control;2022-12-02 18:00:00+00:00;1.065;;
966771;unknown;control;2022-12-02 18:15:00+00:00;1.291;;
966771;unknown;control;2022-12-02 18:30:00+00:00;1.31;;
966771;unknown;control;2022-12-02 18:45:00+00:00;1.335;;
966771;unknown;control;2022-12-02 19:00:00+00:00;0.965;;
966771;unknown;control;2022-12-02 19:15:00+00:00;1.205;;
966771;unknown;control;2022-12-02 19:30:00+00:00;1.213;;
966771;unknown;control;2022-12-02 19:45:00+00:00;1.152;;
966771;unknown;control;2022-12-02 20:00:00+00:00;0.418;;
966771;unknown;control;2022-12-02 20:15:00+00:00;0.422;;
966771;unknown;control;2022-12-02 20:30:00+00:00;0.404;;
966771;unknown;control;2022-12-02 20:45:00+00:00;0.367;;
966771;unknown;control;2022-12-02 21:00:00+00:00;0.394;;
966771;unknown;control;2022-12-02 21:15:00+00:00;0.435;;
966771;unknown;control;2022-12-02 21:30:00+00:00;0.394;;
966771;unknown;control;2022-12-02 21:45:00+00:00;0.336;;
966771;unknown;control;2022-12-02 22:00:00+00:00;0.337;;
966771;unknown;control;2022-12-02 22:15:00+00:00;0.348;;
966771;unknown;control;2022-12-02 22:30:00+00:00;0.335;;
966771;unknown;control;2022-12-02 22:45:00+00:00;0.345;;
966771;unknown;control;2022-12-02 23:00:00+00:00;0.373;;
966771;unknown;control;2022-12-02 23:15:00+00:00;0.372;;
966771;unknown;control;2022-12-02 23:30:00+00:00;0.347;;
966771;unknown;control;2022-12-02 23:45:00+00:00;0.345;;
966771;unknown;control;2022-12-03 00:00:00+00:00;0.386;;
966771;unknown;control;2022-12-03 00:15:00+00:00;0.374;;
966771;unknown;control;2022-12-03 00:30:00+00:00;0.966;;
966771;unknown;control;2022-12-03 00:45:00+00:00;1.095;;
966771;unknown;control;2022-12-03 01:00:00+00:00;1.136;;
966771;unknown;control;2022-12-03 01:15:00+00:00;1.029;;
966771;unknown;control;2022-12-03 01:30:00+00:00;2.125;;
966771;unknown;control;2022-12-03 01:45:00+00:00;2.297;;
966771;unknown;control;2022-12-03 02:00:00+00:00;1.578;;
966771;unknown;control;2022-12-03 02:15:00+00:00;1.546;;
966771;unknown;control;2022-12-03 02:30:00+00:00;1.555;;
966771;unknown;control;2022-12-03 02:45:00+00:00;1.285;;
966771;unknown;control;2022-12-03 03:00:00+00:00;1.115;;
966771;unknown;control;2022-12-03 03:15:00+00:00;1.117;;
966771;unknown;control;2022-12-03 03:30:00+00:00;0.981;;
966771;unknown;control;2022-12-03 03:45:00+00:00;0.977;;
966771;unknown;control;2022-12-03 04:00:00+00:00;1.138;;
966771;unknown;control;2022-12-03 04:15:00+00:00;1.143;;
966771;unknown;control;2022-12-03 04:30:00+00:00;0.879;;
966771;unknown;control;2022-12-03 04:45:00+00:00;1.117;;
966771;unknown;control;2022-12-03 05:00:00+00:00;1.146;;
966771;unknown;control;2022-12-03 05:15:00+00:00;1.05;;
966771;unknown;control;2022-12-03 05:30:00+00:00;1.646;;
966771;unknown;control;2022-12-03 05:45:00+00:00;2.342;;
966771;unknown;control;2022-12-03 06:00:00+00:00;1.148;;
966771;unknown;control;2022-12-03 06:15:00+00:00;0.923;;
966771;unknown;control;2022-12-03 06:30:00+00:00;1.142;;
966771;unknown;control;2022-12-03 06:45:00+00:00;0.335;;
966771;unknown;control;2022-12-03 07:00:00+00:00;0.362;;
966771;unknown;control;2022-12-03 07:15:00+00:00;0.34;;
966771;unknown;control;2022-12-03 07:30:00+00:00;0.345;;
966771;unknown;control;2022-12-03 07:45:00+00:00;0.361;;
966771;unknown;control;2022-12-03 08:00:00+00:00;0.337;;
966771;unknown;control;2022-12-03 08:15:00+00:00;0.331;;
966771;unknown;control;2022-12-03 08:30:00+00:00;0.371;;
966771;unknown;control;2022-12-03 08:45:00+00:00;0.322;;
966771;unknown;control;2022-12-03 09:00:00+00:00;0.339;;
966771;unknown;control;2022-12-03 09:15:00+00:00;0.36;;
966771;unknown;control;2022-12-03 09:30:00+00:00;0.264;;
966771;unknown;control;2022-12-03 09:45:00+00:00;0.407;;
966771;unknown;control;2022-12-03 10:00:00+00:00;0.287;;
966771;unknown;control;2022-12-03 10:15:00+00:00;1.009;;
966771;unknown;control;2022-12-03 10:30:00+00:00;1.034;;
966771;unknown;control;2022-12-03 10:45:00+00:00;0.967;;
966771;unknown;control;2022-12-03 11:00:00+00:00;1.052;;
966771;unknown;control;2022-12-03 11:15:00+00:00;1.115;;
966771;unknown;control;2022-12-03 11:30:00+00:00;0.943;;
966771;unknown;control;2022-12-03 11:45:00+00:00;1.028;;
966771;unknown;control;2022-12-03 12:00:00+00:00;1.133;;
966771;unknown;control;2022-12-03 12:15:00+00:00;0.989;;
966771;unknown;control;2022-12-03 12:30:00+00:00;0.991;;
966771;unknown;control;2022-12-03 12:45:00+00:00;1.131;;
966771;unknown;control;2022-12-03 13:00:00+00:00;0.917;;
966771;unknown;control;2022-12-03 13:15:00+00:00;0.232;;
966771;unknown;control;2022-12-03 13:30:00+00:00;0.313;;
966771;unknown;control;2022-12-03 13:45:00+00:00;0.246;;
966771;unknown;control;2022-12-03 14:00:00+00:00;0.292;;
966771;unknown;control;2022-12-03 14:15:00+00:00;0.31;;
966771;unknown;control;2022-12-03 14:30:00+00:00;0.273;;
966771;unknown;control;2022-12-03 14:45:00+00:00;0.263;;
966771;unknown;control;2022-12-03 15:00:00+00:00;0.319;;
966771;unknown;control;2022-12-03 15:15:00+00:00;0.281;;
966771;unknown;control;2022-12-03 15:30:00+00:00;0.285;;
966771;unknown;control;2022-12-03 15:45:00+00:00;0.309;;
966771;unknown;control;2022-12-03 16:00:00+00:00;0.327;;
966771;unknown;control;2022-12-03 16:15:00+00:00;0.323;;
966771;unknown;control;2022-12-03 16:30:00+00:00;0.335;;
966771;unknown;control;2022-12-03 16:45:00+00:00;1.139;;
966771;unknown;control;2022-12-03 17:00:00+00:00;1.188;;
966771;unknown;control;2022-12-03 17:15:00+00:00;1.071;;
966771;unknown;control;2022-12-03 17:30:00+00:00;1.228;;
966771;unknown;control;2022-12-03 17:45:00+00:00;1.206;;
966771;unknown;control;2022-12-03 18:00:00+00:00;1.027;;
966771;unknown;control;2022-12-03 18:15:00+00:00;1.267;;
966771;unknown;control;2022-12-03 18:30:00+00:00;1.298;;
966771;unknown;control;2022-12-03 18:45:00+00:00;1.062;;
966771;unknown;control;2022-12-03 19:00:00+00:00;1.239;;
966771;unknown;control;2022-12-03 19:15:00+00:00;1.264;;
966771;unknown;control;2022-12-03 19:30:00+00:00;1.256;;
966771;unknown;control;2022-12-03 19:45:00+00:00;0.987;;
966771;unknown;control;2022-12-03 20:00:00+00:00;0.472;;
966771;unknown;control;2022-12-03 20:15:00+00:00;0.449;;
966771;unknown;control;2022-12-03 20:30:00+00:00;0.433;;
966771;unknown;control;2022-12-03 20:45:00+00:00;0.423;;
966771;unknown;control;2022-12-03 21:00:00+00:00;0.392;;
966771;unknown;control;2022-12-03 21:15:00+00:00;0.333;;
966771;unknown;control;2022-12-03 21:30:00+00:00;0.335;;
966771;unknown;control;2022-12-03 21:45:00+00:00;0.347;;
966771;unknown;control;2022-12-03 22:00:00+00:00;0.327;;
966771;unknown;control;2022-12-03 22:15:00+00:00;0.308;;
966771;unknown;control;2022-12-03 22:30:00+00:00;0.333;;
966771;unknown;control;2022-12-03 22:45:00+00:00;0.345;;
966771;unknown;control;2022-12-03 23:00:00+00:00;0.342;;
966771;unknown;control;2022-12-03 23:15:00+00:00;0.32;;
966771;unknown;control;2022-12-03 23:30:00+00:00;0.311;;
966771;unknown;control;2022-12-03 23:45:00+00:00;0.299;;
966771;unknown;control;2022-12-04 00:00:00+00:00;0.323;;
966771;unknown;control;2022-12-04 00:15:00+00:00;0.338;;
966771;unknown;control;2022-12-04 00:30:00+00:00;0.422;;
966771;unknown;control;2022-12-04 00:45:00+00:00;1.083;;
966771;unknown;control;2022-12-04 01:00:00+00:00;1.084;;
966771;unknown;control;2022-12-04 01:15:00+00:00;1.093;;
966771;unknown;control;2022-12-04 01:30:00+00:00;2.108;;
966771;unknown;control;2022-12-04 01:45:00+00:00;2.311;;
966771;unknown;control;2022-12-04 02:00:00+00:00;1.655;;
966771;unknown;control;2022-12-04 02:15:00+00:00;1.559;;
966771;unknown;control;2022-12-04 02:30:00+00:00;1.534;;
966771;unknown;control;2022-12-04 02:45:00+00:00;1.532;;
966771;unknown;control;2022-12-04 03:00:00+00:00;1.556;;
966771;unknown;control;2022-12-04 03:15:00+00:00;1.172;;
966771;unknown;control;2022-12-04 03:30:00+00:00;0.985;;
966771;unknown;control;2022-12-04 03:45:00+00:00;1.126;;
966771;unknown;control;2022-12-04 04:00:00+00:00;1.12;;
966771;unknown;control;2022-12-04 04:15:00+00:00;0.878;;
966771;unknown;control;2022-12-04 04:30:00+00:00;1.091;;
966771;unknown;control;2022-12-04 04:45:00+00:00;1.119;;
966771;unknown;control;2022-12-04 05:00:00+00:00;1.141;;
966771;unknown;control;2022-12-04 05:15:00+00:00;0.882;;
966771;unknown;control;2022-12-04 05:30:00+00:00;1.147;;
966771;unknown;control;2022-12-04 05:45:00+00:00;1.157;;
966771;unknown;control;2022-12-04 06:00:00+00:00;1.15;;
966771;unknown;control;2022-12-04 06:15:00+00:00;0.859;;
966771;unknown;control;2022-12-04 06:30:00+00:00;1.13;;
966771;unknown;control;2022-12-04 06:45:00+00:00;1.153;;
966771;unknown;control;2022-12-04 07:00:00+00:00;1.109;;
966771;unknown;control;2022-12-04 07:15:00+00:00;0.356;;
966771;unknown;control;2022-12-04 07:30:00+00:00;0.352;;
966771;unknown;control;2022-12-04 07:45:00+00:00;0.3;;
966771;unknown;control;2022-12-04 08:00:00+00:00;0.603;;
966771;unknown;control;2022-12-04 08:15:00+00:00;0.988;;
966771;unknown;control;2022-12-04 08:30:00+00:00;0.835;;
966771;unknown;control;2022-12-04 08:45:00+00:00;0.805;;
966771;unknown;control;2022-12-04 09:00:00+00:00;0.402;;
966771;unknown;control;2022-12-04 09:15:00+00:00;0.46;;
966771;unknown;control;2022-12-04 09:30:00+00:00;0.687;;
966771;unknown;control;2022-12-04 09:45:00+00:00;0.408;;
966771;unknown;control;2022-12-04 10:00:00+00:00;0.325;;
966771;unknown;control;2022-12-04 10:15:00+00:00;0.338;;
966771;unknown;control;2022-12-04 10:30:00+00:00;0.943;;
966771;unknown;control;2022-12-04 10:45:00+00:00;1.079;;
966771;unknown;control;2022-12-04 11:00:00+00:00;1.104;;
966771;unknown;control;2022-12-04 11:15:00+00:00;0.812;;
966771;unknown;control;2022-12-04 11:30:00+00:00;1.06;;
966771;unknown;control;2022-12-04 11:45:00+00:00;1.052;;
966771;unknown;control;2022-12-04 12:00:00+00:00;0.996;;
966771;unknown;control;2022-12-04 12:15:00+00:00;0.808;;
966771;unknown;control;2022-12-04 12:30:00+00:00;1.047;;
966771;unknown;control;2022-12-04 12:45:00+00:00;1.104;;
966771;unknown;control;2022-12-04 13:00:00+00:00;0.813;;
966771;unknown;control;2022-12-04 13:15:00+00:00;0.229;;
966771;unknown;control;2022-12-04 13:30:00+00:00;0.339;;
966771;unknown;control;2022-12-04 13:45:00+00:00;0.25;;
966771;unknown;control;2022-12-04 14:00:00+00:00;0.23;;
966771;unknown;control;2022-12-04 14:15:00+00:00;0.319;;
966771;unknown;control;2022-12-04 14:30:00+00:00;0.351;;
966771;unknown;control;2022-12-04 14:45:00+00:00;0.324;;
966771;unknown;control;2022-12-04 15:00:00+00:00;0.345;;
966771;unknown;control;2022-12-04 15:15:00+00:00;0.305;;
966771;unknown;control;2022-12-04 15:30:00+00:00;0.361;;
966771;unknown;control;2022-12-04 15:45:00+00:00;0.358;;
966771;unknown;control;2022-12-04 16:00:00+00:00;0.368;;
966771;unknown;control;2022-12-04 16:15:00+00:00;0.43;;
966771;unknown;control;2022-12-04 16:30:00+00:00;1.158;;
966771;unknown;control;2022-12-04 16:45:00+00:00;1.533;;
966771;unknown;control;2022-12-04 17:00:00+00:00;1.757;;
966771;unknown;control;2022-12-04 17:15:00+00:00;1.062;;
966771;unknown;control;2022-12-04 17:30:00+00:00;1.23;;
966771;unknown;control;2022-12-04 17:45:00+00:00;1.212;;
966771;unknown;control;2022-12-04 18:00:00+00:00;0.952;;
966771;unknown;control;2022-12-04 18:15:00+00:00;1.231;;
966771;unknown;control;2022-12-04 18:30:00+00:00;1.265;;
966771;unknown;control;2022-12-04 18:45:00+00:00;1.24;;
966771;unknown;control;2022-12-04 19:00:00+00:00;1.008;;
966771;unknown;control;2022-12-04 19:15:00+00:00;1.23;;
966771;unknown;control;2022-12-04 19:30:00+00:00;1.237;;
966771;unknown;control;2022-12-04 19:45:00+00:00;0.92;;
966771;unknown;control;2022-12-04 20:00:00+00:00;0.38;;
966771;unknown;control;2022-12-04 20:15:00+00:00;0.376;;
966771;unknown;control;2022-12-04 20:30:00+00:00;0.389;;
966771;unknown;control;2022-12-04 20:45:00+00:00;0.371;;
966771;unknown;control;2022-12-04 21:00:00+00:00;0.3;;
966771;unknown;control;2022-12-04 21:15:00+00:00;0.299;;
966771;unknown;control;2022-12-04 21:30:00+00:00;0.272;;
966771;unknown;control;2022-12-04 21:45:00+00:00;0.269;;
966771;unknown;control;2022-12-04 22:00:00+00:00;0.3;;
966771;unknown;control;2022-12-04 22:15:00+00:00;0.303;;
966771;unknown;control;2022-12-04 22:30:00+00:00;0.243;;
966771;unknown;control;2022-12-04 22:45:00+00:00;0.291;;
966771;unknown;control;2022-12-04 23:00:00+00:00;0.306;;
966771;unknown;control;2022-12-04 23:15:00+00:00;0.265;;
966771;unknown;control;2022-12-04 23:30:00+00:00;0.262;;
966771;unknown;control;2022-12-04 23:45:00+00:00;0.29;;
966771;unknown;control;2022-12-05 00:00:00+00:00;0.305;;
966771;unknown;control;2022-12-05 00:15:00+00:00;0.245;;
966771;unknown;control;2022-12-05 00:30:00+00:00;0.302;;
966771;unknown;control;2022-12-05 00:45:00+00:00;0.608;;
966771;unknown;control;2022-12-05 01:00:00+00:00;0.987;;
966771;unknown;control;2022-12-05 01:15:00+00:00;0.892;;
966771;unknown;control;2022-12-05 01:30:00+00:00;1.523;;
966771;unknown;control;2022-12-05 01:45:00+00:00;1.501;;
966771;unknown;control;2022-12-05 02:00:00+00:00;1.477;;
966771;unknown;control;2022-12-05 02:15:00+00:00;2.074;;
966771;unknown;control;2022-12-05 02:30:00+00:00;2.243;;
966771;unknown;control;2022-12-05 02:45:00+00:00;1.561;;
966771;unknown;control;2022-12-05 03:00:00+00:00;1.474;;
966771;unknown;control;2022-12-05 03:15:00+00:00;1.55;;
966771;unknown;control;2022-12-05 03:30:00+00:00;2.127;;
966771;unknown;control;2022-12-05 03:45:00+00:00;2.258;;
966771;unknown;control;2022-12-05 04:00:00+00:00;2.117;;
966771;unknown;control;2022-12-05 04:15:00+00:00;2.308;;
966771;unknown;control;2022-12-05 04:30:00+00:00;2.237;;
966771;unknown;control;2022-12-05 04:45:00+00:00;2.022;;
966771;unknown;control;2022-12-05 05:00:00+00:00;1.081;;
966771;unknown;control;2022-12-05 05:15:00+00:00;1.007;;
966771;unknown;control;2022-12-05 05:30:00+00:00;0.974;;
966771;unknown;control;2022-12-05 05:45:00+00:00;1.177;;
966771;unknown;control;2022-12-05 06:00:00+00:00;0.936;;
966771;unknown;control;2022-12-05 06:15:00+00:00;1.123;;
966771;unknown;control;2022-12-05 06:30:00+00:00;1.039;;
966771;unknown;control;2022-12-05 06:45:00+00:00;0.295;;
966771;unknown;control;2022-12-05 07:00:00+00:00;0.287;;
966771;unknown;control;2022-12-05 07:15:00+00:00;0.274;;
966771;unknown;control;2022-12-05 07:30:00+00:00;0.315;;
966771;unknown;control;2022-12-05 07:45:00+00:00;0.278;;
966771;unknown;control;2022-12-05 08:00:00+00:00;0.542;;
966771;unknown;control;2022-12-05 08:15:00+00:00;0.296;;
966771;unknown;control;2022-12-05 08:30:00+00:00;0.247;;
966771;unknown;control;2022-12-05 08:45:00+00:00;0.664;;
966771;unknown;control;2022-12-05 09:00:00+00:00;0.311;;
966771;unknown;control;2022-12-05 09:15:00+00:00;0.645;;
966771;unknown;control;2022-12-05 09:30:00+00:00;0.66;;
966771;unknown;control;2022-12-05 09:45:00+00:00;0.227;;
966771;unknown;control;2022-12-05 10:00:00+00:00;0.244;;
966771;unknown;control;2022-12-05 10:15:00+00:00;0.97;;
966771;unknown;control;2022-12-05 10:30:00+00:00;1.42;;
966771;unknown;control;2022-12-05 10:45:00+00:00;0.874;;
966771;unknown;control;2022-12-05 11:00:00+00:00;1.005;;
966771;unknown;control;2022-12-05 11:15:00+00:00;0.236;;
966771;unknown;control;2022-12-05 11:30:00+00:00;0.169;;
966771;unknown;control;2022-12-05 11:45:00+00:00;0.115;;
966771;unknown;control;2022-12-05 12:00:00+00:00;0.115;;
966771;unknown;control;2022-12-05 12:15:00+00:00;0.682;;
966771;unknown;control;2022-12-05 12:30:00+00:00;1.328;;
966771;unknown;control;2022-12-05 12:45:00+00:00;0.933;;
966771;unknown;control;2022-12-05 13:00:00+00:00;0.144;;
966771;unknown;control;2022-12-05 13:15:00+00:00;0.265;;
966771;unknown;control;2022-12-05 13:30:00+00:00;0.204;;
966771;unknown;control;2022-12-05 13:45:00+00:00;0.242;;
966771;unknown;control;2022-12-05 14:00:00+00:00;0.219;;
966771;unknown;control;2022-12-05 14:15:00+00:00;0.326;;
966771;unknown;control;2022-12-05 14:30:00+00:00;0.694;;
966771;unknown;control;2022-12-05 14:45:00+00:00;0.63;;
966771;unknown;control;2022-12-05 15:00:00+00:00;0.618;;
966771;unknown;control;2022-12-05 15:15:00+00:00;0.665;;
966771;unknown;control;2022-12-05 15:30:00+00:00;0.539;;
966771;unknown;control;2022-12-05 15:45:00+00:00;0.435;;
966771;unknown;control;2022-12-05 16:00:00+00:00;0.512;;
966771;unknown;control;2022-12-05 16:15:00+00:00;0.397;;
966771;unknown;control;2022-12-05 16:30:00+00:00;0.414;;
966771;unknown;control;2022-12-05 16:45:00+00:00;1.02;;
966771;unknown;control;2022-12-05 17:00:00+00:00;1.122;;
966771;unknown;control;2022-12-05 17:15:00+00:00;1.135;;
966771;unknown;control;2022-12-05 17:30:00+00:00;1.265;;
966771;unknown;control;2022-12-05 17:45:00+00:00;1.094;;
966771;unknown;control;2022-12-05 18:00:00+00:00;1.003;;
966771;unknown;control;2022-12-05 18:15:00+00:00;1.149;;
966771;unknown;control;2022-12-05 18:30:00+00:00;0.561;;
966771;unknown;control;2022-12-05 18:45:00+00:00;0.441;;
966771;unknown;control;2022-12-05 19:00:00+00:00;1.069;;
966771;unknown;control;2022-12-05 19:15:00+00:00;1.212;;
966771;unknown;control;2022-12-05 19:30:00+00:00;1.036;;
966771;unknown;control;2022-12-05 19:45:00+00:00;1.17;;
966771;unknown;control;2022-12-05 20:00:00+00:00;0.371;;
966771;unknown;control;2022-12-05 20:15:00+00:00;0.383;;
966771;unknown;control;2022-12-05 20:30:00+00:00;0.405;;
966771;unknown;control;2022-12-05 20:45:00+00:00;0.372;;
966771;unknown;control;2022-12-05 21:00:00+00:00;0.718;;
966771;unknown;control;2022-12-05 21:15:00+00:00;0.779;;
966771;unknown;control;2022-12-05 21:30:00+00:00;0.422;;
966771;unknown;control;2022-12-05 21:45:00+00:00;0.431;;
966771;unknown;control;2022-12-05 22:00:00+00:00;0.779;;
966771;unknown;control;2022-12-05 22:15:00+00:00;0.408;;
966771;unknown;control;2022-12-05 22:30:00+00:00;0.345;;
966771;unknown;control;2022-12-05 22:45:00+00:00;0.341;;
966771;unknown;control;2022-12-05 23:00:00+00:00;0.339;;
966771;unknown;control;2022-12-05 23:15:00+00:00;0.33;;
966771;unknown;control;2022-12-05 23:30:00+00:00;0.306;;
966771;unknown;control;2022-12-05 23:45:00+00:00;0.296;;
966771;unknown;control;2022-12-06 00:00:00+00:00;0.311;;
966771;unknown;control;2022-12-06 00:15:00+00:00;0.317;;
966771;unknown;control;2022-12-06 00:30:00+00:00;0.493;;
966771;unknown;control;2022-12-06 00:45:00+00:00;1.053;;
966771;unknown;control;2022-12-06 01:00:00+00:00;1.081;;
966771;unknown;control;2022-12-06 01:15:00+00:00;0.614;;
966771;unknown;control;2022-12-06 01:30:00+00:00;1.47;;
966771;unknown;control;2022-12-06 01:45:00+00:00;1.477;;
966771;unknown;control;2022-12-06 02:00:00+00:00;1.898;;
966771;unknown;control;2022-12-06 02:15:00+00:00;2.244;;
966771;unknown;control;2022-12-06 02:30:00+00:00;1.914;;
966771;unknown;control;2022-12-06 02:45:00+00:00;1.519;;
966771;unknown;control;2022-12-06 03:00:00+00:00;0.96;;
966771;unknown;control;2022-12-06 03:15:00+00:00;0.332;;
966771;unknown;control;2022-12-06 03:30:00+00:00;0.907;;
966771;unknown;control;2022-12-06 03:45:00+00:00;1.088;;
966771;unknown;control;2022-12-06 04:00:00+00:00;1.115;;
966771;unknown;control;2022-12-06 04:15:00+00:00;0.827;;
966771;unknown;control;2022-12-06 04:30:00+00:00;1.093;;
966771;unknown;control;2022-12-06 04:45:00+00:00;1.117;;
966771;unknown;control;2022-12-06 05:00:00+00:00;1.112;;
966771;unknown;control;2022-12-06 05:15:00+00:00;0.804;;
966771;unknown;control;2022-12-06 05:30:00+00:00;1.13;;
966771;unknown;control;2022-12-06 05:45:00+00:00;2.183;;
966771;unknown;control;2022-12-06 06:00:00+00:00;1.13;;
966771;unknown;control;2022-12-06 06:15:00+00:00;0.931;;
966771;unknown;control;2022-12-06 06:30:00+00:00;0.989;;
966771;unknown;control;2022-12-06 06:45:00+00:00;0.309;;
966771;unknown;control;2022-12-06 07:00:00+00:00;0.331;;
966771;unknown;control;2022-12-06 07:15:00+00:00;0.28;;
966771;unknown;control;2022-12-06 07:30:00+00:00;0.246;;
966771;unknown;control;2022-12-06 07:45:00+00:00;0.219;;
966771;unknown;control;2022-12-06 08:00:00+00:00;0.185;;
966771;unknown;control;2022-12-06 08:15:00+00:00;0.149;;
966771;unknown;control;2022-12-06 08:30:00+00:00;0.48;;
966771;unknown;control;2022-12-06 08:45:00+00:00;0.256;;
966771;unknown;control;2022-12-06 09:00:00+00:00;0.271;;
966771;unknown;control;2022-12-06 09:15:00+00:00;0.226;;
966771;unknown;control;2022-12-06 09:30:00+00:00;0.209;;
966771;unknown;control;2022-12-06 09:45:00+00:00;0.164;;
966771;unknown;control;2022-12-06 10:00:00+00:00;0.254;;
966771;unknown;control;2022-12-06 10:15:00+00:00;1.06;;
966771;unknown;control;2022-12-06 10:30:00+00:00;1.551;;
966771;unknown;control;2022-12-06 10:45:00+00:00;0.955;;
966771;unknown;control;2022-12-06 11:00:00+00:00;1.03;;
966771;unknown;control;2022-12-06 11:15:00+00:00;0.888;;
966771;unknown;control;2022-12-06 11:30:00+00:00;0.827;;
966771;unknown;control;2022-12-06 11:45:00+00:00;1.067;;
966771;unknown;control;2022-12-06 12:00:00+00:00;0.811;;
966771;unknown;control;2022-12-06 12:15:00+00:00;0.969;;
966771;unknown;control;2022-12-06 12:30:00+00:00;1.038;;
966771;unknown;control;2022-12-06 12:45:00+00:00;0.249;;
966771;unknown;control;2022-12-06 13:00:00+00:00;0.227;;
966771;unknown;control;2022-12-06 13:15:00+00:00;0.219;;
966771;unknown;control;2022-12-06 13:30:00+00:00;0.234;;
966771;unknown;control;2022-12-06 13:45:00+00:00;0.209;;
966771;unknown;control;2022-12-06 14:00:00+00:00;0.216;;
966771;unknown;control;2022-12-06 14:15:00+00:00;0.219;;
966771;unknown;control;2022-12-06 14:30:00+00:00;0.287;;
966771;unknown;control;2022-12-06 14:45:00+00:00;0.286;;
966771;unknown;control;2022-12-06 15:00:00+00:00;0.257;;
966771;unknown;control;2022-12-06 15:15:00+00:00;0.351;;
966771;unknown;control;2022-12-06 15:30:00+00:00;0.393;;
966771;unknown;control;2022-12-06 15:45:00+00:00;0.389;;
966771;unknown;control;2022-12-06 16:00:00+00:00;0.52;;
966771;unknown;control;2022-12-06 16:15:00+00:00;0.463;;
966771;unknown;control;2022-12-06 16:30:00+00:00;0.486;;
966771;unknown;control;2022-12-06 16:45:00+00:00;1.164;;
966771;unknown;control;2022-12-06 17:00:00+00:00;1.212;;
966771;unknown;control;2022-12-06 17:15:00+00:00;1.066;;
966771;unknown;control;2022-12-06 17:30:00+00:00;1.354;;
966771;unknown;control;2022-12-06 17:45:00+00:00;1.185;;
966771;unknown;control;2022-12-06 18:00:00+00:00;0.96;;
966771;unknown;control;2022-12-06 18:15:00+00:00;1.153;;
966771;unknown;control;2022-12-06 18:30:00+00:00;1.198;;
966771;unknown;control;2022-12-06 18:45:00+00:00;0.995;;
966771;unknown;control;2022-12-06 19:00:00+00:00;1.296;;
966771;unknown;control;2022-12-06 19:15:00+00:00;1.231;;
966771;unknown;control;2022-12-06 19:30:00+00:00;1.05;;
966771;unknown;control;2022-12-06 19:45:00+00:00;1.18;;
966771;unknown;control;2022-12-06 20:00:00+00:00;0.311;;
966771;unknown;control;2022-12-06 20:15:00+00:00;0.34;;
966771;unknown;control;2022-12-06 20:30:00+00:00;0.329;;
966771;unknown;control;2022-12-06 20:45:00+00:00;0.271;;
966771;unknown;control;2022-12-06 21:00:00+00:00;0.33;;
966771;unknown;control;2022-12-06 21:15:00+00:00;0.306;;
966771;unknown;control;2022-12-06 21:30:00+00:00;0.279;;
966771;unknown;control;2022-12-06 21:45:00+00:00;0.323;;
966771;unknown;control;2022-12-06 22:00:00+00:00;0.307;;
966771;unknown;control;2022-12-06 22:15:00+00:00;0.275;;
966771;unknown;control;2022-12-06 22:30:00+00:00;0.305;;
966771;unknown;control;2022-12-06 22:45:00+00:00;0.311;;
966771;unknown;control;2022-12-06 23:00:00+00:00;0.263;;
966771;unknown;control;2022-12-06 23:15:00+00:00;0.258;;
966771;unknown;control;2022-12-06 23:30:00+00:00;0.288;;
966771;unknown;control;2022-12-06 23:45:00+00:00;0.282;;
966771;unknown;control;2022-12-07 00:00:00+00:00;0.258;;
966771;unknown;control;2022-12-07 00:15:00+00:00;0.273;;
966771;unknown;control;2022-12-07 00:30:00+00:00;0.517;;
966771;unknown;control;2022-12-07 00:45:00+00:00;1.008;;
966771;unknown;control;2022-12-07 01:00:00+00:00;1.009;;
966771;unknown;control;2022-12-07 01:15:00+00:00;0.3;;
966771;unknown;control;2022-12-07 01:30:00+00:00;1.446;;
966771;unknown;control;2022-12-07 01:45:00+00:00;1.508;;
966771;unknown;control;2022-12-07 02:00:00+00:00;1.873;;
966771;unknown;control;2022-12-07 02:15:00+00:00;2.252;;
966771;unknown;control;2022-12-07 02:30:00+00:00;1.806;;
966771;unknown;control;2022-12-07 02:45:00+00:00;1.233;;
966771;unknown;control;2022-12-07 03:00:00+00:00;0.267;;
966771;unknown;control;2022-12-07 03:15:00+00:00;0.324;;
966771;unknown;control;2022-12-07 03:30:00+00:00;0.881;;
966771;unknown;control;2022-12-07 03:45:00+00:00;1.085;;
966771;unknown;control;2022-12-07 04:00:00+00:00;0.94;;
966771;unknown;control;2022-12-07 04:15:00+00:00;0.967;;
966771;unknown;control;2022-12-07 04:30:00+00:00;1.096;;
966771;unknown;control;2022-12-07 04:45:00+00:00;0.862;;
966771;unknown;control;2022-12-07 05:00:00+00:00;1.051;;
966771;unknown;control;2022-12-07 05:15:00+00:00;1.099;;
966771;unknown;control;2022-12-07 05:30:00+00:00;1.232;;
966771;unknown;control;2022-12-07 05:45:00+00:00;2.205;;
966771;unknown;control;2022-12-07 06:00:00+00:00;1.133;;
966771;unknown;control;2022-12-07 06:15:00+00:00;0.981;;
966771;unknown;control;2022-12-07 06:30:00+00:00;0.99;;
966771;unknown;control;2022-12-07 06:45:00+00:00;0.288;;
966771;unknown;control;2022-12-07 07:00:00+00:00;0.32;;
966771;unknown;control;2022-12-07 07:15:00+00:00;0.307;;
966771;unknown;control;2022-12-07 07:30:00+00:00;0.231;;
966771;unknown;control;2022-12-07 07:45:00+00:00;0.285;;
966771;unknown;control;2022-12-07 08:00:00+00:00;0.271;;
966771;unknown;control;2022-12-07 08:15:00+00:00;0.24;;
966771;unknown;control;2022-12-07 08:30:00+00:00;0.224;;
966771;unknown;control;2022-12-07 08:45:00+00:00;0.26;;
966771;unknown;control;2022-12-07 09:00:00+00:00;0.206;;
966771;unknown;control;2022-12-07 09:15:00+00:00;0.211;;
966771;unknown;control;2022-12-07 09:30:00+00:00;0.211;;
966771;unknown;control;2022-12-07 09:45:00+00:00;0.206;;
966771;unknown;control;2022-12-07 10:00:00+00:00;0.233;;
966771;unknown;control;2022-12-07 10:15:00+00:00;0.914;;
966771;unknown;control;2022-12-07 10:30:00+00:00;1.052;;
966771;unknown;control;2022-12-07 10:45:00+00:00;1.5;;
966771;unknown;control;2022-12-07 11:00:00+00:00;1.055;;
966771;unknown;control;2022-12-07 11:15:00+00:00;0.87;;
966771;unknown;control;2022-12-07 11:30:00+00:00;0.185;;
966771;unknown;control;2022-12-07 11:45:00+00:00;0.115;;
966771;unknown;control;2022-12-07 12:00:00+00:00;0.388;;
966771;unknown;control;2022-12-07 12:15:00+00:00;0.897;;
966771;unknown;control;2022-12-07 12:30:00+00:00;0.989;;
966771;unknown;control;2022-12-07 12:45:00+00:00;0.339;;
966771;unknown;control;2022-12-07 13:00:00+00:00;0.274;;
966771;unknown;control;2022-12-07 13:15:00+00:00;0.493;;
966771;unknown;control;2022-12-07 13:30:00+00:00;0.36;;
966771;unknown;control;2022-12-07 13:45:00+00:00;0.424;;
966771;unknown;control;2022-12-07 14:00:00+00:00;0.341;;
966771;unknown;control;2022-12-07 14:15:00+00:00;0.417;;
966771;unknown;control;2022-12-07 14:30:00+00:00;0.403;;
966771;unknown;control;2022-12-07 14:45:00+00:00;0.231;;
966771;unknown;control;2022-12-07 15:00:00+00:00;0.323;;
966771;unknown;control;2022-12-07 15:15:00+00:00;0.349;;
966771;unknown;control;2022-12-07 15:30:00+00:00;0.346;;
966771;unknown;control;2022-12-07 15:45:00+00:00;0.43;;
966771;unknown;control;2022-12-07 16:00:00+00:00;0.564;;
966771;unknown;control;2022-12-07 16:15:00+00:00;0.476;;
966771;unknown;control;2022-12-07 16:30:00+00:00;0.385;;
966771;unknown;control;2022-12-07 16:45:00+00:00;1.118;;
966771;unknown;control;2022-12-07 17:00:00+00:00;1.204;;
966771;unknown;control;2022-12-07 17:15:00+00:00;1.215;;
966771;unknown;control;2022-12-07 17:30:00+00:00;1.217;;
966771;unknown;control;2022-12-07 17:45:00+00:00;0.982;;
966771;unknown;control;2022-12-07 18:00:00+00:00;1.254;;
966771;unknown;control;2022-12-07 18:15:00+00:00;1.275;;
966771;unknown;control;2022-12-07 18:30:00+00:00;1.321;;
966771;unknown;control;2022-12-07 18:45:00+00:00;1.247;;
966771;unknown;control;2022-12-07 19:00:00+00:00;1.279;;
966771;unknown;control;2022-12-07 19:15:00+00:00;1.031;;
966771;unknown;control;2022-12-07 19:30:00+00:00;1.052;;
966771;unknown;control;2022-12-07 19:45:00+00:00;1.23;;
966771;unknown;control;2022-12-07 20:00:00+00:00;0.486;;
966771;unknown;control;2022-12-07 20:15:00+00:00;0.466;;
966771;unknown;control;2022-12-07 20:30:00+00:00;0.457;;
966771;unknown;control;2022-12-07 20:45:00+00:00;0.5;;
966771;unknown;control;2022-12-07 21:00:00+00:00;0.492;;
966771;unknown;control;2022-12-07 21:15:00+00:00;0.487;;
966771;unknown;control;2022-12-07 21:30:00+00:00;0.475;;
966771;unknown;control;2022-12-07 21:45:00+00:00;0.427;;
966771;unknown;control;2022-12-07 22:00:00+00:00;0.383;;
966771;unknown;control;2022-12-07 22:15:00+00:00;0.385;;
966771;unknown;control;2022-12-07 22:30:00+00:00;0.387;;
966771;unknown;control;2022-12-07 22:45:00+00:00;0.4;;
966771;unknown;control;2022-12-07 23:00:00+00:00;0.384;;
966771;unknown;control;2022-12-07 23:15:00+00:00;0.355;;
966771;unknown;control;2022-12-07 23:30:00+00:00;0.472;;
966771;unknown;control;2022-12-07 23:45:00+00:00;1.085;;
966771;unknown;control;2022-12-08 00:00:00+00:00;1.099;;
966771;unknown;control;2022-12-08 00:15:00+00:00;1.11;;
966771;unknown;control;2022-12-08 00:30:00+00:00;1.115;;
966771;unknown;control;2022-12-08 00:45:00+00:00;1.124;;
966771;unknown;control;2022-12-08 01:00:00+00:00;1.082;;
966771;unknown;control;2022-12-08 01:15:00+00:00;0.711;;
966771;unknown;control;2022-12-08 01:30:00+00:00;2.261;;
966771;unknown;control;2022-12-08 01:45:00+00:00;2.239;;
966771;unknown;control;2022-12-08 02:00:00+00:00;1.529;;
966771;unknown;control;2022-12-08 02:15:00+00:00;1.549;;
966771;unknown;control;2022-12-08 02:30:00+00:00;1.564;;
966771;unknown;control;2022-12-08 02:45:00+00:00;1.562;;
966771;unknown;control;2022-12-08 03:00:00+00:00;1.932;;
966771;unknown;control;2022-12-08 03:15:00+00:00;2.304;;
966771;unknown;control;2022-12-08 03:30:00+00:00;2.322;;
966771;unknown;control;2022-12-08 03:45:00+00:00;2.352;;
966771;unknown;control;2022-12-08 04:00:00+00:00;2.299;;
966771;unknown;control;2022-12-08 04:15:00+00:00;2.246;;
966771;unknown;control;2022-12-08 04:30:00+00:00;0.915;;
966771;unknown;control;2022-12-08 04:45:00+00:00;0.975;;
966771;unknown;control;2022-12-08 05:00:00+00:00;1.146;;
966771;unknown;control;2022-12-08 05:15:00+00:00;1.146;;
966771;unknown;control;2022-12-08 05:30:00+00:00;1.699;;
966771;unknown;control;2022-12-08 05:45:00+00:00;2.279;;
966771;unknown;control;2022-12-08 06:00:00+00:00;1.176;;
966771;unknown;control;2022-12-08 06:15:00+00:00;1.714;;
966771;unknown;control;2022-12-08 06:30:00+00:00;1.053;;
966771;unknown;control;2022-12-08 06:45:00+00:00;0.426;;
966771;unknown;control;2022-12-08 07:00:00+00:00;0.416;;
966771;unknown;control;2022-12-08 07:15:00+00:00;0.519;;
966771;unknown;control;2022-12-08 07:30:00+00:00;0.402;;
966771;unknown;control;2022-12-08 07:45:00+00:00;0.317;;
966771;unknown;control;2022-12-08 08:00:00+00:00;0.336;;
966771;unknown;control;2022-12-08 08:15:00+00:00;0.403;;
966771;unknown;control;2022-12-08 08:30:00+00:00;0.723;;
966771;unknown;control;2022-12-08 08:45:00+00:00;0.382;;
966771;unknown;control;2022-12-08 09:00:00+00:00;0.26;;
966771;unknown;control;2022-12-08 09:15:00+00:00;0.411;;
966771;unknown;control;2022-12-08 09:30:00+00:00;0.439;;
966771;unknown;control;2022-12-08 09:45:00+00:00;0.224;;
966771;unknown;control;2022-12-08 10:00:00+00:00;0.208;;
966771;unknown;control;2022-12-08 10:15:00+00:00;1.006;;
966771;unknown;control;2022-12-08 10:30:00+00:00;0.893;;
966771;unknown;control;2022-12-08 10:45:00+00:00;0.916;;
966771;unknown;control;2022-12-08 11:00:00+00:00;0.694;;
966771;unknown;control;2022-12-08 11:15:00+00:00;0.898;;
966771;unknown;control;2022-12-08 11:30:00+00:00;0.918;;
966771;unknown;control;2022-12-08 11:45:00+00:00;0.8;;
966771;unknown;control;2022-12-08 12:00:00+00:00;0.94;;
966771;unknown;control;2022-12-08 12:15:00+00:00;0.86;;
966771;unknown;control;2022-12-08 12:30:00+00:00;0.962;;
966771;unknown;control;2022-12-08 12:45:00+00:00;1.049;;
966771;unknown;control;2022-12-08 13:00:00+00:00;0.845;;
966771;unknown;control;2022-12-08 13:15:00+00:00;0.227;;
966771;unknown;control;2022-12-08 13:30:00+00:00;0.221;;
966771;unknown;control;2022-12-08 13:45:00+00:00;0.229;;
966771;unknown;control;2022-12-08 14:00:00+00:00;0.23;;
966771;unknown;control;2022-12-08 14:15:00+00:00;0.302;;
966771;unknown;control;2022-12-08 14:30:00+00:00;0.327;;
966771;unknown;control;2022-12-08 14:45:00+00:00;0.301;;
966771;unknown;control;2022-12-08 15:00:00+00:00;0.315;;
966771;unknown;control;2022-12-08 15:15:00+00:00;0.349;;
966771;unknown;control;2022-12-08 15:30:00+00:00;0.365;;
966771;unknown;control;2022-12-08 15:45:00+00:00;0.452;;
966771;unknown;control;2022-12-08 16:00:00+00:00;0.965;;
966771;unknown;control;2022-12-08 16:15:00+00:00;0.631;;
966771;unknown;control;2022-12-08 16:30:00+00:00;0.577;;
966771;unknown;control;2022-12-08 16:45:00+00:00;1.226;;
966771;unknown;control;2022-12-08 17:00:00+00:00;1.251;;
966771;unknown;control;2022-12-08 17:15:00+00:00;1.28;;
966771;unknown;control;2022-12-08 17:30:00+00:00;1.279;;
966771;unknown;control;2022-12-08 17:45:00+00:00;1.281;;
966771;unknown;control;2022-12-08 18:00:00+00:00;1.144;;
966771;unknown;control;2022-12-08 18:15:00+00:00;1.211;;
966771;unknown;control;2022-12-08 18:30:00+00:00;1.321;;
966771;unknown;control;2022-12-08 18:45:00+00:00;1.315;;
966771;unknown;control;2022-12-08 19:00:00+00:00;1.292;;
966771;unknown;control;2022-12-08 19:15:00+00:00;1.322;;
966771;unknown;control;2022-12-08 19:30:00+00:00;1.324;;
966771;unknown;control;2022-12-08 19:45:00+00:00;0.948;;
966771;unknown;control;2022-12-08 20:00:00+00:00;0.493;;
966771;unknown;control;2022-12-08 20:15:00+00:00;0.508;;
966771;unknown;control;2022-12-08 20:30:00+00:00;0.491;;
966771;unknown;control;2022-12-08 20:45:00+00:00;0.484;;
966771;unknown;control;2022-12-08 21:00:00+00:00;0.498;;
966771;unknown;control;2022-12-08 21:15:00+00:00;0.51;;
966771;unknown;control;2022-12-08 21:30:00+00:00;0.403;;
966771;unknown;control;2022-12-08 21:45:00+00:00;0.363;;
966771;unknown;control;2022-12-08 22:00:00+00:00;0.346;;
966771;unknown;control;2022-12-08 22:15:00+00:00;0.334;;
966771;unknown;control;2022-12-08 22:30:00+00:00;0.355;;
966771;unknown;control;2022-12-08 22:45:00+00:00;0.346;;
966771;unknown;control;2022-12-08 23:00:00+00:00;0.346;;
966771;unknown;control;2022-12-08 23:15:00+00:00;0.342;;
966771;unknown;control;2022-12-08 23:30:00+00:00;0.348;;
966771;unknown;control;2022-12-08 23:45:00+00:00;0.331;;
966771;unknown;control;2022-12-09 00:00:00+00:00;0.91;;
966771;unknown;control;2022-12-09 00:15:00+00:00;1.086;;
966771;unknown;control;2022-12-09 00:30:00+00:00;1.125;;
966771;unknown;control;2022-12-09 00:45:00+00:00;1.11;;
966771;unknown;control;2022-12-09 01:00:00+00:00;1.121;;
966771;unknown;control;2022-12-09 01:15:00+00:00;0.919;;
966771;unknown;control;2022-12-09 01:30:00+00:00;2.316;;
966771;unknown;control;2022-12-09 01:45:00+00:00;2.191;;
966771;unknown;control;2022-12-09 02:00:00+00:00;1.586;;
966771;unknown;control;2022-12-09 02:15:00+00:00;1.581;;
966771;unknown;control;2022-12-09 02:30:00+00:00;1.566;;
966771;unknown;control;2022-12-09 02:45:00+00:00;2.161;;
966771;unknown;control;2022-12-09 03:00:00+00:00;2.333;;
966771;unknown;control;2022-12-09 03:15:00+00:00;1.709;;
966771;unknown;control;2022-12-09 03:30:00+00:00;1.152;;
966771;unknown;control;2022-12-09 03:45:00+00:00;1.166;;
966771;unknown;control;2022-12-09 04:00:00+00:00;1.036;;
966771;unknown;control;2022-12-09 04:15:00+00:00;0.876;;
966771;unknown;control;2022-12-09 04:30:00+00:00;1.144;;
966771;unknown;control;2022-12-09 04:45:00+00:00;1.163;;
966771;unknown;control;2022-12-09 05:00:00+00:00;1.207;;
966771;unknown;control;2022-12-09 05:15:00+00:00;1.182;;
966771;unknown;control;2022-12-09 05:30:00+00:00;1.113;;
966771;unknown;control;2022-12-09 05:45:00+00:00;2.175;;
966771;unknown;control;2022-12-09 06:00:00+00:00;1.361;;
966771;unknown;control;2022-12-09 06:15:00+00:00;1.248;;
966771;unknown;control;2022-12-09 06:30:00+00:00;1.148;;
966771;unknown;control;2022-12-09 06:45:00+00:00;0.395;;
966771;unknown;control;2022-12-09 07:00:00+00:00;0.391;;
966771;unknown;control;2022-12-09 07:15:00+00:00;0.399;;
966771;unknown;control;2022-12-09 07:30:00+00:00;0.395;;
966771;unknown;control;2022-12-09 07:45:00+00:00;0.362;;
966771;unknown;control;2022-12-09 08:00:00+00:00;0.343;;
966771;unknown;control;2022-12-09 08:15:00+00:00;0.312;;
966771;unknown;control;2022-12-09 08:30:00+00:00;0.328;;
966771;unknown;control;2022-12-09 08:45:00+00:00;0.335;;
966771;unknown;control;2022-12-09 09:00:00+00:00;0.295;;
966771;unknown;control;2022-12-09 09:15:00+00:00;0.306;;
966771;unknown;control;2022-12-09 09:30:00+00:00;0.327;;
966771;unknown;control;2022-12-09 09:45:00+00:00;0.308;;
966771;unknown;control;2022-12-09 10:00:00+00:00;0.32;;
966771;unknown;control;2022-12-09 10:15:00+00:00;0.887;;
966771;unknown;control;2022-12-09 10:30:00+00:00;1.067;;
966771;unknown;control;2022-12-09 10:45:00+00:00;1.239;;
966771;unknown;control;2022-12-09 11:00:00+00:00;1.186;;
966771;unknown;control;2022-12-09 11:15:00+00:00;0.871;;
966771;unknown;control;2022-12-09 11:30:00+00:00;0.943;;
966771;unknown;control;2022-12-09 11:45:00+00:00;1.072;;
966771;unknown;control;2022-12-09 12:00:00+00:00;1.098;;
966771;unknown;control;2022-12-09 12:15:00+00:00;1.047;;
966771;unknown;control;2022-12-09 12:30:00+00:00;0.776;;
966771;unknown;control;2022-12-09 12:45:00+00:00;1.046;;
966771;unknown;control;2022-12-09 13:00:00+00:00;1.363;;
966771;unknown;control;2022-12-09 13:15:00+00:00;0.292;;
966771;unknown;control;2022-12-09 13:30:00+00:00;0.337;;
966771;unknown;control;2022-12-09 13:45:00+00:00;0.316;;
966771;unknown;control;2022-12-09 14:00:00+00:00;0.298;;
966771;unknown;control;2022-12-09 14:15:00+00:00;0.365;;
966771;unknown;control;2022-12-09 14:30:00+00:00;0.409;;
966771;unknown;control;2022-12-09 14:45:00+00:00;0.302;;
966771;unknown;control;2022-12-09 15:00:00+00:00;0.369;;
966771;unknown;control;2022-12-09 15:15:00+00:00;0.408;;
966771;unknown;control;2022-12-09 15:30:00+00:00;0.434;;
966771;unknown;control;2022-12-09 15:45:00+00:00;0.449;;
966771;unknown;control;2022-12-09 16:00:00+00:00;0.447;;
966771;unknown;control;2022-12-09 16:15:00+00:00;0.432;;
966771;unknown;control;2022-12-09 16:30:00+00:00;0.442;;
966771;unknown;control;2022-12-09 16:45:00+00:00;1.258;;
966771;unknown;control;2022-12-09 17:00:00+00:00;1.778;;
966771;unknown;control;2022-12-09 17:15:00+00:00;1.243;;
966771;unknown;control;2022-12-09 17:30:00+00:00;1.126;;
966771;unknown;control;2022-12-09 17:45:00+00:00;1.089;;
966771;unknown;control;2022-12-09 18:00:00+00:00;1.28;;
966771;unknown;control;2022-12-09 18:15:00+00:00;1.24;;
966771;unknown;control;2022-12-09 18:30:00+00:00;1.23;;
966771;unknown;control;2022-12-09 18:45:00+00:00;0.885;;
966771;unknown;control;2022-12-09 19:00:00+00:00;1.221;;
966771;unknown;control;2022-12-09 19:15:00+00:00;1.233;;
966771;unknown;control;2022-12-09 19:30:00+00:00;1.225;;
966771;unknown;control;2022-12-09 19:45:00+00:00;0.916;;
966771;unknown;control;2022-12-09 20:00:00+00:00;0.415;;
966771;unknown;control;2022-12-09 20:15:00+00:00;0.354;;
966771;unknown;control;2022-12-09 20:30:00+00:00;0.335;;
966771;unknown;control;2022-12-09 20:45:00+00:00;0.314;;
966771;unknown;control;2022-12-09 21:00:00+00:00;0.319;;
966771;unknown;control;2022-12-09 21:15:00+00:00;0.286;;
966771;unknown;control;2022-12-09 21:30:00+00:00;0.286;;
966771;unknown;control;2022-12-09 21:45:00+00:00;0.319;;
966771;unknown;control;2022-12-09 22:00:00+00:00;0.322;;
966771;unknown;control;2022-12-09 22:15:00+00:00;0.296;;
966771;unknown;control;2022-12-09 22:30:00+00:00;0.291;;
966771;unknown;control;2022-12-09 22:45:00+00:00;0.307;;
966771;unknown;control;2022-12-09 23:00:00+00:00;0.326;;
966771;unknown;control;2022-12-09 23:15:00+00:00;0.293;;
966771;unknown;control;2022-12-09 23:30:00+00:00;0.277;;
966771;unknown;control;2022-12-09 23:45:00+00:00;0.301;;
966771;unknown;control;2022-12-10 00:00:00+00:00;0.32;;
966771;unknown;control;2022-12-10 00:15:00+00:00;0.324;;
966771;unknown;control;2022-12-10 00:30:00+00:00;0.651;;
966771;unknown;control;2022-12-10 00:45:00+00:00;1.069;;
966771;unknown;control;2022-12-10 01:00:00+00:00;1.08;;
966771;unknown;control;2022-12-10 01:15:00+00:00;1.072;;
966771;unknown;control;2022-12-10 01:30:00+00:00;1.766;;
966771;unknown;control;2022-12-10 01:45:00+00:00;1.537;;
966771;unknown;control;2022-12-10 02:00:00+00:00;1.563;;
966771;unknown;control;2022-12-10 02:15:00+00:00;2.094;;
966771;unknown;control;2022-12-10 02:30:00+00:00;2.252;;
966771;unknown;control;2022-12-10 02:45:00+00:00;2.22;;
966771;unknown;control;2022-12-10 03:00:00+00:00;1.549;;
966771;unknown;control;2022-12-10 03:15:00+00:00;0.925;;
966771;unknown;control;2022-12-10 03:30:00+00:00;0.885;;
966771;unknown;control;2022-12-10 03:45:00+00:00;1.106;;
966771;unknown;control;2022-12-10 04:00:00+00:00;1.101;;
966771;unknown;control;2022-12-10 04:15:00+00:00;1.107;;
966771;unknown;control;2022-12-10 04:30:00+00:00;0.784;;
966771;unknown;control;2022-12-10 04:45:00+00:00;1.119;;
966771;unknown;control;2022-12-10 05:00:00+00:00;1.151;;
966771;unknown;control;2022-12-10 05:15:00+00:00;1.133;;
966771;unknown;control;2022-12-10 05:30:00+00:00;0.971;;
966771;unknown;control;2022-12-10 05:45:00+00:00;0.972;;
966771;unknown;control;2022-12-10 06:00:00+00:00;1.148;;
966771;unknown;control;2022-12-10 06:15:00+00:00;1.144;;
966771;unknown;control;2022-12-10 06:30:00+00:00;1.092;;
966771;unknown;control;2022-12-10 06:45:00+00:00;0.381;;
966771;unknown;control;2022-12-10 07:00:00+00:00;0.345;;
966771;unknown;control;2022-12-10 07:15:00+00:00;0.374;;
966771;unknown;control;2022-12-10 07:30:00+00:00;0.336;;
966771;unknown;control;2022-12-10 07:45:00+00:00;0.863;;
966771;unknown;control;2022-12-10 08:00:00+00:00;0.667;;
966771;unknown;control;2022-12-10 08:15:00+00:00;0.541;;
966771;unknown;control;2022-12-10 08:30:00+00:00;0.417;;
966771;unknown;control;2022-12-10 08:45:00+00:00;0.362;;
966771;unknown;control;2022-12-10 09:00:00+00:00;0.366;;
966771;unknown;control;2022-12-10 09:15:00+00:00;0.759;;
966771;unknown;control;2022-12-10 09:30:00+00:00;0.406;;
966771;unknown;control;2022-12-10 09:45:00+00:00;0.644;;
966771;unknown;control;2022-12-10 10:00:00+00:00;0.648;;
966771;unknown;control;2022-12-10 10:15:00+00:00;1.172;;
966771;unknown;control;2022-12-10 10:30:00+00:00;1.181;;
966771;unknown;control;2022-12-10 10:45:00+00:00;1.167;;
966771;unknown;control;2022-12-10 11:00:00+00:00;1.095;;
966771;unknown;control;2022-12-10 11:15:00+00:00;0.778;;
966771;unknown;control;2022-12-10 11:30:00+00:00;0.991;;
966771;unknown;control;2022-12-10 11:45:00+00:00;1.092;;
966771;unknown;control;2022-12-10 12:00:00+00:00;1.074;;
966771;unknown;control;2022-12-10 12:15:00+00:00;1.093;;
966771;unknown;control;2022-12-10 12:30:00+00:00;0.796;;
966771;unknown;control;2022-12-10 12:45:00+00:00;1.163;;
966771;unknown;control;2022-12-10 13:00:00+00:00;1.12;;
966771;unknown;control;2022-12-10 13:15:00+00:00;0.399;;
966771;unknown;control;2022-12-10 13:30:00+00:00;0.366;;
966771;unknown;control;2022-12-10 13:45:00+00:00;0.366;;
966771;unknown;control;2022-12-10 14:00:00+00:00;0.354;;
966771;unknown;control;2022-12-10 14:15:00+00:00;0.395;;
966771;unknown;control;2022-12-10 14:30:00+00:00;0.387;;
966771;unknown;control;2022-12-10 14:45:00+00:00;0.377;;
966771;unknown;control;2022-12-10 15:00:00+00:00;0.395;;
966771;unknown;control;2022-12-10 15:15:00+00:00;0.376;;
966771;unknown;control;2022-12-10 15:30:00+00:00;0.375;;
966771;unknown;control;2022-12-10 15:45:00+00:00;0.365;;
966771;unknown;control;2022-12-10 16:00:00+00:00;0.371;;
966771;unknown;control;2022-12-10 16:15:00+00:00;0.37;;
966771;unknown;control;2022-12-10 16:30:00+00:00;0.367;;
966771;unknown;control;2022-12-10 16:45:00+00:00;1.015;;
966771;unknown;control;2022-12-10 17:00:00+00:00;1.167;;
966771;unknown;control;2022-12-10 17:15:00+00:00;1.159;;
966771;unknown;control;2022-12-10 17:30:00+00:00;1.177;;
966771;unknown;control;2022-12-10 17:45:00+00:00;1.222;;
966771;unknown;control;2022-12-10 18:00:00+00:00;0.87;;
966771;unknown;control;2022-12-10 18:15:00+00:00;1.281;;
966771;unknown;control;2022-12-10 18:30:00+00:00;1.333;;
966771;unknown;control;2022-12-10 18:45:00+00:00;1.305;;
966771;unknown;control;2022-12-10 19:00:00+00:00;1.297;;
966771;unknown;control;2022-12-10 19:15:00+00:00;1.286;;
966771;unknown;control;2022-12-10 19:30:00+00:00;0.915;;
966771;unknown;control;2022-12-10 19:45:00+00:00;1.223;;
966771;unknown;control;2022-12-10 20:00:00+00:00;0.47;;
966771;unknown;control;2022-12-10 20:15:00+00:00;0.436;;
966771;unknown;control;2022-12-10 20:30:00+00:00;0.427;;
966771;unknown;control;2022-12-10 20:45:00+00:00;0.414;;
966771;unknown;control;2022-12-10 21:00:00+00:00;0.42;;
966771;unknown;control;2022-12-10 21:15:00+00:00;0.423;;
966771;unknown;control;2022-12-10 21:30:00+00:00;0.418;;
966771;unknown;control;2022-12-10 21:45:00+00:00;0.393;;
966771;unknown;control;2022-12-10 22:00:00+00:00;0.376;;
966771;unknown;control;2022-12-10 22:15:00+00:00;0.377;;
966771;unknown;control;2022-12-10 22:30:00+00:00;0.394;;
966771;unknown;control;2022-12-10 22:45:00+00:00;0.454;;
966771;unknown;control;2022-12-10 23:00:00+00:00;0.479;;
966771;unknown;control;2022-12-10 23:15:00+00:00;0.424;;
966771;unknown;control;2022-12-10 23:30:00+00:00;0.462;;
966771;unknown;control;2022-12-10 23:45:00+00:00;0.84;;
966771;unknown;control;2022-12-11 00:00:00+00:00;1.159;;
966771;unknown;control;2022-12-11 00:15:00+00:00;1.143;;
966771;unknown;control;2022-12-11 00:30:00+00:00;1.192;;
966771;unknown;control;2022-12-11 00:45:00+00:00;1.183;;
966771;unknown;control;2022-12-11 01:00:00+00:00;1.13;;
966771;unknown;control;2022-12-11 01:15:00+00:00;1.175;;
966771;unknown;control;2022-12-11 01:30:00+00:00;2.337;;
966771;unknown;control;2022-12-11 01:45:00+00:00;2.336;;
966771;unknown;control;2022-12-11 02:00:00+00:00;1.909;;
966771;unknown;control;2022-12-11 02:15:00+00:00;2.228;;
966771;unknown;control;2022-12-11 02:30:00+00:00;2.392;;
966771;unknown;control;2022-12-11 02:45:00+00:00;2.398;;
966771;unknown;control;2022-12-11 03:00:00+00:00;2.398;;
966771;unknown;control;2022-12-11 03:15:00+00:00;2.432;;
966771;unknown;control;2022-12-11 03:30:00+00:00;2.379;;
966771;unknown;control;2022-12-11 03:45:00+00:00;1.875;;
966771;unknown;control;2022-12-11 04:00:00+00:00;1.209;;
966771;unknown;control;2022-12-11 04:15:00+00:00;1.211;;
966771;unknown;control;2022-12-11 04:30:00+00:00;1.257;;
966771;unknown;control;2022-12-11 04:45:00+00:00;1.017;;
966771;unknown;control;2022-12-11 05:00:00+00:00;0.873;;
966771;unknown;control;2022-12-11 05:15:00+00:00;1.255;;
966771;unknown;control;2022-12-11 05:30:00+00:00;1.291;;
966771;unknown;control;2022-12-11 05:45:00+00:00;1.276;;
966771;unknown;control;2022-12-11 06:00:00+00:00;1.272;;
966771;unknown;control;2022-12-11 06:15:00+00:00;1.287;;
966771;unknown;control;2022-12-11 06:30:00+00:00;1.302;;
966771;unknown;control;2022-12-11 06:45:00+00:00;1.289;;
966771;unknown;control;2022-12-11 07:00:00+00:00;1.16;;
966771;unknown;control;2022-12-11 07:15:00+00:00;0.441;;
966771;unknown;control;2022-12-11 07:30:00+00:00;0.406;;
966771;unknown;control;2022-12-11 07:45:00+00:00;0.432;;
966771;unknown;control;2022-12-11 08:00:00+00:00;0.624;;
966771;unknown;control;2022-12-11 08:15:00+00:00;0.583;;
966771;unknown;control;2022-12-11 08:30:00+00:00;0.406;;
966771;unknown;control;2022-12-11 08:45:00+00:00;0.469;;
966771;unknown;control;2022-12-11 09:00:00+00:00;0.342;;
966771;unknown;control;2022-12-11 09:15:00+00:00;0.341;;
966771;unknown;control;2022-12-11 09:30:00+00:00;0.338;;
966771;unknown;control;2022-12-11 09:45:00+00:00;0.19;;
966771;unknown;control;2022-12-11 10:00:00+00:00;0.119;;
966771;unknown;control;2022-12-11 10:15:00+00:00;0.254;;
966771;unknown;control;2022-12-11 10:30:00+00:00;0.653;;
966771;unknown;control;2022-12-11 10:45:00+00:00;0.931;;
966771;unknown;control;2022-12-11 11:00:00+00:00;1.041;;
966771;unknown;control;2022-12-11 11:15:00+00:00;1.094;;
966771;unknown;control;2022-12-11 11:30:00+00:00;1.022;;
966771;unknown;control;2022-12-11 11:45:00+00:00;1.058;;
966771;unknown;control;2022-12-11 12:00:00+00:00;1.032;;
966771;unknown;control;2022-12-11 12:15:00+00:00;1.107;;
966771;unknown;control;2022-12-11 12:30:00+00:00;1.126;;
966771;unknown;control;2022-12-11 12:45:00+00:00;0.833;;
966771;unknown;control;2022-12-11 13:00:00+00:00;0.959;;
966771;unknown;control;2022-12-11 13:15:00+00:00;0.388;;
966771;unknown;control;2022-12-11 13:30:00+00:00;0.4;;
966771;unknown;control;2022-12-11 13:45:00+00:00;0.37;;
966771;unknown;control;2022-12-11 14:00:00+00:00;0.427;;
966771;unknown;control;2022-12-11 14:15:00+00:00;0.426;;
966771;unknown;control;2022-12-11 14:30:00+00:00;0.391;;
966771;unknown;control;2022-12-11 14:45:00+00:00;0.451;;
966771;unknown;control;2022-12-11 15:00:00+00:00;0.601;;
966771;unknown;control;2022-12-11 15:15:00+00:00;0.471;;
966771;unknown;control;2022-12-11 15:30:00+00:00;0.476;;
966771;unknown;control;2022-12-11 15:45:00+00:00;0.534;;
966771;unknown;control;2022-12-11 16:00:00+00:00;0.56;;
966771;unknown;control;2022-12-11 16:15:00+00:00;0.601;;
966771;unknown;control;2022-12-11 16:30:00+00:00;1.106;;
966771;unknown;control;2022-12-11 16:45:00+00:00;1.393;;
966771;unknown;control;2022-12-11 17:00:00+00:00;1.544;;
966771;unknown;control;2022-12-11 17:15:00+00:00;1.535;;
966771;unknown;control;2022-12-11 17:30:00+00:00;1.489;;
966771;unknown;control;2022-12-11 17:45:00+00:00;1.3;;
966771;unknown;control;2022-12-11 18:00:00+00:00;1.314;;
966771;unknown;control;2022-12-11 18:15:00+00:00;1.319;;
966771;unknown;control;2022-12-11 18:30:00+00:00;1.315;;
966771;unknown;control;2022-12-11 18:45:00+00:00;1.339;;
966771;unknown;control;2022-12-11 19:00:00+00:00;1.346;;
966771;unknown;control;2022-12-11 19:15:00+00:00;1.287;;
966771;unknown;control;2022-12-11 19:30:00+00:00;0.787;;
966771;unknown;control;2022-12-11 19:45:00+00:00;1.212;;
966771;unknown;control;2022-12-11 20:00:00+00:00;0.621;;
966771;unknown;control;2022-12-11 20:15:00+00:00;0.53;;
966771;unknown;control;2022-12-11 20:30:00+00:00;0.525;;
966771;unknown;control;2022-12-11 20:45:00+00:00;0.53;;
966771;unknown;control;2022-12-11 21:00:00+00:00;0.895;;
966771;unknown;control;2022-12-11 21:15:00+00:00;0.567;;
966771;unknown;control;2022-12-11 21:30:00+00:00;0.467;;
966771;unknown;control;2022-12-11 21:45:00+00:00;0.576;;
966771;unknown;control;2022-12-11 22:00:00+00:00;0.703;;
966771;unknown;control;2022-12-11 22:15:00+00:00;0.455;;
966771;unknown;control;2022-12-11 22:30:00+00:00;0.407;;
966771;unknown;control;2022-12-11 22:45:00+00:00;0.458;;
966771;unknown;control;2022-12-11 23:00:00+00:00;0.468;;
966771;unknown;control;2022-12-11 23:15:00+00:00;1.032;;
966771;unknown;control;2022-12-11 23:30:00+00:00;1.166;;
966771;unknown;control;2022-12-11 23:45:00+00:00;1.149;;
966771;unknown;control;2022-12-12 00:00:00+00:00;1.176;;
966771;unknown;control;2022-12-12 00:15:00+00:00;1.156;;
966771;unknown;control;2022-12-12 00:30:00+00:00;1.173;;
966771;unknown;control;2022-12-12 00:45:00+00:00;1.182;;
966771;unknown;control;2022-12-12 01:00:00+00:00;1.132;;
966771;unknown;control;2022-12-12 01:15:00+00:00;1.174;;
966771;unknown;control;2022-12-12 01:30:00+00:00;2.294;;
966771;unknown;control;2022-12-12 01:45:00+00:00;2.229;;
966771;unknown;control;2022-12-12 02:00:00+00:00;1.829;;
966771;unknown;control;2022-12-12 02:15:00+00:00;2.273;;
966771;unknown;control;2022-12-12 02:30:00+00:00;2.38;;
966771;unknown;control;2022-12-12 02:45:00+00:00;2.325;;
966771;unknown;control;2022-12-12 03:00:00+00:00;2.358;;
966771;unknown;control;2022-12-12 03:15:00+00:00;2.352;;
966771;unknown;control;2022-12-12 03:30:00+00:00;2.353;;
966771;unknown;control;2022-12-12 03:45:00+00:00;2.33;;
966771;unknown;control;2022-12-12 04:00:00+00:00;1.804;;
966771;unknown;control;2022-12-12 04:15:00+00:00;1.119;;
966771;unknown;control;2022-12-12 04:30:00+00:00;1.199;;
966771;unknown;control;2022-12-12 04:45:00+00:00;0.877;;
966771;unknown;control;2022-12-12 05:00:00+00:00;0.869;;
966771;unknown;control;2022-12-12 05:15:00+00:00;1.203;;
966771;unknown;control;2022-12-12 05:30:00+00:00;1.184;;
966771;unknown;control;2022-12-12 05:45:00+00:00;2.039;;
966771;unknown;control;2022-12-12 06:00:00+00:00;1.248;;
966771;unknown;control;2022-12-12 06:15:00+00:00;1.184;;
966771;unknown;control;2022-12-12 06:30:00+00:00;1.163;;
966771;unknown;control;2022-12-12 06:45:00+00:00;0.413;;
966771;unknown;control;2022-12-12 07:00:00+00:00;0.819;;
966771;unknown;control;2022-12-12 07:15:00+00:00;0.462;;
966771;unknown;control;2022-12-12 07:30:00+00:00;0.435;;
966771;unknown;control;2022-12-12 07:45:00+00:00;0.417;;
966771;unknown;control;2022-12-12 08:00:00+00:00;0.521;;
966771;unknown;control;2022-12-12 08:15:00+00:00;0.44;;
966771;unknown;control;2022-12-12 08:30:00+00:00;0.797;;
966771;unknown;control;2022-12-12 08:45:00+00:00;0.977;;
966771;unknown;control;2022-12-12 09:00:00+00:00;0.415;;
966771;unknown;control;2022-12-12 09:15:00+00:00;0.457;;
966771;unknown;control;2022-12-12 09:30:00+00:00;0.41;;
966771;unknown;control;2022-12-12 09:45:00+00:00;0.356;;
966771;unknown;control;2022-12-12 10:00:00+00:00;0.403;;
966771;unknown;control;2022-12-12 10:15:00+00:00;0.796;;
966771;unknown;control;2022-12-12 10:30:00+00:00;1.33;;
966771;unknown;control;2022-12-12 10:45:00+00:00;1.264;;
966771;unknown;control;2022-12-12 11:00:00+00:00;1.018;;
966771;unknown;control;2022-12-12 11:15:00+00:00;1.082;;
966771;unknown;control;2022-12-12 11:30:00+00:00;1.079;;
966771;unknown;control;2022-12-12 11:45:00+00:00;1.155;;
966771;unknown;control;2022-12-12 12:00:00+00:00;1.219;;
966771;unknown;control;2022-12-12 12:15:00+00:00;1.256;;
966771;unknown;control;2022-12-12 12:30:00+00:00;0.988;;
966771;unknown;control;2022-12-12 12:45:00+00:00;1.165;;
966771;unknown;control;2022-12-12 13:00:00+00:00;1.272;;
966771;unknown;control;2022-12-12 13:15:00+00:00;0.543;;
966771;unknown;control;2022-12-12 13:30:00+00:00;0.382;;
966771;unknown;control;2022-12-12 13:45:00+00:00;0.421;;
966771;unknown;control;2022-12-12 14:00:00+00:00;0.361;;
966771;unknown;control;2022-12-12 14:15:00+00:00;0.392;;
966771;unknown;control;2022-12-12 14:30:00+00:00;0.405;;
966771;unknown;control;2022-12-12 14:45:00+00:00;0.375;;
966771;unknown;control;2022-12-12 15:00:00+00:00;0.448;;
966771;unknown;control;2022-12-12 15:15:00+00:00;0.529;;
966771;unknown;control;2022-12-12 15:30:00+00:00;0.553;;
966771;unknown;control;2022-12-12 15:45:00+00:00;0.546;;
966771;unknown;control;2022-12-12 16:00:00+00:00;0.529;;
966771;unknown;control;2022-12-12 16:15:00+00:00;0.577;;
966771;unknown;control;2022-12-12 16:30:00+00:00;0.542;;
966771;unknown;control;2022-12-12 16:45:00+00:00;1.044;;
966771;unknown;control;2022-12-12 17:00:00+00:00;1.256;;
966771;unknown;control;2022-12-12 17:15:00+00:00;1.494;;
966771;unknown;control;2022-12-12 17:30:00+00:00;1.457;;
966771;unknown;control;2022-12-12 17:45:00+00:00;1.303;;
966771;unknown;control;2022-12-12 18:00:00+00:00;1.313;;
966771;unknown;control;2022-12-12 18:15:00+00:00;1.331;;
966771;unknown;control;2022-12-12 18:30:00+00:00;1.285;;
966771;unknown;control;2022-12-12 18:45:00+00:00;1.34;;
966771;unknown;control;2022-12-12 19:00:00+00:00;1.318;;
966771;unknown;control;2022-12-12 19:15:00+00:00;1.303;;
966771;unknown;control;2022-12-12 19:30:00+00:00;1.079;;
966771;unknown;control;2022-12-12 19:45:00+00:00;0.973;;
966771;unknown;control;2022-12-12 20:00:00+00:00;0.593;;
966771;unknown;control;2022-12-12 20:15:00+00:00;0.589;;
966771;unknown;control;2022-12-12 20:30:00+00:00;0.574;;
966771;unknown;control;2022-12-12 20:45:00+00:00;0.577;;
966771;unknown;control;2022-12-12 21:00:00+00:00;0.572;;
966771;unknown;control;2022-12-12 21:15:00+00:00;0.602;;
966771;unknown;control;2022-12-12 21:30:00+00:00;0.544;;
966771;unknown;control;2022-12-12 21:45:00+00:00;0.527;;
966771;unknown;control;2022-12-12 22:00:00+00:00;0.536;;
966771;unknown;control;2022-12-12 22:15:00+00:00;0.516;;
966771;unknown;control;2022-12-12 22:30:00+00:00;0.503;;
966771;unknown;control;2022-12-12 22:45:00+00:00;0.508;;
966771;unknown;control;2022-12-12 23:00:00+00:00;0.562;;
966771;unknown;control;2022-12-12 23:15:00+00:00;1.121;;
966771;unknown;control;2022-12-12 23:30:00+00:00;1.24;;
966771;unknown;control;2022-12-12 23:45:00+00:00;1.255;;
966771;unknown;control;2022-12-13 00:00:00+00:00;1.262;;
966771;unknown;control;2022-12-13 00:15:00+00:00;1.279;;
966771;unknown;control;2022-12-13 00:30:00+00:00;1.262;;
966771;unknown;control;2022-12-13 00:45:00+00:00;1.249;;
966771;unknown;control;2022-12-13 01:00:00+00:00;1.247;;
966771;unknown;control;2022-12-13 01:15:00+00:00;1.243;;
966771;unknown;control;2022-12-13 01:30:00+00:00;2.358;;
966771;unknown;control;2022-12-13 01:45:00+00:00;2.408;;
966771;unknown;control;2022-12-13 02:00:00+00:00;2.4;;
966771;unknown;control;2022-12-13 02:15:00+00:00;2.137;;
966771;unknown;control;2022-12-13 02:30:00+00:00;2.264;;
966771;unknown;control;2022-12-13 02:45:00+00:00;2.401;;
966771;unknown;control;2022-12-13 03:00:00+00:00;2.416;;
966771;unknown;control;2022-12-13 03:15:00+00:00;2.414;;
966771;unknown;control;2022-12-13 03:30:00+00:00;2.426;;
966771;unknown;control;2022-12-13 03:45:00+00:00;1.939;;
966771;unknown;control;2022-12-13 04:00:00+00:00;1.274;;
966771;unknown;control;2022-12-13 04:15:00+00:00;1.257;;
966771;unknown;control;2022-12-13 04:30:00+00:00;1.274;;
966771;unknown;control;2022-12-13 04:45:00+00:00;1.25;;
966771;unknown;control;2022-12-13 05:00:00+00:00;1.253;;
966771;unknown;control;2022-12-13 05:15:00+00:00;1.259;;
966771;unknown;control;2022-12-13 05:30:00+00:00;1.246;;
966771;unknown;control;2022-12-13 05:45:00+00:00;1.008;;
966771;unknown;control;2022-12-13 06:00:00+00:00;1.099;;
966771;unknown;control;2022-12-13 06:15:00+00:00;1.3;;
966771;unknown;control;2022-12-13 06:30:00+00:00;1.275;;
966771;unknown;control;2022-12-13 06:45:00+00:00;0.551;;
966771;unknown;control;2022-12-13 07:00:00+00:00;0.538;;
966771;unknown;control;2022-12-13 07:15:00+00:00;0.551;;
966771;unknown;control;2022-12-13 07:30:00+00:00;0.521;;
966771;unknown;control;2022-12-13 07:45:00+00:00;0.522;;
966771;unknown;control;2022-12-13 08:00:00+00:00;0.522;;
966771;unknown;control;2022-12-13 08:15:00+00:00;0.514;;
966771;unknown;control;2022-12-13 08:30:00+00:00;0.884;;
966771;unknown;control;2022-12-13 08:45:00+00:00;0.45;;
966771;unknown;control;2022-12-13 09:00:00+00:00;0.433;;
966771;unknown;control;2022-12-13 09:15:00+00:00;0.449;;
966771;unknown;control;2022-12-13 09:30:00+00:00;0.455;;
966771;unknown;control;2022-12-13 09:45:00+00:00;0.789;;
966771;unknown;control;2022-12-13 10:00:00+00:00;1.098;;
966771;unknown;control;2022-12-13 10:15:00+00:00;1.067;;
966771;unknown;control;2022-12-13 10:30:00+00:00;1.553;;
966771;unknown;control;2022-12-13 10:45:00+00:00;1.282;;
966771;unknown;control;2022-12-13 11:00:00+00:00;1.059;;
966771;unknown;control;2022-12-13 11:15:00+00:00;1.045;;
966771;unknown;control;2022-12-13 11:30:00+00:00;1.051;;
966771;unknown;control;2022-12-13 11:45:00+00:00;1.024;;
966771;unknown;control;2022-12-13 12:00:00+00:00;1.13;;
966771;unknown;control;2022-12-13 12:15:00+00:00;1.106;;
966771;unknown;control;2022-12-13 12:30:00+00:00;0.786;;
966771;unknown;control;2022-12-13 12:45:00+00:00;1.07;;
966771;unknown;control;2022-12-13 13:00:00+00:00;1.07;;
966771;unknown;control;2022-12-13 13:15:00+00:00;0.343;;
966771;unknown;control;2022-12-13 13:30:00+00:00;0.371;;
966771;unknown;control;2022-12-13 13:45:00+00:00;0.393;;
966771;unknown;control;2022-12-13 14:00:00+00:00;0.334;;
966771;unknown;control;2022-12-13 14:15:00+00:00;0.388;;
966771;unknown;control;2022-12-13 14:30:00+00:00;0.393;;
966771;unknown;control;2022-12-13 14:45:00+00:00;0.422;;
966771;unknown;control;2022-12-13 15:00:00+00:00;0.521;;
966771;unknown;control;2022-12-13 15:15:00+00:00;0.442;;
966771;unknown;control;2022-12-13 15:30:00+00:00;0.452;;
966771;unknown;control;2022-12-13 15:45:00+00:00;0.475;;
966771;unknown;control;2022-12-13 16:00:00+00:00;0.631;;
966771;unknown;control;2022-12-13 16:15:00+00:00;0.981;;
966771;unknown;control;2022-12-13 16:30:00+00:00;0.611;;
966771;unknown;control;2022-12-13 16:45:00+00:00;1.099;;
966771;unknown;control;2022-12-13 17:00:00+00:00;1.26;;
966771;unknown;control;2022-12-13 17:15:00+00:00;1.263;;
966771;unknown;control;2022-12-13 17:30:00+00:00;1.277;;
966771;unknown;control;2022-12-13 17:45:00+00:00;1.515;;
966771;unknown;control;2022-12-13 18:00:00+00:00;1.37;;
966771;unknown;control;2022-12-13 18:15:00+00:00;1.374;;
966771;unknown;control;2022-12-13 18:30:00+00:00;1.397;;
966771;unknown;control;2022-12-13 18:45:00+00:00;1.416;;
966771;unknown;control;2022-12-13 19:00:00+00:00;1.405;;
966771;unknown;control;2022-12-13 19:15:00+00:00;0.91;;
966771;unknown;control;2022-12-13 19:30:00+00:00;1.404;;
966771;unknown;control;2022-12-13 19:45:00+00:00;1.367;;
966771;unknown;control;2022-12-13 20:00:00+00:00;0.626;;
966771;unknown;control;2022-12-13 20:15:00+00:00;0.592;;
966771;unknown;control;2022-12-13 20:30:00+00:00;0.614;;
966771;unknown;control;2022-12-13 20:45:00+00:00;0.596;;
966771;unknown;control;2022-12-13 21:00:00+00:00;0.576;;
966771;unknown;control;2022-12-13 21:15:00+00:00;0.608;;
966771;unknown;control;2022-12-13 21:30:00+00:00;0.567;;
966771;unknown;control;2022-12-13 21:45:00+00:00;0.557;;
966771;unknown;control;2022-12-13 22:00:00+00:00;0.535;;
966771;unknown;control;2022-12-13 22:15:00+00:00;0.496;;
966771;unknown;control;2022-12-13 22:30:00+00:00;0.456;;
966771;unknown;control;2022-12-13 22:45:00+00:00;0.427;;
966771;unknown;control;2022-12-13 23:00:00+00:00;0.376;;
966771;unknown;control;2022-12-13 23:15:00+00:00;0.577;;
966771;unknown;control;2022-12-13 23:30:00+00:00;1.092;;
966771;unknown;control;2022-12-13 23:45:00+00:00;1.162;;
966771;unknown;control;2022-12-14 00:00:00+00:00;1.117;;
966771;unknown;control;2022-12-14 00:15:00+00:00;1.168;;
966771;unknown;control;2022-12-14 00:30:00+00:00;1.119;;
966771;unknown;control;2022-12-14 00:45:00+00:00;1.157;;
966771;unknown;control;2022-12-14 01:00:00+00:00;1.159;;
966771;unknown;control;2022-12-14 01:15:00+00:00;1.112;;
966771;unknown;control;2022-12-14 01:30:00+00:00;2.28;;
966771;unknown;control;2022-12-14 01:45:00+00:00;1.942;;
966771;unknown;control;2022-12-14 02:00:00+00:00;2.159;;
966771;unknown;control;2022-12-14 02:15:00+00:00;2.331;;
966771;unknown;control;2022-12-14 02:30:00+00:00;1.832;;
966771;unknown;control;2022-12-14 02:45:00+00:00;1.18;;
966771;unknown;control;2022-12-14 03:00:00+00:00;1.139;;
966771;unknown;control;2022-12-14 03:15:00+00:00;1.198;;
966771;unknown;control;2022-12-14 03:30:00+00:00;1.196;;
966771;unknown;control;2022-12-14 03:45:00+00:00;1.14;;
966771;unknown;control;2022-12-14 04:00:00+00:00;1.185;;
966771;unknown;control;2022-12-14 04:15:00+00:00;0.831;;
966771;unknown;control;2022-12-14 04:30:00+00:00;1.018;;
966771;unknown;control;2022-12-14 04:45:00+00:00;1.183;;
966771;unknown;control;2022-12-14 05:00:00+00:00;1.159;;
966771;unknown;control;2022-12-14 05:15:00+00:00;1.187;;
966771;unknown;control;2022-12-14 05:30:00+00:00;2.005;;
966771;unknown;control;2022-12-14 05:45:00+00:00;2.367;;
966771;unknown;control;2022-12-14 06:00:00+00:00;1.17;;
966771;unknown;control;2022-12-14 06:15:00+00:00;1.15;;
966771;unknown;control;2022-12-14 06:30:00+00:00;1.155;;
966771;unknown;control;2022-12-14 06:45:00+00:00;0.422;;
966771;unknown;control;2022-12-14 07:00:00+00:00;0.419;;
966771;unknown;control;2022-12-14 07:15:00+00:00;0.437;;
966771;unknown;control;2022-12-14 07:30:00+00:00;0.377;;
966771;unknown;control;2022-12-14 07:45:00+00:00;0.405;;
966771;unknown;control;2022-12-14 08:00:00+00:00;0.386;;
966771;unknown;control;2022-12-14 08:15:00+00:00;0.355;;
966771;unknown;control;2022-12-14 08:30:00+00:00;0.755;;
966771;unknown;control;2022-12-14 08:45:00+00:00;0.386;;
966771;unknown;control;2022-12-14 09:00:00+00:00;0.384;;
966771;unknown;control;2022-12-14 09:15:00+00:00;0.386;;
966771;unknown;control;2022-12-14 09:30:00+00:00;0.439;;
966771;unknown;control;2022-12-14 09:45:00+00:00;0.343;;
966771;unknown;control;2022-12-14 10:00:00+00:00;0.208;;
966771;unknown;control;2022-12-14 10:15:00+00:00;0.616;;
966771;unknown;control;2022-12-14 10:30:00+00:00;1.335;;
966771;unknown;control;2022-12-14 10:45:00+00:00;0.951;;
966771;unknown;control;2022-12-14 11:00:00+00:00;0.952;;
966771;unknown;control;2022-12-14 11:15:00+00:00;0.863;;
966771;unknown;control;2022-12-14 11:30:00+00:00;0.886;;
966771;unknown;control;2022-12-14 11:45:00+00:00;0.762;;
966771;unknown;control;2022-12-14 12:00:00+00:00;1.122;;
966771;unknown;control;2022-12-14 12:15:00+00:00;1.583;;
966771;unknown;control;2022-12-14 12:30:00+00:00;1.25;;
966771;unknown;control;2022-12-14 12:45:00+00:00;1.088;;
966771;unknown;control;2022-12-14 13:00:00+00:00;0.686;;
966771;unknown;control;2022-12-14 13:15:00+00:00;0.852;;
966771;unknown;control;2022-12-14 13:30:00+00:00;0.36;;
966771;unknown;control;2022-12-14 13:45:00+00:00;0.34;;
966771;unknown;control;2022-12-14 14:00:00+00:00;0.325;;
966771;unknown;control;2022-12-14 14:15:00+00:00;0.304;;
966771;unknown;control;2022-12-14 14:30:00+00:00;0.325;;
966771;unknown;control;2022-12-14 14:45:00+00:00;0.378;;
966771;unknown;control;2022-12-14 15:00:00+00:00;0.42;;
966771;unknown;control;2022-12-14 15:15:00+00:00;0.295;;
966771;unknown;control;2022-12-14 15:30:00+00:00;0.353;;
966771;unknown;control;2022-12-14 15:45:00+00:00;0.367;;
966771;unknown;control;2022-12-14 16:00:00+00:00;0.397;;
966771;unknown;control;2022-12-14 16:15:00+00:00;0.385;;
966771;unknown;control;2022-12-14 16:30:00+00:00;0.396;;
966771;unknown;control;2022-12-14 16:45:00+00:00;1.084;;
966771;unknown;control;2022-12-14 17:00:00+00:00;1.152;;
966771;unknown;control;2022-12-14 17:15:00+00:00;1.026;;
966771;unknown;control;2022-12-14 17:30:00+00:00;1.07;;
966771;unknown;control;2022-12-14 17:45:00+00:00;1.13;;
966771;unknown;control;2022-12-14 18:00:00+00:00;0.9;;
966771;unknown;control;2022-12-14 18:15:00+00:00;1.128;;
966771;unknown;control;2022-12-14 18:30:00+00:00;1.172;;
966771;unknown;control;2022-12-14 18:45:00+00:00;0.901;;
966771;unknown;control;2022-12-14 19:00:00+00:00;1.121;;
966771;unknown;control;2022-12-14 19:15:00+00:00;1.167;;
966771;unknown;control;2022-12-14 19:30:00+00:00;1.006;;
966771;unknown;control;2022-12-14 19:45:00+00:00;1.104;;
966771;unknown;control;2022-12-14 20:00:00+00:00;0.392;;
966771;unknown;control;2022-12-14 20:15:00+00:00;0.358;;
966771;unknown;control;2022-12-14 20:30:00+00:00;0.392;;
966771;unknown;control;2022-12-14 20:45:00+00:00;0.35;;
966771;unknown;control;2022-12-14 21:00:00+00:00;0.372;;
966771;unknown;control;2022-12-14 21:15:00+00:00;0.382;;
966771;unknown;control;2022-12-14 21:30:00+00:00;0.349;;
966771;unknown;control;2022-12-14 21:45:00+00:00;0.318;;
966771;unknown;control;2022-12-14 22:00:00+00:00;0.369;;
966771;unknown;control;2022-12-14 22:15:00+00:00;0.323;;
966771;unknown;control;2022-12-14 22:30:00+00:00;0.315;;
966771;unknown;control;2022-12-14 22:45:00+00:00;0.295;;
966771;unknown;control;2022-12-14 23:00:00+00:00;0.32;;
966771;unknown;control;2022-12-14 23:15:00+00:00;0.34;;
966771;unknown;control;2022-12-14 23:30:00+00:00;0.318;;
966771;unknown;control;2022-12-14 23:45:00+00:00;0.324;;
966771;unknown;control;2022-12-15 00:00:00+00:00;0.307;;
966771;unknown;control;2022-12-15 00:15:00+00:00;0.3;;
966771;unknown;control;2022-12-15 00:30:00+00:00;0.299;;
966771;unknown;control;2022-12-15 00:45:00+00:00;0.402;;
966771;unknown;control;2022-12-15 01:00:00+00:00;1.06;;
966771;unknown;control;2022-12-15 01:15:00+00:00;1.078;;
966771;unknown;control;2022-12-15 01:30:00+00:00;2.26;;
966771;unknown;control;2022-12-15 01:45:00+00:00;2.005;;
966771;unknown;control;2022-12-15 02:00:00+00:00;2.273;;
966771;unknown;control;2022-12-15 02:15:00+00:00;2.287;;
966771;unknown;control;2022-12-15 02:30:00+00:00;2.314;;
966771;unknown;control;2022-12-15 02:45:00+00:00;1.949;;
966771;unknown;control;2022-12-15 03:00:00+00:00;2.239;;
966771;unknown;control;2022-12-15 03:15:00+00:00;2.31;;
966771;unknown;control;2022-12-15 03:30:00+00:00;2.323;;
966771;unknown;control;2022-12-15 03:45:00+00:00;1.15;;
966771;unknown;control;2022-12-15 04:00:00+00:00;1.096;;
966771;unknown;control;2022-12-15 04:15:00+00:00;1.097;;
966771;unknown;control;2022-12-15 04:30:00+00:00;1.09;;
966771;unknown;control;2022-12-15 04:45:00+00:00;0.778;;
966771;unknown;control;2022-12-15 05:00:00+00:00;1.874;;
966771;unknown;control;2022-12-15 05:15:00+00:00;2.348;;
966771;unknown;control;2022-12-15 05:30:00+00:00;2.268;;
966771;unknown;control;2022-12-15 05:45:00+00:00;1.954;;
966771;unknown;control;2022-12-15 06:00:00+00:00;1.126;;
966771;unknown;control;2022-12-15 06:15:00+00:00;1.175;;
966771;unknown;control;2022-12-15 06:30:00+00:00;1.112;;
966771;unknown;control;2022-12-15 06:45:00+00:00;0.363;;
966771;unknown;control;2022-12-15 07:00:00+00:00;0.668;;
966771;unknown;control;2022-12-15 07:15:00+00:00;0.925;;
966771;unknown;control;2022-12-15 07:30:00+00:00;0.355;;
966771;unknown;control;2022-12-15 07:45:00+00:00;0.359;;
966771;unknown;control;2022-12-15 08:00:00+00:00;0.394;;
966771;unknown;control;2022-12-15 08:15:00+00:00;0.371;;
966771;unknown;control;2022-12-15 08:30:00+00:00;0.446;;
966771;unknown;control;2022-12-15 08:45:00+00:00;0.491;;
966771;unknown;control;2022-12-15 09:00:00+00:00;0.501;;
966771;unknown;control;2022-12-15 09:15:00+00:00;0.485;;
966771;unknown;control;2022-12-15 09:30:00+00:00;0.37;;
966771;unknown;control;2022-12-15 09:45:00+00:00;0.434;;
966771;unknown;control;2022-12-15 10:00:00+00:00;0.42;;
966771;unknown;control;2022-12-15 10:15:00+00:00;0.923;;
966771;unknown;control;2022-12-15 10:30:00+00:00;1.101;;
966771;unknown;control;2022-12-15 10:45:00+00:00;1.277;;
966771;unknown;control;2022-12-15 11:00:00+00:00;0.81;;
966771;unknown;control;2022-12-15 11:15:00+00:00;1.055;;
966771;unknown;control;2022-12-15 11:30:00+00:00;1.079;;
966771;unknown;control;2022-12-15 11:45:00+00:00;0.978;;
966771;unknown;control;2022-12-15 12:00:00+00:00;0.899;;
966771;unknown;control;2022-12-15 12:15:00+00:00;1.127;;
966771;unknown;control;2022-12-15 12:30:00+00:00;1.091;;
966771;unknown;control;2022-12-15 12:45:00+00:00;0.902;;
966771;unknown;control;2022-12-15 13:00:00+00:00;1.072;;
966771;unknown;control;2022-12-15 13:15:00+00:00;0.286;;
966771;unknown;control;2022-12-15 13:30:00+00:00;0.32;;
966771;unknown;control;2022-12-15 13:45:00+00:00;0.378;;
966771;unknown;control;2022-12-15 14:00:00+00:00;0.35;;
966771;unknown;control;2022-12-15 14:15:00+00:00;0.316;;
966771;unknown;control;2022-12-15 14:30:00+00:00;0.315;;
966771;unknown;control;2022-12-15 14:45:00+00:00;0.349;;
966771;unknown;control;2022-12-15 15:00:00+00:00;0.356;;
966771;unknown;control;2022-12-15 15:15:00+00:00;0.473;;
966771;unknown;control;2022-12-15 15:30:00+00:00;0.64;;
966771;unknown;control;2022-12-15 15:45:00+00:00;0.543;;
966771;unknown;control;2022-12-15 16:00:00+00:00;0.817;;
966771;unknown;control;2022-12-15 16:15:00+00:00;0.604;;
966771;unknown;control;2022-12-15 16:30:00+00:00;0.507;;
966771;unknown;control;2022-12-15 16:45:00+00:00;1.196;;
966771;unknown;control;2022-12-15 17:00:00+00:00;1.232;;
966771;unknown;control;2022-12-15 17:15:00+00:00;1.262;;
966771;unknown;control;2022-12-15 17:30:00+00:00;1.294;;
966771;unknown;control;2022-12-15 17:45:00+00:00;1.003;;
966771;unknown;control;2022-12-15 18:00:00+00:00;1.331;;
966771;unknown;control;2022-12-15 18:15:00+00:00;1.292;;
966771;unknown;control;2022-12-15 18:30:00+00:00;1.376;;
966771;unknown;control;2022-12-15 18:45:00+00:00;1.259;;
966771;unknown;control;2022-12-15 19:00:00+00:00;0.972;;
966771;unknown;control;2022-12-15 19:15:00+00:00;1.202;;
966771;unknown;control;2022-12-15 19:30:00+00:00;1.317;;
966771;unknown;control;2022-12-15 19:45:00+00:00;1.243;;
966771;unknown;control;2022-12-15 20:00:00+00:00;0.509;;
966771;unknown;control;2022-12-15 20:15:00+00:00;0.508;;
966771;unknown;control;2022-12-15 20:30:00+00:00;0.509;;
966771;unknown;control;2022-12-15 20:45:00+00:00;0.448;;
966771;unknown;control;2022-12-15 21:00:00+00:00;0.405;;
966771;unknown;control;2022-12-15 21:15:00+00:00;0.38;;
966771;unknown;control;2022-12-15 21:30:00+00:00;0.411;;
966771;unknown;control;2022-12-15 21:45:00+00:00;0.387;;
966771;unknown;control;2022-12-15 22:00:00+00:00;0.38;;
966771;unknown;control;2022-12-15 22:15:00+00:00;0.381;;
966771;unknown;control;2022-12-15 22:30:00+00:00;0.387;;
966771;unknown;control;2022-12-15 22:45:00+00:00;0.402;;
966771;unknown;control;2022-12-15 23:00:00+00:00;0.352;;
966771;unknown;control;2022-12-15 23:15:00+00:00;0.349;;
966771;unknown;control;2022-12-15 23:30:00+00:00;0.362;;
966771;unknown;control;2022-12-15 23:45:00+00:00;0.376;;
966771;unknown;control;2022-12-16 00:00:00+00:00;0.375;;
966771;unknown;control;2022-12-16 00:15:00+00:00;0.644;;
966771;unknown;control;2022-12-16 00:30:00+00:00;1.093;;
966771;unknown;control;2022-12-16 00:45:00+00:00;1.084;;
966771;unknown;control;2022-12-16 01:00:00+00:00;1.097;;
966771;unknown;control;2022-12-16 01:15:00+00:00;1.076;;
966771;unknown;control;2022-12-16 01:30:00+00:00;1.904;;
966771;unknown;control;2022-12-16 01:45:00+00:00;2.301;;
966771;unknown;control;2022-12-16 02:00:00+00:00;2.3;;
966771;unknown;control;2022-12-16 02:15:00+00:00;2.308;;
966771;unknown;control;2022-12-16 02:30:00+00:00;1.753;;
966771;unknown;control;2022-12-16 02:45:00+00:00;0.869;;
966771;unknown;control;2022-12-16 03:00:00+00:00;0.943;;
966771;unknown;control;2022-12-16 03:15:00+00:00;1.14;;
966771;unknown;control;2022-12-16 03:30:00+00:00;1.167;;
966771;unknown;control;2022-12-16 03:45:00+00:00;1.179;;
966771;unknown;control;2022-12-16 04:00:00+00:00;1.163;;
966771;unknown;control;2022-12-16 04:15:00+00:00;0.73;;
966771;unknown;control;2022-12-16 04:30:00+00:00;1.131;;
966771;unknown;control;2022-12-16 04:45:00+00:00;1.17;;
966771;unknown;control;2022-12-16 05:00:00+00:00;1.203;;
966771;unknown;control;2022-12-16 05:15:00+00:00;1.28;;
966771;unknown;control;2022-12-16 05:30:00+00:00;2.417;;
966771;unknown;control;2022-12-16 05:45:00+00:00;1.977;;
966771;unknown;control;2022-12-16 06:00:00+00:00;1.123;;
966771;unknown;control;2022-12-16 06:15:00+00:00;1.203;;
966771;unknown;control;2022-12-16 06:30:00+00:00;1.117;;
966771;unknown;control;2022-12-16 06:45:00+00:00;0.391;;
966771;unknown;control;2022-12-16 07:00:00+00:00;0.353;;
966771;unknown;control;2022-12-16 07:15:00+00:00;0.377;;
966771;unknown;control;2022-12-16 07:30:00+00:00;0.363;;
966771;unknown;control;2022-12-16 07:45:00+00:00;0.362;;
966771;unknown;control;2022-12-16 08:00:00+00:00;0.369;;
966771;unknown;control;2022-12-16 08:15:00+00:00;0.326;;
966771;unknown;control;2022-12-16 08:30:00+00:00;0.326;;
966771;unknown;control;2022-12-16 08:45:00+00:00;0.334;;
966771;unknown;control;2022-12-16 09:00:00+00:00;0.634;;
966771;unknown;control;2022-12-16 09:15:00+00:00;0.631;;
966771;unknown;control;2022-12-16 09:30:00+00:00;0.37;;
966771;unknown;control;2022-12-16 09:45:00+00:00;0.483;;
966771;unknown;control;2022-12-16 10:00:00+00:00;0.57;;
966771;unknown;control;2022-12-16 10:15:00+00:00;0.914;;
966771;unknown;control;2022-12-16 10:30:00+00:00;1.253;;
966771;unknown;control;2022-12-16 10:45:00+00:00;1.063;;
966771;unknown;control;2022-12-16 11:00:00+00:00;1.02;;
966771;unknown;control;2022-12-16 11:15:00+00:00;1.016;;
966771;unknown;control;2022-12-16 11:30:00+00:00;1.015;;
966771;unknown;control;2022-12-16 11:45:00+00:00;1.044;;
966771;unknown;control;2022-12-16 12:00:00+00:00;1.188;;
966771;unknown;control;2022-12-16 12:15:00+00:00;1.078;;
966771;unknown;control;2022-12-16 12:30:00+00:00;1.14;;
966771;unknown;control;2022-12-16 12:45:00+00:00;1.38;;
966771;unknown;control;2022-12-16 13:00:00+00:00;0.999;;
966771;unknown;control;2022-12-16 13:15:00+00:00;0.279;;
966771;unknown;control;2022-12-16 13:30:00+00:00;0.268;;
966771;unknown;control;2022-12-16 13:45:00+00:00;0.337;;
966771;unknown;control;2022-12-16 14:00:00+00:00;0.342;;
966771;unknown;control;2022-12-16 14:15:00+00:00;0.319;;
966771;unknown;control;2022-12-16 14:30:00+00:00;0.372;;
966771;unknown;control;2022-12-16 14:45:00+00:00;0.379;;
966771;unknown;control;2022-12-16 15:00:00+00:00;0.397;;
966771;unknown;control;2022-12-16 15:15:00+00:00;0.395;;
966771;unknown;control;2022-12-16 15:30:00+00:00;0.396;;
966771;unknown;control;2022-12-16 15:45:00+00:00;0.453;;
966771;unknown;control;2022-12-16 16:00:00+00:00;0.468;;
966771;unknown;control;2022-12-16 16:15:00+00:00;0.412;;
966771;unknown;control;2022-12-16 16:30:00+00:00;0.464;;
966771;unknown;control;2022-12-16 16:45:00+00:00;0.963;;
966771;unknown;control;2022-12-16 17:00:00+00:00;1.177;;
966771;unknown;control;2022-12-16 17:15:00+00:00;1.187;;
966771;unknown;control;2022-12-16 17:30:00+00:00;1.251;;
966771;unknown;control;2022-12-16 17:45:00+00:00;1.173;;
966771;unknown;control;2022-12-16 18:00:00+00:00;1.135;;
966771;unknown;control;2022-12-16 18:15:00+00:00;0.856;;
966771;unknown;control;2022-12-16 18:30:00+00:00;1.07;;
966771;unknown;control;2022-12-16 18:45:00+00:00;1.188;;
966771;unknown;control;2022-12-16 19:00:00+00:00;1.227;;
966771;unknown;control;2022-12-16 19:15:00+00:00;1.214;;
966771;unknown;control;2022-12-16 19:30:00+00:00;1.187;;
966771;unknown;control;2022-12-16 19:45:00+00:00;1.133;;
966771;unknown;control;2022-12-16 20:00:00+00:00;0.451;;
966771;unknown;control;2022-12-16 20:15:00+00:00;0.466;;
966771;unknown;control;2022-12-16 20:30:00+00:00;0.487;;
966771;unknown;control;2022-12-16 20:45:00+00:00;0.621;;
966771;unknown;control;2022-12-16 21:00:00+00:00;0.456;;
966771;unknown;control;2022-12-16 21:15:00+00:00;0.444;;
966771;unknown;control;2022-12-16 21:30:00+00:00;0.466;;
966771;unknown;control;2022-12-16 21:45:00+00:00;0.389;;
966771;unknown;control;2022-12-16 22:00:00+00:00;0.372;;
966771;unknown;control;2022-12-16 22:15:00+00:00;0.383;;
966771;unknown;control;2022-12-16 22:30:00+00:00;0.436;;
966771;unknown;control;2022-12-16 22:45:00+00:00;0.396;;
966771;unknown;control;2022-12-16 23:00:00+00:00;0.436;;
966771;unknown;control;2022-12-16 23:15:00+00:00;0.434;;
966771;unknown;control;2022-12-16 23:30:00+00:00;0.41;;
966771;unknown;control;2022-12-16 23:45:00+00:00;0.473;;
966771;unknown;control;2022-12-17 00:00:00+00:00;0.989;;
966771;unknown;control;2022-12-17 00:15:00+00:00;1.177;;
966771;unknown;control;2022-12-17 00:30:00+00:00;1.2;;
966771;unknown;control;2022-12-17 00:45:00+00:00;1.197;;
966771;unknown;control;2022-12-17 01:00:00+00:00;1.181;;
966771;unknown;control;2022-12-17 01:15:00+00:00;1.145;;
966771;unknown;control;2022-12-17 01:30:00+00:00;2.304;;
966771;unknown;control;2022-12-17 01:45:00+00:00;2.336;;
966771;unknown;control;2022-12-17 02:00:00+00:00;2.354;;
966771;unknown;control;2022-12-17 02:15:00+00:00;1.91;;
966771;unknown;control;2022-12-17 02:30:00+00:00;2.299;;
966771;unknown;control;2022-12-17 02:45:00+00:00;2.377;;
966771;unknown;control;2022-12-17 03:00:00+00:00;2.435;;
966771;unknown;control;2022-12-17 03:15:00+00:00;2.411;;
966771;unknown;control;2022-12-17 03:30:00+00:00;2.436;;
966771;unknown;control;2022-12-17 03:45:00+00:00;1.518;;
966771;unknown;control;2022-12-17 04:00:00+00:00;1.239;;
966771;unknown;control;2022-12-17 04:15:00+00:00;1.228;;
966771;unknown;control;2022-12-17 04:30:00+00:00;1.239;;
966771;unknown;control;2022-12-17 04:45:00+00:00;1.253;;
966771;unknown;control;2022-12-17 05:00:00+00:00;1.091;;
966771;unknown;control;2022-12-17 05:15:00+00:00;0.823;;
966771;unknown;control;2022-12-17 05:30:00+00:00;1.249;;
966771;unknown;control;2022-12-17 05:45:00+00:00;1.295;;
966771;unknown;control;2022-12-17 06:00:00+00:00;1.329;;
966771;unknown;control;2022-12-17 06:15:00+00:00;1.322;;
966771;unknown;control;2022-12-17 06:30:00+00:00;1.23;;
966771;unknown;control;2022-12-17 06:45:00+00:00;0.494;;
966771;unknown;control;2022-12-17 07:00:00+00:00;0.501;;
966771;unknown;control;2022-12-17 07:15:00+00:00;0.521;;
966771;unknown;control;2022-12-17 07:30:00+00:00;0.483;;
966771;unknown;control;2022-12-17 07:45:00+00:00;0.427;;
966771;unknown;control;2022-12-17 08:00:00+00:00;0.394;;
966771;unknown;control;2022-12-17 08:15:00+00:00;0.64;;
966771;unknown;control;2022-12-17 08:30:00+00:00;0.474;;
966771;unknown;control;2022-12-17 08:45:00+00:00;0.783;;
966771;unknown;control;2022-12-17 09:00:00+00:00;0.49;;
966771;unknown;control;2022-12-17 09:15:00+00:00;0.374;;
966771;unknown;control;2022-12-17 09:30:00+00:00;0.39;;
966771;unknown;control;2022-12-17 09:45:00+00:00;0.408;;
966771;unknown;control;2022-12-17 10:00:00+00:00;0.534;;
966771;unknown;control;2022-12-17 10:15:00+00:00;0.975;;
966771;unknown;control;2022-12-17 10:30:00+00:00;1.084;;
966771;unknown;control;2022-12-17 10:45:00+00:00;1.046;;
966771;unknown;control;2022-12-17 11:00:00+00:00;1.031;;
966771;unknown;control;2022-12-17 11:15:00+00:00;1.089;;
966771;unknown;control;2022-12-17 11:30:00+00:00;1.05;;
966771;unknown;control;2022-12-17 11:45:00+00:00;1.096;;
966771;unknown;control;2022-12-17 12:00:00+00:00;1.088;;
966771;unknown;control;2022-12-17 12:15:00+00:00;0.834;;
966771;unknown;control;2022-12-17 12:30:00+00:00;0.902;;
966771;unknown;control;2022-12-17 12:45:00+00:00;1.153;;
966771;unknown;control;2022-12-17 13:00:00+00:00;1.072;;
966771;unknown;control;2022-12-17 13:15:00+00:00;0.405;;
966771;unknown;control;2022-12-17 13:30:00+00:00;0.379;;
966771;unknown;control;2022-12-17 13:45:00+00:00;0.368;;
966771;unknown;control;2022-12-17 14:00:00+00:00;0.429;;
966771;unknown;control;2022-12-17 14:15:00+00:00;0.377;;
966771;unknown;control;2022-12-17 14:30:00+00:00;0.399;;
966771;unknown;control;2022-12-17 14:45:00+00:00;0.419;;
966771;unknown;control;2022-12-17 15:00:00+00:00;0.433;;
966771;unknown;control;2022-12-17 15:15:00+00:00;0.394;;
966771;unknown;control;2022-12-17 15:30:00+00:00;0.446;;
966771;unknown;control;2022-12-17 15:45:00+00:00;0.461;;
966771;unknown;control;2022-12-17 16:00:00+00:00;0.432;;
966771;unknown;control;2022-12-17 16:15:00+00:00;0.44;;
966771;unknown;control;2022-12-17 16:30:00+00:00;0.45;;
966771;unknown;control;2022-12-17 16:45:00+00:00;0.951;;
966771;unknown;control;2022-12-17 17:00:00+00:00;1.167;;
966771;unknown;control;2022-12-17 17:15:00+00:00;1.176;;
966771;unknown;control;2022-12-17 17:30:00+00:00;1.347;;
966771;unknown;control;2022-12-17 17:45:00+00:00;1.218;;
966771;unknown;control;2022-12-17 18:00:00+00:00;1.252;;
966771;unknown;control;2022-12-17 18:15:00+00:00;1.199;;
966771;unknown;control;2022-12-17 18:30:00+00:00;1.234;;
966771;unknown;control;2022-12-17 18:45:00+00:00;1.161;;
966771;unknown;control;2022-12-17 19:00:00+00:00;0.781;;
966771;unknown;control;2022-12-17 19:15:00+00:00;1.101;;
966771;unknown;control;2022-12-17 19:30:00+00:00;1.258;;
966771;unknown;control;2022-12-17 19:45:00+00:00;1.168;;
966771;unknown;control;2022-12-17 20:00:00+00:00;0.452;;
966771;unknown;control;2022-12-17 20:15:00+00:00;0.471;;
966771;unknown;control;2022-12-17 20:30:00+00:00;0.482;;
966771;unknown;control;2022-12-17 20:45:00+00:00;0.504;;
966771;unknown;control;2022-12-17 21:00:00+00:00;0.496;;
966771;unknown;control;2022-12-17 21:15:00+00:00;0.497;;
966771;unknown;control;2022-12-17 21:30:00+00:00;0.452;;
966771;unknown;control;2022-12-17 21:45:00+00:00;0.482;;
966771;unknown;control;2022-12-17 22:00:00+00:00;0.43;;
966771;unknown;control;2022-12-17 22:15:00+00:00;0.481;;
966771;unknown;control;2022-12-17 22:30:00+00:00;0.441;;
966771;unknown;control;2022-12-17 22:45:00+00:00;0.464;;
966771;unknown;control;2022-12-17 23:00:00+00:00;0.381;;
966771;unknown;control;2022-12-17 23:15:00+00:00;0.432;;
966771;unknown;control;2022-12-17 23:30:00+00:00;0.853;;
966771;unknown;control;2022-12-17 23:45:00+00:00;1.162;;
966771;unknown;control;2022-12-18 00:00:00+00:00;1.195;;
966771;unknown;control;2022-12-18 00:15:00+00:00;1.18;;
966771;unknown;control;2022-12-18 00:30:00+00:00;1.124;;
966771;unknown;control;2022-12-18 00:45:00+00:00;1.166;;
966771;unknown;control;2022-12-18 01:00:00+00:00;1.11;;
966771;unknown;control;2022-12-18 01:15:00+00:00;1.171;;
966771;unknown;control;2022-12-18 01:30:00+00:00;2.269;;
966771;unknown;control;2022-12-18 01:45:00+00:00;1.899;;
966771;unknown;control;2022-12-18 02:00:00+00:00;2.251;;
966771;unknown;control;2022-12-18 02:15:00+00:00;2.338;;
966771;unknown;control;2022-12-18 02:30:00+00:00;2.322;;
966771;unknown;control;2022-12-18 02:45:00+00:00;2.356;;
966771;unknown;control;2022-12-18 03:00:00+00:00;2.39;;
966771;unknown;control;2022-12-18 03:15:00+00:00;2.316;;
966771;unknown;control;2022-12-18 03:30:00+00:00;2.369;;
966771;unknown;control;2022-12-18 03:45:00+00:00;2.316;;
966771;unknown;control;2022-12-18 04:00:00+00:00;1.928;;
966771;unknown;control;2022-12-18 04:15:00+00:00;0.778;;
966771;unknown;control;2022-12-18 04:30:00+00:00;1.197;;
966771;unknown;control;2022-12-18 04:45:00+00:00;1.167;;
966771;unknown;control;2022-12-18 05:00:00+00:00;1.213;;
966771;unknown;control;2022-12-18 05:15:00+00:00;1.184;;
966771;unknown;control;2022-12-18 05:30:00+00:00;1.17;;
966771;unknown;control;2022-12-18 05:45:00+00:00;1.159;;
966771;unknown;control;2022-12-18 06:00:00+00:00;1.18;;
966771;unknown;control;2022-12-18 06:15:00+00:00;1.169;;
966771;unknown;control;2022-12-18 06:30:00+00:00;0.771;;
966771;unknown;control;2022-12-18 06:45:00+00:00;1.055;;
966771;unknown;control;2022-12-18 07:00:00+00:00;1.161;;
966771;unknown;control;2022-12-18 07:15:00+00:00;0.396;;
966771;unknown;control;2022-12-18 07:30:00+00:00;0.756;;
966771;unknown;control;2022-12-18 07:45:00+00:00;0.448;;
966771;unknown;control;2022-12-18 08:00:00+00:00;0.487;;
966771;unknown;control;2022-12-18 08:15:00+00:00;0.543;;
966771;unknown;control;2022-12-18 08:30:00+00:00;0.433;;
966771;unknown;control;2022-12-18 08:45:00+00:00;0.374;;
966771;unknown;control;2022-12-18 09:00:00+00:00;0.53;;
966771;unknown;control;2022-12-18 09:15:00+00:00;0.345;;
966771;unknown;control;2022-12-18 09:30:00+00:00;0.317;;
966771;unknown;control;2022-12-18 09:45:00+00:00;0.318;;
966771;unknown;control;2022-12-18 10:00:00+00:00;0.327;;
966771;unknown;control;2022-12-18 10:15:00+00:00;0.297;;
966771;unknown;control;2022-12-18 10:30:00+00:00;0.835;;
966771;unknown;control;2022-12-18 10:45:00+00:00;1.098;;
966771;unknown;control;2022-12-18 11:00:00+00:00;1.068;;
966771;unknown;control;2022-12-18 11:15:00+00:00;1.037;;
966771;unknown;control;2022-12-18 11:30:00+00:00;1.012;;
966771;unknown;control;2022-12-18 11:45:00+00:00;1.08;;
966771;unknown;control;2022-12-18 12:00:00+00:00;1.026;;
966771;unknown;control;2022-12-18 12:15:00+00:00;0.684;;
966771;unknown;control;2022-12-18 12:30:00+00:00;1.095;;
966771;unknown;control;2022-12-18 12:45:00+00:00;1.173;;
966771;unknown;control;2022-12-18 13:00:00+00:00;1.034;;
966771;unknown;control;2022-12-18 13:15:00+00:00;0.44;;
966771;unknown;control;2022-12-18 13:30:00+00:00;0.803;;
966771;unknown;control;2022-12-18 13:45:00+00:00;0.405;;
966771;unknown;control;2022-12-18 14:00:00+00:00;0.342;;
966771;unknown;control;2022-12-18 14:15:00+00:00;0.687;;
966771;unknown;control;2022-12-18 14:30:00+00:00;0.399;;
966771;unknown;control;2022-12-18 14:45:00+00:00;0.339;;
966771;unknown;control;2022-12-18 15:00:00+00:00;0.38;;
966771;unknown;control;2022-12-18 15:15:00+00:00;0.34;;
966771;unknown;control;2022-12-18 15:30:00+00:00;0.37;;
966771;unknown;control;2022-12-18 15:45:00+00:00;0.413;;
966771;unknown;control;2022-12-18 16:00:00+00:00;0.629;;
966771;unknown;control;2022-12-18 16:15:00+00:00;0.518;;
966771;unknown;control;2022-12-18 16:30:00+00:00;1.039;;
966771;unknown;control;2022-12-18 16:45:00+00:00;1.277;;
966771;unknown;control;2022-12-18 17:00:00+00:00;1.491;;
966771;unknown;control;2022-12-18 17:15:00+00:00;1.305;;
966771;unknown;control;2022-12-18 17:30:00+00:00;1.198;;
966771;unknown;control;2022-12-18 17:45:00+00:00;1.261;;
966771;unknown;control;2022-12-18 18:00:00+00:00;1.083;;
966771;unknown;control;2022-12-18 18:15:00+00:00;0.957;;
966771;unknown;control;2022-12-18 18:30:00+00:00;1.316;;
966771;unknown;control;2022-12-18 18:45:00+00:00;1.254;;
966771;unknown;control;2022-12-18 19:00:00+00:00;1.27;;
966771;unknown;control;2022-12-18 19:15:00+00:00;1.254;;
966771;unknown;control;2022-12-18 19:30:00+00:00;1.212;;
966771;unknown;control;2022-12-18 19:45:00+00:00;1.153;;
966771;unknown;control;2022-12-18 20:00:00+00:00;0.468;;
966771;unknown;control;2022-12-18 20:15:00+00:00;0.411;;
966771;unknown;control;2022-12-18 20:30:00+00:00;0.392;;
966771;unknown;control;2022-12-18 20:45:00+00:00;0.429;;
966771;unknown;control;2022-12-18 21:00:00+00:00;0.386;;
966771;unknown;control;2022-12-18 21:15:00+00:00;0.364;;
966771;unknown;control;2022-12-18 21:30:00+00:00;0.386;;
966771;unknown;control;2022-12-18 21:45:00+00:00;0.408;;
966771;unknown;control;2022-12-18 22:00:00+00:00;0.379;;
966771;unknown;control;2022-12-18 22:15:00+00:00;0.365;;
966771;unknown;control;2022-12-18 22:30:00+00:00;0.372;;
966771;unknown;control;2022-12-18 22:45:00+00:00;0.402;;
966771;unknown;control;2022-12-18 23:00:00+00:00;0.358;;
966771;unknown;control;2022-12-18 23:15:00+00:00;0.362;;
966771;unknown;control;2022-12-18 23:30:00+00:00;0.452;;
966771;unknown;control;2022-12-18 23:45:00+00:00;0.858;;
966771;unknown;control;2022-12-19 00:00:00+00:00;1.111;;
966771;unknown;control;2022-12-19 00:15:00+00:00;1.152;;
966771;unknown;control;2022-12-19 00:30:00+00:00;1.113;;
966771;unknown;control;2022-12-19 00:45:00+00:00;1.125;;
966771;unknown;control;2022-12-19 01:00:00+00:00;1.137;;
966771;unknown;control;2022-12-19 01:15:00+00:00;1.1;;
966771;unknown;control;2022-12-19 01:30:00+00:00;2.09;;
966771;unknown;control;2022-12-19 01:45:00+00:00;2.022;;
966771;unknown;control;2022-12-19 02:00:00+00:00;2.288;;
966771;unknown;control;2022-12-19 02:15:00+00:00;2.31;;
966771;unknown;control;2022-12-19 02:30:00+00:00;2.335;;
966771;unknown;control;2022-12-19 02:45:00+00:00;2.317;;
966771;unknown;control;2022-12-19 03:00:00+00:00;2.341;;
966771;unknown;control;2022-12-19 03:15:00+00:00;2.314;;
966771;unknown;control;2022-12-19 03:30:00+00:00;1.459;;
966771;unknown;control;2022-12-19 03:45:00+00:00;0.906;;
966771;unknown;control;2022-12-19 04:00:00+00:00;1.169;;
966771;unknown;control;2022-12-19 04:15:00+00:00;1.146;;
966771;unknown;control;2022-12-19 04:30:00+00:00;1.14;;
966771;unknown;control;2022-12-19 04:45:00+00:00;1.184;;
966771;unknown;control;2022-12-19 05:00:00+00:00;1.153;;
966771;unknown;control;2022-12-19 05:15:00+00:00;1.157;;
966771;unknown;control;2022-12-19 05:30:00+00:00;0.742;;
966771;unknown;control;2022-12-19 05:45:00+00:00;2.205;;
966771;unknown;control;2022-12-19 06:00:00+00:00;1.207;;
966771;unknown;control;2022-12-19 06:15:00+00:00;1.175;;
966771;unknown;control;2022-12-19 06:30:00+00:00;1.128;;
966771;unknown;control;2022-12-19 06:45:00+00:00;0.381;;
966771;unknown;control;2022-12-19 07:00:00+00:00;0.757;;
966771;unknown;control;2022-12-19 07:15:00+00:00;0.907;;
966771;unknown;control;2022-12-19 07:30:00+00:00;0.426;;
966771;unknown;control;2022-12-19 07:45:00+00:00;0.379;;
966771;unknown;control;2022-12-19 08:00:00+00:00;0.375;;
966771;unknown;control;2022-12-19 08:15:00+00:00;0.908;;
966771;unknown;control;2022-12-19 08:30:00+00:00;0.601;;
966771;unknown;control;2022-12-19 08:45:00+00:00;0.535;;
966771;unknown;control;2022-12-19 09:00:00+00:00;0.503;;
966771;unknown;control;2022-12-19 09:15:00+00:00;0.48;;
966771;unknown;control;2022-12-19 09:30:00+00:00;0.304;;
966771;unknown;control;2022-12-19 09:45:00+00:00;0.311;;
966771;unknown;control;2022-12-19 10:00:00+00:00;0.149;;
966771;unknown;control;2022-12-19 10:15:00+00:00;0.736;;
966771;unknown;control;2022-12-19 10:30:00+00:00;0.956;;
966771;unknown;control;2022-12-19 10:45:00+00:00;1.156;;
966771;unknown;control;2022-12-19 11:00:00+00:00;0.987;;
966771;unknown;control;2022-12-19 11:15:00+00:00;0.955;;
966771;unknown;control;2022-12-19 11:30:00+00:00;0.657;;
966771;unknown;control;2022-12-19 11:45:00+00:00;0.989;;
966771;unknown;control;2022-12-19 12:00:00+00:00;0.911;;
966771;unknown;control;2022-12-19 12:15:00+00:00;1.234;;
966771;unknown;control;2022-12-19 12:30:00+00:00;1.432;;
966771;unknown;control;2022-12-19 12:45:00+00:00;0.944;;
966771;unknown;control;2022-12-19 13:00:00+00:00;0.955;;
966771;unknown;control;2022-12-19 13:15:00+00:00;0.247;;
966771;unknown;control;2022-12-19 13:30:00+00:00;0.26;;
966771;unknown;control;2022-12-19 13:45:00+00:00;0.237;;
966771;unknown;control;2022-12-19 14:00:00+00:00;0.752;;
966771;unknown;control;2022-12-19 14:15:00+00:00;0.436;;
966771;unknown;control;2022-12-19 14:30:00+00:00;0.548;;
966771;unknown;control;2022-12-19 14:45:00+00:00;0.521;;
966771;unknown;control;2022-12-19 15:00:00+00:00;0.522;;
966771;unknown;control;2022-12-19 15:15:00+00:00;0.49;;
966771;unknown;control;2022-12-19 15:30:00+00:00;0.433;;
966771;unknown;control;2022-12-19 15:45:00+00:00;0.397;;
966771;unknown;control;2022-12-19 16:00:00+00:00;0.378;;
966771;unknown;control;2022-12-19 16:15:00+00:00;0.377;;
966771;unknown;control;2022-12-19 16:30:00+00:00;0.422;;
966771;unknown;control;2022-12-19 16:45:00+00:00;1.079;;
966771;unknown;control;2022-12-19 17:00:00+00:00;1.137;;
966771;unknown;control;2022-12-19 17:15:00+00:00;1.131;;
966771;unknown;control;2022-12-19 17:30:00+00:00;1.358;;
966771;unknown;control;2022-12-19 17:45:00+00:00;1.218;;
966771;unknown;control;2022-12-19 18:00:00+00:00;0.852;;
966771;unknown;control;2022-12-19 18:15:00+00:00;1.121;;
966771;unknown;control;2022-12-19 18:30:00+00:00;1.18;;
966771;unknown;control;2022-12-19 18:45:00+00:00;1.2;;
966771;unknown;control;2022-12-19 19:00:00+00:00;1.222;;
966771;unknown;control;2022-12-19 19:15:00+00:00;1.215;;
966771;unknown;control;2022-12-19 19:30:00+00:00;0.806;;
966771;unknown;control;2022-12-19 19:45:00+00:00;1.091;;
966771;unknown;control;2022-12-19 20:00:00+00:00;0.408;;
966771;unknown;control;2022-12-19 20:15:00+00:00;0.438;;
966771;unknown;control;2022-12-19 20:30:00+00:00;0.446;;
966771;unknown;control;2022-12-19 20:45:00+00:00;0.403;;
966771;unknown;control;2022-12-19 21:00:00+00:00;0.387;;
966771;unknown;control;2022-12-19 21:15:00+00:00;0.395;;
966771;unknown;control;2022-12-19 21:30:00+00:00;0.37;;
966771;unknown;control;2022-12-19 21:45:00+00:00;0.366;;
966771;unknown;control;2022-12-19 22:00:00+00:00;0.343;;
966771;unknown;control;2022-12-19 22:15:00+00:00;0.336;;
966771;unknown;control;2022-12-19 22:30:00+00:00;0.357;;
966771;unknown;control;2022-12-19 22:45:00+00:00;0.356;;
966771;unknown;control;2022-12-19 23:00:00+00:00;0.391;;
966771;unknown;control;2022-12-19 23:15:00+00:00;0.355;;
966771;unknown;control;2022-12-19 23:30:00+00:00;0.327;;
966771;unknown;control;2022-12-19 23:45:00+00:00;0.329;;
966771;unknown;control;2022-12-20 00:00:00+00:00;0.706;;
966771;unknown;control;2022-12-20 00:15:00+00:00;1.132;;
966771;unknown;control;2022-12-20 00:30:00+00:00;1.112;;
966771;unknown;control;2022-12-20 00:45:00+00:00;1.081;;
966771;unknown;control;2022-12-20 01:00:00+00:00;1.075;;
966771;unknown;control;2022-12-20 01:15:00+00:00;1.128;;
966771;unknown;control;2022-12-20 01:30:00+00:00;1.908;;
966771;unknown;control;2022-12-20 01:45:00+00:00;2.263;;
966771;unknown;control;2022-12-20 02:00:00+00:00;2.337;;
966771;unknown;control;2022-12-20 02:15:00+00:00;2.362;;
966771;unknown;control;2022-12-20 02:30:00+00:00;2.313;;
966771;unknown;control;2022-12-20 02:45:00+00:00;1.393;;
966771;unknown;control;2022-12-20 03:00:00+00:00;1.16;;
966771;unknown;control;2022-12-20 03:15:00+00:00;0.699;;
966771;unknown;control;2022-12-20 03:30:00+00:00;1.106;;
966771;unknown;control;2022-12-20 03:45:00+00:00;1.213;;
966771;unknown;control;2022-12-20 04:00:00+00:00;1.161;;
966771;unknown;control;2022-12-20 04:15:00+00:00;1.118;;
966771;unknown;control;2022-12-20 04:30:00+00:00;1.141;;
966771;unknown;control;2022-12-20 04:45:00+00:00;1.161;;
966771;unknown;control;2022-12-20 05:00:00+00:00;0.748;;
966771;unknown;control;2022-12-20 05:15:00+00:00;1.007;;
966771;unknown;control;2022-12-20 05:30:00+00:00;1.209;;
966771;unknown;control;2022-12-20 05:45:00+00:00;1.207;;
966771;unknown;control;2022-12-20 06:00:00+00:00;1.221;;
966771;unknown;control;2022-12-20 06:15:00+00:00;1.192;;
966771;unknown;control;2022-12-20 06:30:00+00:00;1.118;;
966771;unknown;control;2022-12-20 06:45:00+00:00;0.391;;
966771;unknown;control;2022-12-20 07:00:00+00:00;0.357;;
966771;unknown;control;2022-12-20 07:15:00+00:00;0.36;;
966771;unknown;control;2022-12-20 07:30:00+00:00;0.354;;
966771;unknown;control;2022-12-20 07:45:00+00:00;0.347;;
966771;unknown;control;2022-12-20 08:00:00+00:00;0.249;;
966771;unknown;control;2022-12-20 08:15:00+00:00;0.337;;
966771;unknown;control;2022-12-20 08:30:00+00:00;0.271;;
966771;unknown;control;2022-12-20 08:45:00+00:00;0.235;;
966771;unknown;control;2022-12-20 09:00:00+00:00;0.225;;
966771;unknown;control;2022-12-20 09:15:00+00:00;0.241;;
966771;unknown;control;2022-12-20 09:30:00+00:00;0.225;;
966771;unknown;control;2022-12-20 09:45:00+00:00;0.163;;
966771;unknown;control;2022-12-20 10:00:00+00:00;0.183;;
966771;unknown;control;2022-12-20 10:15:00+00:00;0.531;;
966771;unknown;control;2022-12-20 10:30:00+00:00;0.875;;
966771;unknown;control;2022-12-20 10:45:00+00:00;0.886;;
966771;unknown;control;2022-12-20 11:00:00+00:00;0.998;;
966771;unknown;control;2022-12-20 11:15:00+00:00;0.99;;
966771;unknown;control;2022-12-20 11:30:00+00:00;0.995;;
966771;unknown;control;2022-12-20 11:45:00+00:00;0.776;;
966771;unknown;control;2022-12-20 12:00:00+00:00;0.987;;
966771;unknown;control;2022-12-20 12:15:00+00:00;1.081;;
966771;unknown;control;2022-12-20 12:30:00+00:00;0.876;;
966771;unknown;control;2022-12-20 12:45:00+00:00;1.074;;
966771;unknown;control;2022-12-20 13:00:00+00:00;0.979;;
966771;unknown;control;2022-12-20 13:15:00+00:00;0.246;;
966771;unknown;control;2022-12-20 13:30:00+00:00;0.223;;
966771;unknown;control;2022-12-20 13:45:00+00:00;0.221;;
966771;unknown;control;2022-12-20 14:00:00+00:00;0.16;;
966771;unknown;control;2022-12-20 14:15:00+00:00;0.24;;
966771;unknown;control;2022-12-20 14:30:00+00:00;0.303;;
966771;unknown;control;2022-12-20 14:45:00+00:00;0.257;;
966771;unknown;control;2022-12-20 15:00:00+00:00;0.308;;
966771;unknown;control;2022-12-20 15:15:00+00:00;0.268;;
966771;unknown;control;2022-12-20 15:30:00+00:00;0.34;;
966771;unknown;control;2022-12-20 15:45:00+00:00;0.324;;
966771;unknown;control;2022-12-20 16:00:00+00:00;0.348;;
966771;unknown;control;2022-12-20 16:15:00+00:00;0.538;;
966771;unknown;control;2022-12-20 16:30:00+00:00;0.396;;
966771;unknown;control;2022-12-20 16:45:00+00:00;1.054;;
966771;unknown;control;2022-12-20 17:00:00+00:00;1.183;;
966771;unknown;control;2022-12-20 17:15:00+00:00;1.095;;
966771;unknown;control;2022-12-20 17:30:00+00:00;1.257;;
966771;unknown;control;2022-12-20 17:45:00+00:00;1.238;;
966771;unknown;control;2022-12-20 18:00:00+00:00;0.953;;
966771;unknown;control;2022-12-20 18:15:00+00:00;1.148;;
966771;unknown;control;2022-12-20 18:30:00+00:00;1.172;;
966771;unknown;control;2022-12-20 18:45:00+00:00;0.96;;
966771;unknown;control;2022-12-20 19:00:00+00:00;1.243;;
966771;unknown;control;2022-12-20 19:15:00+00:00;1.664;;
966771;unknown;control;2022-12-20 19:30:00+00:00;1.166;;
966771;unknown;control;2022-12-20 19:45:00+00:00;1.102;;
966771;unknown;control;2022-12-20 20:00:00+00:00;0.446;;
966771;unknown;control;2022-12-20 20:15:00+00:00;0.804;;
966771;unknown;control;2022-12-20 20:30:00+00:00;0.39;;
966771;unknown;control;2022-12-20 20:45:00+00:00;0.277;;
966771;unknown;control;2022-12-20 21:00:00+00:00;0.308;;
966771;unknown;control;2022-12-20 21:15:00+00:00;0.318;;
966771;unknown;control;2022-12-20 21:30:00+00:00;0.252;;
966771;unknown;control;2022-12-20 21:45:00+00:00;0.331;;
966771;unknown;control;2022-12-20 22:00:00+00:00;0.279;;
966771;unknown;control;2022-12-20 22:15:00+00:00;0.274;;
966771;unknown;control;2022-12-20 22:30:00+00:00;0.313;;
966771;unknown;control;2022-12-20 22:45:00+00:00;0.235;;
966771;unknown;control;2022-12-20 23:00:00+00:00;0.3;;
966771;unknown;control;2022-12-20 23:15:00+00:00;0.296;;
966771;unknown;control;2022-12-20 23:30:00+00:00;0.284;;
966771;unknown;control;2022-12-20 23:45:00+00:00;0.29;;
966771;unknown;control;2022-12-21 00:00:00+00:00;0.314;;
966771;unknown;control;2022-12-21 00:15:00+00:00;0.304;;
966771;unknown;control;2022-12-21 00:30:00+00:00;0.254;;
966771;unknown;control;2022-12-21 00:45:00+00:00;0.658;;
966771;unknown;control;2022-12-21 01:00:00+00:00;1.064;;
966771;unknown;control;2022-12-21 01:15:00+00:00;0.977;;
966771;unknown;control;2022-12-21 01:30:00+00:00;2.179;;
966771;unknown;control;2022-12-21 01:45:00+00:00;1.87;;
966771;unknown;control;2022-12-21 02:00:00+00:00;1.505;;
966771;unknown;control;2022-12-21 02:15:00+00:00;1.491;;
966771;unknown;control;2022-12-21 02:30:00+00:00;1.877;;
966771;unknown;control;2022-12-21 02:45:00+00:00;1.652;;
966771;unknown;control;2022-12-21 03:00:00+00:00;0.597;;
966771;unknown;control;2022-12-21 03:15:00+00:00;0.315;;
966771;unknown;control;2022-12-21 03:30:00+00:00;0.946;;
966771;unknown;control;2022-12-21 03:45:00+00:00;1.053;;
966771;unknown;control;2022-12-21 04:00:00+00:00;0.88;;
966771;unknown;control;2022-12-21 04:15:00+00:00;1.075;;
966771;unknown;control;2022-12-21 04:30:00+00:00;1.108;;
966771;unknown;control;2022-12-21 04:45:00+00:00;0.848;;
966771;unknown;control;2022-12-21 05:00:00+00:00;1.111;;
966771;unknown;control;2022-12-21 05:15:00+00:00;1.872;;
966771;unknown;control;2022-12-21 05:30:00+00:00;2.013;;
966771;unknown;control;2022-12-21 05:45:00+00:00;1.095;;
966771;unknown;control;2022-12-21 06:00:00+00:00;0.972;;
966771;unknown;control;2022-12-21 06:15:00+00:00;0.263;;
966771;unknown;control;2022-12-21 06:30:00+00:00;0.267;;
966771;unknown;control;2022-12-21 06:45:00+00:00;0.211;;
966771;unknown;control;2022-12-21 07:00:00+00:00;0.209;;
966771;unknown;control;2022-12-21 07:15:00+00:00;0.296;;
966771;unknown;control;2022-12-21 07:30:00+00:00;0.247;;
966771;unknown;control;2022-12-21 07:45:00+00:00;0.207;;
966771;unknown;control;2022-12-21 08:00:00+00:00;0.221;;
966771;unknown;control;2022-12-21 08:15:00+00:00;0.209;;
966771;unknown;control;2022-12-21 08:30:00+00:00;0.231;;
966771;unknown;control;2022-12-21 08:45:00+00:00;0.234;;
966771;unknown;control;2022-12-21 09:00:00+00:00;0.245;;
966771;unknown;control;2022-12-21 09:15:00+00:00;0.205;;
966771;unknown;control;2022-12-21 09:30:00+00:00;0.207;;
966771;unknown;control;2022-12-21 09:45:00+00:00;0.152;;
966771;unknown;control;2022-12-21 10:00:00+00:00;0.3;;
966771;unknown;control;2022-12-21 10:15:00+00:00;0.982;;
966771;unknown;control;2022-12-21 10:30:00+00:00;1.029;;
966771;unknown;control;2022-12-21 10:45:00+00:00;0.744;;
966771;unknown;control;2022-12-21 11:00:00+00:00;0.544;;
966771;unknown;control;2022-12-21 11:15:00+00:00;0.598;;
966771;unknown;control;2022-12-21 11:30:00+00:00;0.986;;
966771;unknown;control;2022-12-21 11:45:00+00:00;0.349;;
966771;unknown;control;2022-12-21 12:00:00+00:00;0.105;;
966771;unknown;control;2022-12-21 12:15:00+00:00;0.115;;
966771;unknown;control;2022-12-21 12:30:00+00:00;0.116;;
966771;unknown;control;2022-12-21 12:45:00+00:00;0.386;;
966771;unknown;control;2022-12-21 13:00:00+00:00;0.867;;
966771;unknown;control;2022-12-21 13:15:00+00:00;0.168;;
966771;unknown;control;2022-12-21 13:30:00+00:00;0.253;;
966771;unknown;control;2022-12-21 13:45:00+00:00;0.104;;
966771;unknown;control;2022-12-21 14:00:00+00:00;0.166;;
966771;unknown;control;2022-12-21 14:15:00+00:00;0.155;;
966771;unknown;control;2022-12-21 14:30:00+00:00;0.209;;
966771;unknown;control;2022-12-21 14:45:00+00:00;0.172;;
966771;unknown;control;2022-12-21 15:00:00+00:00;0.153;;
966771;unknown;control;2022-12-21 15:15:00+00:00;0.228;;
966771;unknown;control;2022-12-21 15:30:00+00:00;0.16;;
966771;unknown;control;2022-12-21 15:45:00+00:00;0.207;;
966771;unknown;control;2022-12-21 16:00:00+00:00;0.212;;
966771;unknown;control;2022-12-21 16:15:00+00:00;0.191;;
966771;unknown;control;2022-12-21 16:30:00+00:00;0.307;;
966771;unknown;control;2022-12-21 16:45:00+00:00;1.032;;
966771;unknown;control;2022-12-21 17:00:00+00:00;1.322;;
966771;unknown;control;2022-12-21 17:15:00+00:00;1.615;;
966771;unknown;control;2022-12-21 17:30:00+00:00;0.31;;
966771;unknown;control;2022-12-21 17:45:00+00:00;0.268;;
966771;unknown;control;2022-12-21 18:00:00+00:00;0.255;;
966771;unknown;control;2022-12-21 18:15:00+00:00;0.798;;
966771;unknown;control;2022-12-21 18:30:00+00:00;0.791;;
966771;unknown;control;2022-12-21 18:45:00+00:00;0.284;;
966771;unknown;control;2022-12-21 19:00:00+00:00;0.291;;
966771;unknown;control;2022-12-21 19:15:00+00:00;0.463;;
966771;unknown;control;2022-12-21 19:30:00+00:00;1.104;;
966771;unknown;control;2022-12-21 19:45:00+00:00;0.874;;
966771;unknown;control;2022-12-21 20:00:00+00:00;0.259;;
966771;unknown;control;2022-12-21 20:15:00+00:00;0.262;;
966771;unknown;control;2022-12-21 20:30:00+00:00;0.212;;
966771;unknown;control;2022-12-21 20:45:00+00:00;0.25;;
966771;unknown;control;2022-12-21 21:00:00+00:00;0.25;;
966771;unknown;control;2022-12-21 21:15:00+00:00;0.242;;
966771;unknown;control;2022-12-21 21:30:00+00:00;0.248;;
966771;unknown;control;2022-12-21 21:45:00+00:00;0.245;;
966771;unknown;control;2022-12-21 22:00:00+00:00;0.242;;
966771;unknown;control;2022-12-21 22:15:00+00:00;0.25;;
966771;unknown;control;2022-12-21 22:30:00+00:00;0.228;;
966771;unknown;control;2022-12-21 22:45:00+00:00;0.206;;
966771;unknown;control;2022-12-21 23:00:00+00:00;0.197;;
966771;unknown;control;2022-12-21 23:15:00+00:00;0.191;;
966771;unknown;control;2022-12-21 23:30:00+00:00;0.202;;
966771;unknown;control;2022-12-21 23:45:00+00:00;0.205;;
966771;unknown;control;2022-12-22 00:00:00+00:00;0.195;;
966771;unknown;control;2022-12-22 00:15:00+00:00;0.206;;
966771;unknown;control;2022-12-22 00:30:00+00:00;0.16;;
966771;unknown;control;2022-12-22 00:45:00+00:00;0.195;;
966771;unknown;control;2022-12-22 01:00:00+00:00;0.203;;
966771;unknown;control;2022-12-22 01:15:00+00:00;0.2;;
966771;unknown;control;2022-12-22 01:30:00+00:00;1.411;;
966771;unknown;control;2022-12-22 01:45:00+00:00;1.414;;
966771;unknown;control;2022-12-22 02:00:00+00:00;1.443;;
966771;unknown;control;2022-12-22 02:15:00+00:00;1.372;;
966771;unknown;control;2022-12-22 02:30:00+00:00;1.438;;
966771;unknown;control;2022-12-22 02:45:00+00:00;1.389;;
966771;unknown;control;2022-12-22 03:00:00+00:00;1.417;;
966771;unknown;control;2022-12-22 03:15:00+00:00;1.475;;
966771;unknown;control;2022-12-22 03:30:00+00:00;1.119;;
966771;unknown;control;2022-12-22 03:45:00+00:00;1.015;;
966771;unknown;control;2022-12-22 04:00:00+00:00;0.411;;
966771;unknown;control;2022-12-22 04:15:00+00:00;0.184;;
966771;unknown;control;2022-12-22 04:30:00+00:00;0.613;;
966771;unknown;control;2022-12-22 04:45:00+00:00;0.983;;
966771;unknown;control;2022-12-22 05:00:00+00:00;0.21;;
966771;unknown;control;2022-12-22 05:15:00+00:00;0.17;;
966771;unknown;control;2022-12-22 05:30:00+00:00;0.551;;
966771;unknown;control;2022-12-22 05:45:00+00:00;1.063;;
966771;unknown;control;2022-12-22 06:00:00+00:00;0.549;;
966771;unknown;control;2022-12-22 06:15:00+00:00;0.302;;
966771;unknown;control;2022-12-22 06:30:00+00:00;0.476;;
966771;unknown;control;2022-12-22 06:45:00+00:00;0.393;;
966771;unknown;control;2022-12-22 07:00:00+00:00;0.219;;
966771;unknown;control;2022-12-22 07:15:00+00:00;0.202;;
966771;unknown;control;2022-12-22 07:30:00+00:00;0.265;;
966771;unknown;control;2022-12-22 07:45:00+00:00;0.64;;
966771;unknown;control;2022-12-22 08:00:00+00:00;0.143;;
966771;unknown;control;2022-12-22 08:15:00+00:00;0.136;;
966771;unknown;control;2022-12-22 08:30:00+00:00;0.144;;
966771;unknown;control;2022-12-22 08:45:00+00:00;0.201;;
966771;unknown;control;2022-12-22 09:00:00+00:00;0.172;;
966771;unknown;control;2022-12-22 09:15:00+00:00;0.273;;
966771;unknown;control;2022-12-22 09:30:00+00:00;0.115;;
966771;unknown;control;2022-12-22 09:45:00+00:00;0.109;;
966771;unknown;control;2022-12-22 10:00:00+00:00;0.14;;
966771;unknown;control;2022-12-22 10:15:00+00:00;0.871;;
966771;unknown;control;2022-12-22 10:30:00+00:00;0.354;;
966771;unknown;control;2022-12-22 10:45:00+00:00;0.114;;
966771;unknown;control;2022-12-22 11:00:00+00:00;0.114;;
966771;unknown;control;2022-12-22 11:15:00+00:00;0.234;;
966771;unknown;control;2022-12-22 11:30:00+00:00;0.245;;
966771;unknown;control;2022-12-22 11:45:00+00:00;0.139;;
966771;unknown;control;2022-12-22 12:00:00+00:00;0.13;;
966771;unknown;control;2022-12-22 12:15:00+00:00;0.114;;
966771;unknown;control;2022-12-22 12:30:00+00:00;0.163;;
966771;unknown;control;2022-12-22 12:45:00+00:00;0.614;;
966771;unknown;control;2022-12-22 13:00:00+00:00;0.166;;
966771;unknown;control;2022-12-22 13:15:00+00:00;0.113;;
966771;unknown;control;2022-12-22 13:30:00+00:00;0.444;;
966771;unknown;control;2022-12-22 13:45:00+00:00;0.148;;
966771;unknown;control;2022-12-22 14:00:00+00:00;0.094;;
966771;unknown;control;2022-12-22 14:15:00+00:00;0.094;;
966771;unknown;control;2022-12-22 14:30:00+00:00;0.152;;
966771;unknown;control;2022-12-22 14:45:00+00:00;0.095;;
966771;unknown;control;2022-12-22 15:00:00+00:00;0.143;;
966771;unknown;control;2022-12-22 15:15:00+00:00;0.106;;
966771;unknown;control;2022-12-22 15:30:00+00:00;0.145;;
966771;unknown;control;2022-12-22 15:45:00+00:00;0.163;;
966771;unknown;control;2022-12-22 16:00:00+00:00;0.365;;
966771;unknown;control;2022-12-22 16:15:00+00:00;0.164;;
966771;unknown;control;2022-12-22 16:30:00+00:00;0.287;;
966771;unknown;control;2022-12-22 16:45:00+00:00;0.949;;
966771;unknown;control;2022-12-22 17:00:00+00:00;0.986;;
966771;unknown;control;2022-12-22 17:15:00+00:00;0.296;;
966771;unknown;control;2022-12-22 17:30:00+00:00;0.304;;
966771;unknown;control;2022-12-22 17:45:00+00:00;0.244;;
966771;unknown;control;2022-12-22 18:00:00+00:00;1.033;;
966771;unknown;control;2022-12-22 18:15:00+00:00;0.651;;
966771;unknown;control;2022-12-22 18:30:00+00:00;0.281;;
966771;unknown;control;2022-12-22 18:45:00+00:00;0.237;;
966771;unknown;control;2022-12-22 19:00:00+00:00;0.231;;
966771;unknown;control;2022-12-22 19:15:00+00:00;0.355;;
966771;unknown;control;2022-12-22 19:30:00+00:00;1.009;;
966771;unknown;control;2022-12-22 19:45:00+00:00;0.775;;
966771;unknown;control;2022-12-22 20:00:00+00:00;0.237;;
966771;unknown;control;2022-12-22 20:15:00+00:00;0.235;;
966771;unknown;control;2022-12-22 20:30:00+00:00;0.18;;
966771;unknown;control;2022-12-22 20:45:00+00:00;0.233;;
966771;unknown;control;2022-12-22 21:00:00+00:00;0.212;;
966771;unknown;control;2022-12-22 21:15:00+00:00;0.173;;
966771;unknown;control;2022-12-22 21:30:00+00:00;0.193;;
966771;unknown;control;2022-12-22 21:45:00+00:00;0.196;;
966771;unknown;control;2022-12-22 22:00:00+00:00;0.149;;
966771;unknown;control;2022-12-22 22:15:00+00:00;0.201;;
966771;unknown;control;2022-12-22 22:30:00+00:00;0.146;;
966771;unknown;control;2022-12-22 22:45:00+00:00;0.195;;
966771;unknown;control;2022-12-22 23:00:00+00:00;0.148;;
966771;unknown;control;2022-12-22 23:15:00+00:00;0.138;;
966771;unknown;control;2022-12-22 23:30:00+00:00;0.184;;
966771;unknown;control;2022-12-22 23:45:00+00:00;0.145;;
966771;unknown;control;2022-12-23 00:00:00+00:00;0.181;;
966771;unknown;control;2022-12-23 00:15:00+00:00;0.148;;
966771;unknown;control;2022-12-23 00:30:00+00:00;0.177;;
966771;unknown;control;2022-12-23 00:45:00+00:00;0.151;;
966771;unknown;control;2022-12-23 01:00:00+00:00;0.142;;
966771;unknown;control;2022-12-23 01:15:00+00:00;0.177;;
966771;unknown;control;2022-12-23 01:30:00+00:00;1.38;;
966771;unknown;control;2022-12-23 01:45:00+00:00;1.38;;
966771;unknown;control;2022-12-23 02:00:00+00:00;1.384;;
966771;unknown;control;2022-12-23 02:15:00+00:00;1.392;;
966771;unknown;control;2022-12-23 02:30:00+00:00;1.394;;
966771;unknown;control;2022-12-23 02:45:00+00:00;1.397;;
966771;unknown;control;2022-12-23 03:00:00+00:00;1.388;;
966771;unknown;control;2022-12-23 03:15:00+00:00;1.438;;
966771;unknown;control;2022-12-23 03:30:00+00:00;1.864;;
966771;unknown;control;2022-12-23 03:45:00+00:00;0.676;;
966771;unknown;control;2022-12-23 04:00:00+00:00;0.166;;
966771;unknown;control;2022-12-23 04:15:00+00:00;0.159;;
966771;unknown;control;2022-12-23 04:30:00+00:00;0.127;;
966771;unknown;control;2022-12-23 04:45:00+00:00;0.53;;
966771;unknown;control;2022-12-23 05:00:00+00:00;0.744;;
966771;unknown;control;2022-12-23 05:15:00+00:00;0.171;;
966771;unknown;control;2022-12-23 05:30:00+00:00;0.131;;
966771;unknown;control;2022-12-23 05:45:00+00:00;0.151;;
966771;unknown;control;2022-12-23 06:00:00+00:00;0.177;;
966771;unknown;control;2022-12-23 06:15:00+00:00;0.128;;
966771;unknown;control;2022-12-23 06:30:00+00:00;0.168;;
966771;unknown;control;2022-12-23 06:45:00+00:00;0.149;;
966771;unknown;control;2022-12-23 07:00:00+00:00;0.094;;
966771;unknown;control;2022-12-23 07:15:00+00:00;0.162;;
966771;unknown;control;2022-12-23 07:30:00+00:00;0.113;;
966771;unknown;control;2022-12-23 07:45:00+00:00;0.296;;
966771;unknown;control;2022-12-23 08:00:00+00:00;0.122;;
966771;unknown;control;2022-12-23 08:15:00+00:00;0.113;;
966771;unknown;control;2022-12-23 08:30:00+00:00;0.125;;
966771;unknown;control;2022-12-23 08:45:00+00:00;0.138;;
966771;unknown;control;2022-12-23 09:00:00+00:00;0.117;;
966771;unknown;control;2022-12-23 09:15:00+00:00;0.108;;
966771;unknown;control;2022-12-23 09:30:00+00:00;0.116;;
966771;unknown;control;2022-12-23 09:45:00+00:00;0.099;;
966771;unknown;control;2022-12-23 10:00:00+00:00;0.167;;
966771;unknown;control;2022-12-23 10:15:00+00:00;0.888;;
966771;unknown;control;2022-12-23 10:30:00+00:00;0.37;;
966771;unknown;control;2022-12-23 10:45:00+00:00;0.134;;
966771;unknown;control;2022-12-23 11:00:00+00:00;0.128;;
966771;unknown;control;2022-12-23 11:15:00+00:00;0.112;;
966771;unknown;control;2022-12-23 11:30:00+00:00;0.424;;
966771;unknown;control;2022-12-23 11:45:00+00:00;0.576;;
966771;unknown;control;2022-12-23 12:00:00+00:00;0.21;;
966771;unknown;control;2022-12-23 12:15:00+00:00;0.208;;
966771;unknown;control;2022-12-23 12:30:00+00:00;0.122;;
966771;unknown;control;2022-12-23 12:45:00+00:00;0.124;;
966771;unknown;control;2022-12-23 13:00:00+00:00;0.231;;
966771;unknown;control;2022-12-23 13:15:00+00:00;0.102;;
966771;unknown;control;2022-12-23 13:30:00+00:00;0.104;;
966771;unknown;control;2022-12-23 13:45:00+00:00;0.097;;
966771;unknown;control;2022-12-23 14:00:00+00:00;0.12;;
966771;unknown;control;2022-12-23 14:15:00+00:00;0.208;;
966771;unknown;control;2022-12-23 14:30:00+00:00;0.116;;
966771;unknown;control;2022-12-23 14:45:00+00:00;0.163;;
966771;unknown;control;2022-12-23 15:00:00+00:00;0.143;;
966771;unknown;control;2022-12-23 15:15:00+00:00;0.129;;
966771;unknown;control;2022-12-23 15:30:00+00:00;0.138;;
966771;unknown;control;2022-12-23 15:45:00+00:00;0.131;;
966771;unknown;control;2022-12-23 16:00:00+00:00;0.169;;
966771;unknown;control;2022-12-23 16:15:00+00:00;0.206;;
966771;unknown;control;2022-12-23 16:30:00+00:00;0.249;;
966771;unknown;control;2022-12-23 16:45:00+00:00;0.938;;
966771;unknown;control;2022-12-23 17:00:00+00:00;0.504;;
966771;unknown;control;2022-12-23 17:15:00+00:00;0.317;;
966771;unknown;control;2022-12-23 17:30:00+00:00;0.252;;
966771;unknown;control;2022-12-23 17:45:00+00:00;0.272;;
966771;unknown;control;2022-12-23 18:00:00+00:00;0.191;;
966771;unknown;control;2022-12-23 18:15:00+00:00;0.22;;
966771;unknown;control;2022-12-23 18:30:00+00:00;0.219;;
966771;unknown;control;2022-12-23 18:45:00+00:00;0.22;;
966771;unknown;control;2022-12-23 19:00:00+00:00;0.214;;
966771;unknown;control;2022-12-23 19:15:00+00:00;0.201;;
966771;unknown;control;2022-12-23 19:30:00+00:00;0.212;;
966771;unknown;control;2022-12-23 19:45:00+00:00;0.255;;
966771;unknown;control;2022-12-23 20:00:00+00:00;0.183;;
966771;unknown;control;2022-12-23 20:15:00+00:00;0.19;;
966771;unknown;control;2022-12-23 20:30:00+00:00;0.192;;
966771;unknown;control;2022-12-23 20:45:00+00:00;0.251;;
966771;unknown;control;2022-12-23 21:00:00+00:00;0.151;;
966771;unknown;control;2022-12-23 21:15:00+00:00;0.152;;
966771;unknown;control;2022-12-23 21:30:00+00:00;0.192;;
966771;unknown;control;2022-12-23 21:45:00+00:00;0.196;;
966771;unknown;control;2022-12-23 22:00:00+00:00;0.15;;
966771;unknown;control;2022-12-23 22:15:00+00:00;0.137;;
966771;unknown;control;2022-12-23 22:30:00+00:00;0.193;;
966771;unknown;control;2022-12-23 22:45:00+00:00;0.146;;
966771;unknown;control;2022-12-23 23:00:00+00:00;0.174;;
966771;unknown;control;2022-12-23 23:15:00+00:00;0.145;;
966771;unknown;control;2022-12-23 23:30:00+00:00;0.143;;
966771;unknown;control;2022-12-23 23:45:00+00:00;0.137;;
966771;unknown;control;2022-12-24 00:00:00+00:00;0.103;;
966771;unknown;control;2022-12-24 00:15:00+00:00;0.139;;
966771;unknown;control;2022-12-24 00:30:00+00:00;0.141;;
966771;unknown;control;2022-12-24 00:45:00+00:00;0.097;;
966771;unknown;control;2022-12-24 01:00:00+00:00;0.12;;
966771;unknown;control;2022-12-24 01:15:00+00:00;0.109;;
966771;unknown;control;2022-12-24 01:30:00+00:00;1.365;;
966771;unknown;control;2022-12-24 01:45:00+00:00;1.354;;
966771;unknown;control;2022-12-24 02:00:00+00:00;1.312;;
966771;unknown;control;2022-12-24 02:15:00+00:00;1.374;;
966771;unknown;control;2022-12-24 02:30:00+00:00;1.329;;
966771;unknown;control;2022-12-24 02:45:00+00:00;1.396;;
966771;unknown;control;2022-12-24 03:00:00+00:00;1.195;;
966771;unknown;control;2022-12-24 03:15:00+00:00;0.19;;
966771;unknown;control;2022-12-24 03:30:00+00:00;0.889;;
966771;unknown;control;2022-12-24 03:45:00+00:00;0.882;;
966771;unknown;control;2022-12-24 04:00:00+00:00;0.309;;
966771;unknown;control;2022-12-24 04:15:00+00:00;0.156;;
966771;unknown;control;2022-12-24 04:30:00+00:00;0.589;;
966771;unknown;control;2022-12-24 04:45:00+00:00;0.838;;
966771;unknown;control;2022-12-24 05:00:00+00:00;0.175;;
966771;unknown;control;2022-12-24 05:15:00+00:00;0.187;;
966771;unknown;control;2022-12-24 05:30:00+00:00;0.164;;
966771;unknown;control;2022-12-24 05:45:00+00:00;0.899;;
966771;unknown;control;2022-12-24 06:00:00+00:00;0.506;;
966771;unknown;control;2022-12-24 06:15:00+00:00;0.171;;
966771;unknown;control;2022-12-24 06:30:00+00:00;0.205;;
966771;unknown;control;2022-12-24 06:45:00+00:00;0.143;;
966771;unknown;control;2022-12-24 07:00:00+00:00;0.215;;
966771;unknown;control;2022-12-24 07:15:00+00:00;0.153;;
966771;unknown;control;2022-12-24 07:30:00+00:00;0.185;;
966771;unknown;control;2022-12-24 07:45:00+00:00;0.184;;
966771;unknown;control;2022-12-24 08:00:00+00:00;0.142;;
966771;unknown;control;2022-12-24 08:15:00+00:00;0.197;;
966771;unknown;control;2022-12-24 08:30:00+00:00;0.408;;
966771;unknown;control;2022-12-24 08:45:00+00:00;0.144;;
966771;unknown;control;2022-12-24 09:00:00+00:00;0.16;;
966771;unknown;control;2022-12-24 09:15:00+00:00;0.159;;
966771;unknown;control;2022-12-24 09:30:00+00:00;0.125;;
966771;unknown;control;2022-12-24 09:45:00+00:00;0.164;;
966771;unknown;control;2022-12-24 10:00:00+00:00;0.382;;
966771;unknown;control;2022-12-24 10:15:00+00:00;1.303;;
966771;unknown;control;2022-12-24 10:30:00+00:00;0.69;;
966771;unknown;control;2022-12-24 10:45:00+00:00;0.507;;
966771;unknown;control;2022-12-24 11:00:00+00:00;0.121;;
966771;unknown;control;2022-12-24 11:15:00+00:00;0.251;;
966771;unknown;control;2022-12-24 11:30:00+00:00;0.873;;
966771;unknown;control;2022-12-24 11:45:00+00:00;0.302;;
966771;unknown;control;2022-12-24 12:00:00+00:00;0.11;;
966771;unknown;control;2022-12-24 12:15:00+00:00;0.127;;
966771;unknown;control;2022-12-24 12:30:00+00:00;0.208;;
966771;unknown;control;2022-12-24 12:45:00+00:00;0.112;;
966771;unknown;control;2022-12-24 13:00:00+00:00;0.632;;
966771;unknown;control;2022-12-24 13:15:00+00:00;0.105;;
966771;unknown;control;2022-12-24 13:30:00+00:00;0.24;;
966771;unknown;control;2022-12-24 13:45:00+00:00;0.194;;
966771;unknown;control;2022-12-24 14:00:00+00:00;0.174;;
966771;unknown;control;2022-12-24 14:15:00+00:00;0.205;;
966771;unknown;control;2022-12-24 14:30:00+00:00;0.156;;
966771;unknown;control;2022-12-24 14:45:00+00:00;0.143;;
966771;unknown;control;2022-12-24 15:00:00+00:00;0.247;;
966771;unknown;control;2022-12-24 15:15:00+00:00;0.306;;
966771;unknown;control;2022-12-24 15:30:00+00:00;0.229;;
966771;unknown;control;2022-12-24 15:45:00+00:00;0.28;;
966771;unknown;control;2022-12-24 16:00:00+00:00;0.29;;
966771;unknown;control;2022-12-24 16:15:00+00:00;0.239;;
966771;unknown;control;2022-12-24 16:30:00+00:00;0.408;;
966771;unknown;control;2022-12-24 16:45:00+00:00;0.943;;
966771;unknown;control;2022-12-24 17:00:00+00:00;1.042;;
966771;unknown;control;2022-12-24 17:15:00+00:00;1.006;;
966771;unknown;control;2022-12-24 17:30:00+00:00;0.313;;
966771;unknown;control;2022-12-24 17:45:00+00:00;0.246;;
966771;unknown;control;2022-12-24 18:00:00+00:00;0.956;;
966771;unknown;control;2022-12-24 18:15:00+00:00;0.819;;
966771;unknown;control;2022-12-24 18:30:00+00:00;0.245;;
966771;unknown;control;2022-12-24 18:45:00+00:00;0.338;;
966771;unknown;control;2022-12-24 19:00:00+00:00;0.774;;
966771;unknown;control;2022-12-24 19:15:00+00:00;0.85;;
966771;unknown;control;2022-12-24 19:30:00+00:00;0.28;;
966771;unknown;control;2022-12-24 19:45:00+00:00;0.271;;
966771;unknown;control;2022-12-24 20:00:00+00:00;0.258;;
966771;unknown;control;2022-12-24 20:15:00+00:00;0.269;;
966771;unknown;control;2022-12-24 20:30:00+00:00;0.225;;
966771;unknown;control;2022-12-24 20:45:00+00:00;0.272;;
966771;unknown;control;2022-12-24 21:00:00+00:00;0.256;;
966771;unknown;control;2022-12-24 21:15:00+00:00;0.247;;
966771;unknown;control;2022-12-24 21:30:00+00:00;0.175;;
966771;unknown;control;2022-12-24 21:45:00+00:00;0.209;;
966771;unknown;control;2022-12-24 22:00:00+00:00;0.198;;
966771;unknown;control;2022-12-24 22:15:00+00:00;0.15;;
966771;unknown;control;2022-12-24 22:30:00+00:00;0.188;;
966771;unknown;control;2022-12-24 22:45:00+00:00;0.18;;
966771;unknown;control;2022-12-24 23:00:00+00:00;0.162;;
966771;unknown;control;2022-12-24 23:15:00+00:00;0.193;;
966771;unknown;control;2022-12-24 23:30:00+00:00;0.189;;
966771;unknown;control;2022-12-24 23:45:00+00:00;0.189;;
966771;unknown;control;2022-12-25 00:00:00+00:00;0.137;;
966771;unknown;control;2022-12-25 00:15:00+00:00;0.196;;
966771;unknown;control;2022-12-25 00:30:00+00:00;0.146;;
966771;unknown;control;2022-12-25 00:45:00+00:00;0.203;;
966771;unknown;control;2022-12-25 01:00:00+00:00;0.198;;
966771;unknown;control;2022-12-25 01:15:00+00:00;0.188;;
966771;unknown;control;2022-12-25 01:30:00+00:00;1.383;;
966771;unknown;control;2022-12-25 01:45:00+00:00;1.428;;
966771;unknown;control;2022-12-25 02:00:00+00:00;1.424;;
966771;unknown;control;2022-12-25 02:15:00+00:00;1.437;;
966771;unknown;control;2022-12-25 02:30:00+00:00;1.465;;
966771;unknown;control;2022-12-25 02:45:00+00:00;1.428;;
966771;unknown;control;2022-12-25 03:00:00+00:00;1.43;;
966771;unknown;control;2022-12-25 03:15:00+00:00;0.743;;
966771;unknown;control;2022-12-25 03:30:00+00:00;0.936;;
966771;unknown;control;2022-12-25 03:45:00+00:00;0.991;;
966771;unknown;control;2022-12-25 04:00:00+00:00;0.97;;
966771;unknown;control;2022-12-25 04:15:00+00:00;1.006;;
966771;unknown;control;2022-12-25 04:30:00+00:00;0.443;;
966771;unknown;control;2022-12-25 04:45:00+00:00;0.345;;
966771;unknown;control;2022-12-25 05:00:00+00:00;0.979;;
966771;unknown;control;2022-12-25 05:15:00+00:00;1.021;;
966771;unknown;control;2022-12-25 05:30:00+00:00;0.997;;
966771;unknown;control;2022-12-25 05:45:00+00:00;0.734;;
966771;unknown;control;2022-12-25 06:00:00+00:00;0.214;;
966771;unknown;control;2022-12-25 06:15:00+00:00;0.225;;
966771;unknown;control;2022-12-25 06:30:00+00:00;0.702;;
966771;unknown;control;2022-12-25 06:45:00+00:00;1.013;;
966771;unknown;control;2022-12-25 07:00:00+00:00;0.725;;
966771;unknown;control;2022-12-25 07:15:00+00:00;0.205;;
966771;unknown;control;2022-12-25 07:30:00+00:00;0.216;;
966771;unknown;control;2022-12-25 07:45:00+00:00;0.195;;
966771;unknown;control;2022-12-25 08:00:00+00:00;0.195;;
966771;unknown;control;2022-12-25 08:15:00+00:00;0.34;;
966771;unknown;control;2022-12-25 08:30:00+00:00;0.445;;
966771;unknown;control;2022-12-25 08:45:00+00:00;0.155;;
966771;unknown;control;2022-12-25 09:00:00+00:00;0.298;;
966771;unknown;control;2022-12-25 09:15:00+00:00;0.175;;
966771;unknown;control;2022-12-25 09:30:00+00:00;0.166;;
966771;unknown;control;2022-12-25 09:45:00+00:00;0.155;;
966771;unknown;control;2022-12-25 10:00:00+00:00;0.108;;
966771;unknown;control;2022-12-25 10:15:00+00:00;0.391;;
966771;unknown;control;2022-12-25 10:30:00+00:00;1.333;;
966771;unknown;control;2022-12-25 10:45:00+00:00;0.898;;
966771;unknown;control;2022-12-25 11:00:00+00:00;0.124;;
966771;unknown;control;2022-12-25 11:15:00+00:00;0.36;;
966771;unknown;control;2022-12-25 11:30:00+00:00;0.63;;
966771;unknown;control;2022-12-25 11:45:00+00:00;0.955;;
966771;unknown;control;2022-12-25 12:00:00+00:00;0.29;;
966771;unknown;control;2022-12-25 12:15:00+00:00;0.13;;
966771;unknown;control;2022-12-25 12:30:00+00:00;0.112;;
966771;unknown;control;2022-12-25 12:45:00+00:00;0.119;;
966771;unknown;control;2022-12-25 13:00:00+00:00;0.115;;
966771;unknown;control;2022-12-25 13:15:00+00:00;0.09;;
966771;unknown;control;2022-12-25 13:30:00+00:00;0.101;;
966771;unknown;control;2022-12-25 13:45:00+00:00;0.14;;
966771;unknown;control;2022-12-25 14:00:00+00:00;0.149;;
966771;unknown;control;2022-12-25 14:15:00+00:00;0.149;;
966771;unknown;control;2022-12-25 14:30:00+00:00;0.138;;
966771;unknown;control;2022-12-25 14:45:00+00:00;0.136;;
966771;unknown;control;2022-12-25 15:00:00+00:00;0.19;;
966771;unknown;control;2022-12-25 15:15:00+00:00;0.171;;
966771;unknown;control;2022-12-25 15:30:00+00:00;0.229;;
966771;unknown;control;2022-12-25 15:45:00+00:00;0.293;;
966771;unknown;control;2022-12-25 16:00:00+00:00;0.239;;
966771;unknown;control;2022-12-25 16:15:00+00:00;0.31;;
966771;unknown;control;2022-12-25 16:30:00+00:00;0.985;;
966771;unknown;control;2022-12-25 16:45:00+00:00;1.88;;
966771;unknown;control;2022-12-25 17:00:00+00:00;1.439;;
966771;unknown;control;2022-12-25 17:15:00+00:00;1.064;;
966771;unknown;control;2022-12-25 17:30:00+00:00;1.185;;
966771;unknown;control;2022-12-25 17:45:00+00:00;0.645;;
966771;unknown;control;2022-12-25 18:00:00+00:00;0.727;;
966771;unknown;control;2022-12-25 18:15:00+00:00;1.167;;
966771;unknown;control;2022-12-25 18:30:00+00:00;0.937;;
966771;unknown;control;2022-12-25 18:45:00+00:00;0.362;;
966771;unknown;control;2022-12-25 19:00:00+00:00;0.343;;
966771;unknown;control;2022-12-25 19:15:00+00:00;0.549;;
966771;unknown;control;2022-12-25 19:30:00+00:00;1.139;;
966771;unknown;control;2022-12-25 19:45:00+00:00;0.446;;
966771;unknown;control;2022-12-25 20:00:00+00:00;0.29;;
966771;unknown;control;2022-12-25 20:15:00+00:00;0.28;;
966771;unknown;control;2022-12-25 20:30:00+00:00;0.286;;
966771;unknown;control;2022-12-25 20:45:00+00:00;0.266;;
966771;unknown;control;2022-12-25 21:00:00+00:00;0.23;;
966771;unknown;control;2022-12-25 21:15:00+00:00;0.275;;
966771;unknown;control;2022-12-25 21:30:00+00:00;0.266;;
966771;unknown;control;2022-12-25 21:45:00+00:00;0.266;;
966771;unknown;control;2022-12-25 22:00:00+00:00;0.257;;
966771;unknown;control;2022-12-25 22:15:00+00:00;0.195;;
966771;unknown;control;2022-12-25 22:30:00+00:00;0.166;;
966771;unknown;control;2022-12-25 22:45:00+00:00;0.199;;
966771;unknown;control;2022-12-25 23:00:00+00:00;0.19;;
966771;unknown;control;2022-12-25 23:15:00+00:00;0.19;;
966771;unknown;control;2022-12-25 23:30:00+00:00;0.195;;
966771;unknown;control;2022-12-25 23:45:00+00:00;0.185;;
966771;unknown;control;2022-12-26 00:00:00+00:00;0.263;;
966771;unknown;control;2022-12-26 00:15:00+00:00;0.219;;
966771;unknown;control;2022-12-26 00:30:00+00:00;0.246;;
966771;unknown;control;2022-12-26 00:45:00+00:00;0.261;;
966771;unknown;control;2022-12-26 01:00:00+00:00;0.25;;
966771;unknown;control;2022-12-26 01:15:00+00:00;0.23;;
966771;unknown;control;2022-12-26 01:30:00+00:00;1.447;;
966771;unknown;control;2022-12-26 01:45:00+00:00;1.459;;
966771;unknown;control;2022-12-26 02:00:00+00:00;1.472;;
966771;unknown;control;2022-12-26 02:15:00+00:00;1.453;;
966771;unknown;control;2022-12-26 02:30:00+00:00;1.856;;
966771;unknown;control;2022-12-26 02:45:00+00:00;2.231;;
966771;unknown;control;2022-12-26 03:00:00+00:00;1.566;;
966771;unknown;control;2022-12-26 03:15:00+00:00;1.502;;
966771;unknown;control;2022-12-26 03:30:00+00:00;2.211;;
966771;unknown;control;2022-12-26 03:45:00+00:00;1.51;;
966771;unknown;control;2022-12-26 04:00:00+00:00;1.016;;
966771;unknown;control;2022-12-26 04:15:00+00:00;1.047;;
966771;unknown;control;2022-12-26 04:30:00+00:00;0.996;;
966771;unknown;control;2022-12-26 04:45:00+00:00;0.238;;
966771;unknown;control;2022-12-26 05:00:00+00:00;0.178;;
966771;unknown;control;2022-12-26 05:15:00+00:00;0.312;;
966771;unknown;control;2022-12-26 05:30:00+00:00;0.977;;
966771;unknown;control;2022-12-26 05:45:00+00:00;0.406;;
966771;unknown;control;2022-12-26 06:00:00+00:00;0.198;;
966771;unknown;control;2022-12-26 06:15:00+00:00;0.199;;
966771;unknown;control;2022-12-26 06:30:00+00:00;0.755;;
966771;unknown;control;2022-12-26 06:45:00+00:00;0.201;;
966771;unknown;control;2022-12-26 07:00:00+00:00;0.171;;
966771;unknown;control;2022-12-26 07:15:00+00:00;0.156;;
966771;unknown;control;2022-12-26 07:30:00+00:00;0.157;;
966771;unknown;control;2022-12-26 07:45:00+00:00;0.125;;
966771;unknown;control;2022-12-26 08:00:00+00:00;0.153;;
966771;unknown;control;2022-12-26 08:15:00+00:00;0.099;;
966771;unknown;control;2022-12-26 08:30:00+00:00;0.419;;
966771;unknown;control;2022-12-26 08:45:00+00:00;0.138;;
966771;unknown;control;2022-12-26 09:00:00+00:00;0.134;;
966771;unknown;control;2022-12-26 09:15:00+00:00;0.102;;
966771;unknown;control;2022-12-26 09:30:00+00:00;0.114;;
966771;unknown;control;2022-12-26 09:45:00+00:00;0.103;;
966771;unknown;control;2022-12-26 10:00:00+00:00;0.169;;
966771;unknown;control;2022-12-26 10:15:00+00:00;1.424;;
966771;unknown;control;2022-12-26 10:30:00+00:00;1.07;;
966771;unknown;control;2022-12-26 10:45:00+00:00;1.158;;
966771;unknown;control;2022-12-26 11:00:00+00:00;0.499;;
966771;unknown;control;2022-12-26 11:15:00+00:00;0.741;;
966771;unknown;control;2022-12-26 11:30:00+00:00;0.281;;
966771;unknown;control;2022-12-26 11:45:00+00:00;0.291;;
966771;unknown;control;2022-12-26 12:00:00+00:00;0.334;;
966771;unknown;control;2022-12-26 12:15:00+00:00;0.382;;
966771;unknown;control;2022-12-26 12:30:00+00:00;0.356;;
966771;unknown;control;2022-12-26 12:45:00+00:00;0.369;;
966771;unknown;control;2022-12-26 13:00:00+00:00;0.313;;
966771;unknown;control;2022-12-26 13:15:00+00:00;0.498;;
966771;unknown;control;2022-12-26 13:30:00+00:00;0.5;;
966771;unknown;control;2022-12-26 13:45:00+00:00;0.381;;
966771;unknown;control;2022-12-26 14:00:00+00:00;0.511;;
966771;unknown;control;2022-12-26 14:15:00+00:00;0.237;;
966771;unknown;control;2022-12-26 14:30:00+00:00;0.173;;
966771;unknown;control;2022-12-26 14:45:00+00:00;0.219;;
966771;unknown;control;2022-12-26 15:00:00+00:00;0.195;;
966771;unknown;control;2022-12-26 15:15:00+00:00;0.252;;
966771;unknown;control;2022-12-26 15:30:00+00:00;0.274;;
966771;unknown;control;2022-12-26 15:45:00+00:00;0.334;;
966771;unknown;control;2022-12-26 16:00:00+00:00;0.486;;
966771;unknown;control;2022-12-26 16:15:00+00:00;0.494;;
966771;unknown;control;2022-12-26 16:30:00+00:00;0.46;;
966771;unknown;control;2022-12-26 16:45:00+00:00;1.084;;
966771;unknown;control;2022-12-26 17:00:00+00:00;1.558;;
966771;unknown;control;2022-12-26 17:15:00+00:00;0.558;;
966771;unknown;control;2022-12-26 17:30:00+00:00;0.454;;
966771;unknown;control;2022-12-26 17:45:00+00:00;1.137;;
966771;unknown;control;2022-12-26 18:00:00+00:00;0.472;;
966771;unknown;control;2022-12-26 18:15:00+00:00;0.356;;
966771;unknown;control;2022-12-26 18:30:00+00:00;0.308;;
966771;unknown;control;2022-12-26 18:45:00+00:00;0.358;;
966771;unknown;control;2022-12-26 19:00:00+00:00;0.777;;
966771;unknown;control;2022-12-26 19:15:00+00:00;0.929;;
966771;unknown;control;2022-12-26 19:30:00+00:00;0.367;;
966771;unknown;control;2022-12-26 19:45:00+00:00;0.37;;
966771;unknown;control;2022-12-26 20:00:00+00:00;0.348;;
966771;unknown;control;2022-12-26 20:15:00+00:00;0.343;;
966771;unknown;control;2022-12-26 20:30:00+00:00;0.345;;
966771;unknown;control;2022-12-26 20:45:00+00:00;0.397;;
966771;unknown;control;2022-12-26 21:00:00+00:00;0.777;;
966771;unknown;control;2022-12-26 21:15:00+00:00;0.369;;
966771;unknown;control;2022-12-26 21:30:00+00:00;0.286;;
966771;unknown;control;2022-12-26 21:45:00+00:00;0.337;;
966771;unknown;control;2022-12-26 22:00:00+00:00;0.653;;
966771;unknown;control;2022-12-26 22:15:00+00:00;0.246;;
966771;unknown;control;2022-12-26 22:30:00+00:00;0.25;;
966771;unknown;control;2022-12-26 22:45:00+00:00;0.228;;
966771;unknown;control;2022-12-26 23:00:00+00:00;0.209;;
966771;unknown;control;2022-12-26 23:15:00+00:00;0.205;;
966771;unknown;control;2022-12-26 23:30:00+00:00;0.228;;
966771;unknown;control;2022-12-26 23:45:00+00:00;0.218;;
966771;unknown;control;2022-12-27 00:00:00+00:00;0.212;;
966771;unknown;control;2022-12-27 00:15:00+00:00;0.232;;
966771;unknown;control;2022-12-27 00:30:00+00:00;0.231;;
966771;unknown;control;2022-12-27 00:45:00+00:00;0.208;;
966771;unknown;control;2022-12-27 01:00:00+00:00;0.238;;
966771;unknown;control;2022-12-27 01:15:00+00:00;0.215;;
966771;unknown;control;2022-12-27 01:30:00+00:00;1.369;;
966771;unknown;control;2022-12-27 01:45:00+00:00;1.454;;
966771;unknown;control;2022-12-27 02:00:00+00:00;1.411;;
966771;unknown;control;2022-12-27 02:15:00+00:00;1.45;;
966771;unknown;control;2022-12-27 02:30:00+00:00;1.405;;
966771;unknown;control;2022-12-27 02:45:00+00:00;1.471;;
966771;unknown;control;2022-12-27 03:00:00+00:00;1.471;;
966771;unknown;control;2022-12-27 03:15:00+00:00;1.553;;
966771;unknown;control;2022-12-27 03:30:00+00:00;2.209;;
966771;unknown;control;2022-12-27 03:45:00+00:00;2.276;;
966771;unknown;control;2022-12-27 04:00:00+00:00;2.086;;
966771;unknown;control;2022-12-27 04:15:00+00:00;2.256;;
966771;unknown;control;2022-12-27 04:30:00+00:00;2.244;;
966771;unknown;control;2022-12-27 04:45:00+00:00;2.062;;
966771;unknown;control;2022-12-27 05:00:00+00:00;2.244;;
966771;unknown;control;2022-12-27 05:15:00+00:00;1.905;;
966771;unknown;control;2022-12-27 05:30:00+00:00;1.033;;
966771;unknown;control;2022-12-27 05:45:00+00:00;1.029;;
966771;unknown;control;2022-12-27 06:00:00+00:00;0.898;;
966771;unknown;control;2022-12-27 06:15:00+00:00;1.021;;
966771;unknown;control;2022-12-27 06:30:00+00:00;0.926;;
966771;unknown;control;2022-12-27 06:45:00+00:00;0.22;;
966771;unknown;control;2022-12-27 07:00:00+00:00;0.233;;
966771;unknown;control;2022-12-27 07:15:00+00:00;0.25;;
966771;unknown;control;2022-12-27 07:30:00+00:00;0.196;;
966771;unknown;control;2022-12-27 07:45:00+00:00;0.201;;
966771;unknown;control;2022-12-27 08:00:00+00:00;0.161;;
966771;unknown;control;2022-12-27 08:15:00+00:00;0.217;;
966771;unknown;control;2022-12-27 08:30:00+00:00;0.107;;
966771;unknown;control;2022-12-27 08:45:00+00:00;0.117;;
966771;unknown;control;2022-12-27 09:00:00+00:00;0.125;;
966771;unknown;control;2022-12-27 09:15:00+00:00;0.105;;
966771;unknown;control;2022-12-27 09:30:00+00:00;0.128;;
966771;unknown;control;2022-12-27 09:45:00+00:00;0.128;;
966771;unknown;control;2022-12-27 10:00:00+00:00;0.155;;
966771;unknown;control;2022-12-27 10:15:00+00:00;0.857;;
966771;unknown;control;2022-12-27 10:30:00+00:00;0.912;;
966771;unknown;control;2022-12-27 10:45:00+00:00;0.278;;
966771;unknown;control;2022-12-27 11:00:00+00:00;0.137;;
966771;unknown;control;2022-12-27 11:15:00+00:00;0.464;;
966771;unknown;control;2022-12-27 11:30:00+00:00;0.885;;
966771;unknown;control;2022-12-27 11:45:00+00:00;0.387;;
966771;unknown;control;2022-12-27 12:00:00+00:00;0.122;;
966771;unknown;control;2022-12-27 12:15:00+00:00;0.105;;
966771;unknown;control;2022-12-27 12:30:00+00:00;0.114;;
966771;unknown;control;2022-12-27 12:45:00+00:00;0.111;;
966771;unknown;control;2022-12-27 13:00:00+00:00;0.243;;
966771;unknown;control;2022-12-27 13:15:00+00:00;0.149;;
966771;unknown;control;2022-12-27 13:30:00+00:00;0.111;;
966771;unknown;control;2022-12-27 13:45:00+00:00;0.132;;
966771;unknown;control;2022-12-27 14:00:00+00:00;0.157;;
966771;unknown;control;2022-12-27 14:15:00+00:00;0.186;;
966771;unknown;control;2022-12-27 14:30:00+00:00;0.148;;
966771;unknown;control;2022-12-27 14:45:00+00:00;0.19;;
966771;unknown;control;2022-12-27 15:00:00+00:00;0.144;;
966771;unknown;control;2022-12-27 15:15:00+00:00;0.182;;
966771;unknown;control;2022-12-27 15:30:00+00:00;0.207;;
966771;unknown;control;2022-12-27 15:45:00+00:00;0.227;;
966771;unknown;control;2022-12-27 16:00:00+00:00;0.201;;
966771;unknown;control;2022-12-27 16:15:00+00:00;0.238;;
966771;unknown;control;2022-12-27 16:30:00+00:00;0.263;;
966771;unknown;control;2022-12-27 16:45:00+00:00;0.998;;
966771;unknown;control;2022-12-27 17:00:00+00:00;0.995;;
966771;unknown;control;2022-12-27 17:15:00+00:00;1.034;;
966771;unknown;control;2022-12-27 17:30:00+00:00;1.057;;
966771;unknown;control;2022-12-27 17:45:00+00:00;0.931;;
966771;unknown;control;2022-12-27 18:00:00+00:00;1.076;;
966771;unknown;control;2022-12-27 18:15:00+00:00;1.095;;
966771;unknown;control;2022-12-27 18:30:00+00:00;0.915;;
966771;unknown;control;2022-12-27 18:45:00+00:00;1.053;;
966771;unknown;control;2022-12-27 19:00:00+00:00;1.22;;
966771;unknown;control;2022-12-27 19:15:00+00:00;0.914;;
966771;unknown;control;2022-12-27 19:30:00+00:00;1.104;;
966771;unknown;control;2022-12-27 19:45:00+00:00;0.986;;
966771;unknown;control;2022-12-27 20:00:00+00:00;0.303;;
966771;unknown;control;2022-12-27 20:15:00+00:00;0.307;;
966771;unknown;control;2022-12-27 20:30:00+00:00;0.301;;
966771;unknown;control;2022-12-27 20:45:00+00:00;0.307;;
966771;unknown;control;2022-12-27 21:00:00+00:00;0.284;;
966771;unknown;control;2022-12-27 21:15:00+00:00;0.268;;
966771;unknown;control;2022-12-27 21:30:00+00:00;0.271;;
966771;unknown;control;2022-12-27 21:45:00+00:00;0.219;;
966771;unknown;control;2022-12-27 22:00:00+00:00;0.272;;
966771;unknown;control;2022-12-27 22:15:00+00:00;0.289;;
966771;unknown;control;2022-12-27 22:30:00+00:00;0.285;;
966771;unknown;control;2022-12-27 22:45:00+00:00;0.295;;
966771;unknown;control;2022-12-27 23:00:00+00:00;0.279;;
966771;unknown;control;2022-12-27 23:15:00+00:00;0.273;;
966771;unknown;control;2022-12-27 23:30:00+00:00;0.279;;
966771;unknown;control;2022-12-27 23:45:00+00:00;0.292;;
966771;unknown;control;2022-12-28 00:00:00+00:00;0.289;;
966771;unknown;control;2022-12-28 00:15:00+00:00;0.292;;
966771;unknown;control;2022-12-28 00:30:00+00:00;0.285;;
966771;unknown;control;2022-12-28 00:45:00+00:00;0.913;;
966771;unknown;control;2022-12-28 01:00:00+00:00;1.06;;
966771;unknown;control;2022-12-28 01:15:00+00:00;0.925;;
966771;unknown;control;2022-12-28 01:30:00+00:00;2.198;;
966771;unknown;control;2022-12-28 01:45:00+00:00;2.051;;
966771;unknown;control;2022-12-28 02:00:00+00:00;1.467;;
966771;unknown;control;2022-12-28 02:15:00+00:00;1.468;;
966771;unknown;control;2022-12-28 02:30:00+00:00;1.481;;
966771;unknown;control;2022-12-28 02:45:00+00:00;1.491;;
966771;unknown;control;2022-12-28 03:00:00+00:00;1.89;;
966771;unknown;control;2022-12-28 03:15:00+00:00;2.244;;
966771;unknown;control;2022-12-28 03:30:00+00:00;2.268;;
966771;unknown;control;2022-12-28 03:45:00+00:00;1.933;;
966771;unknown;control;2022-12-28 04:00:00+00:00;0.921;;
966771;unknown;control;2022-12-28 04:15:00+00:00;1.106;;
966771;unknown;control;2022-12-28 04:30:00+00:00;0.994;;
966771;unknown;control;2022-12-28 04:45:00+00:00;0.943;;
966771;unknown;control;2022-12-28 05:00:00+00:00;1.097;;
966771;unknown;control;2022-12-28 05:15:00+00:00;0.894;;
966771;unknown;control;2022-12-28 05:30:00+00:00;1.065;;
966771;unknown;control;2022-12-28 05:45:00+00:00;1.086;;
966771;unknown;control;2022-12-28 06:00:00+00:00;0.867;;
966771;unknown;control;2022-12-28 06:15:00+00:00;1.083;;
966771;unknown;control;2022-12-28 06:30:00+00:00;1.042;;
966771;unknown;control;2022-12-28 06:45:00+00:00;0.302;;
966771;unknown;control;2022-12-28 07:00:00+00:00;0.284;;
966771;unknown;control;2022-12-28 07:15:00+00:00;0.285;;
966771;unknown;control;2022-12-28 07:30:00+00:00;0.259;;
966771;unknown;control;2022-12-28 07:45:00+00:00;0.201;;
966771;unknown;control;2022-12-28 08:00:00+00:00;0.25;;
966771;unknown;control;2022-12-28 08:15:00+00:00;0.196;;
966771;unknown;control;2022-12-28 08:30:00+00:00;0.207;;
966771;unknown;control;2022-12-28 08:45:00+00:00;0.153;;
966771;unknown;control;2022-12-28 09:00:00+00:00;0.142;;
966771;unknown;control;2022-12-28 09:15:00+00:00;0.092;;
966771;unknown;control;2022-12-28 09:30:00+00:00;0.096;;
966771;unknown;control;2022-12-28 09:45:00+00:00;0.09;;
966771;unknown;control;2022-12-28 10:00:00+00:00;0.129;;
966771;unknown;control;2022-12-28 10:15:00+00:00;0.855;;
966771;unknown;control;2022-12-28 10:30:00+00:00;0.897;;
966771;unknown;control;2022-12-28 10:45:00+00:00;0.115;;
966771;unknown;control;2022-12-28 11:00:00+00:00;0.109;;
966771;unknown;control;2022-12-28 11:15:00+00:00;0.11;;
966771;unknown;control;2022-12-28 11:30:00+00:00;0.117;;
966771;unknown;control;2022-12-28 11:45:00+00:00;0.11;;
966771;unknown;control;2022-12-28 12:00:00+00:00;0.107;;
966771;unknown;control;2022-12-28 12:15:00+00:00;0.112;;
966771;unknown;control;2022-12-28 12:30:00+00:00;0.776;;
966771;unknown;control;2022-12-28 12:45:00+00:00;0.58;;
966771;unknown;control;2022-12-28 13:00:00+00:00;0.117;;
966771;unknown;control;2022-12-28 13:15:00+00:00;0.142;;
966771;unknown;control;2022-12-28 13:30:00+00:00;0.092;;
966771;unknown;control;2022-12-28 13:45:00+00:00;0.142;;
966771;unknown;control;2022-12-28 14:00:00+00:00;0.133;;
966771;unknown;control;2022-12-28 14:15:00+00:00;0.156;;
966771;unknown;control;2022-12-28 14:30:00+00:00;0.197;;
966771;unknown;control;2022-12-28 14:45:00+00:00;0.195;;
966771;unknown;control;2022-12-28 15:00:00+00:00;0.195;;
966771;unknown;control;2022-12-28 15:15:00+00:00;0.235;;
966771;unknown;control;2022-12-28 15:30:00+00:00;0.19;;
966771;unknown;control;2022-12-28 15:45:00+00:00;0.252;;
966771;unknown;control;2022-12-28 16:00:00+00:00;0.207;;
966771;unknown;control;2022-12-28 16:15:00+00:00;0.239;;
966771;unknown;control;2022-12-28 16:30:00+00:00;0.295;;
966771;unknown;control;2022-12-28 16:45:00+00:00;0.951;;
966771;unknown;control;2022-12-28 17:00:00+00:00;1.052;;
966771;unknown;control;2022-12-28 17:15:00+00:00;0.989;;
966771;unknown;control;2022-12-28 17:30:00+00:00;1.037;;
966771;unknown;control;2022-12-28 17:45:00+00:00;1.028;;
966771;unknown;control;2022-12-28 18:00:00+00:00;1.039;;
966771;unknown;control;2022-12-28 18:15:00+00:00;1.648;;
966771;unknown;control;2022-12-28 18:30:00+00:00;0.983;;
966771;unknown;control;2022-12-28 18:45:00+00:00;0.272;;
966771;unknown;control;2022-12-28 19:00:00+00:00;0.664;;
966771;unknown;control;2022-12-28 19:15:00+00:00;1.107;;
966771;unknown;control;2022-12-28 19:30:00+00:00;1.077;;
966771;unknown;control;2022-12-28 19:45:00+00:00;0.95;;
966771;unknown;control;2022-12-28 20:00:00+00:00;0.295;;
966771;unknown;control;2022-12-28 20:15:00+00:00;0.339;;
966771;unknown;control;2022-12-28 20:30:00+00:00;0.454;;
966771;unknown;control;2022-12-28 20:45:00+00:00;0.438;;
966771;unknown;control;2022-12-28 21:00:00+00:00;0.405;;
966771;unknown;control;2022-12-28 21:15:00+00:00;0.407;;
966771;unknown;control;2022-12-28 21:30:00+00:00;0.423;;
966771;unknown;control;2022-12-28 21:45:00+00:00;0.359;;
966771;unknown;control;2022-12-28 22:00:00+00:00;0.305;;
966771;unknown;control;2022-12-28 22:15:00+00:00;0.303;;
966771;unknown;control;2022-12-28 22:30:00+00:00;0.304;;
966771;unknown;control;2022-12-28 22:45:00+00:00;0.292;;
966771;unknown;control;2022-12-28 23:00:00+00:00;0.284;;
966771;unknown;control;2022-12-28 23:15:00+00:00;0.239;;
966771;unknown;control;2022-12-28 23:30:00+00:00;0.242;;
966771;unknown;control;2022-12-28 23:45:00+00:00;0.262;;
966771;unknown;control;2022-12-29 00:00:00+00:00;0.282;;
966771;unknown;control;2022-12-29 00:15:00+00:00;0.255;;
966771;unknown;control;2022-12-29 00:30:00+00:00;0.212;;
966771;unknown;control;2022-12-29 00:45:00+00:00;0.257;;
966771;unknown;control;2022-12-29 01:00:00+00:00;0.207;;
966771;unknown;control;2022-12-29 01:15:00+00:00;0.628;;
966771;unknown;control;2022-12-29 01:30:00+00:00;2.149;;
966771;unknown;control;2022-12-29 01:45:00+00:00;1.668;;
966771;unknown;control;2022-12-29 02:00:00+00:00;1.429;;
966771;unknown;control;2022-12-29 02:15:00+00:00;1.436;;
966771;unknown;control;2022-12-29 02:30:00+00:00;1.434;;
966771;unknown;control;2022-12-29 02:45:00+00:00;1.365;;
966771;unknown;control;2022-12-29 03:00:00+00:00;0.187;;
966771;unknown;control;2022-12-29 03:15:00+00:00;0.253;;
966771;unknown;control;2022-12-29 03:30:00+00:00;0.912;;
966771;unknown;control;2022-12-29 03:45:00+00:00;0.952;;
966771;unknown;control;2022-12-29 04:00:00+00:00;0.392;;
966771;unknown;control;2022-12-29 04:15:00+00:00;0.203;;
966771;unknown;control;2022-12-29 04:30:00+00:00;0.76;;
966771;unknown;control;2022-12-29 04:45:00+00:00;0.929;;
966771;unknown;control;2022-12-29 05:00:00+00:00;0.18;;
966771;unknown;control;2022-12-29 05:15:00+00:00;0.218;;
966771;unknown;control;2022-12-29 05:30:00+00:00;1.421;;
966771;unknown;control;2022-12-29 05:45:00+00:00;2.112;;
966771;unknown;control;2022-12-29 06:00:00+00:00;0.233;;
966771;unknown;control;2022-12-29 06:15:00+00:00;0.161;;
966771;unknown;control;2022-12-29 06:30:00+00:00;0.164;;
966771;unknown;control;2022-12-29 06:45:00+00:00;0.161;;
966771;unknown;control;2022-12-29 07:00:00+00:00;0.16;;
966771;unknown;control;2022-12-29 07:15:00+00:00;0.151;;
966771;unknown;control;2022-12-29 07:30:00+00:00;0.144;;
966771;unknown;control;2022-12-29 07:45:00+00:00;0.178;;
966771;unknown;control;2022-12-29 08:00:00+00:00;0.177;;
966771;unknown;control;2022-12-29 08:15:00+00:00;0.153;;
966771;unknown;control;2022-12-29 08:30:00+00:00;0.134;;
966771;unknown;control;2022-12-29 08:45:00+00:00;0.099;;
966771;unknown;control;2022-12-29 09:00:00+00:00;0.097;;
966771;unknown;control;2022-12-29 09:15:00+00:00;0.099;;
966771;unknown;control;2022-12-29 09:30:00+00:00;0.098;;
966771;unknown;control;2022-12-29 09:45:00+00:00;0.09;;
966771;unknown;control;2022-12-29 10:00:00+00:00;0.158;;
966771;unknown;control;2022-12-29 10:15:00+00:00;0.87;;
966771;unknown;control;2022-12-29 10:30:00+00:00;0.555;;
966771;unknown;control;2022-12-29 10:45:00+00:00;0.116;;
966771;unknown;control;2022-12-29 11:00:00+00:00;0.112;;
966771;unknown;control;2022-12-29 11:15:00+00:00;0.106;;
966771;unknown;control;2022-12-29 11:30:00+00:00;0.115;;
966771;unknown;control;2022-12-29 11:45:00+00:00;0.115;;
966771;unknown;control;2022-12-29 12:00:00+00:00;0.108;;
966771;unknown;control;2022-12-29 12:15:00+00:00;0.121;;
966771;unknown;control;2022-12-29 12:30:00+00:00;0.112;;
966771;unknown;control;2022-12-29 12:45:00+00:00;0.106;;
966771;unknown;control;2022-12-29 13:00:00+00:00;0.113;;
966771;unknown;control;2022-12-29 13:15:00+00:00;0.099;;
966771;unknown;control;2022-12-29 13:30:00+00:00;0.095;;
966771;unknown;control;2022-12-29 13:45:00+00:00;0.096;;
966771;unknown;control;2022-12-29 14:00:00+00:00;0.088;;
966771;unknown;control;2022-12-29 14:15:00+00:00;0.093;;
966771;unknown;control;2022-12-29 14:30:00+00:00;0.101;;
966771;unknown;control;2022-12-29 14:45:00+00:00;0.093;;
966771;unknown;control;2022-12-29 15:00:00+00:00;0.094;;
966771;unknown;control;2022-12-29 15:15:00+00:00;0.145;;
966771;unknown;control;2022-12-29 15:30:00+00:00;0.129;;
966771;unknown;control;2022-12-29 15:45:00+00:00;0.134;;
966771;unknown;control;2022-12-29 16:00:00+00:00;0.144;;
966771;unknown;control;2022-12-29 16:15:00+00:00;0.334;;
966771;unknown;control;2022-12-29 16:30:00+00:00;0.426;;
966771;unknown;control;2022-12-29 16:45:00+00:00;1.437;;
966771;unknown;control;2022-12-29 17:00:00+00:00;1.046;;
966771;unknown;control;2022-12-29 17:15:00+00:00;0.339;;
966771;unknown;control;2022-12-29 17:30:00+00:00;0.482;;
966771;unknown;control;2022-12-29 17:45:00+00:00;1.216;;
966771;unknown;control;2022-12-29 18:00:00+00:00;1.544;;
966771;unknown;control;2022-12-29 18:15:00+00:00;0.43;;
966771;unknown;control;2022-12-29 18:30:00+00:00;0.652;;
966771;unknown;control;2022-12-29 18:45:00+00:00;1.476;;
966771;unknown;control;2022-12-29 19:00:00+00:00;0.613;;
966771;unknown;control;2022-12-29 19:15:00+00:00;0.339;;
966771;unknown;control;2022-12-29 19:30:00+00:00;0.476;;
966771;unknown;control;2022-12-29 19:45:00+00:00;1.026;;
966771;unknown;control;2022-12-29 20:00:00+00:00;0.417;;
966771;unknown;control;2022-12-29 20:15:00+00:00;0.804;;
966771;unknown;control;2022-12-29 20:30:00+00:00;0.314;;
966771;unknown;control;2022-12-29 20:45:00+00:00;0.251;;
966771;unknown;control;2022-12-29 21:00:00+00:00;0.387;;
966771;unknown;control;2022-12-29 21:15:00+00:00;0.52;;
966771;unknown;control;2022-12-29 21:30:00+00:00;0.214;;
966771;unknown;control;2022-12-29 21:45:00+00:00;0.227;;
966771;unknown;control;2022-12-29 22:00:00+00:00;0.213;;
966771;unknown;control;2022-12-29 22:15:00+00:00;0.205;;
966771;unknown;control;2022-12-29 22:30:00+00:00;0.203;;
966771;unknown;control;2022-12-29 22:45:00+00:00;0.234;;
966771;unknown;control;2022-12-29 23:00:00+00:00;0.239;;
966771;unknown;control;2022-12-29 23:15:00+00:00;0.196;;
966771;unknown;control;2022-12-29 23:30:00+00:00;0.25;;
966771;unknown;control;2022-12-29 23:45:00+00:00;0.199;;
966771;unknown;control;2022-12-30 00:00:00+00:00;0.218;;
966771;unknown;control;2022-12-30 00:15:00+00:00;0.236;;
966771;unknown;control;2022-12-30 00:30:00+00:00;0.205;;
966771;unknown;control;2022-12-30 00:45:00+00:00;0.245;;
966771;unknown;control;2022-12-30 01:00:00+00:00;0.211;;
966771;unknown;control;2022-12-30 01:15:00+00:00;0.201;;
966771;unknown;control;2022-12-30 01:30:00+00:00;1.448;;
966771;unknown;control;2022-12-30 01:45:00+00:00;1.427;;
966771;unknown;control;2022-12-30 02:00:00+00:00;1.478;;
966771;unknown;control;2022-12-30 02:15:00+00:00;1.44;;
966771;unknown;control;2022-12-30 02:30:00+00:00;1.479;;
966771;unknown;control;2022-12-30 02:45:00+00:00;0.324;;
966771;unknown;control;2022-12-30 03:00:00+00:00;0.257;;
966771;unknown;control;2022-12-30 03:15:00+00:00;0.268;;
966771;unknown;control;2022-12-30 03:30:00+00:00;1.004;;
966771;unknown;control;2022-12-30 03:45:00+00:00;1.029;;
966771;unknown;control;2022-12-30 04:00:00+00:00;1.014;;
966771;unknown;control;2022-12-30 04:15:00+00:00;1.082;;
966771;unknown;control;2022-12-30 04:30:00+00:00;1.064;;
966771;unknown;control;2022-12-30 04:45:00+00:00;1.094;;
966771;unknown;control;2022-12-30 05:00:00+00:00;1.079;;
966771;unknown;control;2022-12-30 05:15:00+00:00;1.047;;
966771;unknown;control;2022-12-30 05:30:00+00:00;1.127;;
966771;unknown;control;2022-12-30 05:45:00+00:00;0.929;;
966771;unknown;control;2022-12-30 06:00:00+00:00;1.12;;
966771;unknown;control;2022-12-30 06:15:00+00:00;1.168;;
966771;unknown;control;2022-12-30 06:30:00+00:00;0.819;;
966771;unknown;control;2022-12-30 06:45:00+00:00;0.311;;
966771;unknown;control;2022-12-30 07:00:00+00:00;0.312;;
966771;unknown;control;2022-12-30 07:15:00+00:00;0.288;;
966771;unknown;control;2022-12-30 07:30:00+00:00;0.281;;
966771;unknown;control;2022-12-30 07:45:00+00:00;0.24;;
966771;unknown;control;2022-12-30 08:00:00+00:00;0.253;;
966771;unknown;control;2022-12-30 08:15:00+00:00;0.628;;
966771;unknown;control;2022-12-30 08:30:00+00:00;0.188;;
966771;unknown;control;2022-12-30 08:45:00+00:00;0.228;;
966771;unknown;control;2022-12-30 09:00:00+00:00;0.164;;
966771;unknown;control;2022-12-30 09:15:00+00:00;0.335;;
966771;unknown;control;2022-12-30 09:30:00+00:00;0.616;;
966771;unknown;control;2022-12-30 09:45:00+00:00;0.175;;
966771;unknown;control;2022-12-30 10:00:00+00:00;0.2;;
966771;unknown;control;2022-12-30 10:15:00+00:00;0.926;;
966771;unknown;control;2022-12-30 10:30:00+00:00;0.92;;
966771;unknown;control;2022-12-30 10:45:00+00:00;0.217;;
966771;unknown;control;2022-12-30 11:00:00+00:00;0.114;;
966771;unknown;control;2022-12-30 11:15:00+00:00;0.629;;
966771;unknown;control;2022-12-30 11:30:00+00:00;0.842;;
966771;unknown;control;2022-12-30 11:45:00+00:00;0.117;;
966771;unknown;control;2022-12-30 12:00:00+00:00;0.122;;
966771;unknown;control;2022-12-30 12:15:00+00:00;0.486;;
966771;unknown;control;2022-12-30 12:30:00+00:00;1.002;;
966771;unknown;control;2022-12-30 12:45:00+00:00;0.489;;
966771;unknown;control;2022-12-30 13:00:00+00:00;0.564;;
966771;unknown;control;2022-12-30 13:15:00+00:00;0.227;;
966771;unknown;control;2022-12-30 13:30:00+00:00;0.186;;
966771;unknown;control;2022-12-30 13:45:00+00:00;0.22;;
966771;unknown;control;2022-12-30 14:00:00+00:00;0.233;;
966771;unknown;control;2022-12-30 14:15:00+00:00;0.217;;
966771;unknown;control;2022-12-30 14:30:00+00:00;0.198;;
966771;unknown;control;2022-12-30 14:45:00+00:00;0.166;;
966771;unknown;control;2022-12-30 15:00:00+00:00;0.185;;
966771;unknown;control;2022-12-30 15:15:00+00:00;0.207;;
966771;unknown;control;2022-12-30 15:30:00+00:00;0.248;;
966771;unknown;control;2022-12-30 15:45:00+00:00;0.299;;
966771;unknown;control;2022-12-30 16:00:00+00:00;0.299;;
966771;unknown;control;2022-12-30 16:15:00+00:00;0.297;;
966771;unknown;control;2022-12-30 16:30:00+00:00;0.355;;
966771;unknown;control;2022-12-30 16:45:00+00:00;1.057;;
966771;unknown;control;2022-12-30 17:00:00+00:00;1.118;;
966771;unknown;control;2022-12-30 17:15:00+00:00;1.065;;
966771;unknown;control;2022-12-30 17:30:00+00:00;0.841;;
966771;unknown;control;2022-12-30 17:45:00+00:00;0.592;;
966771;unknown;control;2022-12-30 18:00:00+00:00;1.065;;
966771;unknown;control;2022-12-30 18:15:00+00:00;0.611;;
966771;unknown;control;2022-12-30 18:30:00+00:00;0.297;;
966771;unknown;control;2022-12-30 18:45:00+00:00;0.302;;
966771;unknown;control;2022-12-30 19:00:00+00:00;0.669;;
966771;unknown;control;2022-12-30 19:15:00+00:00;1.047;;
966771;unknown;control;2022-12-30 19:30:00+00:00;0.277;;
966771;unknown;control;2022-12-30 19:45:00+00:00;0.334;;
966771;unknown;control;2022-12-30 20:00:00+00:00;0.303;;
966771;unknown;control;2022-12-30 20:15:00+00:00;0.264;;
966771;unknown;control;2022-12-30 20:30:00+00:00;0.312;;
966771;unknown;control;2022-12-30 20:45:00+00:00;0.27;;
966771;unknown;control;2022-12-30 21:00:00+00:00;0.3;;
966771;unknown;control;2022-12-30 21:15:00+00:00;0.247;;
966771;unknown;control;2022-12-30 21:30:00+00:00;0.258;;
966771;unknown;control;2022-12-30 21:45:00+00:00;0.305;;
966771;unknown;control;2022-12-30 22:00:00+00:00;0.26;;
966771;unknown;control;2022-12-30 22:15:00+00:00;0.198;;
966771;unknown;control;2022-12-30 22:30:00+00:00;0.155;;
966771;unknown;control;2022-12-30 22:45:00+00:00;0.183;;
966771;unknown;control;2022-12-30 23:00:00+00:00;0.141;;
966771;unknown;control;2022-12-30 23:15:00+00:00;0.145;;
966771;unknown;control;2022-12-30 23:30:00+00:00;0.179;;
966771;unknown;control;2022-12-30 23:45:00+00:00;0.151;;
966771;unknown;control;2022-12-31 00:00:00+00:00;0.15;;
966771;unknown;control;2022-12-31 00:15:00+00:00;0.147;;
966771;unknown;control;2022-12-31 00:30:00+00:00;0.153;;
966771;unknown;control;2022-12-31 00:45:00+00:00;0.143;;
966771;unknown;control;2022-12-31 01:00:00+00:00;0.101;;
966771;unknown;control;2022-12-31 01:15:00+00:00;0.148;;
966771;unknown;control;2022-12-31 01:30:00+00:00;1.318;;
966771;unknown;control;2022-12-31 01:45:00+00:00;1.379;;
966771;unknown;control;2022-12-31 02:00:00+00:00;1.349;;
966771;unknown;control;2022-12-31 02:15:00+00:00;1.382;;
966771;unknown;control;2022-12-31 02:30:00+00:00;1.343;;
966771;unknown;control;2022-12-31 02:45:00+00:00;1.415;;
966771;unknown;control;2022-12-31 03:00:00+00:00;0.816;;
966771;unknown;control;2022-12-31 03:15:00+00:00;0.167;;
966771;unknown;control;2022-12-31 03:30:00+00:00;0.859;;
966771;unknown;control;2022-12-31 03:45:00+00:00;0.659;;
966771;unknown;control;2022-12-31 04:00:00+00:00;0.121;;
966771;unknown;control;2022-12-31 04:15:00+00:00;0.118;;
966771;unknown;control;2022-12-31 04:30:00+00:00;0.197;;
966771;unknown;control;2022-12-31 04:45:00+00:00;0.926;;
966771;unknown;control;2022-12-31 05:00:00+00:00;0.283;;
966771;unknown;control;2022-12-31 05:15:00+00:00;0.166;;
966771;unknown;control;2022-12-31 05:30:00+00:00;0.162;;
966771;unknown;control;2022-12-31 05:45:00+00:00;0.11;;
966771;unknown;control;2022-12-31 06:00:00+00:00;0.424;;
966771;unknown;control;2022-12-31 06:15:00+00:00;0.96;;
966771;unknown;control;2022-12-31 06:30:00+00:00;0.365;;
966771;unknown;control;2022-12-31 06:45:00+00:00;0.177;;
966771;unknown;control;2022-12-31 07:00:00+00:00;0.18;;
966771;unknown;control;2022-12-31 07:15:00+00:00;0.148;;
966771;unknown;control;2022-12-31 07:30:00+00:00;0.154;;
966771;unknown;control;2022-12-31 07:45:00+00:00;0.439;;
966771;unknown;control;2022-12-31 08:00:00+00:00;0.244;;
966771;unknown;control;2022-12-31 08:15:00+00:00;0.106;;
966771;unknown;control;2022-12-31 08:30:00+00:00;0.114;;
966771;unknown;control;2022-12-31 08:45:00+00:00;0.11;;
966771;unknown;control;2022-12-31 09:00:00+00:00;0.11;;
966771;unknown;control;2022-12-31 09:15:00+00:00;0.104;;
966771;unknown;control;2022-12-31 09:30:00+00:00;0.223;;
966771;unknown;control;2022-12-31 09:45:00+00:00;0.177;;
966771;unknown;control;2022-12-31 10:00:00+00:00;0.167;;
966771;unknown;control;2022-12-31 10:15:00+00:00;0.873;;
966771;unknown;control;2022-12-31 10:30:00+00:00;0.135;;
966771;unknown;control;2022-12-31 10:45:00+00:00;0.459;;
966771;unknown;control;2022-12-31 11:00:00+00:00;0.46;;
966771;unknown;control;2022-12-31 11:15:00+00:00;0.155;;
966771;unknown;control;2022-12-31 11:30:00+00:00;0.217;;
966771;unknown;control;2022-12-31 11:45:00+00:00;0.49;;
966771;unknown;control;2022-12-31 12:00:00+00:00;0.135;;
966771;unknown;control;2022-12-31 12:15:00+00:00;0.233;;
966771;unknown;control;2022-12-31 12:30:00+00:00;0.134;;
966771;unknown;control;2022-12-31 12:45:00+00:00;0.132;;
966771;unknown;control;2022-12-31 13:00:00+00:00;0.122;;
966771;unknown;control;2022-12-31 13:15:00+00:00;0.121;;
966771;unknown;control;2022-12-31 13:30:00+00:00;0.121;;
966771;unknown;control;2022-12-31 13:45:00+00:00;0.135;;
966771;unknown;control;2022-12-31 14:00:00+00:00;0.144;;
966771;unknown;control;2022-12-31 14:15:00+00:00;0.11;;
966771;unknown;control;2022-12-31 14:30:00+00:00;0.117;;
966771;unknown;control;2022-12-31 14:45:00+00:00;0.124;;
966771;unknown;control;2022-12-31 15:00:00+00:00;0.098;;
966771;unknown;control;2022-12-31 15:15:00+00:00;0.104;;
966771;unknown;control;2022-12-31 15:30:00+00:00;0.108;;
966771;unknown;control;2022-12-31 15:45:00+00:00;0.127;;
966771;unknown;control;2022-12-31 16:00:00+00:00;0.364;;
966771;unknown;control;2022-12-31 16:15:00+00:00;0.588;;
966771;unknown;control;2022-12-31 16:30:00+00:00;0.352;;
966771;unknown;control;2022-12-31 16:45:00+00:00;1.0;;
966771;unknown;control;2022-12-31 17:00:00+00:00;0.384;;
966771;unknown;control;2022-12-31 17:15:00+00:00;0.347;;
966771;unknown;control;2022-12-31 17:30:00+00:00;0.421;;
966771;unknown;control;2022-12-31 17:45:00+00:00;0.53;;
966771;unknown;control;2022-12-31 18:00:00+00:00;0.308;;
966771;unknown;control;2022-12-31 18:15:00+00:00;0.302;;
966771;unknown;control;2022-12-31 18:30:00+00:00;0.64;;
966771;unknown;control;2022-12-31 18:45:00+00:00;0.743;;
966771;unknown;control;2022-12-31 19:00:00+00:00;0.782;;
966771;unknown;control;2022-12-31 19:15:00+00:00;1.016;;
966771;unknown;control;2022-12-31 19:30:00+00:00;0.302;;
966771;unknown;control;2022-12-31 19:45:00+00:00;0.293;;
966771;unknown;control;2022-12-31 20:00:00+00:00;0.298;;
966771;unknown;control;2022-12-31 20:15:00+00:00;0.714;;
966771;unknown;control;2022-12-31 20:30:00+00:00;0.533;;
966771;unknown;control;2022-12-31 20:45:00+00:00;0.326;;
966771;unknown;control;2022-12-31 21:00:00+00:00;0.286;;
966771;unknown;control;2022-12-31 21:15:00+00:00;0.725;;
966771;unknown;control;2022-12-31 21:30:00+00:00;0.301;;
966771;unknown;control;2022-12-31 21:45:00+00:00;0.239;;
966771;unknown;control;2022-12-31 22:00:00+00:00;0.188;;
966771;unknown;control;2022-12-31 22:15:00+00:00;0.154;;
966771;unknown;control;2022-12-31 22:30:00+00:00;0.115;;
966771;unknown;control;2022-12-31 22:45:00+00:00;0.111;;
966771;unknown;control;2022-12-31 23:00:00+00:00;0.107;;
966771;unknown;control;2022-12-31 23:15:00+00:00;0.142;;
966771;unknown;control;2022-12-31 23:30:00+00:00;0.134;;
966771;unknown;control;2022-12-31 23:45:00+00:00;0.141;;
966771;unknown;control;2023-01-01 00:00:00+00:00;0.103;;
966771;unknown;control;2023-01-01 00:15:00+00:00;0.157;;
966771;unknown;control;2023-01-01 00:30:00+00:00;0.11;;
966771;unknown;control;2023-01-01 00:45:00+00:00;0.104;;
966771;unknown;control;2023-01-01 01:00:00+00:00;0.103;;
966771;unknown;control;2023-01-01 01:15:00+00:00;0.153;;
966771;unknown;control;2023-01-01 01:30:00+00:00;1.409;;
966771;unknown;control;2023-01-01 01:45:00+00:00;1.397;;
966771;unknown;control;2023-01-01 02:00:00+00:00;1.354;;
966771;unknown;control;2023-01-01 02:15:00+00:00;1.383;;
966771;unknown;control;2023-01-01 02:30:00+00:00;1.381;;
966771;unknown;control;2023-01-01 02:45:00+00:00;1.373;;
966771;unknown;control;2023-01-01 03:00:00+00:00;1.371;;
966771;unknown;control;2023-01-01 03:15:00+00:00;1.441;;
966771;unknown;control;2023-01-01 03:30:00+00:00;2.123;;
966771;unknown;control;2023-01-01 03:45:00+00:00;1.765;;
966771;unknown;control;2023-01-01 04:00:00+00:00;1.384;;
966771;unknown;control;2023-01-01 04:15:00+00:00;1.383;;
966771;unknown;control;2023-01-01 04:30:00+00:00;1.41;;
966771;unknown;control;2023-01-01 04:45:00+00:00;1.473;;
966771;unknown;control;2023-01-01 05:00:00+00:00;2.143;;
966771;unknown;control;2023-01-01 05:15:00+00:00;0.63;;
966771;unknown;control;2023-01-01 05:30:00+00:00;0.167;;
966771;unknown;control;2023-01-01 05:45:00+00:00;0.668;;
966771;unknown;control;2023-01-01 06:00:00+00:00;0.784;;
966771;unknown;control;2023-01-01 06:15:00+00:00;0.152;;
966771;unknown;control;2023-01-01 06:30:00+00:00;0.17;;
966771;unknown;control;2023-01-01 06:45:00+00:00;0.18;;
966771;unknown;control;2023-01-01 07:00:00+00:00;0.673;;
966771;unknown;control;2023-01-01 07:15:00+00:00;0.149;;
966771;unknown;control;2023-01-01 07:30:00+00:00;0.107;;
966771;unknown;control;2023-01-01 07:45:00+00:00;0.095;;
966771;unknown;control;2023-01-01 08:00:00+00:00;0.436;;
966771;unknown;control;2023-01-01 08:15:00+00:00;0.917;;
966771;unknown;control;2023-01-01 08:30:00+00:00;0.584;;
966771;unknown;control;2023-01-01 08:45:00+00:00;0.184;;
966771;unknown;control;2023-01-01 09:00:00+00:00;0.292;;
966771;unknown;control;2023-01-01 09:15:00+00:00;0.479;;
966771;unknown;control;2023-01-01 09:30:00+00:00;0.232;;
966771;unknown;control;2023-01-01 09:45:00+00:00;0.272;;
966771;unknown;control;2023-01-01 10:00:00+00:00;0.628;;
966771;unknown;control;2023-01-01 10:15:00+00:00;0.378;;
966771;unknown;control;2023-01-01 10:30:00+00:00;0.913;;
966771;unknown;control;2023-01-01 10:45:00+00:00;0.393;;
966771;unknown;control;2023-01-01 11:00:00+00:00;0.659;;
966771;unknown;control;2023-01-01 11:15:00+00:00;0.38;;
966771;unknown;control;2023-01-01 11:30:00+00:00;0.305;;
966771;unknown;control;2023-01-01 11:45:00+00:00;0.325;;
966771;unknown;control;2023-01-01 12:00:00+00:00;0.209;;
966771;unknown;control;2023-01-01 12:15:00+00:00;0.134;;
966771;unknown;control;2023-01-01 12:30:00+00:00;0.175;;
966771;unknown;control;2023-01-01 12:45:00+00:00;0.124;;
966771;unknown;control;2023-01-01 13:00:00+00:00;0.133;;
966771;unknown;control;2023-01-01 13:15:00+00:00;0.103;;
966771;unknown;control;2023-01-01 13:30:00+00:00;0.101;;
966771;unknown;control;2023-01-01 13:45:00+00:00;0.109;;
966771;unknown;control;2023-01-01 14:00:00+00:00;0.1;;
966771;unknown;control;2023-01-01 14:15:00+00:00;0.107;;
966771;unknown;control;2023-01-01 14:30:00+00:00;0.103;;
966771;unknown;control;2023-01-01 14:45:00+00:00;0.132;;
966771;unknown;control;2023-01-01 15:00:00+00:00;0.398;;
966771;unknown;control;2023-01-01 15:15:00+00:00;0.236;;
966771;unknown;control;2023-01-01 15:30:00+00:00;0.263;;
966771;unknown;control;2023-01-01 15:45:00+00:00;0.369;;
966771;unknown;control;2023-01-01 16:00:00+00:00;0.31;;
966771;unknown;control;2023-01-01 16:15:00+00:00;0.365;;
966771;unknown;control;2023-01-01 16:30:00+00:00;0.993;;
966771;unknown;control;2023-01-01 16:45:00+00:00;1.024;;
966771;unknown;control;2023-01-01 17:00:00+00:00;0.984;;
966771;unknown;control;2023-01-01 17:15:00+00:00;0.259;;
966771;unknown;control;2023-01-01 17:30:00+00:00;0.311;;
966771;unknown;control;2023-01-01 17:45:00+00:00;0.773;;
966771;unknown;control;2023-01-01 18:00:00+00:00;1.132;;
966771;unknown;control;2023-01-01 18:15:00+00:00;0.795;;
966771;unknown;control;2023-01-01 18:30:00+00:00;0.279;;
966771;unknown;control;2023-01-01 18:45:00+00:00;0.535;;
966771;unknown;control;2023-01-01 19:00:00+00:00;1.071;;
966771;unknown;control;2023-01-01 19:15:00+00:00;0.658;;
966771;unknown;control;2023-01-01 19:30:00+00:00;0.284;;
966771;unknown;control;2023-01-01 19:45:00+00:00;0.308;;
966771;unknown;control;2023-01-01 20:00:00+00:00;0.28;;
966771;unknown;control;2023-01-01 20:15:00+00:00;0.313;;
966771;unknown;control;2023-01-01 20:30:00+00:00;0.265;;
966771;unknown;control;2023-01-01 20:45:00+00:00;0.318;;
966771;unknown;control;2023-01-01 21:00:00+00:00;0.275;;
966771;unknown;control;2023-01-01 21:15:00+00:00;0.366;;
966771;unknown;control;2023-01-01 21:30:00+00:00;0.298;;
966771;unknown;control;2023-01-01 21:45:00+00:00;0.237;;
966771;unknown;control;2023-01-01 22:00:00+00:00;0.272;;
966771;unknown;control;2023-01-01 22:15:00+00:00;0.224;;
966771;unknown;control;2023-01-01 22:30:00+00:00;0.266;;
966771;unknown;control;2023-01-01 22:45:00+00:00;0.267;;
966771;unknown;control;2023-01-01 23:00:00+00:00;0.249;;
966771;unknown;control;2023-01-01 23:15:00+00:00;0.236;;
966771;unknown;control;2023-01-01 23:30:00+00:00;0.261;;
966771;unknown;control;2023-01-01 23:45:00+00:00;0.271;;
966771;unknown;control;2023-01-02 00:00:00+00:00;0.227;;
966771;unknown;control;2023-01-02 00:15:00+00:00;0.253;;
966771;unknown;control;2023-01-02 00:30:00+00:00;0.266;;
966771;unknown;control;2023-01-02 00:45:00+00:00;0.269;;
966771;unknown;control;2023-01-02 01:00:00+00:00;0.232;;
966771;unknown;control;2023-01-02 01:15:00+00:00;0.273;;
966771;unknown;control;2023-01-02 01:30:00+00:00;1.46;;
966771;unknown;control;2023-01-02 01:45:00+00:00;1.476;;
966771;unknown;control;2023-01-02 02:00:00+00:00;1.868;;
966771;unknown;control;2023-01-02 02:15:00+00:00;2.191;;
966771;unknown;control;2023-01-02 02:30:00+00:00;2.125;;
966771;unknown;control;2023-01-02 02:45:00+00:00;2.18;;
966771;unknown;control;2023-01-02 03:00:00+00:00;1.908;;
966771;unknown;control;2023-01-02 03:15:00+00:00;1.519;;
966771;unknown;control;2023-01-02 03:30:00+00:00;2.166;;
966771;unknown;control;2023-01-02 03:45:00+00:00;2.246;;
966771;unknown;control;2023-01-02 04:00:00+00:00;2.041;;
966771;unknown;control;2023-01-02 04:15:00+00:00;1.626;;
966771;unknown;control;2023-01-02 04:30:00+00:00;1.074;;
966771;unknown;control;2023-01-02 04:45:00+00:00;0.871;;
966771;unknown;control;2023-01-02 05:00:00+00:00;1.078;;
966771;unknown;control;2023-01-02 05:15:00+00:00;1.081;;
966771;unknown;control;2023-01-02 05:30:00+00:00;0.85;;
966771;unknown;control;2023-01-02 05:45:00+00:00;1.07;;
966771;unknown;control;2023-01-02 06:00:00+00:00;0.932;;
966771;unknown;control;2023-01-02 06:15:00+00:00;1.005;;
966771;unknown;control;2023-01-02 06:30:00+00:00;0.936;;
966771;unknown;control;2023-01-02 06:45:00+00:00;0.0;;
966771;unknown;control;2023-01-02 07:00:00+00:00;0.0;;
966771;unknown;control;2023-01-02 07:15:00+00:00;0.0;;
966771;unknown;control;2023-01-02 07:30:00+00:00;0.0;;
966771;unknown;control;2023-01-02 07:45:00+00:00;0.0;;
966771;unknown;control;2023-01-02 08:00:00+00:00;0.0;;
966771;unknown;control;2023-01-02 08:15:00+00:00;0.0;;
966771;unknown;control;2023-01-02 08:30:00+00:00;0.018;;
966771;unknown;control;2023-01-02 08:45:00+00:00;0.0;;
966771;unknown;control;2023-01-02 09:00:00+00:00;0.0;;
966771;unknown;control;2023-01-02 09:15:00+00:00;0.0;;
966771;unknown;control;2023-01-02 09:30:00+00:00;0.0;;
966771;unknown;control;2023-01-02 09:45:00+00:00;0.0;;
966771;unknown;control;2023-01-02 10:00:00+00:00;0.0;;
966771;unknown;control;2023-01-02 10:15:00+00:00;0.0;;
966771;unknown;control;2023-01-02 10:30:00+00:00;0.0;;
966771;unknown;control;2023-01-02 10:45:00+00:00;0.0;;
966771;unknown;control;2023-01-02 11:00:00+00:00;0.0;;
966771;unknown;control;2023-01-02 11:15:00+00:00;0.0;;
966771;unknown;control;2023-01-02 11:30:00+00:00;0.0;;
966771;unknown;control;2023-01-02 11:45:00+00:00;0.0;;
966771;unknown;control;2023-01-02 12:00:00+00:00;0.0;;
966771;unknown;control;2023-01-02 12:15:00+00:00;0.0;;
966771;unknown;control;2023-01-02 12:30:00+00:00;0.0;;
966771;unknown;control;2023-01-02 12:45:00+00:00;0.0;;
966771;unknown;control;2023-01-02 13:00:00+00:00;0.0;;
966771;unknown;control;2023-01-02 13:15:00+00:00;0.0;;
966771;unknown;control;2023-01-02 13:30:00+00:00;0.0;;
966771;unknown;control;2023-01-02 13:45:00+00:00;0.0;;
966771;unknown;control;2023-01-02 14:00:00+00:00;0.0;;
966771;unknown;control;2023-01-02 14:15:00+00:00;0.0;;
966771;unknown;control;2023-01-02 14:30:00+00:00;0.0;;
966771;unknown;control;2023-01-02 14:45:00+00:00;0.0;;
966771;unknown;control;2023-01-02 15:00:00+00:00;0.0;;
966771;unknown;control;2023-01-02 15:15:00+00:00;0.0;;
966771;unknown;control;2023-01-02 15:30:00+00:00;0.0;;
966771;unknown;control;2023-01-02 15:45:00+00:00;0.561;;
966771;unknown;control;2023-01-02 16:00:00+00:00;0.244;;
966771;unknown;control;2023-01-02 16:15:00+00:00;0.288;;
966771;unknown;control;2023-01-02 16:30:00+00:00;0.293;;
966771;unknown;control;2023-01-02 16:45:00+00:00;0.237;;
966771;unknown;control;2023-01-02 17:00:00+00:00;0.25;;
966771;unknown;control;2023-01-02 17:15:00+00:00;0.289;;
966771;unknown;control;2023-01-02 17:30:00+00:00;0.245;;
966771;unknown;control;2023-01-02 17:45:00+00:00;0.233;;
966771;unknown;control;2023-01-02 18:00:00+00:00;0.299;;
966771;unknown;control;2023-01-02 18:15:00+00:00;0.242;;
966771;unknown;control;2023-01-02 18:30:00+00:00;1.09;;
966771;unknown;control;2023-01-02 18:45:00+00:00;1.236;;
966771;unknown;control;2023-01-02 19:00:00+00:00;0.311;;
966771;unknown;control;2023-01-02 19:15:00+00:00;0.345;;
966771;unknown;control;2023-01-02 19:30:00+00:00;0.432;;
966771;unknown;control;2023-01-02 19:45:00+00:00;0.571;;
966771;unknown;control;2023-01-02 20:00:00+00:00;0.867;;
966771;unknown;control;2023-01-02 20:15:00+00:00;0.268;;
966771;unknown;control;2023-01-02 20:30:00+00:00;0.224;;
966771;unknown;control;2023-01-02 20:45:00+00:00;0.244;;
966771;unknown;control;2023-01-02 21:00:00+00:00;0.259;;
966771;unknown;control;2023-01-02 21:15:00+00:00;0.205;;
966771;unknown;control;2023-01-02 21:30:00+00:00;0.511;;
966771;unknown;control;2023-01-02 21:45:00+00:00;0.18;;
966771;unknown;control;2023-01-02 22:00:00+00:00;0.185;;
966771;unknown;control;2023-01-02 22:15:00+00:00;0.204;;
966771;unknown;control;2023-01-02 22:30:00+00:00;0.219;;
966771;unknown;control;2023-01-02 22:45:00+00:00;0.205;;
966771;unknown;control;2023-01-02 23:00:00+00:00;0.154;;
966771;unknown;control;2023-01-02 23:15:00+00:00;0.201;;
966771;unknown;control;2023-01-02 23:30:00+00:00;0.205;;
966771;unknown;control;2023-01-02 23:45:00+00:00;0.209;;
966771;unknown;control;2023-01-03 00:00:00+00:00;0.185;;
966771;unknown;control;2023-01-03 00:15:00+00:00;0.177;;
966771;unknown;control;2023-01-03 00:30:00+00:00;0.202;;
966771;unknown;control;2023-01-03 00:45:00+00:00;0.206;;
966771;unknown;control;2023-01-03 01:00:00+00:00;0.639;;
966771;unknown;control;2023-01-03 01:15:00+00:00;0.984;;
966771;unknown;control;2023-01-03 01:30:00+00:00;2.188;;
966771;unknown;control;2023-01-03 01:45:00+00:00;2.079;;
966771;unknown;control;2023-01-03 02:00:00+00:00;1.442;;
966771;unknown;control;2023-01-03 02:15:00+00:00;1.598;;
966771;unknown;control;2023-01-03 02:30:00+00:00;2.219;;
966771;unknown;control;2023-01-03 02:45:00+00:00;0.806;;
966771;unknown;control;2023-01-03 03:00:00+00:00;0.227;;
966771;unknown;control;2023-01-03 03:15:00+00:00;0.242;;
966771;unknown;control;2023-01-03 03:30:00+00:00;0.993;;
966771;unknown;control;2023-01-03 03:45:00+00:00;0.634;;
966771;unknown;control;2023-01-03 04:00:00+00:00;0.218;;
966771;unknown;control;2023-01-03 04:15:00+00:00;0.22;;
966771;unknown;control;2023-01-03 04:30:00+00:00;0.204;;
966771;unknown;control;2023-01-03 04:45:00+00:00;0.206;;
966771;unknown;control;2023-01-03 05:00:00+00:00;0.204;;
966771;unknown;control;2023-01-03 05:15:00+00:00;0.198;;
966771;unknown;control;2023-01-03 05:30:00+00:00;0.2;;
966771;unknown;control;2023-01-03 05:45:00+00:00;0.7;;
966771;unknown;control;2023-01-03 06:00:00+00:00;0.241;;
966771;unknown;control;2023-01-03 06:15:00+00:00;0.248;;
966771;unknown;control;2023-01-03 06:30:00+00:00;0.21;;
966771;unknown;control;2023-01-03 06:45:00+00:00;0.21;;
966771;unknown;control;2023-01-03 07:00:00+00:00;0.222;;
966771;unknown;control;2023-01-03 07:15:00+00:00;0.442;;
966771;unknown;control;2023-01-03 07:30:00+00:00;0.445;;
966771;unknown;control;2023-01-03 07:45:00+00:00;0.235;;
966771;unknown;control;2023-01-03 08:00:00+00:00;0.232;;
966771;unknown;control;2023-01-03 08:15:00+00:00;0.185;;
966771;unknown;control;2023-01-03 08:30:00+00:00;0.15;;
966771;unknown;control;2023-01-03 08:45:00+00:00;0.223;;
966771;unknown;control;2023-01-03 09:00:00+00:00;1.143;;
966771;unknown;control;2023-01-03 09:15:00+00:00;0.512;;
966771;unknown;control;2023-01-03 09:30:00+00:00;0.421;;
966771;unknown;control;2023-01-03 09:45:00+00:00;0.35;;
966771;unknown;control;2023-01-03 10:00:00+00:00;0.375;;
966771;unknown;control;2023-01-03 10:15:00+00:00;0.485;;
966771;unknown;control;2023-01-03 10:30:00+00:00;0.333;;
966771;unknown;control;2023-01-03 10:45:00+00:00;0.137;;
966771;unknown;control;2023-01-03 11:00:00+00:00;0.168;;
966771;unknown;control;2023-01-03 11:15:00+00:00;0.095;;
966771;unknown;control;2023-01-03 11:30:00+00:00;0.096;;
966771;unknown;control;2023-01-03 11:45:00+00:00;0.533;;
966771;unknown;control;2023-01-03 12:00:00+00:00;0.926;;
966771;unknown;control;2023-01-03 12:15:00+00:00;1.059;;
966771;unknown;control;2023-01-03 12:30:00+00:00;0.396;;
966771;unknown;control;2023-01-03 12:45:00+00:00;0.141;;
966771;unknown;control;2023-01-03 13:00:00+00:00;0.437;;
966771;unknown;control;2023-01-03 13:15:00+00:00;0.418;;
966771;unknown;control;2023-01-03 13:30:00+00:00;0.82;;
966771;unknown;control;2023-01-03 13:45:00+00:00;0.967;;
966771;unknown;control;2023-01-03 14:00:00+00:00;0.187;;
966771;unknown;control;2023-01-03 14:15:00+00:00;0.201;;
966771;unknown;control;2023-01-03 14:30:00+00:00;0.207;;
966771;unknown;control;2023-01-03 14:45:00+00:00;0.824;;
966771;unknown;control;2023-01-03 15:00:00+00:00;0.488;;
966771;unknown;control;2023-01-03 15:15:00+00:00;0.152;;
966771;unknown;control;2023-01-03 15:30:00+00:00;0.192;;
966771;unknown;control;2023-01-03 15:45:00+00:00;0.179;;
966771;unknown;control;2023-01-03 16:00:00+00:00;0.381;;
966771;unknown;control;2023-01-03 16:15:00+00:00;0.794;;
966771;unknown;control;2023-01-03 16:30:00+00:00;0.451;;
966771;unknown;control;2023-01-03 16:45:00+00:00;0.426;;
966771;unknown;control;2023-01-03 17:00:00+00:00;0.322;;
966771;unknown;control;2023-01-03 17:15:00+00:00;0.308;;
966771;unknown;control;2023-01-03 17:30:00+00:00;0.293;;
966771;unknown;control;2023-01-03 17:45:00+00:00;0.355;;
966771;unknown;control;2023-01-03 18:00:00+00:00;0.297;;
966771;unknown;control;2023-01-03 18:15:00+00:00;0.293;;
966771;unknown;control;2023-01-03 18:30:00+00:00;0.816;;
966771;unknown;control;2023-01-03 18:45:00+00:00;1.113;;
966771;unknown;control;2023-01-03 19:00:00+00:00;1.072;;
966771;unknown;control;2023-01-03 19:15:00+00:00;1.116;;
966771;unknown;control;2023-01-03 19:30:00+00:00;1.114;;
966771;unknown;control;2023-01-03 19:45:00+00:00;1.108;;
966771;unknown;control;2023-01-03 20:00:00+00:00;0.907;;
966771;unknown;control;2023-01-03 20:15:00+00:00;0.313;;
966771;unknown;control;2023-01-03 20:30:00+00:00;0.323;;
966771;unknown;control;2023-01-03 20:45:00+00:00;0.9;;
966771;unknown;control;2023-01-03 21:00:00+00:00;1.103;;
966771;unknown;control;2023-01-03 21:15:00+00:00;0.893;;
966771;unknown;control;2023-01-03 21:30:00+00:00;0.221;;
966771;unknown;control;2023-01-03 21:45:00+00:00;0.191;;
966771;unknown;control;2023-01-03 22:00:00+00:00;0.2;;
966771;unknown;control;2023-01-03 22:15:00+00:00;0.19;;
966771;unknown;control;2023-01-03 22:30:00+00:00;0.183;;
966771;unknown;control;2023-01-03 22:45:00+00:00;0.186;;
966771;unknown;control;2023-01-03 23:00:00+00:00;0.174;;
966771;unknown;control;2023-01-03 23:15:00+00:00;0.205;;
966771;unknown;control;2023-01-03 23:30:00+00:00;0.164;;
966771;unknown;control;2023-01-03 23:45:00+00:00;0.194;;
966771;unknown;control;2023-01-04 00:00:00+00:00;0.202;;
966771;unknown;control;2023-01-04 00:15:00+00:00;0.193;;
966771;unknown;control;2023-01-04 00:30:00+00:00;0.203;;
966771;unknown;control;2023-01-04 00:45:00+00:00;0.223;;
966771;unknown;control;2023-01-04 01:00:00+00:00;0.636;;
966771;unknown;control;2023-01-04 01:15:00+00:00;0.983;;
966771;unknown;control;2023-01-04 01:30:00+00:00;2.164;;
966771;unknown;control;2023-01-04 01:45:00+00:00;2.219;;
966771;unknown;control;2023-01-04 02:00:00+00:00;2.119;;
966771;unknown;control;2023-01-04 02:15:00+00:00;1.458;;
966771;unknown;control;2023-01-04 02:30:00+00:00;1.663;;
966771;unknown;control;2023-01-04 02:45:00+00:00;1.432;;
966771;unknown;control;2023-01-04 03:00:00+00:00;1.099;;
966771;unknown;control;2023-01-04 03:15:00+00:00;1.02;;
966771;unknown;control;2023-01-04 03:30:00+00:00;1.098;;
966771;unknown;control;2023-01-04 03:45:00+00:00;0.334;;
966771;unknown;control;2023-01-04 04:00:00+00:00;0.261;;
966771;unknown;control;2023-01-04 04:15:00+00:00;0.269;;
966771;unknown;control;2023-01-04 04:30:00+00:00;0.201;;
966771;unknown;control;2023-01-04 04:45:00+00:00;0.274;;
966771;unknown;control;2023-01-04 05:00:00+00:00;0.231;;
966771;unknown;control;2023-01-04 05:15:00+00:00;0.238;;
966771;unknown;control;2023-01-04 05:30:00+00:00;0.269;;
966771;unknown;control;2023-01-04 05:45:00+00:00;0.344;;
966771;unknown;control;2023-01-04 06:00:00+00:00;0.257;;
966771;unknown;control;2023-01-04 06:15:00+00:00;0.267;;
966771;unknown;control;2023-01-04 06:30:00+00:00;0.551;;
966771;unknown;control;2023-01-04 06:45:00+00:00;0.923;;
966771;unknown;control;2023-01-04 07:00:00+00:00;0.228;;
966771;unknown;control;2023-01-04 07:15:00+00:00;0.261;;
966771;unknown;control;2023-01-04 07:30:00+00:00;0.248;;
966771;unknown;control;2023-01-04 07:45:00+00:00;0.165;;
966771;unknown;control;2023-01-04 08:00:00+00:00;0.277;;
966771;unknown;control;2023-01-04 08:15:00+00:00;0.295;;
966771;unknown;control;2023-01-04 08:30:00+00:00;0.391;;
966771;unknown;control;2023-01-04 08:45:00+00:00;0.33;;
966771;unknown;control;2023-01-04 09:00:00+00:00;0.326;;
966771;unknown;control;2023-01-04 09:15:00+00:00;0.221;;
966771;unknown;control;2023-01-04 09:30:00+00:00;0.338;;
966771;unknown;control;2023-01-04 09:45:00+00:00;0.34;;
966771;unknown;control;2023-01-04 10:00:00+00:00;0.217;;
966771;unknown;control;2023-01-04 10:15:00+00:00;0.257;;
966771;unknown;control;2023-01-04 10:30:00+00:00;0.171;;
966771;unknown;control;2023-01-04 10:45:00+00:00;0.155;;
966771;unknown;control;2023-01-04 11:00:00+00:00;0.108;;
966771;unknown;control;2023-01-04 11:15:00+00:00;0.446;;
966771;unknown;control;2023-01-04 11:30:00+00:00;0.537;;
966771;unknown;control;2023-01-04 11:45:00+00:00;0.615;;
966771;unknown;control;2023-01-04 12:00:00+00:00;0.913;;
966771;unknown;control;2023-01-04 12:15:00+00:00;0.712;;
966771;unknown;control;2023-01-04 12:30:00+00:00;0.131;;
966771;unknown;control;2023-01-04 12:45:00+00:00;0.355;;
966771;unknown;control;2023-01-04 13:00:00+00:00;0.902;;
966771;unknown;control;2023-01-04 13:15:00+00:00;0.769;;
966771;unknown;control;2023-01-04 13:30:00+00:00;0.426;;
966771;unknown;control;2023-01-04 13:45:00+00:00;0.292;;
966771;unknown;control;2023-01-04 14:00:00+00:00;0.353;;
966771;unknown;control;2023-01-04 14:15:00+00:00;0.363;;
966771;unknown;control;2023-01-04 14:30:00+00:00;0.413;;
966771;unknown;control;2023-01-04 14:45:00+00:00;0.312;;
966771;unknown;control;2023-01-04 15:00:00+00:00;0.3;;
966771;unknown;control;2023-01-04 15:15:00+00:00;0.188;;
966771;unknown;control;2023-01-04 15:30:00+00:00;0.178;;
966771;unknown;control;2023-01-04 15:45:00+00:00;0.355;;
966771;unknown;control;2023-01-04 16:00:00+00:00;0.279;;
966771;unknown;control;2023-01-04 16:15:00+00:00;0.222;;
966771;unknown;control;2023-01-04 16:30:00+00:00;0.297;;
966771;unknown;control;2023-01-04 16:45:00+00:00;0.294;;
966771;unknown;control;2023-01-04 17:00:00+00:00;0.29;;
966771;unknown;control;2023-01-04 17:15:00+00:00;0.251;;
966771;unknown;control;2023-01-04 17:30:00+00:00;0.202;;
966771;unknown;control;2023-01-04 17:45:00+00:00;0.251;;
966771;unknown;control;2023-01-04 18:00:00+00:00;0.196;;
966771;unknown;control;2023-01-04 18:15:00+00:00;0.195;;
966771;unknown;control;2023-01-04 18:30:00+00:00;0.64;;
966771;unknown;control;2023-01-04 18:45:00+00:00;0.983;;
966771;unknown;control;2023-01-04 19:00:00+00:00;1.02;;
966771;unknown;control;2023-01-04 19:15:00+00:00;0.786;;
966771;unknown;control;2023-01-04 19:30:00+00:00;0.222;;
966771;unknown;control;2023-01-04 19:45:00+00:00;0.226;;
966771;unknown;control;2023-01-04 20:00:00+00:00;0.225;;
966771;unknown;control;2023-01-04 20:15:00+00:00;0.394;;
966771;unknown;control;2023-01-04 20:30:00+00:00;0.985;;
966771;unknown;control;2023-01-04 20:45:00+00:00;0.493;;
966771;unknown;control;2023-01-04 21:00:00+00:00;0.166;;
966771;unknown;control;2023-01-04 21:15:00+00:00;0.167;;
966771;unknown;control;2023-01-04 21:30:00+00:00;0.16;;
966771;unknown;control;2023-01-04 21:45:00+00:00;0.141;;
966771;unknown;control;2023-01-04 22:00:00+00:00;0.146;;
966771;unknown;control;2023-01-04 22:15:00+00:00;0.145;;
966771;unknown;control;2023-01-04 22:30:00+00:00;0.188;;
966771;unknown;control;2023-01-04 22:45:00+00:00;0.157;;
966771;unknown;control;2023-01-04 23:00:00+00:00;0.187;;
966771;unknown;control;2023-01-04 23:15:00+00:00;0.142;;
966771;unknown;control;2023-01-04 23:30:00+00:00;0.145;;
966771;unknown;control;2023-01-04 23:45:00+00:00;0.171;;
966771;unknown;control;2023-01-05 00:00:00+00:00;0.147;;
966771;unknown;control;2023-01-05 00:15:00+00:00;0.149;;
966771;unknown;control;2023-01-05 00:30:00+00:00;0.14;;
966771;unknown;control;2023-01-05 00:45:00+00:00;0.146;;
966771;unknown;control;2023-01-05 01:00:00+00:00;0.629;;
966771;unknown;control;2023-01-05 01:15:00+00:00;0.926;;
966771;unknown;control;2023-01-05 01:30:00+00:00;1.707;;
966771;unknown;control;2023-01-05 01:45:00+00:00;1.39;;
966771;unknown;control;2023-01-05 02:00:00+00:00;1.415;;
966771;unknown;control;2023-01-05 02:15:00+00:00;1.808;;
966771;unknown;control;2023-01-05 02:30:00+00:00;2.16;;
966771;unknown;control;2023-01-05 02:45:00+00:00;0.456;;
966771;unknown;control;2023-01-05 03:00:00+00:00;0.211;;
966771;unknown;control;2023-01-05 03:15:00+00:00;0.159;;
966771;unknown;control;2023-01-05 03:30:00+00:00;0.213;;
966771;unknown;control;2023-01-05 03:45:00+00:00;0.676;;
966771;unknown;control;2023-01-05 04:00:00+00:00;0.784;;
966771;unknown;control;2023-01-05 04:15:00+00:00;0.195;;
966771;unknown;control;2023-01-05 04:30:00+00:00;0.144;;
966771;unknown;control;2023-01-05 04:45:00+00:00;0.181;;
966771;unknown;control;2023-01-05 05:00:00+00:00;0.148;;
966771;unknown;control;2023-01-05 05:15:00+00:00;0.209;;
966771;unknown;control;2023-01-05 05:30:00+00:00;0.184;;
966771;unknown;control;2023-01-05 05:45:00+00:00;0.151;;
966771;unknown;control;2023-01-05 06:00:00+00:00;0.203;;
966771;unknown;control;2023-01-05 06:15:00+00:00;0.14;;
966771;unknown;control;2023-01-05 06:30:00+00:00;0.201;;
966771;unknown;control;2023-01-05 06:45:00+00:00;0.722;;
966771;unknown;control;2023-01-05 07:00:00+00:00;0.65;;
966771;unknown;control;2023-01-05 07:15:00+00:00;0.223;;
966771;unknown;control;2023-01-05 07:30:00+00:00;0.18;;
966771;unknown;control;2023-01-05 07:45:00+00:00;0.172;;
966771;unknown;control;2023-01-05 08:00:00+00:00;0.122;;
966771;unknown;control;2023-01-05 08:15:00+00:00;0.131;;
966771;unknown;control;2023-01-05 08:30:00+00:00;0.21;;
966771;unknown;control;2023-01-05 08:45:00+00:00;0.394;;
966771;unknown;control;2023-01-05 09:00:00+00:00;0.364;;
966771;unknown;control;2023-01-05 09:15:00+00:00;0.327;;
966771;unknown;control;2023-01-05 09:30:00+00:00;0.175;;
966771;unknown;control;2023-01-05 09:45:00+00:00;0.093;;
966771;unknown;control;2023-01-05 10:00:00+00:00;0.105;;
966771;unknown;control;2023-01-05 10:15:00+00:00;0.101;;
966771;unknown;control;2023-01-05 10:30:00+00:00;0.171;;
966771;unknown;control;2023-01-05 10:45:00+00:00;0.116;;
966771;unknown;control;2023-01-05 11:00:00+00:00;0.108;;
966771;unknown;control;2023-01-05 11:15:00+00:00;0.109;;
966771;unknown;control;2023-01-05 11:30:00+00:00;0.578;;
966771;unknown;control;2023-01-05 11:45:00+00:00;0.68;;
966771;unknown;control;2023-01-05 12:00:00+00:00;0.62;;
966771;unknown;control;2023-01-05 12:15:00+00:00;0.196;;
966771;unknown;control;2023-01-05 12:30:00+00:00;0.527;;
966771;unknown;control;2023-01-05 12:45:00+00:00;0.546;;
966771;unknown;control;2023-01-05 13:00:00+00:00;0.151;;
966771;unknown;control;2023-01-05 13:15:00+00:00;0.148;;
966771;unknown;control;2023-01-05 13:30:00+00:00;0.158;;
966771;unknown;control;2023-01-05 13:45:00+00:00;0.755;;
966771;unknown;control;2023-01-05 14:00:00+00:00;0.502;;
966771;unknown;control;2023-01-05 14:15:00+00:00;0.117;;
966771;unknown;control;2023-01-05 14:30:00+00:00;0.119;;
966771;unknown;control;2023-01-05 14:45:00+00:00;0.118;;
966771;unknown;control;2023-01-05 15:00:00+00:00;0.122;;
966771;unknown;control;2023-01-05 15:15:00+00:00;0.103;;
966771;unknown;control;2023-01-05 15:30:00+00:00;0.15;;
966771;unknown;control;2023-01-05 15:45:00+00:00;0.142;;
966771;unknown;control;2023-01-05 16:00:00+00:00;0.141;;
966771;unknown;control;2023-01-05 16:15:00+00:00;0.275;;
966771;unknown;control;2023-01-05 16:30:00+00:00;0.43;;
966771;unknown;control;2023-01-05 16:45:00+00:00;0.416;;
966771;unknown;control;2023-01-05 17:00:00+00:00;0.628;;
966771;unknown;control;2023-01-05 17:15:00+00:00;0.356;;
966771;unknown;control;2023-01-05 17:30:00+00:00;0.16;;
966771;unknown;control;2023-01-05 17:45:00+00:00;0.204;;
966771;unknown;control;2023-01-05 18:00:00+00:00;0.227;;
966771;unknown;control;2023-01-05 18:15:00+00:00;0.259;;
966771;unknown;control;2023-01-05 18:30:00+00:00;0.658;;
966771;unknown;control;2023-01-05 18:45:00+00:00;1.002;;
966771;unknown;control;2023-01-05 19:00:00+00:00;0.943;;
966771;unknown;control;2023-01-05 19:15:00+00:00;0.283;;
966771;unknown;control;2023-01-05 19:30:00+00:00;0.228;;
966771;unknown;control;2023-01-05 19:45:00+00:00;1.05;;
966771;unknown;control;2023-01-05 20:00:00+00:00;1.081;;
966771;unknown;control;2023-01-05 20:15:00+00:00;0.647;;
966771;unknown;control;2023-01-05 20:30:00+00:00;0.314;;
966771;unknown;control;2023-01-05 20:45:00+00:00;0.69;;
966771;unknown;control;2023-01-05 21:00:00+00:00;1.055;;
966771;unknown;control;2023-01-05 21:15:00+00:00;0.843;;
966771;unknown;control;2023-01-05 21:30:00+00:00;0.301;;
966771;unknown;control;2023-01-05 21:45:00+00:00;0.317;;
966771;unknown;control;2023-01-05 22:00:00+00:00;0.279;;
966771;unknown;control;2023-01-05 22:15:00+00:00;0.34;;
966771;unknown;control;2023-01-05 22:30:00+00:00;0.259;;
966771;unknown;control;2023-01-05 22:45:00+00:00;0.232;;
966771;unknown;control;2023-01-05 23:00:00+00:00;0.244;;
966771;unknown;control;2023-01-05 23:15:00+00:00;0.267;;
966771;unknown;control;2023-01-05 23:30:00+00:00;0.268;;
966771;unknown;control;2023-01-05 23:45:00+00:00;0.225;;
966771;unknown;control;2023-01-06 00:00:00+00:00;0.226;;
966771;unknown;control;2023-01-06 00:15:00+00:00;0.228;;
966771;unknown;control;2023-01-06 00:30:00+00:00;0.219;;
966771;unknown;control;2023-01-06 00:45:00+00:00;0.208;;
966771;unknown;control;2023-01-06 01:00:00+00:00;0.689;;
966771;unknown;control;2023-01-06 01:15:00+00:00;0.985;;
966771;unknown;control;2023-01-06 01:30:00+00:00;2.075;;
966771;unknown;control;2023-01-06 01:45:00+00:00;2.214;;
966771;unknown;control;2023-01-06 02:00:00+00:00;2.2;;
966771;unknown;control;2023-01-06 02:15:00+00:00;2.169;;
966771;unknown;control;2023-01-06 02:30:00+00:00;2.235;;
966771;unknown;control;2023-01-06 02:45:00+00:00;0.675;;
966771;unknown;control;2023-01-06 03:00:00+00:00;0.251;;
966771;unknown;control;2023-01-06 03:15:00+00:00;0.926;;
966771;unknown;control;2023-01-06 03:30:00+00:00;1.016;;
966771;unknown;control;2023-01-06 03:45:00+00:00;0.427;;
966771;unknown;control;2023-01-06 04:00:00+00:00;0.208;;
966771;unknown;control;2023-01-06 04:15:00+00:00;0.204;;
966771;unknown;control;2023-01-06 04:30:00+00:00;0.224;;
966771;unknown;control;2023-01-06 04:45:00+00:00;0.216;;
966771;unknown;control;2023-01-06 05:00:00+00:00;0.199;;
966771;unknown;control;2023-01-06 05:15:00+00:00;0.194;;
966771;unknown;control;2023-01-06 05:30:00+00:00;0.186;;
966771;unknown;control;2023-01-06 05:45:00+00:00;0.206;;
966771;unknown;control;2023-01-06 06:00:00+00:00;0.263;;
966771;unknown;control;2023-01-06 06:15:00+00:00;0.213;;
966771;unknown;control;2023-01-06 06:30:00+00:00;0.194;;
966771;unknown;control;2023-01-06 06:45:00+00:00;0.204;;
966771;unknown;control;2023-01-06 07:00:00+00:00;0.183;;
966771;unknown;control;2023-01-06 07:15:00+00:00;0.195;;
966771;unknown;control;2023-01-06 07:30:00+00:00;0.203;;
966771;unknown;control;2023-01-06 07:45:00+00:00;0.193;;
966771;unknown;control;2023-01-06 08:00:00+00:00;0.15;;
966771;unknown;control;2023-01-06 08:15:00+00:00;0.188;;
966771;unknown;control;2023-01-06 08:30:00+00:00;0.134;;
966771;unknown;control;2023-01-06 08:45:00+00:00;0.111;;
966771;unknown;control;2023-01-06 09:00:00+00:00;0.157;;
966771;unknown;control;2023-01-06 09:15:00+00:00;0.105;;
966771;unknown;control;2023-01-06 09:30:00+00:00;0.103;;
966771;unknown;control;2023-01-06 09:45:00+00:00;0.1;;
966771;unknown;control;2023-01-06 10:00:00+00:00;0.284;;
966771;unknown;control;2023-01-06 10:15:00+00:00;0.32;;
966771;unknown;control;2023-01-06 10:30:00+00:00;0.123;;
966771;unknown;control;2023-01-06 10:45:00+00:00;0.113;;
966771;unknown;control;2023-01-06 11:00:00+00:00;0.118;;
966771;unknown;control;2023-01-06 11:15:00+00:00;0.104;;
966771;unknown;control;2023-01-06 11:30:00+00:00;0.102;;
966771;unknown;control;2023-01-06 11:45:00+00:00;0.61;;
966771;unknown;control;2023-01-06 12:00:00+00:00;0.902;;
966771;unknown;control;2023-01-06 12:15:00+00:00;0.599;;
966771;unknown;control;2023-01-06 12:30:00+00:00;0.125;;
966771;unknown;control;2023-01-06 12:45:00+00:00;0.117;;
966771;unknown;control;2023-01-06 13:00:00+00:00;0.167;;
966771;unknown;control;2023-01-06 13:15:00+00:00;0.879;;
966771;unknown;control;2023-01-06 13:30:00+00:00;0.571;;
966771;unknown;control;2023-01-06 13:45:00+00:00;0.122;;
966771;unknown;control;2023-01-06 14:00:00+00:00;0.165;;
966771;unknown;control;2023-01-06 14:15:00+00:00;0.123;;
966771;unknown;control;2023-01-06 14:30:00+00:00;0.26;;
966771;unknown;control;2023-01-06 14:45:00+00:00;0.958;;
966771;unknown;control;2023-01-06 15:00:00+00:00;0.538;;
966771;unknown;control;2023-01-06 15:15:00+00:00;0.27;;
966771;unknown;control;2023-01-06 15:30:00+00:00;0.324;;
966771;unknown;control;2023-01-06 15:45:00+00:00;0.202;;
966771;unknown;control;2023-01-06 16:00:00+00:00;0.238;;
966771;unknown;control;2023-01-06 16:15:00+00:00;0.45;;
966771;unknown;control;2023-01-06 16:30:00+00:00;0.351;;
966771;unknown;control;2023-01-06 16:45:00+00:00;0.225;;
966771;unknown;control;2023-01-06 17:00:00+00:00;0.265;;
966771;unknown;control;2023-01-06 17:15:00+00:00;0.221;;
966771;unknown;control;2023-01-06 17:30:00+00:00;0.265;;
966771;unknown;control;2023-01-06 17:45:00+00:00;0.228;;
966771;unknown;control;2023-01-06 18:00:00+00:00;0.299;;
966771;unknown;control;2023-01-06 18:15:00+00:00;0.25;;
966771;unknown;control;2023-01-06 18:30:00+00:00;0.734;;
966771;unknown;control;2023-01-06 18:45:00+00:00;1.047;;
966771;unknown;control;2023-01-06 19:00:00+00:00;1.078;;
966771;unknown;control;2023-01-06 19:15:00+00:00;1.022;;
966771;unknown;control;2023-01-06 19:30:00+00:00;0.277;;
966771;unknown;control;2023-01-06 19:45:00+00:00;0.313;;
966771;unknown;control;2023-01-06 20:00:00+00:00;0.622;;
966771;unknown;control;2023-01-06 20:15:00+00:00;1.094;;
966771;unknown;control;2023-01-06 20:30:00+00:00;0.722;;
966771;unknown;control;2023-01-06 20:45:00+00:00;0.286;;
966771;unknown;control;2023-01-06 21:00:00+00:00;0.298;;
966771;unknown;control;2023-01-06 21:15:00+00:00;0.301;;
966771;unknown;control;2023-01-06 21:30:00+00:00;0.444;;
966771;unknown;control;2023-01-06 21:45:00+00:00;0.197;;
966771;unknown;control;2023-01-06 22:00:00+00:00;0.173;;
966771;unknown;control;2023-01-06 22:15:00+00:00;0.183;;
966771;unknown;control;2023-01-06 22:30:00+00:00;0.193;;
966771;unknown;control;2023-01-06 22:45:00+00:00;0.153;;
966771;unknown;control;2023-01-06 23:00:00+00:00;0.184;;
966771;unknown;control;2023-01-06 23:15:00+00:00;0.155;;
966771;unknown;control;2023-01-06 23:30:00+00:00;0.189;;
966771;unknown;control;2023-01-06 23:45:00+00:00;0.189;;
966771;unknown;control;2023-01-07 00:00:00+00:00;0.194;;
966771;unknown;control;2023-01-07 00:15:00+00:00;0.201;;
966771;unknown;control;2023-01-07 00:30:00+00:00;0.193;;
966771;unknown;control;2023-01-07 00:45:00+00:00;0.202;;
966771;unknown;control;2023-01-07 01:00:00+00:00;0.634;;
966771;unknown;control;2023-01-07 01:15:00+00:00;0.975;;
966771;unknown;control;2023-01-07 01:30:00+00:00;2.176;;
966771;unknown;control;2023-01-07 01:45:00+00:00;2.209;;
966771;unknown;control;2023-01-07 02:00:00+00:00;2.22;;
966771;unknown;control;2023-01-07 02:15:00+00:00;1.656;;
966771;unknown;control;2023-01-07 02:30:00+00:00;1.46;;
966771;unknown;control;2023-01-07 02:45:00+00:00;1.428;;
966771;unknown;control;2023-01-07 03:00:00+00:00;1.029;;
966771;unknown;control;2023-01-07 03:15:00+00:00;0.444;;
966771;unknown;control;2023-01-07 03:30:00+00:00;0.219;;
966771;unknown;control;2023-01-07 03:45:00+00:00;0.217;;
966771;unknown;control;2023-01-07 04:00:00+00:00;0.35;;
966771;unknown;control;2023-01-07 04:15:00+00:00;0.515;;
966771;unknown;control;2023-01-07 04:30:00+00:00;0.199;;
966771;unknown;control;2023-01-07 04:45:00+00:00;0.202;;
966771;unknown;control;2023-01-07 05:00:00+00:00;0.176;;
966771;unknown;control;2023-01-07 05:15:00+00:00;0.18;;
966771;unknown;control;2023-01-07 05:30:00+00:00;0.197;;
966771;unknown;control;2023-01-07 05:45:00+00:00;0.202;;
966771;unknown;control;2023-01-07 06:00:00+00:00;0.193;;
966771;unknown;control;2023-01-07 06:15:00+00:00;0.195;;
966771;unknown;control;2023-01-07 06:30:00+00:00;0.2;;
966771;unknown;control;2023-01-07 06:45:00+00:00;0.187;;
966771;unknown;control;2023-01-07 07:00:00+00:00;0.212;;
966771;unknown;control;2023-01-07 07:15:00+00:00;0.2;;
966771;unknown;control;2023-01-07 07:30:00+00:00;0.278;;
966771;unknown;control;2023-01-07 07:45:00+00:00;0.147;;
966771;unknown;control;2023-01-07 08:00:00+00:00;0.189;;
966771;unknown;control;2023-01-07 08:15:00+00:00;0.138;;
966771;unknown;control;2023-01-07 08:30:00+00:00;0.203;;
966771;unknown;control;2023-01-07 08:45:00+00:00;0.234;;
966771;unknown;control;2023-01-07 09:00:00+00:00;0.201;;
966771;unknown;control;2023-01-07 09:15:00+00:00;0.121;;
966771;unknown;control;2023-01-07 09:30:00+00:00;0.146;;
966771;unknown;control;2023-01-07 09:45:00+00:00;0.136;;
966771;unknown;control;2023-01-07 10:00:00+00:00;0.136;;
966771;unknown;control;2023-01-07 10:15:00+00:00;0.184;;
966771;unknown;control;2023-01-07 10:30:00+00:00;0.164;;
966771;unknown;control;2023-01-07 10:45:00+00:00;0.107;;
966771;unknown;control;2023-01-07 11:00:00+00:00;0.093;;
966771;unknown;control;2023-01-07 11:15:00+00:00;0.102;;
966771;unknown;control;2023-01-07 11:30:00+00:00;0.238;;
966771;unknown;control;2023-01-07 11:45:00+00:00;0.549;;
966771;unknown;control;2023-01-07 12:00:00+00:00;0.899;;
966771;unknown;control;2023-01-07 12:15:00+00:00;0.894;;
966771;unknown;control;2023-01-07 12:30:00+00:00;0.648;;
966771;unknown;control;2023-01-07 12:45:00+00:00;0.231;;
966771;unknown;control;2023-01-07 13:00:00+00:00;0.213;;
966771;unknown;control;2023-01-07 13:15:00+00:00;0.237;;
966771;unknown;control;2023-01-07 13:30:00+00:00;0.215;;
966771;unknown;control;2023-01-07 13:45:00+00:00;0.626;;
966771;unknown;control;2023-01-07 14:00:00+00:00;0.985;;
966771;unknown;control;2023-01-07 14:15:00+00:00;0.605;;
966771;unknown;control;2023-01-07 14:30:00+00:00;0.221;;
966771;unknown;control;2023-01-07 14:45:00+00:00;0.248;;
966771;unknown;control;2023-01-07 15:00:00+00:00;0.536;;
966771;unknown;control;2023-01-07 15:15:00+00:00;0.295;;
966771;unknown;control;2023-01-07 15:30:00+00:00;0.201;;
966771;unknown;control;2023-01-07 15:45:00+00:00;0.267;;
966771;unknown;control;2023-01-07 16:00:00+00:00;0.257;;
966771;unknown;control;2023-01-07 16:15:00+00:00;0.272;;
966771;unknown;control;2023-01-07 16:30:00+00:00;0.282;;
966771;unknown;control;2023-01-07 16:45:00+00:00;0.289;;
966771;unknown;control;2023-01-07 17:00:00+00:00;0.291;;
966771;unknown;control;2023-01-07 17:15:00+00:00;0.289;;
966771;unknown;control;2023-01-07 17:30:00+00:00;0.29;;
966771;unknown;control;2023-01-07 17:45:00+00:00;0.288;;
966771;unknown;control;2023-01-07 18:00:00+00:00;0.271;;
966771;unknown;control;2023-01-07 18:15:00+00:00;0.278;;
966771;unknown;control;2023-01-07 18:30:00+00:00;0.732;;
966771;unknown;control;2023-01-07 18:45:00+00:00;1.054;;
966771;unknown;control;2023-01-07 19:00:00+00:00;0.963;;
966771;unknown;control;2023-01-07 19:15:00+00:00;1.06;;
966771;unknown;control;2023-01-07 19:30:00+00:00;1.085;;
966771;unknown;control;2023-01-07 19:45:00+00:00;0.9;;
966771;unknown;control;2023-01-07 20:00:00+00:00;1.081;;
966771;unknown;control;2023-01-07 20:15:00+00:00;1.101;;
966771;unknown;control;2023-01-07 20:30:00+00:00;0.906;;
966771;unknown;control;2023-01-07 20:45:00+00:00;1.119;;
966771;unknown;control;2023-01-07 21:00:00+00:00;1.005;;
966771;unknown;control;2023-01-07 21:15:00+00:00;0.99;;
966771;unknown;control;2023-01-07 21:30:00+00:00;0.624;;
966771;unknown;control;2023-01-07 21:45:00+00:00;0.316;;
966771;unknown;control;2023-01-07 22:00:00+00:00;0.34;;
966771;unknown;control;2023-01-07 22:15:00+00:00;0.317;;
966771;unknown;control;2023-01-07 22:30:00+00:00;0.315;;
966771;unknown;control;2023-01-07 22:45:00+00:00;0.312;;
966771;unknown;control;2023-01-07 23:00:00+00:00;0.298;;
966771;unknown;control;2023-01-07 23:15:00+00:00;0.313;;
966771;unknown;control;2023-01-07 23:30:00+00:00;0.317;;
966771;unknown;control;2023-01-07 23:45:00+00:00;0.317;;
966771;unknown;control;2023-01-08 00:00:00+00:00;0.317;;
966771;unknown;control;2023-01-08 00:15:00+00:00;0.323;;
966771;unknown;control;2023-01-08 00:30:00+00:00;0.31;;
966771;unknown;control;2023-01-08 00:45:00+00:00;0.32;;
966771;unknown;control;2023-01-08 01:00:00+00:00;0.705;;
966771;unknown;control;2023-01-08 01:15:00+00:00;1.069;;
966771;unknown;control;2023-01-08 01:30:00+00:00;2.243;;
966771;unknown;control;2023-01-08 01:45:00+00:00;2.264;;
966771;unknown;control;2023-01-08 02:00:00+00:00;2.117;;
966771;unknown;control;2023-01-08 02:15:00+00:00;2.142;;
966771;unknown;control;2023-01-08 02:30:00+00:00;2.291;;
966771;unknown;control;2023-01-08 02:45:00+00:00;2.13;;
966771;unknown;control;2023-01-08 03:00:00+00:00;1.069;;
966771;unknown;control;2023-01-08 03:15:00+00:00;0.756;;
966771;unknown;control;2023-01-08 03:30:00+00:00;1.076;;
966771;unknown;control;2023-01-08 03:45:00+00:00;1.104;;
966771;unknown;control;2023-01-08 04:00:00+00:00;1.106;;
966771;unknown;control;2023-01-08 04:15:00+00:00;0.396;;
966771;unknown;control;2023-01-08 04:30:00+00:00;0.267;;
966771;unknown;control;2023-01-08 04:45:00+00:00;0.274;;
966771;unknown;control;2023-01-08 05:00:00+00:00;0.27;;
966771;unknown;control;2023-01-08 05:15:00+00:00;0.278;;
966771;unknown;control;2023-01-08 05:30:00+00:00;0.266;;
966771;unknown;control;2023-01-08 05:45:00+00:00;0.267;;
966771;unknown;control;2023-01-08 06:00:00+00:00;0.24;;
966771;unknown;control;2023-01-08 06:15:00+00:00;0.252;;
966771;unknown;control;2023-01-08 06:30:00+00:00;0.268;;
966771;unknown;control;2023-01-08 06:45:00+00:00;0.228;;
966771;unknown;control;2023-01-08 07:00:00+00:00;0.225;;
966771;unknown;control;2023-01-08 07:15:00+00:00;0.314;;
966771;unknown;control;2023-01-08 07:30:00+00:00;0.218;;
966771;unknown;control;2023-01-08 07:45:00+00:00;0.254;;
966771;unknown;control;2023-01-08 08:00:00+00:00;0.302;;
966771;unknown;control;2023-01-08 08:15:00+00:00;0.559;;
966771;unknown;control;2023-01-08 08:30:00+00:00;0.358;;
966771;unknown;control;2023-01-08 08:45:00+00:00;0.21;;
966771;unknown;control;2023-01-08 09:00:00+00:00;0.266;;
966771;unknown;control;2023-01-08 09:15:00+00:00;0.215;;
966771;unknown;control;2023-01-08 09:30:00+00:00;0.226;;
966771;unknown;control;2023-01-08 09:45:00+00:00;0.437;;
966771;unknown;control;2023-01-08 10:00:00+00:00;1.005;;
966771;unknown;control;2023-01-08 10:15:00+00:00;0.3;;
966771;unknown;control;2023-01-08 10:30:00+00:00;0.542;;
966771;unknown;control;2023-01-08 10:45:00+00:00;0.398;;
966771;unknown;control;2023-01-08 11:00:00+00:00;0.522;;
966771;unknown;control;2023-01-08 11:15:00+00:00;0.381;;
966771;unknown;control;2023-01-08 11:30:00+00:00;0.366;;
966771;unknown;control;2023-01-08 11:45:00+00:00;0.73;;
966771;unknown;control;2023-01-08 12:00:00+00:00;1.002;;
966771;unknown;control;2023-01-08 12:15:00+00:00;1.027;;
966771;unknown;control;2023-01-08 12:30:00+00:00;1.106;;
966771;unknown;control;2023-01-08 12:45:00+00:00;0.929;;
966771;unknown;control;2023-01-08 13:00:00+00:00;0.495;;
966771;unknown;control;2023-01-08 13:15:00+00:00;0.287;;
966771;unknown;control;2023-01-08 13:30:00+00:00;0.696;;
966771;unknown;control;2023-01-08 13:45:00+00:00;0.897;;
966771;unknown;control;2023-01-08 14:00:00+00:00;0.394;;
966771;unknown;control;2023-01-08 14:15:00+00:00;0.38;;
966771;unknown;control;2023-01-08 14:30:00+00:00;0.464;;
966771;unknown;control;2023-01-08 14:45:00+00:00;1.16;;
966771;unknown;control;2023-01-08 15:00:00+00:00;1.063;;
966771;unknown;control;2023-01-08 15:15:00+00:00;0.297;;
966771;unknown;control;2023-01-08 15:30:00+00:00;0.322;;
966771;unknown;control;2023-01-08 15:45:00+00:00;0.298;;
966771;unknown;control;2023-01-08 16:00:00+00:00;0.346;;
966771;unknown;control;2023-01-08 16:15:00+00:00;0.408;;
966771;unknown;control;2023-01-08 16:30:00+00:00;0.284;;
966771;unknown;control;2023-01-08 16:45:00+00:00;0.306;;
966771;unknown;control;2023-01-08 17:00:00+00:00;0.344;;
966771;unknown;control;2023-01-08 17:15:00+00:00;0.297;;
966771;unknown;control;2023-01-08 17:30:00+00:00;0.303;;
966771;unknown;control;2023-01-08 17:45:00+00:00;0.355;;
966771;unknown;control;2023-01-08 18:00:00+00:00;0.306;;
966771;unknown;control;2023-01-08 18:15:00+00:00;0.405;;
966771;unknown;control;2023-01-08 18:30:00+00:00;0.341;;
966771;unknown;control;2023-01-08 18:45:00+00:00;0.728;;
966771;unknown;control;2023-01-08 19:00:00+00:00;1.085;;
966771;unknown;control;2023-01-08 19:15:00+00:00;1.11;;
966771;unknown;control;2023-01-08 19:30:00+00:00;1.124;;
966771;unknown;control;2023-01-08 19:45:00+00:00;0.853;;
966771;unknown;control;2023-01-08 20:00:00+00:00;0.356;;
966771;unknown;control;2023-01-08 20:15:00+00:00;0.479;;
966771;unknown;control;2023-01-08 20:30:00+00:00;1.094;;
966771;unknown;control;2023-01-08 20:45:00+00:00;1.149;;
966771;unknown;control;2023-01-08 21:00:00+00:00;0.297;;
966771;unknown;control;2023-01-08 21:15:00+00:00;0.333;;
966771;unknown;control;2023-01-08 21:30:00+00:00;0.507;;
966771;unknown;control;2023-01-08 21:45:00+00:00;0.236;;
966771;unknown;control;2023-01-08 22:00:00+00:00;0.216;;
966771;unknown;control;2023-01-08 22:15:00+00:00;0.192;;
966771;unknown;control;2023-01-08 22:30:00+00:00;0.205;;
966771;unknown;control;2023-01-08 22:45:00+00:00;0.205;;
966771;unknown;control;2023-01-08 23:00:00+00:00;0.217;;
966771;unknown;control;2023-01-08 23:15:00+00:00;0.224;;
966771;unknown;control;2023-01-08 23:30:00+00:00;0.2;;
966771;unknown;control;2023-01-08 23:45:00+00:00;0.192;;
966771;unknown;control;2023-01-09 00:00:00+00:00;0.201;;
966771;unknown;control;2023-01-09 00:15:00+00:00;0.198;;
966771;unknown;control;2023-01-09 00:30:00+00:00;0.198;;
966771;unknown;control;2023-01-09 00:45:00+00:00;0.661;;
966771;unknown;control;2023-01-09 01:00:00+00:00;1.043;;
966771;unknown;control;2023-01-09 01:15:00+00:00;0.996;;
966771;unknown;control;2023-01-09 01:30:00+00:00;2.128;;
966771;unknown;control;2023-01-09 01:45:00+00:00;1.449;;
966771;unknown;control;2023-01-09 02:00:00+00:00;1.514;;
966771;unknown;control;2023-01-09 02:15:00+00:00;2.267;;
966771;unknown;control;2023-01-09 02:30:00+00:00;2.119;;
966771;unknown;control;2023-01-09 02:45:00+00:00;1.288;;
966771;unknown;control;2023-01-09 03:00:00+00:00;0.288;;
966771;unknown;control;2023-01-09 03:15:00+00:00;0.824;;
966771;unknown;control;2023-01-09 03:30:00+00:00;1.102;;
966771;unknown;control;2023-01-09 03:45:00+00:00;0.966;;
966771;unknown;control;2023-01-09 04:00:00+00:00;0.249;;
966771;unknown;control;2023-01-09 04:15:00+00:00;0.293;;
966771;unknown;control;2023-01-09 04:30:00+00:00;0.28;;
966771;unknown;control;2023-01-09 04:45:00+00:00;0.261;;
966771;unknown;control;2023-01-09 05:00:00+00:00;0.265;;
966771;unknown;control;2023-01-09 05:15:00+00:00;0.304;;
966771;unknown;control;2023-01-09 05:30:00+00:00;0.363;;
966771;unknown;control;2023-01-09 05:45:00+00:00;1.562;;
966771;unknown;control;2023-01-09 06:00:00+00:00;0.259;;
966771;unknown;control;2023-01-09 06:15:00+00:00;0.256;;
966771;unknown;control;2023-01-09 06:30:00+00:00;0.309;;
966771;unknown;control;2023-01-09 06:45:00+00:00;0.617;;
966771;unknown;control;2023-01-09 07:00:00+00:00;0.319;;
966771;unknown;control;2023-01-09 07:15:00+00:00;0.324;;
966771;unknown;control;2023-01-09 07:30:00+00:00;0.304;;
966771;unknown;control;2023-01-09 07:45:00+00:00;0.228;;
966771;unknown;control;2023-01-09 08:00:00+00:00;0.266;;
966771;unknown;control;2023-01-09 08:15:00+00:00;0.533;;
966771;unknown;control;2023-01-09 08:30:00+00:00;0.844;;
966771;unknown;control;2023-01-09 08:45:00+00:00;0.223;;
966771;unknown;control;2023-01-09 09:00:00+00:00;0.242;;
966771;unknown;control;2023-01-09 09:15:00+00:00;0.194;;
966771;unknown;control;2023-01-09 09:30:00+00:00;0.62;;
966771;unknown;control;2023-01-09 09:45:00+00:00;0.6;;
966771;unknown;control;2023-01-09 10:00:00+00:00;0.126;;
966771;unknown;control;2023-01-09 10:15:00+00:00;0.444;;
966771;unknown;control;2023-01-09 10:30:00+00:00;0.866;;
966771;unknown;control;2023-01-09 10:45:00+00:00;0.283;;
966771;unknown;control;2023-01-09 11:00:00+00:00;0.119;;
966771;unknown;control;2023-01-09 11:15:00+00:00;0.171;;
966771;unknown;control;2023-01-09 11:30:00+00:00;0.178;;
966771;unknown;control;2023-01-09 11:45:00+00:00;0.613;;
966771;unknown;control;2023-01-09 12:00:00+00:00;1.013;;
966771;unknown;control;2023-01-09 12:15:00+00:00;1.108;;
966771;unknown;control;2023-01-09 12:30:00+00:00;1.155;;
966771;unknown;control;2023-01-09 12:45:00+00:00;1.159;;
966771;unknown;control;2023-01-09 13:00:00+00:00;0.529;;
966771;unknown;control;2023-01-09 13:15:00+00:00;0.235;;
966771;unknown;control;2023-01-09 13:30:00+00:00;0.485;;
966771;unknown;control;2023-01-09 13:45:00+00:00;1.165;;
966771;unknown;control;2023-01-09 14:00:00+00:00;1.074;;
966771;unknown;control;2023-01-09 14:15:00+00:00;0.655;;
966771;unknown;control;2023-01-09 14:30:00+00:00;0.232;;
966771;unknown;control;2023-01-09 14:45:00+00:00;0.48;;
966771;unknown;control;2023-01-09 15:00:00+00:00;0.496;;
966771;unknown;control;2023-01-09 15:15:00+00:00;0.255;;
966771;unknown;control;2023-01-09 15:30:00+00:00;0.345;;
966771;unknown;control;2023-01-09 15:45:00+00:00;0.427;;
966771;unknown;control;2023-01-09 16:00:00+00:00;0.414;;
966771;unknown;control;2023-01-09 16:15:00+00:00;0.506;;
966771;unknown;control;2023-01-09 16:30:00+00:00;0.374;;
966771;unknown;control;2023-01-09 16:45:00+00:00;0.403;;
966771;unknown;control;2023-01-09 17:00:00+00:00;0.421;;
966771;unknown;control;2023-01-09 17:15:00+00:00;0.407;;
966771;unknown;control;2023-01-09 17:30:00+00:00;0.334;;
966771;unknown;control;2023-01-09 17:45:00+00:00;0.319;;
966771;unknown;control;2023-01-09 18:00:00+00:00;0.315;;
966771;unknown;control;2023-01-09 18:15:00+00:00;0.313;;
966771;unknown;control;2023-01-09 18:30:00+00:00;0.742;;
966771;unknown;control;2023-01-09 18:45:00+00:00;1.078;;
966771;unknown;control;2023-01-09 19:00:00+00:00;0.983;;
966771;unknown;control;2023-01-09 19:15:00+00:00;1.085;;
966771;unknown;control;2023-01-09 19:30:00+00:00;1.136;;
966771;unknown;control;2023-01-09 19:45:00+00:00;0.948;;
966771;unknown;control;2023-01-09 20:00:00+00:00;1.156;;
966771;unknown;control;2023-01-09 20:15:00+00:00;1.202;;
966771;unknown;control;2023-01-09 20:30:00+00:00;0.994;;
966771;unknown;control;2023-01-09 20:45:00+00:00;1.165;;
966771;unknown;control;2023-01-09 21:00:00+00:00;1.052;;
966771;unknown;control;2023-01-09 21:15:00+00:00;1.024;;
966771;unknown;control;2023-01-09 21:30:00+00:00;0.631;;
966771;unknown;control;2023-01-09 21:45:00+00:00;0.303;;
966771;unknown;control;2023-01-09 22:00:00+00:00;0.304;;
966771;unknown;control;2023-01-09 22:15:00+00:00;0.296;;
966771;unknown;control;2023-01-09 22:30:00+00:00;0.299;;
966771;unknown;control;2023-01-09 22:45:00+00:00;0.305;;
966771;unknown;control;2023-01-09 23:00:00+00:00;0.306;;
966771;unknown;control;2023-01-09 23:15:00+00:00;0.303;;
966771;unknown;control;2023-01-09 23:30:00+00:00;0.297;;
966771;unknown;control;2023-01-09 23:45:00+00:00;0.3;;
966771;unknown;control;2023-01-10 00:00:00+00:00;0.29;;
966771;unknown;control;2023-01-10 00:15:00+00:00;0.294;;
966771;unknown;control;2023-01-10 00:30:00+00:00;0.284;;
966771;unknown;control;2023-01-10 00:45:00+00:00;0.276;;
966771;unknown;control;2023-01-10 01:00:00+00:00;0.686;;
966771;unknown;control;2023-01-10 01:15:00+00:00;1.069;;
966771;unknown;control;2023-01-10 01:30:00+00:00;2.153;;
966771;unknown;control;2023-01-10 01:45:00+00:00;2.223;;
966771;unknown;control;2023-01-10 02:00:00+00:00;2.287;;
966771;unknown;control;2023-01-10 02:15:00+00:00;2.09;;
966771;unknown;control;2023-01-10 02:30:00+00:00;2.313;;
966771;unknown;control;2023-01-10 02:45:00+00:00;1.137;;
966771;unknown;control;2023-01-10 03:00:00+00:00;0.915;;
966771;unknown;control;2023-01-10 03:15:00+00:00;1.113;;
966771;unknown;control;2023-01-10 03:30:00+00:00;1.005;;
966771;unknown;control;2023-01-10 03:45:00+00:00;1.013;;
966771;unknown;control;2023-01-10 04:00:00+00:00;1.124;;
966771;unknown;control;2023-01-10 04:15:00+00:00;0.421;;
966771;unknown;control;2023-01-10 04:30:00+00:00;0.303;;
966771;unknown;control;2023-01-10 04:45:00+00:00;0.314;;
966771;unknown;control;2023-01-10 05:00:00+00:00;0.312;;
966771;unknown;control;2023-01-10 05:15:00+00:00;0.28;;
966771;unknown;control;2023-01-10 05:30:00+00:00;0.31;;
966771;unknown;control;2023-01-10 05:45:00+00:00;1.412;;
966771;unknown;control;2023-01-10 06:00:00+00:00;0.316;;
966771;unknown;control;2023-01-10 06:15:00+00:00;0.288;;
966771;unknown;control;2023-01-10 06:30:00+00:00;0.273;;
966771;unknown;control;2023-01-10 06:45:00+00:00;0.278;;
966771;unknown;control;2023-01-10 07:00:00+00:00;0.304;;
966771;unknown;control;2023-01-10 07:15:00+00:00;0.31;;
966771;unknown;control;2023-01-10 07:30:00+00:00;0.273;;
966771;unknown;control;2023-01-10 07:45:00+00:00;0.247;;
966771;unknown;control;2023-01-10 08:00:00+00:00;0.259;;
966771;unknown;control;2023-01-10 08:15:00+00:00;0.254;;
966771;unknown;control;2023-01-10 08:30:00+00:00;0.237;;
966771;unknown;control;2023-01-10 08:45:00+00:00;0.231;;
966771;unknown;control;2023-01-10 09:00:00+00:00;0.183;;
966771;unknown;control;2023-01-10 09:15:00+00:00;0.212;;
966771;unknown;control;2023-01-10 09:30:00+00:00;0.3;;
966771;unknown;control;2023-01-10 09:45:00+00:00;0.968;;
966771;unknown;control;2023-01-10 10:00:00+00:00;0.6;;
966771;unknown;control;2023-01-10 10:15:00+00:00;0.613;;
966771;unknown;control;2023-01-10 10:30:00+00:00;0.362;;
966771;unknown;control;2023-01-10 10:45:00+00:00;0.157;;
966771;unknown;control;2023-01-10 11:00:00+00:00;0.176;;
966771;unknown;control;2023-01-10 11:15:00+00:00;0.137;;
966771;unknown;control;2023-01-10 11:30:00+00:00;0.116;;
966771;unknown;control;2023-01-10 11:45:00+00:00;0.537;;
966771;unknown;control;2023-01-10 12:00:00+00:00;0.879;;
966771;unknown;control;2023-01-10 12:15:00+00:00;0.87;;
966771;unknown;control;2023-01-10 12:30:00+00:00;0.928;;
966771;unknown;control;2023-01-10 12:45:00+00:00;0.973;;
966771;unknown;control;2023-01-10 13:00:00+00:00;0.445;;
966771;unknown;control;2023-01-10 13:15:00+00:00;0.177;;
966771;unknown;control;2023-01-10 13:30:00+00:00;0.614;;
966771;unknown;control;2023-01-10 13:45:00+00:00;0.995;;
966771;unknown;control;2023-01-10 14:00:00+00:00;0.975;;
966771;unknown;control;2023-01-10 14:15:00+00:00;0.956;;
966771;unknown;control;2023-01-10 14:30:00+00:00;1.028;;
966771;unknown;control;2023-01-10 14:45:00+00:00;0.327;;
966771;unknown;control;2023-01-10 15:00:00+00:00;0.223;;
966771;unknown;control;2023-01-10 15:15:00+00:00;0.281;;
966771;unknown;control;2023-01-10 15:30:00+00:00;0.444;;
966771;unknown;control;2023-01-10 15:45:00+00:00;0.281;;
966771;unknown;control;2023-01-10 16:00:00+00:00;0.337;;
966771;unknown;control;2023-01-10 16:15:00+00:00;0.363;;
966771;unknown;control;2023-01-10 16:30:00+00:00;0.368;;
966771;unknown;control;2023-01-10 16:45:00+00:00;0.325;;
966771;unknown;control;2023-01-10 17:00:00+00:00;0.329;;
966771;unknown;control;2023-01-10 17:15:00+00:00;0.338;;
966771;unknown;control;2023-01-10 17:30:00+00:00;0.294;;
966771;unknown;control;2023-01-10 17:45:00+00:00;0.36;;
966771;unknown;control;2023-01-10 18:00:00+00:00;0.324;;
966771;unknown;control;2023-01-10 18:15:00+00:00;0.334;;
966771;unknown;control;2023-01-10 18:30:00+00:00;0.754;;
966771;unknown;control;2023-01-10 18:45:00+00:00;1.078;;
966771;unknown;control;2023-01-10 19:00:00+00:00;1.054;;
966771;unknown;control;2023-01-10 19:15:00+00:00;1.055;;
966771;unknown;control;2023-01-10 19:30:00+00:00;1.155;;
966771;unknown;control;2023-01-10 19:45:00+00:00;0.969;;
966771;unknown;control;2023-01-10 20:00:00+00:00;1.163;;
966771;unknown;control;2023-01-10 20:15:00+00:00;1.121;;
966771;unknown;control;2023-01-10 20:30:00+00:00;0.97;;
966771;unknown;control;2023-01-10 20:45:00+00:00;0.66;;
966771;unknown;control;2023-01-10 21:00:00+00:00;0.277;;
966771;unknown;control;2023-01-10 21:15:00+00:00;0.233;;
966771;unknown;control;2023-01-10 21:30:00+00:00;0.231;;
966771;unknown;control;2023-01-10 21:45:00+00:00;0.234;;
966771;unknown;control;2023-01-10 22:00:00+00:00;0.212;;
966771;unknown;control;2023-01-10 22:15:00+00:00;0.245;;
966771;unknown;control;2023-01-10 22:30:00+00:00;0.217;;
966771;unknown;control;2023-01-10 22:45:00+00:00;0.205;;
966771;unknown;control;2023-01-10 23:00:00+00:00;0.244;;
966771;unknown;control;2023-01-10 23:15:00+00:00;0.203;;
966771;unknown;control;2023-01-10 23:30:00+00:00;0.196;;
966771;unknown;control;2023-01-10 23:45:00+00:00;0.236;;
966771;unknown;control;2023-01-11 00:00:00+00:00;0.203;;
966771;unknown;control;2023-01-11 00:15:00+00:00;0.197;;
966771;unknown;control;2023-01-11 00:30:00+00:00;0.22;;
966771;unknown;control;2023-01-11 00:45:00+00:00;0.233;;
966771;unknown;control;2023-01-11 01:00:00+00:00;0.633;;
966771;unknown;control;2023-01-11 01:15:00+00:00;1.024;;
966771;unknown;control;2023-01-11 01:30:00+00:00;2.085;;
966771;unknown;control;2023-01-11 01:45:00+00:00;2.204;;
966771;unknown;control;2023-01-11 02:00:00+00:00;2.218;;
966771;unknown;control;2023-01-11 02:15:00+00:00;2.137;;
966771;unknown;control;2023-01-11 02:30:00+00:00;1.099;;
966771;unknown;control;2023-01-11 02:45:00+00:00;0.473;;
966771;unknown;control;2023-01-11 03:00:00+00:00;0.229;;
966771;unknown;control;2023-01-11 03:15:00+00:00;0.249;;
966771;unknown;control;2023-01-11 03:30:00+00:00;0.288;;
966771;unknown;control;2023-01-11 03:45:00+00:00;1.042;;
966771;unknown;control;2023-01-11 04:00:00+00:00;1.012;;
966771;unknown;control;2023-01-11 04:15:00+00:00;0.523;;
966771;unknown;control;2023-01-11 04:30:00+00:00;0.233;;
966771;unknown;control;2023-01-11 04:45:00+00:00;0.208;;
966771;unknown;control;2023-01-11 05:00:00+00:00;0.222;;
966771;unknown;control;2023-01-11 05:15:00+00:00;0.234;;
966771;unknown;control;2023-01-11 05:30:00+00:00;0.212;;
966771;unknown;control;2023-01-11 05:45:00+00:00;1.297;;
966771;unknown;control;2023-01-11 06:00:00+00:00;0.248;;
966771;unknown;control;2023-01-11 06:15:00+00:00;0.236;;
966771;unknown;control;2023-01-11 06:30:00+00:00;0.218;;
966771;unknown;control;2023-01-11 06:45:00+00:00;0.217;;
966771;unknown;control;2023-01-11 07:00:00+00:00;0.234;;
966771;unknown;control;2023-01-11 07:15:00+00:00;0.261;;
966771;unknown;control;2023-01-11 07:30:00+00:00;0.203;;
966771;unknown;control;2023-01-11 07:45:00+00:00;0.194;;
966771;unknown;control;2023-01-11 08:00:00+00:00;0.149;;
966771;unknown;control;2023-01-11 08:15:00+00:00;0.188;;
966771;unknown;control;2023-01-11 08:30:00+00:00;0.143;;
966771;unknown;control;2023-01-11 08:45:00+00:00;0.145;;
966771;unknown;control;2023-01-11 09:00:00+00:00;0.146;;
966771;unknown;control;2023-01-11 09:15:00+00:00;0.146;;
966771;unknown;control;2023-01-11 09:30:00+00:00;0.153;;
966771;unknown;control;2023-01-11 09:45:00+00:00;0.153;;
966771;unknown;control;2023-01-11 10:00:00+00:00;0.18;;
966771;unknown;control;2023-01-11 10:15:00+00:00;0.285;;
966771;unknown;control;2023-01-11 10:30:00+00:00;0.319;;
966771;unknown;control;2023-01-11 10:45:00+00:00;0.22;;
966771;unknown;control;2023-01-11 11:00:00+00:00;0.226;;
966771;unknown;control;2023-01-11 11:15:00+00:00;0.193;;
966771;unknown;control;2023-01-11 11:30:00+00:00;0.203;;
966771;unknown;control;2023-01-11 11:45:00+00:00;0.641;;
966771;unknown;control;2023-01-11 12:00:00+00:00;1.369;;
966771;unknown;control;2023-01-11 12:15:00+00:00;1.174;;
966771;unknown;control;2023-01-11 12:30:00+00:00;1.145;;
966771;unknown;control;2023-01-11 12:45:00+00:00;1.132;;
966771;unknown;control;2023-01-11 13:00:00+00:00;0.322;;
966771;unknown;control;2023-01-11 13:15:00+00:00;0.226;;
966771;unknown;control;2023-01-11 13:30:00+00:00;0.518;;
966771;unknown;control;2023-01-11 13:45:00+00:00;1.01;;
966771;unknown;control;2023-01-11 14:00:00+00:00;1.054;;
966771;unknown;control;2023-01-11 14:15:00+00:00;0.621;;
966771;unknown;control;2023-01-11 14:30:00+00:00;0.45;;
966771;unknown;control;2023-01-11 14:45:00+00:00;0.401;;
966771;unknown;control;2023-01-11 15:00:00+00:00;0.225;;
966771;unknown;control;2023-01-11 15:15:00+00:00;0.234;;
966771;unknown;control;2023-01-11 15:30:00+00:00;0.231;;
966771;unknown;control;2023-01-11 15:45:00+00:00;0.271;;
966771;unknown;control;2023-01-11 16:00:00+00:00;0.324;;
966771;unknown;control;2023-01-11 16:15:00+00:00;0.27;;
966771;unknown;control;2023-01-11 16:30:00+00:00;0.292;;
966771;unknown;control;2023-01-11 16:45:00+00:00;0.305;;
966771;unknown;control;2023-01-11 17:00:00+00:00;0.27;;
966771;unknown;control;2023-01-11 17:15:00+00:00;0.255;;
966771;unknown;control;2023-01-11 17:30:00+00:00;0.356;;
966771;unknown;control;2023-01-11 17:45:00+00:00;0.319;;
966771;unknown;control;2023-01-11 18:00:00+00:00;0.284;;
966771;unknown;control;2023-01-11 18:15:00+00:00;0.276;;
966771;unknown;control;2023-01-11 18:30:00+00:00;0.712;;
966771;unknown;control;2023-01-11 18:45:00+00:00;1.059;;
966771;unknown;control;2023-01-11 19:00:00+00:00;1.049;;
966771;unknown;control;2023-01-11 19:15:00+00:00;1.13;;
966771;unknown;control;2023-01-11 19:30:00+00:00;0.569;;
966771;unknown;control;2023-01-11 19:45:00+00:00;0.514;;
966771;unknown;control;2023-01-11 20:00:00+00:00;1.053;;
966771;unknown;control;2023-01-11 20:15:00+00:00;1.132;;
966771;unknown;control;2023-01-11 20:30:00+00:00;1.132;;
966771;unknown;control;2023-01-11 20:45:00+00:00;0.922;;
966771;unknown;control;2023-01-11 21:00:00+00:00;0.297;;
966771;unknown;control;2023-01-11 21:15:00+00:00;0.494;;
966771;unknown;control;2023-01-11 21:30:00+00:00;0.583;;
966771;unknown;control;2023-01-11 21:45:00+00:00;0.316;;
966771;unknown;control;2023-01-11 22:00:00+00:00;0.267;;
966771;unknown;control;2023-01-11 22:15:00+00:00;0.325;;
966771;unknown;control;2023-01-11 22:30:00+00:00;0.287;;
966771;unknown;control;2023-01-11 22:45:00+00:00;0.264;;
966771;unknown;control;2023-01-11 23:00:00+00:00;0.219;;
966771;unknown;control;2023-01-11 23:15:00+00:00;0.251;;
966771;unknown;control;2023-01-11 23:30:00+00:00;0.264;;
966771;unknown;control;2023-01-11 23:45:00+00:00;0.244;;
966771;unknown;control;2023-01-12 00:00:00+00:00;0.237;;
966771;unknown;control;2023-01-12 00:15:00+00:00;0.236;;
966771;unknown;control;2023-01-12 00:30:00+00:00;0.246;;
966771;unknown;control;2023-01-12 00:45:00+00:00;0.282;;
966771;unknown;control;2023-01-12 01:00:00+00:00;0.71;;
966771;unknown;control;2023-01-12 01:15:00+00:00;1.048;;
966771;unknown;control;2023-01-12 01:30:00+00:00;2.145;;
966771;unknown;control;2023-01-12 01:45:00+00:00;2.271;;
966771;unknown;control;2023-01-12 02:00:00+00:00;2.302;;
966771;unknown;control;2023-01-12 02:15:00+00:00;2.152;;
966771;unknown;control;2023-01-12 02:30:00+00:00;1.295;;
966771;unknown;control;2023-01-12 02:45:00+00:00;1.107;;
966771;unknown;control;2023-01-12 03:00:00+00:00;0.921;;
966771;unknown;control;2023-01-12 03:15:00+00:00;1.107;;
966771;unknown;control;2023-01-12 03:30:00+00:00;0.84;;
966771;unknown;control;2023-01-12 03:45:00+00:00;0.271;;
966771;unknown;control;2023-01-12 04:00:00+00:00;0.239;;
966771;unknown;control;2023-01-12 04:15:00+00:00;0.277;;
966771;unknown;control;2023-01-12 04:30:00+00:00;0.214;;
966771;unknown;control;2023-01-12 04:45:00+00:00;0.246;;
966771;unknown;control;2023-01-12 05:00:00+00:00;0.22;;
966771;unknown;control;2023-01-12 05:15:00+00:00;0.221;;
966771;unknown;control;2023-01-12 05:30:00+00:00;0.236;;
966771;unknown;control;2023-01-12 05:45:00+00:00;0.22;;
966771;unknown;control;2023-01-12 06:00:00+00:00;0.226;;
966771;unknown;control;2023-01-12 06:15:00+00:00;0.274;;
966771;unknown;control;2023-01-12 06:30:00+00:00;0.231;;
966771;unknown;control;2023-01-12 06:45:00+00:00;0.697;;
966771;unknown;control;2023-01-12 07:00:00+00:00;0.257;;
966771;unknown;control;2023-01-12 07:15:00+00:00;0.339;;
966771;unknown;control;2023-01-12 07:30:00+00:00;0.256;;
966771;unknown;control;2023-01-12 07:45:00+00:00;0.218;;
966771;unknown;control;2023-01-12 08:00:00+00:00;0.214;;
966771;unknown;control;2023-01-12 08:15:00+00:00;0.207;;
966771;unknown;control;2023-01-12 08:30:00+00:00;0.174;;
966771;unknown;control;2023-01-12 08:45:00+00:00;0.178;;
966771;unknown;control;2023-01-12 09:00:00+00:00;0.164;;
966771;unknown;control;2023-01-12 09:15:00+00:00;0.116;;
966771;unknown;control;2023-01-12 09:30:00+00:00;0.153;;
966771;unknown;control;2023-01-12 09:45:00+00:00;0.201;;
966771;unknown;control;2023-01-12 10:00:00+00:00;0.345;;
966771;unknown;control;2023-01-12 10:15:00+00:00;0.101;;
966771;unknown;control;2023-01-12 10:30:00+00:00;0.161;;
966771;unknown;control;2023-01-12 10:45:00+00:00;0.101;;
966771;unknown;control;2023-01-12 11:00:00+00:00;0.105;;
966771;unknown;control;2023-01-12 11:15:00+00:00;0.096;;
966771;unknown;control;2023-01-12 11:30:00+00:00;0.096;;
966771;unknown;control;2023-01-12 11:45:00+00:00;0.534;;
966771;unknown;control;2023-01-12 12:00:00+00:00;0.881;;
966771;unknown;control;2023-01-12 12:15:00+00:00;0.823;;
966771;unknown;control;2023-01-12 12:30:00+00:00;0.14;;
966771;unknown;control;2023-01-12 12:45:00+00:00;0.125;;
966771;unknown;control;2023-01-12 13:00:00+00:00;0.838;;
966771;unknown;control;2023-01-12 13:15:00+00:00;0.697;;
966771;unknown;control;2023-01-12 13:30:00+00:00;0.114;;
966771;unknown;control;2023-01-12 13:45:00+00:00;0.173;;
966771;unknown;control;2023-01-12 14:00:00+00:00;0.239;;
966771;unknown;control;2023-01-12 14:15:00+00:00;0.933;;
966771;unknown;control;2023-01-12 14:30:00+00:00;0.449;;
966771;unknown;control;2023-01-12 14:45:00+00:00;0.253;;
966771;unknown;control;2023-01-12 15:00:00+00:00;0.18;;
966771;unknown;control;2023-01-12 15:15:00+00:00;0.231;;
966771;unknown;control;2023-01-12 15:30:00+00:00;0.227;;
966771;unknown;control;2023-01-12 15:45:00+00:00;0.225;;
966771;unknown;control;2023-01-12 16:00:00+00:00;0.323;;
966771;unknown;control;2023-01-12 16:15:00+00:00;0.332;;
966771;unknown;control;2023-01-12 16:30:00+00:00;0.278;;
966771;unknown;control;2023-01-12 16:45:00+00:00;0.283;;
966771;unknown;control;2023-01-12 17:00:00+00:00;0.299;;
966771;unknown;control;2023-01-12 17:15:00+00:00;0.31;;
966771;unknown;control;2023-01-12 17:30:00+00:00;0.286;;
966771;unknown;control;2023-01-12 17:45:00+00:00;0.269;;
966771;unknown;control;2023-01-12 18:00:00+00:00;0.27;;
966771;unknown;control;2023-01-12 18:15:00+00:00;0.334;;
966771;unknown;control;2023-01-12 18:30:00+00:00;0.718;;
966771;unknown;control;2023-01-12 18:45:00+00:00;1.049;;
966771;unknown;control;2023-01-12 19:00:00+00:00;1.092;;
966771;unknown;control;2023-01-12 19:15:00+00:00;1.116;;
966771;unknown;control;2023-01-12 19:30:00+00:00;1.11;;
966771;unknown;control;2023-01-12 19:45:00+00:00;1.129;;
966771;unknown;control;2023-01-12 20:00:00+00:00;0.431;;
966771;unknown;control;2023-01-12 20:15:00+00:00;0.34;;
966771;unknown;control;2023-01-12 20:30:00+00:00;0.924;;
966771;unknown;control;2023-01-12 20:45:00+00:00;1.134;;
966771;unknown;control;2023-01-12 21:00:00+00:00;0.588;;
966771;unknown;control;2023-01-12 21:15:00+00:00;0.315;;
966771;unknown;control;2023-01-12 21:30:00+00:00;0.251;;
966771;unknown;control;2023-01-12 21:45:00+00:00;0.287;;
966771;unknown;control;2023-01-12 22:00:00+00:00;0.275;;
966771;unknown;control;2023-01-12 22:15:00+00:00;0.249;;
966771;unknown;control;2023-01-12 22:30:00+00:00;0.28;;
966771;unknown;control;2023-01-12 22:45:00+00:00;0.218;;
966771;unknown;control;2023-01-12 23:00:00+00:00;0.246;;
966771;unknown;control;2023-01-12 23:15:00+00:00;0.258;;
966771;unknown;control;2023-01-12 23:30:00+00:00;0.21;;
966771;unknown;control;2023-01-12 23:45:00+00:00;0.272;;
966771;unknown;control;2023-01-13 00:00:00+00:00;0.231;;
966771;unknown;control;2023-01-13 00:15:00+00:00;0.249;;
966771;unknown;control;2023-01-13 00:30:00+00:00;0.203;;
966771;unknown;control;2023-01-13 00:45:00+00:00;0.237;;
966771;unknown;control;2023-01-13 01:00:00+00:00;0.638;;
966771;unknown;control;2023-01-13 01:15:00+00:00;0.994;;
966771;unknown;control;2023-01-13 01:30:00+00:00;2.174;;
966771;unknown;control;2023-01-13 01:45:00+00:00;2.296;;
966771;unknown;control;2023-01-13 02:00:00+00:00;2.087;;
966771;unknown;control;2023-01-13 02:15:00+00:00;1.477;;
966771;unknown;control;2023-01-13 02:30:00+00:00;1.463;;
966771;unknown;control;2023-01-13 02:45:00+00:00;1.199;;
966771;unknown;control;2023-01-13 03:00:00+00:00;0.982;;
966771;unknown;control;2023-01-13 03:15:00+00:00;0.654;;
966771;unknown;control;2023-01-13 03:30:00+00:00;0.252;;
966771;unknown;control;2023-01-13 03:45:00+00:00;0.24;;
966771;unknown;control;2023-01-13 04:00:00+00:00;0.469;;
966771;unknown;control;2023-01-13 04:15:00+00:00;0.501;;
966771;unknown;control;2023-01-13 04:30:00+00:00;0.254;;
966771;unknown;control;2023-01-13 04:45:00+00:00;0.211;;
966771;unknown;control;2023-01-13 05:00:00+00:00;0.262;;
966771;unknown;control;2023-01-13 05:15:00+00:00;0.264;;
966771;unknown;control;2023-01-13 05:30:00+00:00;0.199;;
966771;unknown;control;2023-01-13 05:45:00+00:00;0.28;;
966771;unknown;control;2023-01-13 06:00:00+00:00;0.224;;
966771;unknown;control;2023-01-13 06:15:00+00:00;0.28;;
966771;unknown;control;2023-01-13 06:30:00+00:00;0.248;;
966771;unknown;control;2023-01-13 06:45:00+00:00;0.635;;
966771;unknown;control;2023-01-13 07:00:00+00:00;0.299;;
966771;unknown;control;2023-01-13 07:15:00+00:00;0.259;;
966771;unknown;control;2023-01-13 07:30:00+00:00;0.264;;
966771;unknown;control;2023-01-13 07:45:00+00:00;0.459;;
966771;unknown;control;2023-01-13 08:00:00+00:00;0.302;;
966771;unknown;control;2023-01-13 08:15:00+00:00;0.223;;
966771;unknown;control;2023-01-13 08:30:00+00:00;0.171;;
966771;unknown;control;2023-01-13 08:45:00+00:00;0.152;;
966771;unknown;control;2023-01-13 09:00:00+00:00;0.152;;
966771;unknown;control;2023-01-13 09:15:00+00:00;0.371;;
966771;unknown;control;2023-01-13 09:30:00+00:00;0.146;;
966771;unknown;control;2023-01-13 09:45:00+00:00;0.445;;
966771;unknown;control;2023-01-13 10:00:00+00:00;0.551;;
966771;unknown;control;2023-01-13 10:15:00+00:00;0.12;;
966771;unknown;control;2023-01-13 10:30:00+00:00;0.292;;
966771;unknown;control;2023-01-13 10:45:00+00:00;0.164;;
966771;unknown;control;2023-01-13 11:00:00+00:00;0.24;;
966771;unknown;control;2023-01-13 11:15:00+00:00;0.149;;
966771;unknown;control;2023-01-13 11:30:00+00:00;0.144;;
966771;unknown;control;2023-01-13 11:45:00+00:00;0.553;;
966771;unknown;control;2023-01-13 12:00:00+00:00;0.927;;
966771;unknown;control;2023-01-13 12:15:00+00:00;0.884;;
966771;unknown;control;2023-01-13 12:30:00+00:00;0.489;;
966771;unknown;control;2023-01-13 12:45:00+00:00;0.168;;
966771;unknown;control;2023-01-13 13:00:00+00:00;0.408;;
966771;unknown;control;2023-01-13 13:15:00+00:00;0.907;;
966771;unknown;control;2023-01-13 13:30:00+00:00;0.282;;
966771;unknown;control;2023-01-13 13:45:00+00:00;0.174;;
966771;unknown;control;2023-01-13 14:00:00+00:00;0.135;;
966771;unknown;control;2023-01-13 14:15:00+00:00;0.133;;
966771;unknown;control;2023-01-13 14:30:00+00:00;0.138;;
966771;unknown;control;2023-01-13 14:45:00+00:00;0.403;;
966771;unknown;control;2023-01-13 15:00:00+00:00;0.535;;
966771;unknown;control;2023-01-13 15:15:00+00:00;0.228;;
966771;unknown;control;2023-01-13 15:30:00+00:00;0.268;;
966771;unknown;control;2023-01-13 15:45:00+00:00;0.274;;
966771;unknown;control;2023-01-13 16:00:00+00:00;0.311;;
966771;unknown;control;2023-01-13 16:15:00+00:00;0.379;;
966771;unknown;control;2023-01-13 16:30:00+00:00;0.292;;
966771;unknown;control;2023-01-13 16:45:00+00:00;0.26;;
966771;unknown;control;2023-01-13 17:00:00+00:00;0.297;;
966771;unknown;control;2023-01-13 17:15:00+00:00;0.357;;
966771;unknown;control;2023-01-13 17:30:00+00:00;0.381;;
966771;unknown;control;2023-01-13 17:45:00+00:00;0.326;;
966771;unknown;control;2023-01-13 18:00:00+00:00;0.348;;
966771;unknown;control;2023-01-13 18:15:00+00:00;0.355;;
966771;unknown;control;2023-01-13 18:30:00+00:00;0.72;;
966771;unknown;control;2023-01-13 18:45:00+00:00;1.106;;
966771;unknown;control;2023-01-13 19:00:00+00:00;1.087;;
966771;unknown;control;2023-01-13 19:15:00+00:00;1.118;;
966771;unknown;control;2023-01-13 19:30:00+00:00;1.194;;
966771;unknown;control;2023-01-13 19:45:00+00:00;1.157;;
966771;unknown;control;2023-01-13 20:00:00+00:00;1.16;;
966771;unknown;control;2023-01-13 20:15:00+00:00;1.063;;
966771;unknown;control;2023-01-13 20:30:00+00:00;1.191;;
966771;unknown;control;2023-01-13 20:45:00+00:00;0.682;;
966771;unknown;control;2023-01-13 21:00:00+00:00;0.37;;
966771;unknown;control;2023-01-13 21:15:00+00:00;0.531;;
966771;unknown;control;2023-01-13 21:30:00+00:00;0.633;;
966771;unknown;control;2023-01-13 21:45:00+00:00;0.33;;
966771;unknown;control;2023-01-13 22:00:00+00:00;0.31;;
966771;unknown;control;2023-01-13 22:15:00+00:00;0.211;;
966771;unknown;control;2023-01-13 22:30:00+00:00;0.273;;
966771;unknown;control;2023-01-13 22:45:00+00:00;0.213;;
966771;unknown;control;2023-01-13 23:00:00+00:00;0.264;;
966771;unknown;control;2023-01-13 23:15:00+00:00;0.252;;
966771;unknown;control;2023-01-13 23:30:00+00:00;0.216;;
966771;unknown;control;2023-01-13 23:45:00+00:00;0.277;;
966771;unknown;control;2023-01-14 00:00:00+00:00;0.266;;
966771;unknown;control;2023-01-14 00:15:00+00:00;0.21;;
966771;unknown;control;2023-01-14 00:30:00+00:00;0.284;;
966771;unknown;control;2023-01-14 00:45:00+00:00;0.226;;
966771;unknown;control;2023-01-14 01:00:00+00:00;0.708;;
966771;unknown;control;2023-01-14 01:15:00+00:00;1.056;;
966771;unknown;control;2023-01-14 01:30:00+00:00;2.119;;
966771;unknown;control;2023-01-14 01:45:00+00:00;2.211;;
966771;unknown;control;2023-01-14 02:00:00+00:00;2.281;;
966771;unknown;control;2023-01-14 02:15:00+00:00;2.134;;
966771;unknown;control;2023-01-14 02:30:00+00:00;2.292;;
966771;unknown;control;2023-01-14 02:45:00+00:00;1.716;;
966771;unknown;control;2023-01-14 03:00:00+00:00;0.928;;
966771;unknown;control;2023-01-14 03:15:00+00:00;1.119;;
966771;unknown;control;2023-01-14 03:30:00+00:00;1.034;;
966771;unknown;control;2023-01-14 03:45:00+00:00;0.991;;
966771;unknown;control;2023-01-14 04:00:00+00:00;1.136;;
966771;unknown;control;2023-01-14 04:15:00+00:00;0.427;;
966771;unknown;control;2023-01-14 04:30:00+00:00;0.211;;
966771;unknown;control;2023-01-14 04:45:00+00:00;0.26;;
966771;unknown;control;2023-01-14 05:00:00+00:00;0.211;;
966771;unknown;control;2023-01-14 05:15:00+00:00;0.254;;
966771;unknown;control;2023-01-14 05:30:00+00:00;0.205;;
966771;unknown;control;2023-01-14 05:45:00+00:00;0.217;;
966771;unknown;control;2023-01-14 06:00:00+00:00;0.262;;
966771;unknown;control;2023-01-14 06:15:00+00:00;0.224;;
966771;unknown;control;2023-01-14 06:30:00+00:00;0.291;;
966771;unknown;control;2023-01-14 06:45:00+00:00;0.232;;
966771;unknown;control;2023-01-14 07:00:00+00:00;0.279;;
966771;unknown;control;2023-01-14 07:15:00+00:00;0.261;;
966771;unknown;control;2023-01-14 07:30:00+00:00;0.242;;
966771;unknown;control;2023-01-14 07:45:00+00:00;0.203;;
966771;unknown;control;2023-01-14 08:00:00+00:00;0.151;;
966771;unknown;control;2023-01-14 08:15:00+00:00;0.211;;
966771;unknown;control;2023-01-14 08:30:00+00:00;0.106;;
966771;unknown;control;2023-01-14 08:45:00+00:00;0.267;;
966771;unknown;control;2023-01-14 09:00:00+00:00;0.207;;
966771;unknown;control;2023-01-14 09:15:00+00:00;0.158;;
966771;unknown;control;2023-01-14 09:30:00+00:00;0.11;;
966771;unknown;control;2023-01-14 09:45:00+00:00;0.101;;
966771;unknown;control;2023-01-14 10:00:00+00:00;0.118;;
966771;unknown;control;2023-01-14 10:15:00+00:00;0.102;;
966771;unknown;control;2023-01-14 10:30:00+00:00;0.102;;
966771;unknown;control;2023-01-14 10:45:00+00:00;0.109;;
966771;unknown;control;2023-01-14 11:00:00+00:00;0.139;;
966771;unknown;control;2023-01-14 11:15:00+00:00;0.774;;
966771;unknown;control;2023-01-14 11:30:00+00:00;0.153;;
966771;unknown;control;2023-01-14 11:45:00+00:00;0.685;;
966771;unknown;control;2023-01-14 12:00:00+00:00;1.134;;
966771;unknown;control;2023-01-14 12:15:00+00:00;0.735;;
966771;unknown;control;2023-01-14 12:30:00+00:00;0.164;;
966771;unknown;control;2023-01-14 12:45:00+00:00;0.371;;
966771;unknown;control;2023-01-14 13:00:00+00:00;0.251;;
966771;unknown;control;2023-01-14 13:15:00+00:00;0.146;;
966771;unknown;control;2023-01-14 13:30:00+00:00;0.156;;
966771;unknown;control;2023-01-14 13:45:00+00:00;0.742;;
966771;unknown;control;2023-01-14 14:00:00+00:00;0.935;;
966771;unknown;control;2023-01-14 14:15:00+00:00;0.249;;
966771;unknown;control;2023-01-14 14:30:00+00:00;0.184;;
966771;unknown;control;2023-01-14 14:45:00+00:00;0.179;;
966771;unknown;control;2023-01-14 15:00:00+00:00;0.426;;
966771;unknown;control;2023-01-14 15:15:00+00:00;0.148;;
966771;unknown;control;2023-01-14 15:30:00+00:00;0.189;;
966771;unknown;control;2023-01-14 15:45:00+00:00;0.164;;
966771;unknown;control;2023-01-14 16:00:00+00:00;0.531;;
966771;unknown;control;2023-01-14 16:15:00+00:00;0.359;;
966771;unknown;control;2023-01-14 16:30:00+00:00;0.47;;
966771;unknown;control;2023-01-14 16:45:00+00:00;0.501;;
966771;unknown;control;2023-01-14 17:00:00+00:00;0.466;;
966771;unknown;control;2023-01-14 17:15:00+00:00;0.506;;
966771;unknown;control;2023-01-14 17:30:00+00:00;0.3;;
966771;unknown;control;2023-01-14 17:45:00+00:00;0.329;;
966771;unknown;control;2023-01-14 18:00:00+00:00;0.304;;
966771;unknown;control;2023-01-14 18:15:00+00:00;0.295;;
966771;unknown;control;2023-01-14 18:30:00+00:00;0.709;;
966771;unknown;control;2023-01-14 18:45:00+00:00;1.051;;
966771;unknown;control;2023-01-14 19:00:00+00:00;0.811;;
966771;unknown;control;2023-01-14 19:15:00+00:00;0.242;;
966771;unknown;control;2023-01-14 19:30:00+00:00;0.304;;
966771;unknown;control;2023-01-14 19:45:00+00:00;0.995;;
966771;unknown;control;2023-01-14 20:00:00+00:00;0.974;;
966771;unknown;control;2023-01-14 20:15:00+00:00;0.633;;
966771;unknown;control;2023-01-14 20:30:00+00:00;0.501;;
966771;unknown;control;2023-01-14 20:45:00+00:00;0.726;;
966771;unknown;control;2023-01-14 21:00:00+00:00;1.133;;
966771;unknown;control;2023-01-14 21:15:00+00:00;0.534;;
966771;unknown;control;2023-01-14 21:30:00+00:00;0.283;;
966771;unknown;control;2023-01-14 21:45:00+00:00;0.273;;
966771;unknown;control;2023-01-14 22:00:00+00:00;0.273;;
966771;unknown;control;2023-01-14 22:15:00+00:00;0.244;;
966771;unknown;control;2023-01-14 22:30:00+00:00;0.218;;
966771;unknown;control;2023-01-14 22:45:00+00:00;0.216;;
966771;unknown;control;2023-01-14 23:00:00+00:00;0.199;;
966771;unknown;control;2023-01-14 23:15:00+00:00;0.188;;
966771;unknown;control;2023-01-14 23:30:00+00:00;0.208;;
966771;unknown;control;2023-01-14 23:45:00+00:00;0.205;;
966771;unknown;control;2023-01-15 00:00:00+00:00;0.196;;
966771;unknown;control;2023-01-15 00:15:00+00:00;0.162;;
966771;unknown;control;2023-01-15 00:30:00+00:00;0.154;;
966771;unknown;control;2023-01-15 00:45:00+00:00;0.186;;
966771;unknown;control;2023-01-15 01:00:00+00:00;0.605;;
966771;unknown;control;2023-01-15 01:15:00+00:00;0.945;;
966771;unknown;control;2023-01-15 01:30:00+00:00;1.428;;
966771;unknown;control;2023-01-15 01:45:00+00:00;1.435;;
966771;unknown;control;2023-01-15 02:00:00+00:00;1.375;;
966771;unknown;control;2023-01-15 02:15:00+00:00;1.393;;
966771;unknown;control;2023-01-15 02:30:00+00:00;1.41;;
966771;unknown;control;2023-01-15 02:45:00+00:00;1.435;;
966771;unknown;control;2023-01-15 03:00:00+00:00;1.393;;
966771;unknown;control;2023-01-15 03:15:00+00:00;1.786;;
966771;unknown;control;2023-01-15 03:30:00+00:00;2.124;;
966771;unknown;control;2023-01-15 03:45:00+00:00;1.452;;
966771;unknown;control;2023-01-15 04:00:00+00:00;0.631;;
966771;unknown;control;2023-01-15 04:15:00+00:00;0.197;;
966771;unknown;control;2023-01-15 04:30:00+00:00;0.191;;
966771;unknown;control;2023-01-15 04:45:00+00:00;0.187;;
966771;unknown;control;2023-01-15 05:00:00+00:00;0.145;;
966771;unknown;control;2023-01-15 05:15:00+00:00;0.179;;
966771;unknown;control;2023-01-15 05:30:00+00:00;0.189;;
966771;unknown;control;2023-01-15 05:45:00+00:00;0.169;;
966771;unknown;control;2023-01-15 06:00:00+00:00;0.196;;
966771;unknown;control;2023-01-15 06:15:00+00:00;0.157;;
966771;unknown;control;2023-01-15 06:30:00+00:00;0.182;;
966771;unknown;control;2023-01-15 06:45:00+00:00;0.143;;
966771;unknown;control;2023-01-15 07:00:00+00:00;0.19;;
966771;unknown;control;2023-01-15 07:15:00+00:00;0.148;;
966771;unknown;control;2023-01-15 07:30:00+00:00;0.148;;
966771;unknown;control;2023-01-15 07:45:00+00:00;0.824;;
966771;unknown;control;2023-01-15 08:00:00+00:00;0.414;;
966771;unknown;control;2023-01-15 08:15:00+00:00;0.253;;
966771;unknown;control;2023-01-15 08:30:00+00:00;0.246;;
966771;unknown;control;2023-01-15 08:45:00+00:00;0.472;;
966771;unknown;control;2023-01-15 09:00:00+00:00;0.534;;
966771;unknown;control;2023-01-15 09:15:00+00:00;0.386;;
966771;unknown;control;2023-01-15 09:30:00+00:00;0.297;;
966771;unknown;control;2023-01-15 09:45:00+00:00;0.273;;
966771;unknown;control;2023-01-15 10:00:00+00:00;0.314;;
966771;unknown;control;2023-01-15 10:15:00+00:00;0.3;;
966771;unknown;control;2023-01-15 10:30:00+00:00;0.544;;
966771;unknown;control;2023-01-15 10:45:00+00:00;0.668;;
966771;unknown;control;2023-01-15 11:00:00+00:00;0.338;;
966771;unknown;control;2023-01-15 11:15:00+00:00;0.385;;
966771;unknown;control;2023-01-15 11:30:00+00:00;0.315;;
966771;unknown;control;2023-01-15 11:45:00+00:00;0.751;;
966771;unknown;control;2023-01-15 12:00:00+00:00;1.081;;
966771;unknown;control;2023-01-15 12:15:00+00:00;1.111;;
966771;unknown;control;2023-01-15 12:30:00+00:00;1.729;;
966771;unknown;control;2023-01-15 12:45:00+00:00;1.457;;
966771;unknown;control;2023-01-15 13:00:00+00:00;0.921;;
966771;unknown;control;2023-01-15 13:15:00+00:00;1.108;;
966771;unknown;control;2023-01-15 13:30:00+00:00;1.075;;
966771;unknown;control;2023-01-15 13:45:00+00:00;1.14;;
966771;unknown;control;2023-01-15 14:00:00+00:00;1.314;;
966771;unknown;control;2023-01-15 14:15:00+00:00;1.225;;
966771;unknown;control;2023-01-15 14:30:00+00:00;1.477;;
966771;unknown;control;2023-01-15 14:45:00+00:00;1.396;;
966771;unknown;control;2023-01-15 15:00:00+00:00;1.158;;
966771;unknown;control;2023-01-15 15:15:00+00:00;1.264;;
966771;unknown;control;2023-01-15 15:30:00+00:00;0.686;;
966771;unknown;control;2023-01-15 15:45:00+00:00;0.394;;
966771;unknown;control;2023-01-15 16:00:00+00:00;0.506;;
966771;unknown;control;2023-01-15 16:15:00+00:00;0.459;;
966771;unknown;control;2023-01-15 16:30:00+00:00;0.451;;
966771;unknown;control;2023-01-15 16:45:00+00:00;0.477;;
966771;unknown;control;2023-01-15 17:00:00+00:00;0.985;;
966771;unknown;control;2023-01-15 17:15:00+00:00;0.614;;
966771;unknown;control;2023-01-15 17:30:00+00:00;0.527;;
966771;unknown;control;2023-01-15 17:45:00+00:00;0.398;;
966771;unknown;control;2023-01-15 18:00:00+00:00;0.384;;
966771;unknown;control;2023-01-15 18:15:00+00:00;0.389;;
966771;unknown;control;2023-01-15 18:30:00+00:00;0.393;;
966771;unknown;control;2023-01-15 18:45:00+00:00;0.786;;
966771;unknown;control;2023-01-15 19:00:00+00:00;1.159;;
966771;unknown;control;2023-01-15 19:15:00+00:00;1.172;;
966771;unknown;control;2023-01-15 19:30:00+00:00;1.046;;
966771;unknown;control;2023-01-15 19:45:00+00:00;1.509;;
966771;unknown;control;2023-01-15 20:00:00+00:00;1.563;;
966771;unknown;control;2023-01-15 20:15:00+00:00;1.035;;
966771;unknown;control;2023-01-15 20:30:00+00:00;1.239;;
966771;unknown;control;2023-01-15 20:45:00+00:00;1.604;;
966771;unknown;control;2023-01-15 21:00:00+00:00;1.254;;
966771;unknown;control;2023-01-15 21:15:00+00:00;0.968;;
966771;unknown;control;2023-01-15 21:30:00+00:00;0.701;;
966771;unknown;control;2023-01-15 21:45:00+00:00;0.359;;
966771;unknown;control;2023-01-15 22:00:00+00:00;0.335;;
966771;unknown;control;2023-01-15 22:15:00+00:00;0.335;;
966771;unknown;control;2023-01-15 22:30:00+00:00;0.338;;
966771;unknown;control;2023-01-15 22:45:00+00:00;0.325;;
966771;unknown;control;2023-01-15 23:00:00+00:00;0.334;;
966771;unknown;control;2023-01-15 23:15:00+00:00;0.345;;
966771;unknown;control;2023-01-15 23:30:00+00:00;0.344;;
966771;unknown;control;2023-01-15 23:45:00+00:00;0.339;;
966771;unknown;control;2023-01-16 00:00:00+00:00;0.338;;
966771;unknown;control;2023-01-16 00:15:00+00:00;0.337;;
966771;unknown;control;2023-01-16 00:30:00+00:00;0.322;;
966771;unknown;control;2023-01-16 00:45:00+00:00;0.692;;
966771;unknown;control;2023-01-16 01:00:00+00:00;1.057;;
966771;unknown;control;2023-01-16 01:15:00+00:00;1.084;;
966771;unknown;control;2023-01-16 01:30:00+00:00;2.24;;
966771;unknown;control;2023-01-16 01:45:00+00:00;2.261;;
966771;unknown;control;2023-01-16 02:00:00+00:00;2.016;;
966771;unknown;control;2023-01-16 02:15:00+00:00;2.276;;
966771;unknown;control;2023-01-16 02:30:00+00:00;2.322;;
966771;unknown;control;2023-01-16 02:45:00+00:00;2.315;;
966771;unknown;control;2023-01-16 03:00:00+00:00;2.305;;
966771;unknown;control;2023-01-16 03:15:00+00:00;2.082;;
966771;unknown;control;2023-01-16 03:30:00+00:00;2.196;;
966771;unknown;control;2023-01-16 03:45:00+00:00;2.354;;
966771;unknown;control;2023-01-16 04:00:00+00:00;2.354;;
966771;unknown;control;2023-01-16 04:15:00+00:00;1.869;;
966771;unknown;control;2023-01-16 04:30:00+00:00;1.542;;
966771;unknown;control;2023-01-16 04:45:00+00:00;1.517;;
966771;unknown;control;2023-01-16 05:00:00+00:00;0.434;;
966771;unknown;control;2023-01-16 05:15:00+00:00;0.377;;
966771;unknown;control;2023-01-16 05:30:00+00:00;0.383;;
966771;unknown;control;2023-01-16 05:45:00+00:00;0.382;;
966771;unknown;control;2023-01-16 06:00:00+00:00;0.375;;
966771;unknown;control;2023-01-16 06:15:00+00:00;0.43;;
966771;unknown;control;2023-01-16 06:30:00+00:00;0.4;;
966771;unknown;control;2023-01-16 06:45:00+00:00;0.394;;
966771;unknown;control;2023-01-16 07:00:00+00:00;0.42;;
966771;unknown;control;2023-01-16 07:15:00+00:00;0.387;;
966771;unknown;control;2023-01-16 07:30:00+00:00;0.334;;
966771;unknown;control;2023-01-16 07:45:00+00:00;0.343;;
966771;unknown;control;2023-01-16 08:00:00+00:00;0.332;;
966771;unknown;control;2023-01-16 08:15:00+00:00;0.406;;
966771;unknown;control;2023-01-16 08:30:00+00:00;1.029;;
966771;unknown;control;2023-01-16 08:45:00+00:00;1.17;;
966771;unknown;control;2023-01-16 09:00:00+00:00;1.079;;
966771;unknown;control;2023-01-16 09:15:00+00:00;1.01;;
966771;unknown;control;2023-01-16 09:30:00+00:00;1.083;;
966771;unknown;control;2023-01-16 09:45:00+00:00;0.704;;
966771;unknown;control;2023-01-16 10:00:00+00:00;1.065;;
966771;unknown;control;2023-01-16 10:15:00+00:00;0.908;;
966771;unknown;control;2023-01-16 10:30:00+00:00;0.545;;
966771;unknown;control;2023-01-16 10:45:00+00:00;0.306;;
966771;unknown;control;2023-01-16 11:00:00+00:00;0.279;;
966771;unknown;control;2023-01-16 11:15:00+00:00;0.237;;
966771;unknown;control;2023-01-16 11:30:00+00:00;0.24;;
966771;unknown;control;2023-01-16 11:45:00+00:00;0.63;;
966771;unknown;control;2023-01-16 12:00:00+00:00;0.924;;
966771;unknown;control;2023-01-16 12:15:00+00:00;0.868;;
966771;unknown;control;2023-01-16 12:30:00+00:00;0.74;;
966771;unknown;control;2023-01-16 12:45:00+00:00;0.967;;
966771;unknown;control;2023-01-16 13:00:00+00:00;0.869;;
966771;unknown;control;2023-01-16 13:15:00+00:00;1.012;;
966771;unknown;control;2023-01-16 13:30:00+00:00;0.919;;
966771;unknown;control;2023-01-16 13:45:00+00:00;0.839;;
966771;unknown;control;2023-01-16 14:00:00+00:00;1.297;;
966771;unknown;control;2023-01-16 14:15:00+00:00;0.774;;
966771;unknown;control;2023-01-16 14:30:00+00:00;0.233;;
966771;unknown;control;2023-01-16 14:45:00+00:00;0.233;;
966771;unknown;control;2023-01-16 15:00:00+00:00;0.232;;
966771;unknown;control;2023-01-16 15:15:00+00:00;0.292;;
966771;unknown;control;2023-01-16 15:30:00+00:00;0.244;;
966771;unknown;control;2023-01-16 15:45:00+00:00;0.339;;
966771;unknown;control;2023-01-16 16:00:00+00:00;0.533;;
966771;unknown;control;2023-01-16 16:15:00+00:00;0.31;;
966771;unknown;control;2023-01-16 16:30:00+00:00;0.342;;
966771;unknown;control;2023-01-16 16:45:00+00:00;0.329;;
966771;unknown;control;2023-01-16 17:00:00+00:00;0.361;;
966771;unknown;control;2023-01-16 17:15:00+00:00;0.376;;
966771;unknown;control;2023-01-16 17:30:00+00:00;0.35;;
966771;unknown;control;2023-01-16 17:45:00+00:00;0.333;;
966771;unknown;control;2023-01-16 18:00:00+00:00;0.35;;
966771;unknown;control;2023-01-16 18:15:00+00:00;0.36;;
966771;unknown;control;2023-01-16 18:30:00+00:00;0.767;;
966771;unknown;control;2023-01-16 18:45:00+00:00;1.136;;
966771;unknown;control;2023-01-16 19:00:00+00:00;1.053;;
966771;unknown;control;2023-01-16 19:15:00+00:00;1.148;;
966771;unknown;control;2023-01-16 19:30:00+00:00;1.163;;
966771;unknown;control;2023-01-16 19:45:00+00:00;1.015;;
966771;unknown;control;2023-01-16 20:00:00+00:00;1.18;;
966771;unknown;control;2023-01-16 20:15:00+00:00;1.193;;
966771;unknown;control;2023-01-16 20:30:00+00:00;0.974;;
966771;unknown;control;2023-01-16 20:45:00+00:00;1.311;;
966771;unknown;control;2023-01-16 21:00:00+00:00;1.277;;
966771;unknown;control;2023-01-16 21:15:00+00:00;1.009;;
966771;unknown;control;2023-01-16 21:30:00+00:00;0.736;;
966771;unknown;control;2023-01-16 21:45:00+00:00;0.381;;
966771;unknown;control;2023-01-16 22:00:00+00:00;0.333;;
966771;unknown;control;2023-01-16 22:15:00+00:00;0.33;;
966771;unknown;control;2023-01-16 22:30:00+00:00;0.32;;
966771;unknown;control;2023-01-16 22:45:00+00:00;0.33;;
966771;unknown;control;2023-01-16 23:00:00+00:00;0.326;;
966771;unknown;control;2023-01-16 23:15:00+00:00;0.302;;
966771;unknown;control;2023-01-16 23:30:00+00:00;0.307;;
966771;unknown;control;2023-01-16 23:45:00+00:00;0.31;;
966771;unknown;control;2023-01-17 00:00:00+00:00;0.297;;
966771;unknown;control;2023-01-17 00:15:00+00:00;0.303;;
966771;unknown;control;2023-01-17 00:30:00+00:00;0.284;;
966771;unknown;control;2023-01-17 00:45:00+00:00;0.292;;
966771;unknown;control;2023-01-17 01:00:00+00:00;0.728;;
966771;unknown;control;2023-01-17 01:15:00+00:00;1.102;;
966771;unknown;control;2023-01-17 01:30:00+00:00;2.261;;
966771;unknown;control;2023-01-17 01:45:00+00:00;2.076;;
966771;unknown;control;2023-01-17 02:00:00+00:00;2.283;;
966771;unknown;control;2023-01-17 02:15:00+00:00;2.33;;
966771;unknown;control;2023-01-17 02:30:00+00:00;2.314;;
966771;unknown;control;2023-01-17 02:45:00+00:00;2.162;;
966771;unknown;control;2023-01-17 03:00:00+00:00;2.057;;
966771;unknown;control;2023-01-17 03:15:00+00:00;2.31;;
966771;unknown;control;2023-01-17 03:30:00+00:00;2.311;;
966771;unknown;control;2023-01-17 03:45:00+00:00;2.096;;
966771;unknown;control;2023-01-17 04:00:00+00:00;1.026;;
966771;unknown;control;2023-01-17 04:15:00+00:00;0.452;;
966771;unknown;control;2023-01-17 04:30:00+00:00;0.357;;
966771;unknown;control;2023-01-17 04:45:00+00:00;0.373;;
966771;unknown;control;2023-01-17 05:00:00+00:00;0.394;;
966771;unknown;control;2023-01-17 05:15:00+00:00;0.386;;
966771;unknown;control;2023-01-17 05:30:00+00:00;0.421;;
966771;unknown;control;2023-01-17 05:45:00+00:00;1.429;;
966771;unknown;control;2023-01-17 06:00:00+00:00;0.391;;
966771;unknown;control;2023-01-17 06:15:00+00:00;0.382;;
966771;unknown;control;2023-01-17 06:30:00+00:00;0.386;;
966771;unknown;control;2023-01-17 06:45:00+00:00;0.357;;
966771;unknown;control;2023-01-17 07:00:00+00:00;0.387;;
966771;unknown;control;2023-01-17 07:15:00+00:00;0.382;;
966771;unknown;control;2023-01-17 07:30:00+00:00;0.372;;
966771;unknown;control;2023-01-17 07:45:00+00:00;0.335;;
966771;unknown;control;2023-01-17 08:00:00+00:00;0.405;;
966771;unknown;control;2023-01-17 08:15:00+00:00;1.038;;
966771;unknown;control;2023-01-17 08:30:00+00:00;1.515;;
966771;unknown;control;2023-01-17 08:45:00+00:00;1.099;;
966771;unknown;control;2023-01-17 09:00:00+00:00;1.045;;
966771;unknown;control;2023-01-17 09:15:00+00:00;1.098;;
966771;unknown;control;2023-01-17 09:30:00+00:00;0.811;;
966771;unknown;control;2023-01-17 09:45:00+00:00;1.033;;
966771;unknown;control;2023-01-17 10:00:00+00:00;1.039;;
966771;unknown;control;2023-01-17 10:15:00+00:00;0.39;;
966771;unknown;control;2023-01-17 10:30:00+00:00;0.234;;
966771;unknown;control;2023-01-17 10:45:00+00:00;0.686;;
966771;unknown;control;2023-01-17 11:00:00+00:00;1.182;;
966771;unknown;control;2023-01-17 11:15:00+00:00;1.048;;
966771;unknown;control;2023-01-17 11:30:00+00:00;0.96;;
966771;unknown;control;2023-01-17 11:45:00+00:00;0.36;;
966771;unknown;control;2023-01-17 12:00:00+00:00;1.016;;
966771;unknown;control;2023-01-17 12:15:00+00:00;1.019;;
966771;unknown;control;2023-01-17 12:30:00+00:00;0.955;;
966771;unknown;control;2023-01-17 12:45:00+00:00;0.923;;
966771;unknown;control;2023-01-17 13:00:00+00:00;1.108;;
966771;unknown;control;2023-01-17 13:15:00+00:00;1.062;;
966771;unknown;control;2023-01-17 13:30:00+00:00;0.845;;
966771;unknown;control;2023-01-17 13:45:00+00:00;1.141;;
966771;unknown;control;2023-01-17 14:00:00+00:00;1.149;;
966771;unknown;control;2023-01-17 14:15:00+00:00;0.913;;
966771;unknown;control;2023-01-17 14:30:00+00:00;1.131;;
966771;unknown;control;2023-01-17 14:45:00+00:00;1.105;;
966771;unknown;control;2023-01-17 15:00:00+00:00;0.78;;
966771;unknown;control;2023-01-17 15:15:00+00:00;0.505;;
966771;unknown;control;2023-01-17 15:30:00+00:00;0.443;;
966771;unknown;control;2023-01-17 15:45:00+00:00;0.415;;
966771;unknown;control;2023-01-17 16:00:00+00:00;0.462;;
966771;unknown;control;2023-01-17 16:15:00+00:00;0.496;;
966771;unknown;control;2023-01-17 16:30:00+00:00;0.339;;
966771;unknown;control;2023-01-17 16:45:00+00:00;0.318;;
966771;unknown;control;2023-01-17 17:00:00+00:00;0.577;;
966771;unknown;control;2023-01-17 17:15:00+00:00;0.328;;
966771;unknown;control;2023-01-17 17:30:00+00:00;0.354;;
966771;unknown;control;2023-01-17 17:45:00+00:00;0.343;;
966771;unknown;control;2023-01-17 18:00:00+00:00;0.386;;
966771;unknown;control;2023-01-17 18:15:00+00:00;0.391;;
966771;unknown;control;2023-01-17 18:30:00+00:00;0.701;;
966771;unknown;control;2023-01-17 18:45:00+00:00;1.153;;
966771;unknown;control;2023-01-17 19:00:00+00:00;1.205;;
966771;unknown;control;2023-01-17 19:15:00+00:00;1.206;;
966771;unknown;control;2023-01-17 19:30:00+00:00;1.215;;
966771;unknown;control;2023-01-17 19:45:00+00:00;0.858;;
966771;unknown;control;2023-01-17 20:00:00+00:00;1.181;;
966771;unknown;control;2023-01-17 20:15:00+00:00;1.218;;
966771;unknown;control;2023-01-17 20:30:00+00:00;1.224;;
966771;unknown;control;2023-01-17 20:45:00+00:00;1.2;;
966771;unknown;control;2023-01-17 21:00:00+00:00;0.932;;
966771;unknown;control;2023-01-17 21:15:00+00:00;0.956;;
966771;unknown;control;2023-01-17 21:30:00+00:00;0.638;;
966771;unknown;control;2023-01-17 21:45:00+00:00;0.344;;
966771;unknown;control;2023-01-17 22:00:00+00:00;0.325;;
966771;unknown;control;2023-01-17 22:15:00+00:00;0.321;;
966771;unknown;control;2023-01-17 22:30:00+00:00;0.332;;
966771;unknown;control;2023-01-17 22:45:00+00:00;0.388;;
966771;unknown;control;2023-01-17 23:00:00+00:00;0.385;;
966771;unknown;control;2023-01-17 23:15:00+00:00;0.363;;
966771;unknown;control;2023-01-17 23:30:00+00:00;0.366;;
966771;unknown;control;2023-01-17 23:45:00+00:00;0.336;;
966771;unknown;control;2023-01-18 00:00:00+00:00;0.328;;
966771;unknown;control;2023-01-18 00:15:00+00:00;0.335;;
966771;unknown;control;2023-01-18 00:30:00+00:00;0.364;;
966771;unknown;control;2023-01-18 00:45:00+00:00;0.345;;
966771;unknown;control;2023-01-18 01:00:00+00:00;0.677;;
966771;unknown;control;2023-01-18 01:15:00+00:00;1.094;;
966771;unknown;control;2023-01-18 01:30:00+00:00;2.277;;
966771;unknown;control;2023-01-18 01:45:00+00:00;2.325;;
966771;unknown;control;2023-01-18 02:00:00+00:00;2.155;;
966771;unknown;control;2023-01-18 02:15:00+00:00;2.18;;
966771;unknown;control;2023-01-18 02:30:00+00:00;1.844;;
966771;unknown;control;2023-01-18 02:45:00+00:00;1.126;;
966771;unknown;control;2023-01-18 03:00:00+00:00;1.133;;
966771;unknown;control;2023-01-18 03:15:00+00:00;0.994;;
966771;unknown;control;2023-01-18 03:30:00+00:00;0.955;;
966771;unknown;control;2023-01-18 03:45:00+00:00;1.143;;
966771;unknown;control;2023-01-18 04:00:00+00:00;1.124;;
966771;unknown;control;2023-01-18 04:15:00+00:00;0.647;;
966771;unknown;control;2023-01-18 04:30:00+00:00;0.347;;
966771;unknown;control;2023-01-18 04:45:00+00:00;0.337;;
966771;unknown;control;2023-01-18 05:00:00+00:00;0.339;;
966771;unknown;control;2023-01-18 05:15:00+00:00;0.339;;
966771;unknown;control;2023-01-18 05:30:00+00:00;0.671;;
966771;unknown;control;2023-01-18 05:45:00+00:00;1.532;;
966771;unknown;control;2023-01-18 06:00:00+00:00;0.352;;
966771;unknown;control;2023-01-18 06:15:00+00:00;0.444;;
966771;unknown;control;2023-01-18 06:30:00+00:00;0.782;;
966771;unknown;control;2023-01-18 06:45:00+00:00;0.359;;
966771;unknown;control;2023-01-18 07:00:00+00:00;0.34;;
966771;unknown;control;2023-01-18 07:15:00+00:00;0.629;;
966771;unknown;control;2023-01-18 07:30:00+00:00;0.338;;
966771;unknown;control;2023-01-18 07:45:00+00:00;0.301;;
966771;unknown;control;2023-01-18 08:00:00+00:00;0.228;;
966771;unknown;control;2023-01-18 08:15:00+00:00;0.293;;
966771;unknown;control;2023-01-18 08:30:00+00:00;0.291;;
966771;unknown;control;2023-01-18 08:45:00+00:00;1.001;;
966771;unknown;control;2023-01-18 09:00:00+00:00;1.11;;
966771;unknown;control;2023-01-18 09:15:00+00:00;1.009;;
966771;unknown;control;2023-01-18 09:30:00+00:00;0.657;;
966771;unknown;control;2023-01-18 09:45:00+00:00;0.265;;
966771;unknown;control;2023-01-18 10:00:00+00:00;0.112;;
966771;unknown;control;2023-01-18 10:15:00+00:00;0.239;;
966771;unknown;control;2023-01-18 10:30:00+00:00;0.273;;
966771;unknown;control;2023-01-18 10:45:00+00:00;0.834;;
966771;unknown;control;2023-01-18 11:00:00+00:00;0.958;;
966771;unknown;control;2023-01-18 11:15:00+00:00;0.609;;
966771;unknown;control;2023-01-18 11:30:00+00:00;0.175;;
966771;unknown;control;2023-01-18 11:45:00+00:00;0.518;;
966771;unknown;control;2023-01-18 12:00:00+00:00;1.333;;
966771;unknown;control;2023-01-18 12:15:00+00:00;1.167;;
966771;unknown;control;2023-01-18 12:30:00+00:00;1.05;;
966771;unknown;control;2023-01-18 12:45:00+00:00;1.03;;
966771;unknown;control;2023-01-18 13:00:00+00:00;1.187;;
966771;unknown;control;2023-01-18 13:15:00+00:00;1.23;;
966771;unknown;control;2023-01-18 13:30:00+00:00;0.989;;
966771;unknown;control;2023-01-18 13:45:00+00:00;1.232;;
966771;unknown;control;2023-01-18 14:00:00+00:00;1.196;;
966771;unknown;control;2023-01-18 14:15:00+00:00;1.167;;
966771;unknown;control;2023-01-18 14:30:00+00:00;1.013;;
966771;unknown;control;2023-01-18 14:45:00+00:00;1.131;;
966771;unknown;control;2023-01-18 15:00:00+00:00;0.617;;
966771;unknown;control;2023-01-18 15:15:00+00:00;0.366;;
966771;unknown;control;2023-01-18 15:30:00+00:00;0.369;;
966771;unknown;control;2023-01-18 15:45:00+00:00;0.384;;
966771;unknown;control;2023-01-18 16:00:00+00:00;0.491;;
966771;unknown;control;2023-01-18 16:15:00+00:00;0.471;;
966771;unknown;control;2023-01-18 16:30:00+00:00;0.457;;
966771;unknown;control;2023-01-18 16:45:00+00:00;0.454;;
966771;unknown;control;2023-01-18 17:00:00+00:00;0.435;;
966771;unknown;control;2023-01-18 17:15:00+00:00;0.401;;
966771;unknown;control;2023-01-18 17:30:00+00:00;0.408;;
966771;unknown;control;2023-01-18 17:45:00+00:00;0.383;;
966771;unknown;control;2023-01-18 18:00:00+00:00;0.378;;
966771;unknown;control;2023-01-18 18:15:00+00:00;0.4;;
966771;unknown;control;2023-01-18 18:30:00+00:00;0.758;;
966771;unknown;control;2023-01-18 18:45:00+00:00;1.214;;
966771;unknown;control;2023-01-18 19:00:00+00:00;1.218;;
966771;unknown;control;2023-01-18 19:15:00+00:00;1.226;;
966771;unknown;control;2023-01-18 19:30:00+00:00;1.239;;
966771;unknown;control;2023-01-18 19:45:00+00:00;0.971;;
966771;unknown;control;2023-01-18 20:00:00+00:00;1.227;;
966771;unknown;control;2023-01-18 20:15:00+00:00;1.226;;
966771;unknown;control;2023-01-18 20:30:00+00:00;1.217;;
966771;unknown;control;2023-01-18 20:45:00+00:00;1.249;;
966771;unknown;control;2023-01-18 21:00:00+00:00;1.06;;
966771;unknown;control;2023-01-18 21:15:00+00:00;1.095;;
966771;unknown;control;2023-01-18 21:30:00+00:00;0.729;;
966771;unknown;control;2023-01-18 21:45:00+00:00;0.354;;
966771;unknown;control;2023-01-18 22:00:00+00:00;0.362;;
966771;unknown;control;2023-01-18 22:15:00+00:00;0.37;;
966771;unknown;control;2023-01-18 22:30:00+00:00;0.362;;
966771;unknown;control;2023-01-18 22:45:00+00:00;0.337;;
966771;unknown;control;2023-01-18 23:00:00+00:00;0.359;;
966771;unknown;control;2023-01-18 23:15:00+00:00;0.396;;
966771;unknown;control;2023-01-18 23:30:00+00:00;0.417;;
966771;unknown;control;2023-01-18 23:45:00+00:00;0.383;;
966771;unknown;control;2023-01-19 00:00:00+00:00;0.393;;
966771;unknown;control;2023-01-19 00:15:00+00:00;0.437;;
966771;unknown;control;2023-01-19 00:30:00+00:00;0.391;;
966771;unknown;control;2023-01-19 00:45:00+00:00;0.389;;
966771;unknown;control;2023-01-19 01:00:00+00:00;0.722;;
966771;unknown;control;2023-01-19 01:15:00+00:00;1.146;;
966771;unknown;control;2023-01-19 01:30:00+00:00;2.284;;
966771;unknown;control;2023-01-19 01:45:00+00:00;2.313;;
966771;unknown;control;2023-01-19 02:00:00+00:00;2.279;;
966771;unknown;control;2023-01-19 02:15:00+00:00;2.339;;
966771;unknown;control;2023-01-19 02:30:00+00:00;2.327;;
966771;unknown;control;2023-01-19 02:45:00+00:00;2.367;;
966771;unknown;control;2023-01-19 03:00:00+00:00;2.076;;
966771;unknown;control;2023-01-19 03:15:00+00:00;2.179;;
966771;unknown;control;2023-01-19 03:30:00+00:00;1.753;;
966771;unknown;control;2023-01-19 03:45:00+00:00;1.189;;
966771;unknown;control;2023-01-19 04:00:00+00:00;1.2;;
966771;unknown;control;2023-01-19 04:15:00+00:00;0.731;;
966771;unknown;control;2023-01-19 04:30:00+00:00;0.386;;
966771;unknown;control;2023-01-19 04:45:00+00:00;0.433;;
966771;unknown;control;2023-01-19 05:00:00+00:00;0.417;;
966771;unknown;control;2023-01-19 05:15:00+00:00;0.408;;
966771;unknown;control;2023-01-19 05:30:00+00:00;0.396;;
966771;unknown;control;2023-01-19 05:45:00+00:00;0.426;;
966771;unknown;control;2023-01-19 06:00:00+00:00;0.458;;
966771;unknown;control;2023-01-19 06:15:00+00:00;0.449;;
966771;unknown;control;2023-01-19 06:30:00+00:00;0.484;;
966771;unknown;control;2023-01-19 06:45:00+00:00;0.808;;
966771;unknown;control;2023-01-19 07:00:00+00:00;0.587;;
966771;unknown;control;2023-01-19 07:15:00+00:00;0.836;;
966771;unknown;control;2023-01-19 07:30:00+00:00;0.708;;
966771;unknown;control;2023-01-19 07:45:00+00:00;0.872;;
966771;unknown;control;2023-01-19 08:00:00+00:00;1.189;;
966771;unknown;control;2023-01-19 08:15:00+00:00;1.7;;
966771;unknown;control;2023-01-19 08:30:00+00:00;1.14;;
966771;unknown;control;2023-01-19 08:45:00+00:00;1.066;;
966771;unknown;control;2023-01-19 09:00:00+00:00;0.929;;
966771;unknown;control;2023-01-19 09:15:00+00:00;0.945;;
966771;unknown;control;2023-01-19 09:30:00+00:00;0.884;;
966771;unknown;control;2023-01-19 09:45:00+00:00;0.613;;
966771;unknown;control;2023-01-19 10:00:00+00:00;0.877;;
966771;unknown;control;2023-01-19 10:15:00+00:00;1.211;;
966771;unknown;control;2023-01-19 10:30:00+00:00;0.91;;
966771;unknown;control;2023-01-19 10:45:00+00:00;0.915;;
966771;unknown;control;2023-01-19 11:00:00+00:00;0.257;;
966771;unknown;control;2023-01-19 11:15:00+00:00;0.114;;
966771;unknown;control;2023-01-19 11:30:00+00:00;0.119;;
966771;unknown;control;2023-01-19 11:45:00+00:00;0.464;;
966771;unknown;control;2023-01-19 12:00:00+00:00;0.882;;
966771;unknown;control;2023-01-19 12:15:00+00:00;0.905;;
966771;unknown;control;2023-01-19 12:30:00+00:00;0.903;;
966771;unknown;control;2023-01-19 12:45:00+00:00;0.984;;
966771;unknown;control;2023-01-19 13:00:00+00:00;0.898;;
966771;unknown;control;2023-01-19 13:15:00+00:00;1.08;;
966771;unknown;control;2023-01-19 13:30:00+00:00;1.094;;
966771;unknown;control;2023-01-19 13:45:00+00:00;1.087;;
966771;unknown;control;2023-01-19 14:00:00+00:00;1.113;;
966771;unknown;control;2023-01-19 14:15:00+00:00;0.96;;
966771;unknown;control;2023-01-19 14:30:00+00:00;1.128;;
966771;unknown;control;2023-01-19 14:45:00+00:00;1.14;;
966771;unknown;control;2023-01-19 15:00:00+00:00;0.632;;
966771;unknown;control;2023-01-19 15:15:00+00:00;0.35;;
966771;unknown;control;2023-01-19 15:30:00+00:00;0.356;;
966771;unknown;control;2023-01-19 15:45:00+00:00;0.378;;
966771;unknown;control;2023-01-19 16:00:00+00:00;0.4;;
966771;unknown;control;2023-01-19 16:15:00+00:00;0.413;;
966771;unknown;control;2023-01-19 16:30:00+00:00;0.47;;
966771;unknown;control;2023-01-19 16:45:00+00:00;0.495;;
966771;unknown;control;2023-01-19 17:00:00+00:00;0.447;;
966771;unknown;control;2023-01-19 17:15:00+00:00;0.491;;
966771;unknown;control;2023-01-19 17:30:00+00:00;0.503;;
966771;unknown;control;2023-01-19 17:45:00+00:00;0.482;;
966771;unknown;control;2023-01-19 18:00:00+00:00;0.448;;
966771;unknown;control;2023-01-19 18:15:00+00:00;0.478;;
966771;unknown;control;2023-01-19 18:30:00+00:00;0.794;;
966771;unknown;control;2023-01-19 18:45:00+00:00;1.217;;
966771;unknown;control;2023-01-19 19:00:00+00:00;1.184;;
966771;unknown;control;2023-01-19 19:15:00+00:00;1.25;;
966771;unknown;control;2023-01-19 19:30:00+00:00;1.215;;
966771;unknown;control;2023-01-19 19:45:00+00:00;1.249;;
966771;unknown;control;2023-01-19 20:00:00+00:00;1.213;;
966771;unknown;control;2023-01-19 20:15:00+00:00;1.266;;
966771;unknown;control;2023-01-19 20:30:00+00:00;1.205;;
966771;unknown;control;2023-01-19 20:45:00+00:00;0.92;;
966771;unknown;control;2023-01-19 21:00:00+00:00;1.251;;
966771;unknown;control;2023-01-19 21:15:00+00:00;1.212;;
966771;unknown;control;2023-01-19 21:30:00+00:00;0.79;;
966771;unknown;control;2023-01-19 21:45:00+00:00;0.46;;
966771;unknown;control;2023-01-19 22:00:00+00:00;0.407;;
966771;unknown;control;2023-01-19 22:15:00+00:00;0.444;;
966771;unknown;control;2023-01-19 22:30:00+00:00;0.462;;
966771;unknown;control;2023-01-19 22:45:00+00:00;0.454;;
966771;unknown;control;2023-01-19 23:00:00+00:00;0.457;;
966771;unknown;control;2023-01-19 23:15:00+00:00;0.439;;
966771;unknown;control;2023-01-19 23:30:00+00:00;0.449;;
966771;unknown;control;2023-01-19 23:45:00+00:00;0.447;;
966771;unknown;control;2023-01-20 00:00:00+00:00;0.422;;
966771;unknown;control;2023-01-20 00:15:00+00:00;0.449;;
966771;unknown;control;2023-01-20 00:30:00+00:00;0.455;;
966771;unknown;control;2023-01-20 00:45:00+00:00;0.886;;
966771;unknown;control;2023-01-20 01:00:00+00:00;1.173;;
966771;unknown;control;2023-01-20 01:15:00+00:00;1.208;;
966771;unknown;control;2023-01-20 01:30:00+00:00;2.346;;
966771;unknown;control;2023-01-20 01:45:00+00:00;2.334;;
966771;unknown;control;2023-01-20 02:00:00+00:00;2.346;;
966771;unknown;control;2023-01-20 02:15:00+00:00;2.389;;
966771;unknown;control;2023-01-20 02:30:00+00:00;2.36;;
966771;unknown;control;2023-01-20 02:45:00+00:00;2.363;;
966771;unknown;control;2023-01-20 03:00:00+00:00;2.35;;
966771;unknown;control;2023-01-20 03:15:00+00:00;1.187;;
966771;unknown;control;2023-01-20 03:30:00+00:00;1.192;;
966771;unknown;control;2023-01-20 03:45:00+00:00;0.744;;
966771;unknown;control;2023-01-20 04:00:00+00:00;1.11;;
966771;unknown;control;2023-01-20 04:15:00+00:00;0.735;;
966771;unknown;control;2023-01-20 04:30:00+00:00;0.434;;
966771;unknown;control;2023-01-20 04:45:00+00:00;0.435;;
966771;unknown;control;2023-01-20 05:00:00+00:00;0.393;;
966771;unknown;control;2023-01-20 05:15:00+00:00;0.415;;
966771;unknown;control;2023-01-20 05:30:00+00:00;0.404;;
966771;unknown;control;2023-01-20 05:45:00+00:00;1.026;;
966771;unknown;control;2023-01-20 06:00:00+00:00;0.424;;
966771;unknown;control;2023-01-20 06:15:00+00:00;0.394;;
966771;unknown;control;2023-01-20 06:30:00+00:00;0.38;;
966771;unknown;control;2023-01-20 06:45:00+00:00;0.404;;
966771;unknown;control;2023-01-20 07:00:00+00:00;0.401;;
966771;unknown;control;2023-01-20 07:15:00+00:00;0.547;;
966771;unknown;control;2023-01-20 07:30:00+00:00;1.092;;
966771;unknown;control;2023-01-20 07:45:00+00:00;1.135;;
966771;unknown;control;2023-01-20 08:00:00+00:00;1.331;;
966771;unknown;control;2023-01-20 08:15:00+00:00;1.148;;
966771;unknown;control;2023-01-20 08:30:00+00:00;1.105;;
966771;unknown;control;2023-01-20 08:45:00+00:00;1.12;;
966771;unknown;control;2023-01-20 09:00:00+00:00;1.124;;
966771;unknown;control;2023-01-20 09:15:00+00:00;1.281;;
966771;unknown;control;2023-01-20 09:30:00+00:00;0.933;;
966771;unknown;control;2023-01-20 09:45:00+00:00;0.74;;
966771;unknown;control;2023-01-20 10:00:00+00:00;0.976;;
966771;unknown;control;2023-01-20 10:15:00+00:00;1.293;;
966771;unknown;control;2023-01-20 10:30:00+00:00;0.987;;
966771;unknown;control;2023-01-20 10:45:00+00:00;0.972;;
966771;unknown;control;2023-01-20 11:00:00+00:00;0.955;;
966771;unknown;control;2023-01-20 11:15:00+00:00;0.483;;
966771;unknown;control;2023-01-20 11:30:00+00:00;0.229;;
966771;unknown;control;2023-01-20 11:45:00+00:00;0.459;;
966771;unknown;control;2023-01-20 12:00:00+00:00;1.045;;
966771;unknown;control;2023-01-20 12:15:00+00:00;0.988;;
966771;unknown;control;2023-01-20 12:30:00+00:00;1.033;;
966771;unknown;control;2023-01-20 12:45:00+00:00;1.01;;
966771;unknown;control;2023-01-20 13:00:00+00:00;1.064;;
966771;unknown;control;2023-01-20 13:15:00+00:00;0.888;;
966771;unknown;control;2023-01-20 13:30:00+00:00;1.07;;
966771;unknown;control;2023-01-20 13:45:00+00:00;1.141;;
966771;unknown;control;2023-01-20 14:00:00+00:00;1.228;;
966771;unknown;control;2023-01-20 14:15:00+00:00;1.189;;
966771;unknown;control;2023-01-20 14:30:00+00:00;1.183;;
966771;unknown;control;2023-01-20 14:45:00+00:00;1.282;;
966771;unknown;control;2023-01-20 15:00:00+00:00;0.787;;
966771;unknown;control;2023-01-20 15:15:00+00:00;0.6;;
966771;unknown;control;2023-01-20 15:30:00+00:00;0.601;;
966771;unknown;control;2023-01-20 15:45:00+00:00;0.719;;
966771;unknown;control;2023-01-20 16:00:00+00:00;0.574;;
966771;unknown;control;2023-01-20 16:15:00+00:00;0.533;;
966771;unknown;control;2023-01-20 16:30:00+00:00;0.623;;
966771;unknown;control;2023-01-20 16:45:00+00:00;0.545;;
966771;unknown;control;2023-01-20 17:00:00+00:00;0.525;;
966771;unknown;control;2023-01-20 17:15:00+00:00;0.564;;
966771;unknown;control;2023-01-20 17:30:00+00:00;0.466;;
966771;unknown;control;2023-01-20 17:45:00+00:00;0.484;;
966771;unknown;control;2023-01-20 18:00:00+00:00;0.531;;
966771;unknown;control;2023-01-20 18:15:00+00:00;0.488;;
966771;unknown;control;2023-01-20 18:30:00+00:00;0.941;;
966771;unknown;control;2023-01-20 18:45:00+00:00;1.239;;
966771;unknown;control;2023-01-20 19:00:00+00:00;1.285;;
966771;unknown;control;2023-01-20 19:15:00+00:00;1.284;;
966771;unknown;control;2023-01-20 19:30:00+00:00;1.295;;
966771;unknown;control;2023-01-20 19:45:00+00:00;1.241;;
966771;unknown;control;2023-01-20 20:00:00+00:00;1.291;;
966771;unknown;control;2023-01-20 20:15:00+00:00;1.294;;
966771;unknown;control;2023-01-20 20:30:00+00:00;1.249;;
966771;unknown;control;2023-01-20 20:45:00+00:00;1.072;;
966771;unknown;control;2023-01-20 21:00:00+00:00;1.223;;
966771;unknown;control;2023-01-20 21:15:00+00:00;1.294;;
966771;unknown;control;2023-01-20 21:30:00+00:00;0.791;;
966771;unknown;control;2023-01-20 21:45:00+00:00;0.496;;
966771;unknown;control;2023-01-20 22:00:00+00:00;0.473;;
966771;unknown;control;2023-01-20 22:15:00+00:00;0.457;;
966771;unknown;control;2023-01-20 22:30:00+00:00;0.432;;
966771;unknown;control;2023-01-20 22:45:00+00:00;0.446;;
966771;unknown;control;2023-01-20 23:00:00+00:00;0.449;;
966771;unknown;control;2023-01-20 23:15:00+00:00;0.452;;
966771;unknown;control;2023-01-20 23:30:00+00:00;0.455;;
966771;unknown;control;2023-01-20 23:45:00+00:00;0.495;;
966771;unknown;control;2023-01-21 00:00:00+00:00;0.447;;
966771;unknown;control;2023-01-21 00:15:00+00:00;0.443;;
966771;unknown;control;2023-01-21 00:30:00+00:00;0.448;;
966771;unknown;control;2023-01-21 00:45:00+00:00;0.973;;
966771;unknown;control;2023-01-21 01:00:00+00:00;1.172;;
966771;unknown;control;2023-01-21 01:15:00+00:00;1.229;;
966771;unknown;control;2023-01-21 01:30:00+00:00;2.31;;
966771;unknown;control;2023-01-21 01:45:00+00:00;2.374;;
966771;unknown;control;2023-01-21 02:00:00+00:00;2.399;;
966771;unknown;control;2023-01-21 02:15:00+00:00;2.377;;
966771;unknown;control;2023-01-21 02:30:00+00:00;2.421;;
966771;unknown;control;2023-01-21 02:45:00+00:00;1.207;;
966771;unknown;control;2023-01-21 03:00:00+00:00;1.202;;
966771;unknown;control;2023-01-21 03:15:00+00:00;1.228;;
966771;unknown;control;2023-01-21 03:30:00+00:00;1.239;;
966771;unknown;control;2023-01-21 03:45:00+00:00;1.165;;
966771;unknown;control;2023-01-21 04:00:00+00:00;0.783;;
966771;unknown;control;2023-01-21 04:15:00+00:00;0.784;;
966771;unknown;control;2023-01-21 04:30:00+00:00;0.468;;
966771;unknown;control;2023-01-21 04:45:00+00:00;0.491;;
966771;unknown;control;2023-01-21 05:00:00+00:00;0.477;;
966771;unknown;control;2023-01-21 05:15:00+00:00;0.488;;
966771;unknown;control;2023-01-21 05:30:00+00:00;0.451;;
966771;unknown;control;2023-01-21 05:45:00+00:00;0.49;;
966771;unknown;control;2023-01-21 06:00:00+00:00;0.493;;
966771;unknown;control;2023-01-21 06:15:00+00:00;0.46;;
966771;unknown;control;2023-01-21 06:30:00+00:00;0.456;;
966771;unknown;control;2023-01-21 06:45:00+00:00;0.519;;
966771;unknown;control;2023-01-21 07:00:00+00:00;0.55;;
966771;unknown;control;2023-01-21 07:15:00+00:00;1.108;;
966771;unknown;control;2023-01-21 07:30:00+00:00;1.128;;
966771;unknown;control;2023-01-21 07:45:00+00:00;1.19;;
966771;unknown;control;2023-01-21 08:00:00+00:00;1.202;;
966771;unknown;control;2023-01-21 08:15:00+00:00;1.217;;
966771;unknown;control;2023-01-21 08:30:00+00:00;1.23;;
966771;unknown;control;2023-01-21 08:45:00+00:00;1.065;;
966771;unknown;control;2023-01-21 09:00:00+00:00;1.056;;
966771;unknown;control;2023-01-21 09:15:00+00:00;1.04;;
966771;unknown;control;2023-01-21 09:30:00+00:00;0.931;;
966771;unknown;control;2023-01-21 09:45:00+00:00;0.784;;
966771;unknown;control;2023-01-21 10:00:00+00:00;0.775;;
966771;unknown;control;2023-01-21 10:15:00+00:00;1.045;;
966771;unknown;control;2023-01-21 10:30:00+00:00;1.059;;
966771;unknown;control;2023-01-21 10:45:00+00:00;0.932;;
966771;unknown;control;2023-01-21 11:00:00+00:00;1.078;;
966771;unknown;control;2023-01-21 11:15:00+00:00;1.059;;
966771;unknown;control;2023-01-21 11:30:00+00:00;1.068;;
966771;unknown;control;2023-01-21 11:45:00+00:00;1.042;;
966771;unknown;control;2023-01-21 12:00:00+00:00;0.842;;
966771;unknown;control;2023-01-21 12:15:00+00:00;1.245;;
966771;unknown;control;2023-01-21 12:30:00+00:00;1.206;;
966771;unknown;control;2023-01-21 12:45:00+00:00;1.186;;
966771;unknown;control;2023-01-21 13:00:00+00:00;1.159;;
966771;unknown;control;2023-01-21 13:15:00+00:00;1.412;;
966771;unknown;control;2023-01-21 13:30:00+00:00;1.389;;
966771;unknown;control;2023-01-21 13:45:00+00:00;1.155;;
966771;unknown;control;2023-01-21 14:00:00+00:00;1.442;;
966771;unknown;control;2023-01-21 14:15:00+00:00;1.244;;
966771;unknown;control;2023-01-21 14:30:00+00:00;1.219;;
966771;unknown;control;2023-01-21 14:45:00+00:00;1.207;;
966771;unknown;control;2023-01-21 15:00:00+00:00;0.792;;
966771;unknown;control;2023-01-21 15:15:00+00:00;0.409;;
966771;unknown;control;2023-01-21 15:30:00+00:00;0.374;;
966771;unknown;control;2023-01-21 15:45:00+00:00;0.376;;
966771;unknown;control;2023-01-21 16:00:00+00:00;0.401;;
966771;unknown;control;2023-01-21 16:15:00+00:00;0.431;;
966771;unknown;control;2023-01-21 16:30:00+00:00;0.43;;
966771;unknown;control;2023-01-21 16:45:00+00:00;0.76;;
966771;unknown;control;2023-01-21 17:00:00+00:00;0.811;;
966771;unknown;control;2023-01-21 17:15:00+00:00;0.705;;
966771;unknown;control;2023-01-21 17:30:00+00:00;0.445;;
966771;unknown;control;2023-01-21 17:45:00+00:00;0.427;;
966771;unknown;control;2023-01-21 18:00:00+00:00;0.399;;
966771;unknown;control;2023-01-21 18:15:00+00:00;0.425;;
966771;unknown;control;2023-01-21 18:30:00+00:00;0.754;;
966771;unknown;control;2023-01-21 18:45:00+00:00;1.275;;
966771;unknown;control;2023-01-21 19:00:00+00:00;1.246;;
966771;unknown;control;2023-01-21 19:15:00+00:00;1.253;;
966771;unknown;control;2023-01-21 19:30:00+00:00;1.268;;
966771;unknown;control;2023-01-21 19:45:00+00:00;1.386;;
966771;unknown;control;2023-01-21 20:00:00+00:00;1.254;;
966771;unknown;control;2023-01-21 20:15:00+00:00;1.105;;
966771;unknown;control;2023-01-21 20:30:00+00:00;1.05;;
966771;unknown;control;2023-01-21 20:45:00+00:00;1.259;;
966771;unknown;control;2023-01-21 21:00:00+00:00;1.306;;
966771;unknown;control;2023-01-21 21:15:00+00:00;1.313;;
966771;unknown;control;2023-01-21 21:30:00+00:00;0.762;;
966771;unknown;control;2023-01-21 21:45:00+00:00;0.509;;
966771;unknown;control;2023-01-21 22:00:00+00:00;0.468;;
966771;unknown;control;2023-01-21 22:15:00+00:00;0.376;;
966771;unknown;control;2023-01-21 22:30:00+00:00;0.389;;
966771;unknown;control;2023-01-21 22:45:00+00:00;0.402;;
966771;unknown;control;2023-01-21 23:00:00+00:00;0.385;;
966771;unknown;control;2023-01-21 23:15:00+00:00;0.375;;
966771;unknown;control;2023-01-21 23:30:00+00:00;0.374;;
966771;unknown;control;2023-01-21 23:45:00+00:00;0.39;;
966771;unknown;control;2023-01-22 00:00:00+00:00;0.377;;
966771;unknown;control;2023-01-22 00:15:00+00:00;0.369;;
966771;unknown;control;2023-01-22 00:30:00+00:00;0.359;;
966771;unknown;control;2023-01-22 00:45:00+00:00;0.378;;
966771;unknown;control;2023-01-22 01:00:00+00:00;0.588;;
966771;unknown;control;2023-01-22 01:15:00+00:00;1.082;;
966771;unknown;control;2023-01-22 01:30:00+00:00;2.239;;
966771;unknown;control;2023-01-22 01:45:00+00:00;2.268;;
966771;unknown;control;2023-01-22 02:00:00+00:00;2.289;;
966771;unknown;control;2023-01-22 02:15:00+00:00;2.286;;
966771;unknown;control;2023-01-22 02:30:00+00:00;2.292;;
966771;unknown;control;2023-01-22 02:45:00+00:00;2.253;;
966771;unknown;control;2023-01-22 03:00:00+00:00;1.92;;
966771;unknown;control;2023-01-22 03:15:00+00:00;0.635;;
966771;unknown;control;2023-01-22 03:30:00+00:00;1.132;;
966771;unknown;control;2023-01-22 03:45:00+00:00;1.139;;
966771;unknown;control;2023-01-22 04:00:00+00:00;1.119;;
966771;unknown;control;2023-01-22 04:15:00+00:00;0.622;;
966771;unknown;control;2023-01-22 04:30:00+00:00;0.359;;
966771;unknown;control;2023-01-22 04:45:00+00:00;0.357;;
966771;unknown;control;2023-01-22 05:00:00+00:00;0.349;;
966771;unknown;control;2023-01-22 05:15:00+00:00;0.348;;
966771;unknown;control;2023-01-22 05:30:00+00:00;0.351;;
966771;unknown;control;2023-01-22 05:45:00+00:00;0.341;;
966771;unknown;control;2023-01-22 06:00:00+00:00;0.374;;
966771;unknown;control;2023-01-22 06:15:00+00:00;0.359;;
966771;unknown;control;2023-01-22 06:30:00+00:00;0.36;;
966771;unknown;control;2023-01-22 06:45:00+00:00;0.362;;
966771;unknown;control;2023-01-22 07:00:00+00:00;0.357;;
966771;unknown;control;2023-01-22 07:15:00+00:00;0.358;;
966771;unknown;control;2023-01-22 07:30:00+00:00;0.386;;
966771;unknown;control;2023-01-22 07:45:00+00:00;0.672;;
966771;unknown;control;2023-01-22 08:00:00+00:00;0.479;;
966771;unknown;control;2023-01-22 08:15:00+00:00;1.0;;
966771;unknown;control;2023-01-22 08:30:00+00:00;1.067;;
966771;unknown;control;2023-01-22 08:45:00+00:00;1.09;;
966771;unknown;control;2023-01-22 09:00:00+00:00;1.178;;
966771;unknown;control;2023-01-22 09:15:00+00:00;0.966;;
966771;unknown;control;2023-01-22 09:30:00+00:00;1.026;;
966771;unknown;control;2023-01-22 09:45:00+00:00;0.836;;
966771;unknown;control;2023-01-22 10:00:00+00:00;0.703;;
966771;unknown;control;2023-01-22 10:15:00+00:00;1.104;;
966771;unknown;control;2023-01-22 10:30:00+00:00;1.034;;
966771;unknown;control;2023-01-22 10:45:00+00:00;0.964;;
966771;unknown;control;2023-01-22 11:00:00+00:00;1.444;;
966771;unknown;control;2023-01-22 11:15:00+00:00;1.036;;
966771;unknown;control;2023-01-22 11:30:00+00:00;0.801;;
966771;unknown;control;2023-01-22 11:45:00+00:00;1.087;;
966771;unknown;control;2023-01-22 12:00:00+00:00;1.142;;
966771;unknown;control;2023-01-22 12:15:00+00:00;1.031;;
966771;unknown;control;2023-01-22 12:30:00+00:00;1.039;;
966771;unknown;control;2023-01-22 12:45:00+00:00;0.787;;
966771;unknown;control;2023-01-22 13:00:00+00:00;1.015;;
966771;unknown;control;2023-01-22 13:15:00+00:00;1.104;;
966771;unknown;control;2023-01-22 13:30:00+00:00;1.267;;
966771;unknown;control;2023-01-22 13:45:00+00:00;1.314;;
966771;unknown;control;2023-01-22 14:00:00+00:00;1.175;;
966771;unknown;control;2023-01-22 14:15:00+00:00;0.935;;
966771;unknown;control;2023-01-22 14:30:00+00:00;1.152;;
966771;unknown;control;2023-01-22 14:45:00+00:00;1.172;;
966771;unknown;control;2023-01-22 15:00:00+00:00;1.172;;
966771;unknown;control;2023-01-22 15:15:00+00:00;1.174;;
966771;unknown;control;2023-01-22 15:30:00+00:00;0.774;;
966771;unknown;control;2023-01-22 15:45:00+00:00;0.789;;
966771;unknown;control;2023-01-22 16:00:00+00:00;0.733;;
966771;unknown;control;2023-01-22 16:15:00+00:00;0.593;;
966771;unknown;control;2023-01-22 16:30:00+00:00;0.842;;
966771;unknown;control;2023-01-22 16:45:00+00:00;0.771;;
966771;unknown;control;2023-01-22 17:00:00+00:00;0.448;;
966771;unknown;control;2023-01-22 17:15:00+00:00;0.464;;
966771;unknown;control;2023-01-22 17:30:00+00:00;0.464;;
966771;unknown;control;2023-01-22 17:45:00+00:00;0.775;;
966771;unknown;control;2023-01-22 18:00:00+00:00;0.801;;
966771;unknown;control;2023-01-22 18:15:00+00:00;0.504;;
966771;unknown;control;2023-01-22 18:30:00+00:00;0.462;;
966771;unknown;control;2023-01-22 18:45:00+00:00;1.147;;
966771;unknown;control;2023-01-22 19:00:00+00:00;1.224;;
966771;unknown;control;2023-01-22 19:15:00+00:00;1.232;;
966771;unknown;control;2023-01-22 19:30:00+00:00;1.249;;
966771;unknown;control;2023-01-22 19:45:00+00:00;1.253;;
966771;unknown;control;2023-01-22 20:00:00+00:00;1.261;;
966771;unknown;control;2023-01-22 20:15:00+00:00;1.138;;
966771;unknown;control;2023-01-22 20:30:00+00:00;1.108;;
966771;unknown;control;2023-01-22 20:45:00+00:00;1.233;;
966771;unknown;control;2023-01-22 21:00:00+00:00;1.235;;
966771;unknown;control;2023-01-22 21:15:00+00:00;1.236;;
966771;unknown;control;2023-01-22 21:30:00+00:00;0.652;;
966771;unknown;control;2023-01-22 21:45:00+00:00;0.347;;
966771;unknown;control;2023-01-22 22:00:00+00:00;0.341;;
966771;unknown;control;2023-01-22 22:15:00+00:00;0.335;;
966771;unknown;control;2023-01-22 22:30:00+00:00;0.336;;
966771;unknown;control;2023-01-22 22:45:00+00:00;0.338;;
966771;unknown;control;2023-01-22 23:00:00+00:00;0.346;;
966771;unknown;control;2023-01-22 23:15:00+00:00;0.382;;
966771;unknown;control;2023-01-22 23:30:00+00:00;0.367;;
966771;unknown;control;2023-01-22 23:45:00+00:00;0.364;;
966771;unknown;control;2023-01-23 00:00:00+00:00;0.349;;
966771;unknown;control;2023-01-23 00:15:00+00:00;0.345;;
966771;unknown;control;2023-01-23 00:30:00+00:00;0.404;;
966771;unknown;control;2023-01-23 00:45:00+00:00;0.667;;
966771;unknown;control;2023-01-23 01:00:00+00:00;1.101;;
966771;unknown;control;2023-01-23 01:15:00+00:00;1.13;;
966771;unknown;control;2023-01-23 01:30:00+00:00;2.294;;
966771;unknown;control;2023-01-23 01:45:00+00:00;2.298;;
966771;unknown;control;2023-01-23 02:00:00+00:00;2.283;;
966771;unknown;control;2023-01-23 02:15:00+00:00;2.023;;
966771;unknown;control;2023-01-23 02:30:00+00:00;2.294;;
966771;unknown;control;2023-01-23 02:45:00+00:00;1.264;;
966771;unknown;control;2023-01-23 03:00:00+00:00;1.17;;
966771;unknown;control;2023-01-23 03:15:00+00:00;1.157;;
966771;unknown;control;2023-01-23 03:30:00+00:00;1.145;;
966771;unknown;control;2023-01-23 03:45:00+00:00;0.934;;
966771;unknown;control;2023-01-23 04:00:00+00:00;1.098;;
966771;unknown;control;2023-01-23 04:15:00+00:00;0.694;;
966771;unknown;control;2023-01-23 04:30:00+00:00;0.375;;
966771;unknown;control;2023-01-23 04:45:00+00:00;0.411;;
966771;unknown;control;2023-01-23 05:00:00+00:00;0.374;;
966771;unknown;control;2023-01-23 05:15:00+00:00;0.37;;
966771;unknown;control;2023-01-23 05:30:00+00:00;0.395;;
966771;unknown;control;2023-01-23 05:45:00+00:00;0.418;;
966771;unknown;control;2023-01-23 06:00:00+00:00;0.382;;
966771;unknown;control;2023-01-23 06:15:00+00:00;0.39;;
966771;unknown;control;2023-01-23 06:30:00+00:00;0.441;;
966771;unknown;control;2023-01-23 06:45:00+00:00;0.419;;
966771;unknown;control;2023-01-23 07:00:00+00:00;0.373;;
966771;unknown;control;2023-01-23 07:15:00+00:00;0.391;;
966771;unknown;control;2023-01-23 07:30:00+00:00;0.423;;
966771;unknown;control;2023-01-23 07:45:00+00:00;0.391;;
966771;unknown;control;2023-01-23 08:00:00+00:00;1.033;;
966771;unknown;control;2023-01-23 08:15:00+00:00;1.323;;
966771;unknown;control;2023-01-23 08:30:00+00:00;1.142;;
966771;unknown;control;2023-01-23 08:45:00+00:00;1.189;;
966771;unknown;control;2023-01-23 09:00:00+00:00;1.204;;
966771;unknown;control;2023-01-23 09:15:00+00:00;1.196;;
966771;unknown;control;2023-01-23 09:30:00+00:00;1.285;;
966771;unknown;control;2023-01-23 09:45:00+00:00;1.126;;
966771;unknown;control;2023-01-23 10:00:00+00:00;1.088;;
966771;unknown;control;2023-01-23 10:15:00+00:00;1.522;;
966771;unknown;control;2023-01-23 10:30:00+00:00;1.227;;
966771;unknown;control;2023-01-23 10:45:00+00:00;1.148;;
966771;unknown;control;2023-01-23 11:00:00+00:00;1.132;;
966771;unknown;control;2023-01-23 11:15:00+00:00;0.737;;
966771;unknown;control;2023-01-23 11:30:00+00:00;0.333;;
966771;unknown;control;2023-01-23 11:45:00+00:00;0.692;;
966771;unknown;control;2023-01-23 12:00:00+00:00;1.28;;
966771;unknown;control;2023-01-23 12:15:00+00:00;1.307;;
966771;unknown;control;2023-01-23 12:30:00+00:00;1.329;;
966771;unknown;control;2023-01-23 12:45:00+00:00;1.312;;
966771;unknown;control;2023-01-23 13:00:00+00:00;1.217;;
966771;unknown;control;2023-01-23 13:15:00+00:00;1.422;;
966771;unknown;control;2023-01-23 13:30:00+00:00;1.634;;
966771;unknown;control;2023-01-23 13:45:00+00:00;1.419;;
966771;unknown;control;2023-01-23 14:00:00+00:00;1.311;;
966771;unknown;control;2023-01-23 14:15:00+00:00;1.125;;
966771;unknown;control;2023-01-23 14:30:00+00:00;1.223;;
966771;unknown;control;2023-01-23 14:45:00+00:00;1.211;;
966771;unknown;control;2023-01-23 15:00:00+00:00;0.693;;
966771;unknown;control;2023-01-23 15:15:00+00:00;0.383;;
966771;unknown;control;2023-01-23 15:30:00+00:00;0.526;;
966771;unknown;control;2023-01-23 15:45:00+00:00;0.679;;
966771;unknown;control;2023-01-23 16:00:00+00:00;0.424;;
966771;unknown;control;2023-01-23 16:15:00+00:00;0.423;;
966771;unknown;control;2023-01-23 16:30:00+00:00;0.436;;
966771;unknown;control;2023-01-23 16:45:00+00:00;0.418;;
966771;unknown;control;2023-01-23 17:00:00+00:00;0.446;;
966771;unknown;control;2023-01-23 17:15:00+00:00;0.512;;
966771;unknown;control;2023-01-23 17:30:00+00:00;0.418;;
966771;unknown;control;2023-01-23 17:45:00+00:00;0.421;;
966771;unknown;control;2023-01-23 18:00:00+00:00;0.429;;
966771;unknown;control;2023-01-23 18:15:00+00:00;0.4;;
966771;unknown;control;2023-01-23 18:30:00+00:00;0.793;;
966771;unknown;control;2023-01-23 18:45:00+00:00;1.202;;
966771;unknown;control;2023-01-23 19:00:00+00:00;1.228;;
966771;unknown;control;2023-01-23 19:15:00+00:00;1.245;;
966771;unknown;control;2023-01-23 19:30:00+00:00;0.995;;
966771;unknown;control;2023-01-23 19:45:00+00:00;1.227;;
966771;unknown;control;2023-01-23 20:00:00+00:00;1.386;;
966771;unknown;control;2023-01-23 20:15:00+00:00;1.306;;
966771;unknown;control;2023-01-23 20:30:00+00:00;1.031;;
966771;unknown;control;2023-01-23 20:45:00+00:00;1.383;;
966771;unknown;control;2023-01-23 21:00:00+00:00;1.265;;
966771;unknown;control;2023-01-23 21:15:00+00:00;1.114;;
966771;unknown;control;2023-01-23 21:30:00+00:00;0.641;;
966771;unknown;control;2023-01-23 21:45:00+00:00;0.402;;
966771;unknown;control;2023-01-23 22:00:00+00:00;0.383;;
966771;unknown;control;2023-01-23 22:15:00+00:00;0.323;;
966771;unknown;control;2023-01-23 22:30:00+00:00;0.315;;
966771;unknown;control;2023-01-23 22:45:00+00:00;0.313;;
966771;unknown;control;2023-01-23 23:00:00+00:00;0.313;;
966771;unknown;control;2023-01-23 23:15:00+00:00;0.32;;
966771;unknown;control;2023-01-23 23:30:00+00:00;0.32;;
966771;unknown;control;2023-01-23 23:45:00+00:00;0.332;;
966771;unknown;control;2023-01-24 00:00:00+00:00;0.326;;
966771;unknown;control;2023-01-24 00:15:00+00:00;0.287;;
966771;unknown;control;2023-01-24 00:30:00+00:00;0.308;;
966771;unknown;control;2023-01-24 00:45:00+00:00;0.298;;
966771;unknown;control;2023-01-24 01:00:00+00:00;0.726;;
966771;unknown;control;2023-01-24 01:15:00+00:00;1.092;;
966771;unknown;control;2023-01-24 01:30:00+00:00;2.279;;
966771;unknown;control;2023-01-24 01:45:00+00:00;2.088;;
966771;unknown;control;2023-01-24 02:00:00+00:00;2.242;;
966771;unknown;control;2023-01-24 02:15:00+00:00;2.3;;
966771;unknown;control;2023-01-24 02:30:00+00:00;2.231;;
966771;unknown;control;2023-01-24 02:45:00+00:00;2.207;;
966771;unknown;control;2023-01-24 03:00:00+00:00;2.306;;
966771;unknown;control;2023-01-24 03:15:00+00:00;2.307;;
966771;unknown;control;2023-01-24 03:30:00+00:00;2.116;;
966771;unknown;control;2023-01-24 03:45:00+00:00;2.343;;
966771;unknown;control;2023-01-24 04:00:00+00:00;2.299;;
966771;unknown;control;2023-01-24 04:15:00+00:00;0.853;;
966771;unknown;control;2023-01-24 04:30:00+00:00;0.306;;
966771;unknown;control;2023-01-24 04:45:00+00:00;0.317;;
966771;unknown;control;2023-01-24 05:00:00+00:00;0.314;;
966771;unknown;control;2023-01-24 05:15:00+00:00;0.314;;
966771;unknown;control;2023-01-24 05:30:00+00:00;0.312;;
966771;unknown;control;2023-01-24 05:45:00+00:00;0.432;;
966771;unknown;control;2023-01-24 06:00:00+00:00;0.319;;
966771;unknown;control;2023-01-24 06:15:00+00:00;0.334;;
966771;unknown;control;2023-01-24 06:30:00+00:00;0.339;;
966771;unknown;control;2023-01-24 06:45:00+00:00;0.354;;
966771;unknown;control;2023-01-24 07:00:00+00:00;0.337;;
966771;unknown;control;2023-01-24 07:15:00+00:00;0.303;;
966771;unknown;control;2023-01-24 07:30:00+00:00;0.258;;
966771;unknown;control;2023-01-24 07:45:00+00:00;0.3;;
966771;unknown;control;2023-01-24 08:00:00+00:00;0.302;;
966771;unknown;control;2023-01-24 08:15:00+00:00;0.535;;
966771;unknown;control;2023-01-24 08:30:00+00:00;0.93;;
966771;unknown;control;2023-01-24 08:45:00+00:00;0.314;;
966771;unknown;control;2023-01-24 09:00:00+00:00;0.274;;
966771;unknown;control;2023-01-24 09:15:00+00:00;0.864;;
966771;unknown;control;2023-01-24 09:30:00+00:00;1.116;;
966771;unknown;control;2023-01-24 09:45:00+00:00;1.094;;
966771;unknown;control;2023-01-24 10:00:00+00:00;0.89;;
966771;unknown;control;2023-01-24 10:15:00+00:00;1.034;;
966771;unknown;control;2023-01-24 10:30:00+00:00;1.104;;
966771;unknown;control;2023-01-24 10:45:00+00:00;0.816;;
966771;unknown;control;2023-01-24 11:00:00+00:00;0.33;;
966771;unknown;control;2023-01-24 11:15:00+00:00;0.311;;
966771;unknown;control;2023-01-24 11:30:00+00:00;0.314;;
966771;unknown;control;2023-01-24 11:45:00+00:00;0.66;;
966771;unknown;control;2023-01-24 12:00:00+00:00;1.223;;
966771;unknown;control;2023-01-24 12:15:00+00:00;1.666;;
966771;unknown;control;2023-01-24 12:30:00+00:00;1.042;;
966771;unknown;control;2023-01-24 12:45:00+00:00;1.089;;
966771;unknown;control;2023-01-24 13:00:00+00:00;1.171;;
966771;unknown;control;2023-01-24 13:15:00+00:00;1.112;;
966771;unknown;control;2023-01-24 13:30:00+00:00;1.311;;
966771;unknown;control;2023-01-24 13:45:00+00:00;1.158;;
966771;unknown;control;2023-01-24 14:00:00+00:00;1.094;;
966771;unknown;control;2023-01-24 14:15:00+00:00;0.916;;
966771;unknown;control;2023-01-24 14:30:00+00:00;1.178;;
966771;unknown;control;2023-01-24 14:45:00+00:00;1.147;;
966771;unknown;control;2023-01-24 15:00:00+00:00;0.601;;
966771;unknown;control;2023-01-24 15:15:00+00:00;0.256;;
966771;unknown;control;2023-01-24 15:30:00+00:00;0.256;;
966771;unknown;control;2023-01-24 15:45:00+00:00;0.306;;
966771;unknown;control;2023-01-24 16:00:00+00:00;0.68;;
966771;unknown;control;2023-01-24 16:15:00+00:00;0.502;;
966771;unknown;control;2023-01-24 16:30:00+00:00;0.629;;
966771;unknown;control;2023-01-24 16:45:00+00:00;0.713;;
966771;unknown;control;2023-01-24 17:00:00+00:00;0.381;;
966771;unknown;control;2023-01-24 17:15:00+00:00;0.38;;
966771;unknown;control;2023-01-24 17:30:00+00:00;0.346;;
966771;unknown;control;2023-01-24 17:45:00+00:00;0.351;;
966771;unknown;control;2023-01-24 18:00:00+00:00;0.38;;
966771;unknown;control;2023-01-24 18:15:00+00:00;0.381;;
966771;unknown;control;2023-01-24 18:30:00+00:00;0.816;;
966771;unknown;control;2023-01-24 18:45:00+00:00;1.167;;
966771;unknown;control;2023-01-24 19:00:00+00:00;1.179;;
966771;unknown;control;2023-01-24 19:15:00+00:00;1.029;;
966771;unknown;control;2023-01-24 19:30:00+00:00;1.226;;
966771;unknown;control;2023-01-24 19:45:00+00:00;1.236;;
966771;unknown;control;2023-01-24 20:00:00+00:00;0.979;;
966771;unknown;control;2023-01-24 20:15:00+00:00;1.214;;
966771;unknown;control;2023-01-24 20:30:00+00:00;1.252;;
966771;unknown;control;2023-01-24 20:45:00+00:00;1.052;;
966771;unknown;control;2023-01-24 21:00:00+00:00;1.174;;
966771;unknown;control;2023-01-24 21:15:00+00:00;1.204;;
966771;unknown;control;2023-01-24 21:30:00+00:00;0.669;;
966771;unknown;control;2023-01-24 21:45:00+00:00;0.295;;
966771;unknown;control;2023-01-24 22:00:00+00:00;0.27;;
966771;unknown;control;2023-01-24 22:15:00+00:00;0.301;;
966771;unknown;control;2023-01-24 22:30:00+00:00;0.301;;
966771;unknown;control;2023-01-24 22:45:00+00:00;0.28;;
966771;unknown;control;2023-01-24 23:00:00+00:00;0.276;;
966771;unknown;control;2023-01-24 23:15:00+00:00;0.293;;
966771;unknown;control;2023-01-24 23:30:00+00:00;0.274;;
966771;unknown;control;2023-01-24 23:45:00+00:00;0.253;;
966771;unknown;control;2023-01-25 00:00:00+00:00;0.286;;
966771;unknown;control;2023-01-25 00:15:00+00:00;0.293;;
966771;unknown;control;2023-01-25 00:30:00+00:00;0.269;;
966771;unknown;control;2023-01-25 00:45:00+00:00;0.239;;
966771;unknown;control;2023-01-25 01:00:00+00:00;0.672;;
966771;unknown;control;2023-01-25 01:15:00+00:00;1.061;;
966771;unknown;control;2023-01-25 01:30:00+00:00;2.194;;
966771;unknown;control;2023-01-25 01:45:00+00:00;2.174;;
966771;unknown;control;2023-01-25 02:00:00+00:00;2.151;;
966771;unknown;control;2023-01-25 02:15:00+00:00;2.29;;
966771;unknown;control;2023-01-25 02:30:00+00:00;2.298;;
966771;unknown;control;2023-01-25 02:45:00+00:00;2.02;;
966771;unknown;control;2023-01-25 03:00:00+00:00;2.265;;
966771;unknown;control;2023-01-25 03:15:00+00:00;1.458;;
966771;unknown;control;2023-01-25 03:30:00+00:00;1.069;;
966771;unknown;control;2023-01-25 03:45:00+00:00;0.89;;
966771;unknown;control;2023-01-25 04:00:00+00:00;1.127;;
966771;unknown;control;2023-01-25 04:15:00+00:00;0.61;;
966771;unknown;control;2023-01-25 04:30:00+00:00;0.257;;
966771;unknown;control;2023-01-25 04:45:00+00:00;0.253;;
966771;unknown;control;2023-01-25 05:00:00+00:00;0.303;;
966771;unknown;control;2023-01-25 05:15:00+00:00;0.3;;
966771;unknown;control;2023-01-25 05:30:00+00:00;0.437;;
966771;unknown;control;2023-01-25 05:45:00+00:00;1.466;;
966771;unknown;control;2023-01-25 06:00:00+00:00;0.293;;
966771;unknown;control;2023-01-25 06:15:00+00:00;0.325;;
966771;unknown;control;2023-01-25 06:30:00+00:00;0.335;;
966771;unknown;control;2023-01-25 06:45:00+00:00;0.322;;
966771;unknown;control;2023-01-25 07:00:00+00:00;0.305;;
966771;unknown;control;2023-01-25 07:15:00+00:00;0.293;;
966771;unknown;control;2023-01-25 07:30:00+00:00;0.292;;
966771;unknown;control;2023-01-25 07:45:00+00:00;0.297;;
966771;unknown;control;2023-01-25 08:00:00+00:00;0.283;;
966771;unknown;control;2023-01-25 08:15:00+00:00;0.253;;
966771;unknown;control;2023-01-25 08:30:00+00:00;0.312;;
966771;unknown;control;2023-01-25 08:45:00+00:00;0.242;;
966771;unknown;control;2023-01-25 09:00:00+00:00;0.661;;
966771;unknown;control;2023-01-25 09:15:00+00:00;1.066;;
966771;unknown;control;2023-01-25 09:30:00+00:00;1.06;;
966771;unknown;control;2023-01-25 09:45:00+00:00;0.97;;
966771;unknown;control;2023-01-25 10:00:00+00:00;1.07;;
966771;unknown;control;2023-01-25 10:15:00+00:00;1.524;;
966771;unknown;control;2023-01-25 10:30:00+00:00;1.225;;
966771;unknown;control;2023-01-25 10:45:00+00:00;0.308;;
966771;unknown;control;2023-01-25 11:00:00+00:00;0.331;;
966771;unknown;control;2023-01-25 11:15:00+00:00;0.28;;
966771;unknown;control;2023-01-25 11:30:00+00:00;0.334;;
966771;unknown;control;2023-01-25 11:45:00+00:00;0.792;;
966771;unknown;control;2023-01-25 12:00:00+00:00;1.322;;
966771;unknown;control;2023-01-25 12:15:00+00:00;1.474;;
966771;unknown;control;2023-01-25 12:30:00+00:00;0.903;;
966771;unknown;control;2023-01-25 12:45:00+00:00;1.086;;
966771;unknown;control;2023-01-25 13:00:00+00:00;1.485;;
966771;unknown;control;2023-01-25 13:15:00+00:00;1.119;;
966771;unknown;control;2023-01-25 13:30:00+00:00;0.879;;
966771;unknown;control;2023-01-25 13:45:00+00:00;1.169;;
966771;unknown;control;2023-01-25 14:00:00+00:00;1.104;;
966771;unknown;control;2023-01-25 14:15:00+00:00;1.0;;
966771;unknown;control;2023-01-25 14:30:00+00:00;1.017;;
966771;unknown;control;2023-01-25 14:45:00+00:00;1.132;;
966771;unknown;control;2023-01-25 15:00:00+00:00;0.661;;
966771;unknown;control;2023-01-25 15:15:00+00:00;0.305;;
966771;unknown;control;2023-01-25 15:30:00+00:00;0.289;;
966771;unknown;control;2023-01-25 15:45:00+00:00;0.304;;
966771;unknown;control;2023-01-25 16:00:00+00:00;0.313;;
966771;unknown;control;2023-01-25 16:15:00+00:00;0.312;;
966771;unknown;control;2023-01-25 16:30:00+00:00;0.347;;
966771;unknown;control;2023-01-25 16:45:00+00:00;0.348;;
966771;unknown;control;2023-01-25 17:00:00+00:00;0.369;;
966771;unknown;control;2023-01-25 17:15:00+00:00;0.389;;
966771;unknown;control;2023-01-25 17:30:00+00:00;0.426;;
966771;unknown;control;2023-01-25 17:45:00+00:00;0.399;;
966771;unknown;control;2023-01-25 18:00:00+00:00;0.374;;
966771;unknown;control;2023-01-25 18:15:00+00:00;0.388;;
966771;unknown;control;2023-01-25 18:30:00+00:00;0.79;;
966771;unknown;control;2023-01-25 18:45:00+00:00;1.211;;
966771;unknown;control;2023-01-25 19:00:00+00:00;1.209;;
966771;unknown;control;2023-01-25 19:15:00+00:00;1.21;;
966771;unknown;control;2023-01-25 19:30:00+00:00;0.998;;
966771;unknown;control;2023-01-25 19:45:00+00:00;1.244;;
966771;unknown;control;2023-01-25 20:00:00+00:00;1.242;;
966771;unknown;control;2023-01-25 20:15:00+00:00;1.215;;
966771;unknown;control;2023-01-25 20:30:00+00:00;1.083;;
966771;unknown;control;2023-01-25 20:45:00+00:00;1.118;;
966771;unknown;control;2023-01-25 21:00:00+00:00;1.245;;
966771;unknown;control;2023-01-25 21:15:00+00:00;1.139;;
966771;unknown;control;2023-01-25 21:30:00+00:00;0.59;;
966771;unknown;control;2023-01-25 21:45:00+00:00;0.325;;
966771;unknown;control;2023-01-25 22:00:00+00:00;0.306;;
966771;unknown;control;2023-01-25 22:15:00+00:00;0.288;;
966771;unknown;control;2023-01-25 22:30:00+00:00;0.275;;
966771;unknown;control;2023-01-25 22:45:00+00:00;0.315;;
966771;unknown;control;2023-01-25 23:00:00+00:00;0.318;;
966771;unknown;control;2023-01-25 23:15:00+00:00;0.315;;
966771;unknown;control;2023-01-25 23:30:00+00:00;0.299;;
966771;unknown;control;2023-01-25 23:45:00+00:00;0.28;;
966771;unknown;control;2023-01-26 00:00:00+00:00;0.316;;
966771;unknown;control;2023-01-26 00:15:00+00:00;0.329;;
966771;unknown;control;2023-01-26 00:30:00+00:00;0.326;;
966771;unknown;control;2023-01-26 00:45:00+00:00;0.309;;
966771;unknown;control;2023-01-26 01:00:00+00:00;0.648;;
966771;unknown;control;2023-01-26 01:15:00+00:00;1.064;;
966771;unknown;control;2023-01-26 01:30:00+00:00;2.262;;
966771;unknown;control;2023-01-26 01:45:00+00:00;2.282;;
966771;unknown;control;2023-01-26 02:00:00+00:00;2.255;;
966771;unknown;control;2023-01-26 02:15:00+00:00;2.012;;
966771;unknown;control;2023-01-26 02:30:00+00:00;2.295;;
966771;unknown;control;2023-01-26 02:45:00+00:00;1.428;;
966771;unknown;control;2023-01-26 03:00:00+00:00;1.124;;
966771;unknown;control;2023-01-26 03:15:00+00:00;1.088;;
966771;unknown;control;2023-01-26 03:30:00+00:00;1.027;;
966771;unknown;control;2023-01-26 03:45:00+00:00;0.895;;
966771;unknown;control;2023-01-26 04:00:00+00:00;1.137;;
966771;unknown;control;2023-01-26 04:15:00+00:00;0.587;;
966771;unknown;control;2023-01-26 04:30:00+00:00;0.286;;
966771;unknown;control;2023-01-26 04:45:00+00:00;0.313;;
966771;unknown;control;2023-01-26 05:00:00+00:00;0.336;;
966771;unknown;control;2023-01-26 05:15:00+00:00;0.329;;
966771;unknown;control;2023-01-26 05:30:00+00:00;0.301;;
966771;unknown;control;2023-01-26 05:45:00+00:00;0.324;;
966771;unknown;control;2023-01-26 06:00:00+00:00;0.369;;
966771;unknown;control;2023-01-26 06:15:00+00:00;0.359;;
966771;unknown;control;2023-01-26 06:30:00+00:00;0.772;;
966771;unknown;control;2023-01-26 06:45:00+00:00;0.412;;
966771;unknown;control;2023-01-26 07:00:00+00:00;0.384;;
966771;unknown;control;2023-01-26 07:15:00+00:00;0.403;;
966771;unknown;control;2023-01-26 07:30:00+00:00;0.458;;
966771;unknown;control;2023-01-26 07:45:00+00:00;0.389;;
966771;unknown;control;2023-01-26 08:00:00+00:00;0.329;;
966771;unknown;control;2023-01-26 08:15:00+00:00;0.341;;
966771;unknown;control;2023-01-26 08:30:00+00:00;0.531;;
966771;unknown;control;2023-01-26 08:45:00+00:00;1.122;;
966771;unknown;control;2023-01-26 09:00:00+00:00;1.364;;
966771;unknown;control;2023-01-26 09:15:00+00:00;1.146;;
966771;unknown;control;2023-01-26 09:30:00+00:00;1.093;;
966771;unknown;control;2023-01-26 09:45:00+00:00;1.139;;
966771;unknown;control;2023-01-26 10:00:00+00:00;0.864;;
966771;unknown;control;2023-01-26 10:15:00+00:00;1.16;;
966771;unknown;control;2023-01-26 10:30:00+00:00;1.058;;
966771;unknown;control;2023-01-26 10:45:00+00:00;0.303;;
966771;unknown;control;2023-01-26 11:00:00+00:00;0.32;;
966771;unknown;control;2023-01-26 11:15:00+00:00;0.404;;
966771;unknown;control;2023-01-26 11:30:00+00:00;1.048;;
966771;unknown;control;2023-01-26 11:45:00+00:00;1.072;;
966771;unknown;control;2023-01-26 12:00:00+00:00;1.08;;
966771;unknown;control;2023-01-26 12:15:00+00:00;1.105;;
966771;unknown;control;2023-01-26 12:30:00+00:00;1.032;;
966771;unknown;control;2023-01-26 12:45:00+00:00;0.932;;
966771;unknown;control;2023-01-26 13:00:00+00:00;1.121;;
966771;unknown;control;2023-01-26 13:15:00+00:00;1.103;;
966771;unknown;control;2023-01-26 13:30:00+00:00;1.108;;
966771;unknown;control;2023-01-26 13:45:00+00:00;1.135;;
966771;unknown;control;2023-01-26 14:00:00+00:00;0.907;;
966771;unknown;control;2023-01-26 14:15:00+00:00;1.16;;
966771;unknown;control;2023-01-26 14:30:00+00:00;1.122;;
966771;unknown;control;2023-01-26 14:45:00+00:00;1.159;;
966771;unknown;control;2023-01-26 15:00:00+00:00;0.634;;
966771;unknown;control;2023-01-26 15:15:00+00:00;0.303;;
966771;unknown;control;2023-01-26 15:30:00+00:00;0.311;;
966771;unknown;control;2023-01-26 15:45:00+00:00;0.334;;
966771;unknown;control;2023-01-26 16:00:00+00:00;0.444;;
966771;unknown;control;2023-01-26 16:15:00+00:00;0.439;;
966771;unknown;control;2023-01-26 16:30:00+00:00;0.447;;
966771;unknown;control;2023-01-26 16:45:00+00:00;0.447;;
966771;unknown;control;2023-01-26 17:00:00+00:00;0.575;;
966771;unknown;control;2023-01-26 17:15:00+00:00;0.443;;
966771;unknown;control;2023-01-26 17:30:00+00:00;0.508;;
966771;unknown;control;2023-01-26 17:45:00+00:00;0.859;;
966771;unknown;control;2023-01-26 18:00:00+00:00;0.435;;
966771;unknown;control;2023-01-26 18:15:00+00:00;0.454;;
966771;unknown;control;2023-01-26 18:30:00+00:00;0.802;;
966771;unknown;control;2023-01-26 18:45:00+00:00;1.174;;
966771;unknown;control;2023-01-26 19:00:00+00:00;1.182;;
966771;unknown;control;2023-01-26 19:15:00+00:00;1.253;;
966771;unknown;control;2023-01-26 19:30:00+00:00;1.212;;
966771;unknown;control;2023-01-26 19:45:00+00:00;1.219;;
966771;unknown;control;2023-01-26 20:00:00+00:00;1.048;;
966771;unknown;control;2023-01-26 20:15:00+00:00;1.267;;
966771;unknown;control;2023-01-26 20:30:00+00:00;1.264;;
966771;unknown;control;2023-01-26 20:45:00+00:00;1.244;;
966771;unknown;control;2023-01-26 21:00:00+00:00;1.211;;
966771;unknown;control;2023-01-26 21:15:00+00:00;0.942;;
966771;unknown;control;2023-01-26 21:30:00+00:00;0.626;;
966771;unknown;control;2023-01-26 21:45:00+00:00;0.324;;
966771;unknown;control;2023-01-26 22:00:00+00:00;0.34;;
966771;unknown;control;2023-01-26 22:15:00+00:00;0.345;;
966771;unknown;control;2023-01-26 22:30:00+00:00;0.341;;
966771;unknown;control;2023-01-26 22:45:00+00:00;0.349;;
966771;unknown;control;2023-01-26 23:00:00+00:00;0.34;;
966771;unknown;control;2023-01-26 23:15:00+00:00;0.323;;
966771;unknown;control;2023-01-26 23:30:00+00:00;0.324;;
966771;unknown;control;2023-01-26 23:45:00+00:00;0.329;;
966771;unknown;control;2023-01-27 00:00:00+00:00;0.327;;
966771;unknown;control;2023-01-27 00:15:00+00:00;0.347;;
966771;unknown;control;2023-01-27 00:30:00+00:00;0.36;;
966771;unknown;control;2023-01-27 00:45:00+00:00;0.341;;
966771;unknown;control;2023-01-27 01:00:00+00:00;0.684;;
966771;unknown;control;2023-01-27 01:15:00+00:00;1.066;;
966771;unknown;control;2023-01-27 01:30:00+00:00;2.206;;
966771;unknown;control;2023-01-27 01:45:00+00:00;2.262;;
966771;unknown;control;2023-01-27 02:00:00+00:00;2.256;;
966771;unknown;control;2023-01-27 02:15:00+00:00;2.285;;
966771;unknown;control;2023-01-27 02:30:00+00:00;2.004;;
966771;unknown;control;2023-01-27 02:45:00+00:00;1.288;;
966771;unknown;control;2023-01-27 03:00:00+00:00;1.107;;
966771;unknown;control;2023-01-27 03:15:00+00:00;1.136;;
966771;unknown;control;2023-01-27 03:30:00+00:00;1.144;;
966771;unknown;control;2023-01-27 03:45:00+00:00;1.166;;
966771;unknown;control;2023-01-27 04:00:00+00:00;0.84;;
966771;unknown;control;2023-01-27 04:15:00+00:00;0.627;;
966771;unknown;control;2023-01-27 04:30:00+00:00;0.352;;
966771;unknown;control;2023-01-27 04:45:00+00:00;0.37;;
966771;unknown;control;2023-01-27 05:00:00+00:00;0.362;;
966771;unknown;control;2023-01-27 05:15:00+00:00;0.343;;
966771;unknown;control;2023-01-27 05:30:00+00:00;0.372;;
966771;unknown;control;2023-01-27 05:45:00+00:00;0.903;;
966771;unknown;control;2023-01-27 06:00:00+00:00;0.387;;
966771;unknown;control;2023-01-27 06:15:00+00:00;0.38;;
966771;unknown;control;2023-01-27 06:30:00+00:00;0.35;;
966771;unknown;control;2023-01-27 06:45:00+00:00;0.372;;
966771;unknown;control;2023-01-27 07:00:00+00:00;0.476;;
966771;unknown;control;2023-01-27 07:15:00+00:00;0.368;;
966771;unknown;control;2023-01-27 07:30:00+00:00;0.363;;
966771;unknown;control;2023-01-27 07:45:00+00:00;0.368;;
966771;unknown;control;2023-01-27 08:00:00+00:00;0.382;;
966771;unknown;control;2023-01-27 08:15:00+00:00;0.637;;
966771;unknown;control;2023-01-27 08:30:00+00:00;1.049;;
966771;unknown;control;2023-01-27 08:45:00+00:00;1.074;;
966771;unknown;control;2023-01-27 09:00:00+00:00;1.122;;
966771;unknown;control;2023-01-27 09:15:00+00:00;1.162;;
966771;unknown;control;2023-01-27 09:30:00+00:00;1.113;;
966771;unknown;control;2023-01-27 09:45:00+00:00;0.936;;
966771;unknown;control;2023-01-27 10:00:00+00:00;1.076;;
966771;unknown;control;2023-01-27 10:15:00+00:00;1.06;;
966771;unknown;control;2023-01-27 10:30:00+00:00;1.066;;
966771;unknown;control;2023-01-27 10:45:00+00:00;1.128;;
966771;unknown;control;2023-01-27 11:00:00+00:00;1.169;;
966771;unknown;control;2023-01-27 11:15:00+00:00;0.852;;
966771;unknown;control;2023-01-27 11:30:00+00:00;1.123;;
966771;unknown;control;2023-01-27 11:45:00+00:00;1.229;;
966771;unknown;control;2023-01-27 12:00:00+00:00;1.444;;
966771;unknown;control;2023-01-27 12:15:00+00:00;1.214;;
966771;unknown;control;2023-01-27 12:30:00+00:00;1.086;;
966771;unknown;control;2023-01-27 12:45:00+00:00;1.117;;
966771;unknown;control;2023-01-27 13:00:00+00:00;1.162;;
966771;unknown;control;2023-01-27 13:15:00+00:00;1.188;;
966771;unknown;control;2023-01-27 13:30:00+00:00;1.241;;
966771;unknown;control;2023-01-27 13:45:00+00:00;1.207;;
966771;unknown;control;2023-01-27 14:00:00+00:00;0.979;;
966771;unknown;control;2023-01-27 14:15:00+00:00;1.186;;
966771;unknown;control;2023-01-27 14:30:00+00:00;1.185;;
966771;unknown;control;2023-01-27 14:45:00+00:00;1.286;;
966771;unknown;control;2023-01-27 15:00:00+00:00;0.688;;
966771;unknown;control;2023-01-27 15:15:00+00:00;0.352;;
966771;unknown;control;2023-01-27 15:30:00+00:00;0.4;;
966771;unknown;control;2023-01-27 15:45:00+00:00;0.385;;
966771;unknown;control;2023-01-27 16:00:00+00:00;0.382;;
966771;unknown;control;2023-01-27 16:15:00+00:00;0.406;;
966771;unknown;control;2023-01-27 16:30:00+00:00;0.444;;
966771;unknown;control;2023-01-27 16:45:00+00:00;0.533;;
966771;unknown;control;2023-01-27 17:00:00+00:00;0.51;;
966771;unknown;control;2023-01-27 17:15:00+00:00;0.504;;
966771;unknown;control;2023-01-27 17:30:00+00:00;0.699;;
966771;unknown;control;2023-01-27 17:45:00+00:00;0.533;;
966771;unknown;control;2023-01-27 18:00:00+00:00;0.498;;
966771;unknown;control;2023-01-27 18:15:00+00:00;0.511;;
966771;unknown;control;2023-01-27 18:30:00+00:00;0.793;;
966771;unknown;control;2023-01-27 18:45:00+00:00;1.19;;
966771;unknown;control;2023-01-27 19:00:00+00:00;1.193;;
966771;unknown;control;2023-01-27 19:15:00+00:00;1.222;;
966771;unknown;control;2023-01-27 19:30:00+00:00;1.19;;
966771;unknown;control;2023-01-27 19:45:00+00:00;1.151;;
966771;unknown;control;2023-01-27 20:00:00+00:00;0.967;;
966771;unknown;control;2023-01-27 20:15:00+00:00;1.204;;
966771;unknown;control;2023-01-27 20:30:00+00:00;1.213;;
966771;unknown;control;2023-01-27 20:45:00+00:00;1.203;;
966771;unknown;control;2023-01-27 21:00:00+00:00;1.202;;
966771;unknown;control;2023-01-27 21:15:00+00:00;1.006;;
966771;unknown;control;2023-01-27 21:30:00+00:00;0.703;;
966771;unknown;control;2023-01-27 21:45:00+00:00;0.479;;
966771;unknown;control;2023-01-27 22:00:00+00:00;0.443;;
966771;unknown;control;2023-01-27 22:15:00+00:00;0.386;;
966771;unknown;control;2023-01-27 22:30:00+00:00;0.397;;
966771;unknown;control;2023-01-27 22:45:00+00:00;0.407;;
966771;unknown;control;2023-01-27 23:00:00+00:00;0.363;;
966771;unknown;control;2023-01-27 23:15:00+00:00;0.403;;
966771;unknown;control;2023-01-27 23:30:00+00:00;0.379;;
966771;unknown;control;2023-01-27 23:45:00+00:00;0.379;;
966771;unknown;control;2023-01-28 00:00:00+00:00;0.395;;
966771;unknown;control;2023-01-28 00:15:00+00:00;0.401;;
966771;unknown;control;2023-01-28 00:30:00+00:00;0.38;;
966771;unknown;control;2023-01-28 00:45:00+00:00;0.392;;
966771;unknown;control;2023-01-28 01:00:00+00:00;0.704;;
966771;unknown;control;2023-01-28 01:15:00+00:00;1.13;;
966771;unknown;control;2023-01-28 01:30:00+00:00;2.312;;
966771;unknown;control;2023-01-28 01:45:00+00:00;2.289;;
966771;unknown;control;2023-01-28 02:00:00+00:00;2.29;;
966771;unknown;control;2023-01-28 02:15:00+00:00;2.361;;
966771;unknown;control;2023-01-28 02:30:00+00:00;2.084;;
966771;unknown;control;2023-01-28 02:45:00+00:00;2.37;;
966771;unknown;control;2023-01-28 03:00:00+00:00;2.409;;
966771;unknown;control;2023-01-28 03:15:00+00:00;2.355;;
966771;unknown;control;2023-01-28 03:30:00+00:00;1.261;;
966771;unknown;control;2023-01-28 03:45:00+00:00;1.162;;
966771;unknown;control;2023-01-28 04:00:00+00:00;0.906;;
966771;unknown;control;2023-01-28 04:15:00+00:00;0.656;;
966771;unknown;control;2023-01-28 04:30:00+00:00;0.36;;
966771;unknown;control;2023-01-28 04:45:00+00:00;0.411;;
966771;unknown;control;2023-01-28 05:00:00+00:00;0.361;;
966771;unknown;control;2023-01-28 05:15:00+00:00;0.369;;
966771;unknown;control;2023-01-28 05:30:00+00:00;0.363;;
966771;unknown;control;2023-01-28 05:45:00+00:00;0.4;;
966771;unknown;control;2023-01-28 06:00:00+00:00;0.396;;
966771;unknown;control;2023-01-28 06:15:00+00:00;0.365;;
966771;unknown;control;2023-01-28 06:30:00+00:00;0.363;;
966771;unknown;control;2023-01-28 06:45:00+00:00;0.414;;
966771;unknown;control;2023-01-28 07:00:00+00:00;0.396;;
966771;unknown;control;2023-01-28 07:15:00+00:00;0.351;;
966771;unknown;control;2023-01-28 07:30:00+00:00;0.367;;
966771;unknown;control;2023-01-28 07:45:00+00:00;0.383;;
966771;unknown;control;2023-01-28 08:00:00+00:00;0.405;;
966771;unknown;control;2023-01-28 08:15:00+00:00;0.409;;
966771;unknown;control;2023-01-28 08:30:00+00:00;1.187;;
966771;unknown;control;2023-01-28 08:45:00+00:00;1.104;;
966771;unknown;control;2023-01-28 09:00:00+00:00;1.255;;
966771;unknown;control;2023-01-28 09:15:00+00:00;1.186;;
966771;unknown;control;2023-01-28 09:30:00+00:00;1.1;;
966771;unknown;control;2023-01-28 09:45:00+00:00;0.864;;
966771;unknown;control;2023-01-28 10:00:00+00:00;1.105;;
966771;unknown;control;2023-01-28 10:15:00+00:00;1.073;;
966771;unknown;control;2023-01-28 10:30:00+00:00;0.573;;
966771;unknown;control;2023-01-28 10:45:00+00:00;0.279;;
966771;unknown;control;2023-01-28 11:00:00+00:00;0.339;;
966771;unknown;control;2023-01-28 11:15:00+00:00;0.942;;
966771;unknown;control;2023-01-28 11:30:00+00:00;1.055;;
966771;unknown;control;2023-01-28 11:45:00+00:00;1.173;;
966771;unknown;control;2023-01-28 12:00:00+00:00;1.153;;
966771;unknown;control;2023-01-28 12:15:00+00:00;1.0;;
966771;unknown;control;2023-01-28 12:30:00+00:00;1.151;;
966771;unknown;control;2023-01-28 12:45:00+00:00;1.227;;
966771;unknown;control;2023-01-28 13:00:00+00:00;1.181;;
966771;unknown;control;2023-01-28 13:15:00+00:00;1.018;;
966771;unknown;control;2023-01-28 13:30:00+00:00;1.193;;
966771;unknown;control;2023-01-28 13:45:00+00:00;1.459;;
966771;unknown;control;2023-01-28 14:00:00+00:00;1.169;;
966771;unknown;control;2023-01-28 14:15:00+00:00;1.234;;
966771;unknown;control;2023-01-28 14:30:00+00:00;1.029;;
966771;unknown;control;2023-01-28 14:45:00+00:00;1.275;;
966771;unknown;control;2023-01-28 15:00:00+00:00;0.667;;
966771;unknown;control;2023-01-28 15:15:00+00:00;0.327;;
966771;unknown;control;2023-01-28 15:30:00+00:00;0.344;;
966771;unknown;control;2023-01-28 15:45:00+00:00;0.795;;
966771;unknown;control;2023-01-28 16:00:00+00:00;0.534;;
966771;unknown;control;2023-01-28 16:15:00+00:00;0.612;;
966771;unknown;control;2023-01-28 16:30:00+00:00;0.68;;
966771;unknown;control;2023-01-28 16:45:00+00:00;0.484;;
966771;unknown;control;2023-01-28 17:00:00+00:00;0.467;;
966771;unknown;control;2023-01-28 17:15:00+00:00;1.126;;
966771;unknown;control;2023-01-28 17:30:00+00:00;0.97;;
966771;unknown;control;2023-01-28 17:45:00+00:00;0.527;;
966771;unknown;control;2023-01-28 18:00:00+00:00;0.466;;
966771;unknown;control;2023-01-28 18:15:00+00:00;0.442;;
966771;unknown;control;2023-01-28 18:30:00+00:00;0.858;;
966771;unknown;control;2023-01-28 18:45:00+00:00;1.24;;
966771;unknown;control;2023-01-28 19:00:00+00:00;1.253;;
966771;unknown;control;2023-01-28 19:15:00+00:00;1.285;;
966771;unknown;control;2023-01-28 19:30:00+00:00;1.215;;
966771;unknown;control;2023-01-28 19:45:00+00:00;1.219;;
966771;unknown;control;2023-01-28 20:00:00+00:00;1.255;;
966771;unknown;control;2023-01-28 20:15:00+00:00;1.262;;
966771;unknown;control;2023-01-28 20:30:00+00:00;1.256;;
966771;unknown;control;2023-01-28 20:45:00+00:00;1.123;;
966771;unknown;control;2023-01-28 21:00:00+00:00;1.186;;
966771;unknown;control;2023-01-28 21:15:00+00:00;1.253;;
966771;unknown;control;2023-01-28 21:30:00+00:00;0.74;;
966771;unknown;control;2023-01-28 21:45:00+00:00;0.413;;
966771;unknown;control;2023-01-28 22:00:00+00:00;0.387;;
966771;unknown;control;2023-01-28 22:15:00+00:00;0.381;;
966771;unknown;control;2023-01-28 22:30:00+00:00;0.373;;
966771;unknown;control;2023-01-28 22:45:00+00:00;0.364;;
966771;unknown;control;2023-01-28 23:00:00+00:00;0.356;;
966771;unknown;control;2023-01-28 23:15:00+00:00;0.366;;
966771;unknown;control;2023-01-28 23:30:00+00:00;0.366;;
966771;unknown;control;2023-01-28 23:45:00+00:00;0.375;;
966771;unknown;control;2023-01-29 00:00:00+00:00;0.362;;
966771;unknown;control;2023-01-29 00:15:00+00:00;0.359;;
966771;unknown;control;2023-01-29 00:30:00+00:00;0.331;;
966771;unknown;control;2023-01-29 00:45:00+00:00;0.341;;
966771;unknown;control;2023-01-29 01:00:00+00:00;0.725;;
966771;unknown;control;2023-01-29 01:15:00+00:00;1.121;;
966771;unknown;control;2023-01-29 01:30:00+00:00;2.3;;
966771;unknown;control;2023-01-29 01:45:00+00:00;2.298;;
966771;unknown;control;2023-01-29 02:00:00+00:00;2.306;;
966771;unknown;control;2023-01-29 02:15:00+00:00;2.104;;
966771;unknown;control;2023-01-29 02:30:00+00:00;2.308;;
966771;unknown;control;2023-01-29 02:45:00+00:00;2.321;;
966771;unknown;control;2023-01-29 03:00:00+00:00;2.34;;
966771;unknown;control;2023-01-29 03:15:00+00:00;2.335;;
966771;unknown;control;2023-01-29 03:30:00+00:00;2.303;;
966771;unknown;control;2023-01-29 03:45:00+00:00;2.148;;
966771;unknown;control;2023-01-29 04:00:00+00:00;2.321;;
966771;unknown;control;2023-01-29 04:15:00+00:00;1.8;;
966771;unknown;control;2023-01-29 04:30:00+00:00;1.554;;
966771;unknown;control;2023-01-29 04:45:00+00:00;1.55;;
966771;unknown;control;2023-01-29 05:00:00+00:00;1.517;;
966771;unknown;control;2023-01-29 05:15:00+00:00;1.049;;
966771;unknown;control;2023-01-29 05:30:00+00:00;0.341;;
966771;unknown;control;2023-01-29 05:45:00+00:00;0.332;;
966771;unknown;control;2023-01-29 06:00:00+00:00;0.362;;
966771;unknown;control;2023-01-29 06:15:00+00:00;0.357;;
966771;unknown;control;2023-01-29 06:30:00+00:00;0.364;;
966771;unknown;control;2023-01-29 06:45:00+00:00;0.337;;
966771;unknown;control;2023-01-29 07:00:00+00:00;0.344;;
966771;unknown;control;2023-01-29 07:15:00+00:00;0.343;;
966771;unknown;control;2023-01-29 07:30:00+00:00;0.346;;
966771;unknown;control;2023-01-29 07:45:00+00:00;0.375;;
966771;unknown;control;2023-01-29 08:00:00+00:00;0.612;;
966771;unknown;control;2023-01-29 08:15:00+00:00;0.31;;
966771;unknown;control;2023-01-29 08:30:00+00:00;0.675;;
966771;unknown;control;2023-01-29 08:45:00+00:00;1.072;;
966771;unknown;control;2023-01-29 09:00:00+00:00;1.085;;
966771;unknown;control;2023-01-29 09:15:00+00:00;1.04;;
966771;unknown;control;2023-01-29 09:30:00+00:00;1.043;;
966771;unknown;control;2023-01-29 09:45:00+00:00;0.913;;
966771;unknown;control;2023-01-29 10:00:00+00:00;1.081;;
966771;unknown;control;2023-01-29 10:15:00+00:00;0.881;;
966771;unknown;control;2023-01-29 10:30:00+00:00;0.233;;
966771;unknown;control;2023-01-29 10:45:00+00:00;0.239;;
966771;unknown;control;2023-01-29 11:00:00+00:00;0.581;;
966771;unknown;control;2023-01-29 11:15:00+00:00;0.979;;
966771;unknown;control;2023-01-29 11:30:00+00:00;1.021;;
966771;unknown;control;2023-01-29 11:45:00+00:00;0.56;;
966771;unknown;control;2023-01-29 12:00:00+00:00;1.017;;
966771;unknown;control;2023-01-29 12:15:00+00:00;0.893;;
966771;unknown;control;2023-01-29 12:30:00+00:00;1.021;;
966771;unknown;control;2023-01-29 12:45:00+00:00;1.043;;
966771;unknown;control;2023-01-29 13:00:00+00:00;1.047;;
966771;unknown;control;2023-01-29 13:15:00+00:00;1.049;;
966771;unknown;control;2023-01-29 13:30:00+00:00;0.928;;
966771;unknown;control;2023-01-29 13:45:00+00:00;1.084;;
966771;unknown;control;2023-01-29 14:00:00+00:00;1.051;;
966771;unknown;control;2023-01-29 14:15:00+00:00;1.051;;
966771;unknown;control;2023-01-29 14:30:00+00:00;0.624;;
966771;unknown;control;2023-01-29 14:45:00+00:00;0.233;;
966771;unknown;control;2023-01-29 15:00:00+00:00;0.603;;
966771;unknown;control;2023-01-29 15:15:00+00:00;1.055;;
966771;unknown;control;2023-01-29 15:30:00+00:00;0.596;;
966771;unknown;control;2023-01-29 15:45:00+00:00;0.31;;
966771;unknown;control;2023-01-29 16:00:00+00:00;0.273;;
966771;unknown;control;2023-01-29 16:15:00+00:00;0.278;;
966771;unknown;control;2023-01-29 16:30:00+00:00;0.31;;
966771;unknown;control;2023-01-29 16:45:00+00:00;0.329;;
966771;unknown;control;2023-01-29 17:00:00+00:00;0.342;;
966771;unknown;control;2023-01-29 17:15:00+00:00;0.332;;
966771;unknown;control;2023-01-29 17:30:00+00:00;0.316;;
966771;unknown;control;2023-01-29 17:45:00+00:00;0.297;;
966771;unknown;control;2023-01-29 18:00:00+00:00;0.307;;
966771;unknown;control;2023-01-29 18:15:00+00:00;0.341;;
966771;unknown;control;2023-01-29 18:30:00+00:00;0.346;;
966771;unknown;control;2023-01-29 18:45:00+00:00;0.768;;
966771;unknown;control;2023-01-29 19:00:00+00:00;1.107;;
966771;unknown;control;2023-01-29 19:15:00+00:00;1.129;;
966771;unknown;control;2023-01-29 19:30:00+00:00;1.144;;
966771;unknown;control;2023-01-29 19:45:00+00:00;1.164;;
966771;unknown;control;2023-01-29 20:00:00+00:00;1.2;;
966771;unknown;control;2023-01-29 20:15:00+00:00;1.18;;
966771;unknown;control;2023-01-29 20:30:00+00:00;0.939;;
966771;unknown;control;2023-01-29 20:45:00+00:00;1.221;;
966771;unknown;control;2023-01-29 21:00:00+00:00;1.198;;
966771;unknown;control;2023-01-29 21:15:00+00:00;1.188;;
966771;unknown;control;2023-01-29 21:30:00+00:00;0.727;;
966771;unknown;control;2023-01-29 21:45:00+00:00;0.402;;
966771;unknown;control;2023-01-29 22:00:00+00:00;0.522;;
966771;unknown;control;2023-01-29 22:15:00+00:00;0.497;;
966771;unknown;control;2023-01-29 22:30:00+00:00;0.471;;
966771;unknown;control;2023-01-29 22:45:00+00:00;0.469;;
966771;unknown;control;2023-01-29 23:00:00+00:00;0.468;;
966771;unknown;control;2023-01-29 23:15:00+00:00;0.431;;
966771;unknown;control;2023-01-29 23:30:00+00:00;0.405;;
966771;unknown;control;2023-01-29 23:45:00+00:00;0.439;;
966771;unknown;control;2023-01-30 00:00:00+00:00;0.393;;
966771;unknown;control;2023-01-30 00:15:00+00:00;0.446;;
966771;unknown;control;2023-01-30 00:30:00+00:00;0.395;;
966771;unknown;control;2023-01-30 00:45:00+00:00;0.692;;
966771;unknown;control;2023-01-30 01:00:00+00:00;1.181;;
966771;unknown;control;2023-01-30 01:15:00+00:00;1.196;;
966771;unknown;control;2023-01-30 01:30:00+00:00;2.331;;
966771;unknown;control;2023-01-30 01:45:00+00:00;2.338;;
966771;unknown;control;2023-01-30 02:00:00+00:00;2.298;;
966771;unknown;control;2023-01-30 02:15:00+00:00;2.323;;
966771;unknown;control;2023-01-30 02:30:00+00:00;2.335;;
966771;unknown;control;2023-01-30 02:45:00+00:00;2.335;;
966771;unknown;control;2023-01-30 03:00:00+00:00;2.15;;
966771;unknown;control;2023-01-30 03:15:00+00:00;2.187;;
966771;unknown;control;2023-01-30 03:30:00+00:00;2.236;;
966771;unknown;control;2023-01-30 03:45:00+00:00;1.226;;
966771;unknown;control;2023-01-30 04:00:00+00:00;1.158;;
966771;unknown;control;2023-01-30 04:15:00+00:00;0.679;;
966771;unknown;control;2023-01-30 04:30:00+00:00;0.396;;
966771;unknown;control;2023-01-30 04:45:00+00:00;0.44;;
966771;unknown;control;2023-01-30 05:00:00+00:00;0.426;;
966771;unknown;control;2023-01-30 05:15:00+00:00;0.429;;
966771;unknown;control;2023-01-30 05:30:00+00:00;0.417;;
966771;unknown;control;2023-01-30 05:45:00+00:00;1.02;;
966771;unknown;control;2023-01-30 06:00:00+00:00;0.504;;
966771;unknown;control;2023-01-30 06:15:00+00:00;0.62;;
966771;unknown;control;2023-01-30 06:30:00+00:00;0.461;;
966771;unknown;control;2023-01-30 06:45:00+00:00;0.48;;
966771;unknown;control;2023-01-30 07:00:00+00:00;0.453;;
966771;unknown;control;2023-01-30 07:15:00+00:00;0.463;;
966771;unknown;control;2023-01-30 07:30:00+00:00;0.361;;
966771;unknown;control;2023-01-30 07:45:00+00:00;0.345;;
966771;unknown;control;2023-01-30 08:00:00+00:00;0.759;;
966771;unknown;control;2023-01-30 08:15:00+00:00;1.636;;
966771;unknown;control;2023-01-30 08:30:00+00:00;1.736;;
966771;unknown;control;2023-01-30 08:45:00+00:00;0.967;;
966771;unknown;control;2023-01-30 09:00:00+00:00;0.968;;
966771;unknown;control;2023-01-30 09:15:00+00:00;0.993;;
966771;unknown;control;2023-01-30 09:30:00+00:00;0.854;;
966771;unknown;control;2023-01-30 09:45:00+00:00;0.971;;
966771;unknown;control;2023-01-30 10:00:00+00:00;0.449;;
966771;unknown;control;2023-01-30 10:15:00+00:00;0.343;;
966771;unknown;control;2023-01-30 10:30:00+00:00;0.487;;
966771;unknown;control;2023-01-30 10:45:00+00:00;0.493;;
966771;unknown;control;2023-01-30 11:00:00+00:00;0.871;;
966771;unknown;control;2023-01-30 11:15:00+00:00;0.907;;
966771;unknown;control;2023-01-30 11:30:00+00:00;0.207;;
966771;unknown;control;2023-01-30 11:45:00+00:00;0.508;;
966771;unknown;control;2023-01-30 12:00:00+00:00;1.051;;
966771;unknown;control;2023-01-30 12:15:00+00:00;1.12;;
966771;unknown;control;2023-01-30 12:30:00+00:00;1.221;;
966771;unknown;control;2023-01-30 12:45:00+00:00;1.519;;
966771;unknown;control;2023-01-30 13:00:00+00:00;1.107;;
966771;unknown;control;2023-01-30 13:15:00+00:00;1.473;;
966771;unknown;control;2023-01-30 13:30:00+00:00;1.222;;
966771;unknown;control;2023-01-30 13:45:00+00:00;1.13;;
966771;unknown;control;2023-01-30 14:00:00+00:00;1.279;;
966771;unknown;control;2023-01-30 14:15:00+00:00;1.179;;
966771;unknown;control;2023-01-30 14:30:00+00:00;1.126;;
966771;unknown;control;2023-01-30 14:45:00+00:00;1.07;;
966771;unknown;control;2023-01-30 15:00:00+00:00;0.563;;
966771;unknown;control;2023-01-30 15:15:00+00:00;0.267;;
966771;unknown;control;2023-01-30 15:30:00+00:00;0.249;;
966771;unknown;control;2023-01-30 15:45:00+00:00;0.309;;
966771;unknown;control;2023-01-30 16:00:00+00:00;0.34;;
966771;unknown;control;2023-01-30 16:15:00+00:00;0.316;;
966771;unknown;control;2023-01-30 16:30:00+00:00;0.349;;
966771;unknown;control;2023-01-30 16:45:00+00:00;0.349;;
966771;unknown;control;2023-01-30 17:00:00+00:00;0.362;;
966771;unknown;control;2023-01-30 17:15:00+00:00;0.435;;
966771;unknown;control;2023-01-30 17:30:00+00:00;0.323;;
966771;unknown;control;2023-01-30 17:45:00+00:00;0.306;;
966771;unknown;control;2023-01-30 18:00:00+00:00;0.331;;
966771;unknown;control;2023-01-30 18:15:00+00:00;0.363;;
966771;unknown;control;2023-01-30 18:30:00+00:00;0.803;;
966771;unknown;control;2023-01-30 18:45:00+00:00;1.108;;
966771;unknown;control;2023-01-30 19:00:00+00:00;1.132;;
966771;unknown;control;2023-01-30 19:15:00+00:00;0.968;;
966771;unknown;control;2023-01-30 19:30:00+00:00;1.178;;
966771;unknown;control;2023-01-30 19:45:00+00:00;1.16;;
966771;unknown;control;2023-01-30 20:00:00+00:00;0.976;;
966771;unknown;control;2023-01-30 20:15:00+00:00;1.032;;
966771;unknown;control;2023-01-30 20:30:00+00:00;1.157;;
966771;unknown;control;2023-01-30 20:45:00+00:00;1.11;;
966771;unknown;control;2023-01-30 21:00:00+00:00;0.897;;
966771;unknown;control;2023-01-30 21:15:00+00:00;1.123;;
966771;unknown;control;2023-01-30 21:30:00+00:00;0.607;;
966771;unknown;control;2023-01-30 21:45:00+00:00;0.322;;
966771;unknown;control;2023-01-30 22:00:00+00:00;0.274;;
966771;unknown;control;2023-01-30 22:15:00+00:00;0.298;;
966771;unknown;control;2023-01-30 22:30:00+00:00;0.337;;
966771;unknown;control;2023-01-30 22:45:00+00:00;0.324;;
966771;unknown;control;2023-01-30 23:00:00+00:00;0.327;;
966771;unknown;control;2023-01-30 23:15:00+00:00;0.344;;
966771;unknown;control;2023-01-30 23:30:00+00:00;0.314;;
966771;unknown;control;2023-01-30 23:45:00+00:00;0.314;;
966771;unknown;control;2023-01-31 00:00:00+00:00;0.298;;
966771;unknown;control;2023-01-31 00:15:00+00:00;0.301;;
966771;unknown;control;2023-01-31 00:30:00+00:00;0.327;;
966771;unknown;control;2023-01-31 00:45:00+00:00;0.378;;
966771;unknown;control;2023-01-31 01:00:00+00:00;0.723;;
966771;unknown;control;2023-01-31 01:15:00+00:00;1.071;;
966771;unknown;control;2023-01-31 01:30:00+00:00;2.218;;
966771;unknown;control;2023-01-31 01:45:00+00:00;2.242;;
966771;unknown;control;2023-01-31 02:00:00+00:00;2.27;;
966771;unknown;control;2023-01-31 02:15:00+00:00;1.991;;
966771;unknown;control;2023-01-31 02:30:00+00:00;2.286;;
966771;unknown;control;2023-01-31 02:45:00+00:00;2.3;;
966771;unknown;control;2023-01-31 03:00:00+00:00;2.319;;
966771;unknown;control;2023-01-31 03:15:00+00:00;1.212;;
966771;unknown;control;2023-01-31 03:30:00+00:00;1.001;;
966771;unknown;control;2023-01-31 03:45:00+00:00;1.171;;
966771;unknown;control;2023-01-31 04:00:00+00:00;1.183;;
966771;unknown;control;2023-01-31 04:15:00+00:00;0.676;;
966771;unknown;control;2023-01-31 04:30:00+00:00;0.37;;
966771;unknown;control;2023-01-31 04:45:00+00:00;0.378;;
966771;unknown;control;2023-01-31 05:00:00+00:00;0.378;;
966771;unknown;control;2023-01-31 05:15:00+00:00;0.385;;
966771;unknown;control;2023-01-31 05:30:00+00:00;0.655;;
966771;unknown;control;2023-01-31 05:45:00+00:00;1.563;;
966771;unknown;control;2023-01-31 06:00:00+00:00;0.344;;
966771;unknown;control;2023-01-31 06:15:00+00:00;0.374;;
966771;unknown;control;2023-01-31 06:30:00+00:00;0.401;;
966771;unknown;control;2023-01-31 06:45:00+00:00;0.411;;
966771;unknown;control;2023-01-31 07:00:00+00:00;0.393;;
966771;unknown;control;2023-01-31 07:15:00+00:00;0.369;;
966771;unknown;control;2023-01-31 07:30:00+00:00;0.341;;
966771;unknown;control;2023-01-31 07:45:00+00:00;0.302;;
966771;unknown;control;2023-01-31 08:00:00+00:00;0.211;;
966771;unknown;control;2023-01-31 08:15:00+00:00;1.08;;
966771;unknown;control;2023-01-31 08:30:00+00:00;0.944;;
966771;unknown;control;2023-01-31 08:45:00+00:00;0.916;;
966771;unknown;control;2023-01-31 09:00:00+00:00;0.752;;
966771;unknown;control;2023-01-31 09:15:00+00:00;0.841;;
966771;unknown;control;2023-01-31 09:30:00+00:00;0.795;;
966771;unknown;control;2023-01-31 09:45:00+00:00;0.128;;
966771;unknown;control;2023-01-31 10:00:00+00:00;0.119;;
966771;unknown;control;2023-01-31 10:15:00+00:00;0.114;;
966771;unknown;control;2023-01-31 10:30:00+00:00;0.118;;
966771;unknown;control;2023-01-31 10:45:00+00:00;0.121;;
966771;unknown;control;2023-01-31 11:00:00+00:00;0.312;;
966771;unknown;control;2023-01-31 11:15:00+00:00;0.429;;
966771;unknown;control;2023-01-31 11:30:00+00:00;0.124;;
966771;unknown;control;2023-01-31 11:45:00+00:00;0.518;;
966771;unknown;control;2023-01-31 12:00:00+00:00;0.891;;
966771;unknown;control;2023-01-31 12:15:00+00:00;0.866;;
966771;unknown;control;2023-01-31 12:30:00+00:00;0.853;;
966771;unknown;control;2023-01-31 12:45:00+00:00;0.944;;
966771;unknown;control;2023-01-31 13:00:00+00:00;0.882;;
966771;unknown;control;2023-01-31 13:15:00+00:00;0.921;;
966771;unknown;control;2023-01-31 13:30:00+00:00;1.0;;
966771;unknown;control;2023-01-31 13:45:00+00:00;0.277;;
966771;unknown;control;2023-01-31 14:00:00+00:00;0.228;;
966771;unknown;control;2023-01-31 14:15:00+00:00;1.006;;
966771;unknown;control;2023-01-31 14:30:00+00:00;1.091;;
966771;unknown;control;2023-01-31 14:45:00+00:00;1.1;;
966771;unknown;control;2023-01-31 15:00:00+00:00;0.625;;
966771;unknown;control;2023-01-31 15:15:00+00:00;0.253;;
966771;unknown;control;2023-01-31 15:30:00+00:00;0.307;;
966771;unknown;control;2023-01-31 15:45:00+00:00;0.281;;
966771;unknown;control;2023-01-31 16:00:00+00:00;0.3;;
966771;unknown;control;2023-01-31 16:15:00+00:00;0.326;;
966771;unknown;control;2023-01-31 16:30:00+00:00;0.321;;
966771;unknown;control;2023-01-31 16:45:00+00:00;0.308;;
966771;unknown;control;2023-01-31 17:00:00+00:00;0.355;;
966771;unknown;control;2023-01-31 17:15:00+00:00;0.357;;
966771;unknown;control;2023-01-31 17:30:00+00:00;0.325;;
966771;unknown;control;2023-01-31 17:45:00+00:00;0.336;;
966771;unknown;control;2023-01-31 18:00:00+00:00;0.376;;
966771;unknown;control;2023-01-31 18:15:00+00:00;0.339;;
966771;unknown;control;2023-01-31 18:30:00+00:00;0.797;;
966771;unknown;control;2023-01-31 18:45:00+00:00;1.18;;
966771;unknown;control;2023-01-31 19:00:00+00:00;1.047;;
966771;unknown;control;2023-01-31 19:15:00+00:00;1.135;;
966771;unknown;control;2023-01-31 19:30:00+00:00;1.194;;
966771;unknown;control;2023-01-31 19:45:00+00:00;1.062;;
966771;unknown;control;2023-01-31 20:00:00+00:00;1.181;;
966771;unknown;control;2023-01-31 20:15:00+00:00;1.123;;
966771;unknown;control;2023-01-31 20:30:00+00:00;1.285;;
966771;unknown;control;2023-01-31 20:45:00+00:00;1.208;;
966771;unknown;control;2023-01-31 21:00:00+00:00;0.713;;
966771;unknown;control;2023-01-31 21:15:00+00:00;0.436;;
966771;unknown;control;2023-01-31 21:30:00+00:00;0.665;;
966771;unknown;control;2023-01-31 21:45:00+00:00;0.339;;
966771;unknown;control;2023-01-31 22:00:00+00:00;0.32;;
966771;unknown;control;2023-01-31 22:15:00+00:00;0.357;;
966771;unknown;control;2023-01-31 22:30:00+00:00;0.329;;
966771;unknown;control;2023-01-31 22:45:00+00:00;0.334;;
966771;unknown;control;2023-01-31 23:00:00+00:00;0.373;;
966771;unknown;control;2023-01-31 23:15:00+00:00;0.346;;
966771;unknown;control;2023-01-31 23:30:00+00:00;0.369;;
966771;unknown;control;2023-01-31 23:45:00+00:00;0.339;;
966771;unknown;control;2023-02-01 00:00:00+00:00;0.295;;
966771;unknown;control;2023-02-01 00:15:00+00:00;0.306;;
966771;unknown;control;2023-02-01 00:30:00+00:00;0.341;;
966771;unknown;control;2023-02-01 00:45:00+00:00;0.352;;
966771;unknown;control;2023-02-01 01:00:00+00:00;0.78;;
966771;unknown;control;2023-02-01 01:15:00+00:00;1.107;;
966771;unknown;control;2023-02-01 01:30:00+00:00;2.272;;
966771;unknown;control;2023-02-01 01:45:00+00:00;2.272;;
966771;unknown;control;2023-02-01 02:00:00+00:00;2.079;;
966771;unknown;control;2023-02-01 02:15:00+00:00;2.276;;
966771;unknown;control;2023-02-01 02:30:00+00:00;2.321;;
966771;unknown;control;2023-02-01 02:45:00+00:00;2.328;;
966771;unknown;control;2023-02-01 03:00:00+00:00;1.52;;
966771;unknown;control;2023-02-01 03:15:00+00:00;1.161;;
966771;unknown;control;2023-02-01 03:30:00+00:00;1.168;;
966771;unknown;control;2023-02-01 03:45:00+00:00;1.141;;
966771;unknown;control;2023-02-01 04:00:00+00:00;1.13;;
966771;unknown;control;2023-02-01 04:15:00+00:00;0.622;;
966771;unknown;control;2023-02-01 04:30:00+00:00;0.28;;
966771;unknown;control;2023-02-01 04:45:00+00:00;0.284;;
966771;unknown;control;2023-02-01 05:00:00+00:00;0.302;;
966771;unknown;control;2023-02-01 05:15:00+00:00;0.773;;
966771;unknown;control;2023-02-01 05:30:00+00:00;1.486;;
966771;unknown;control;2023-02-01 05:45:00+00:00;1.528;;
966771;unknown;control;2023-02-01 06:00:00+00:00;0.323;;
966771;unknown;control;2023-02-01 06:15:00+00:00;0.312;;
966771;unknown;control;2023-02-01 06:30:00+00:00;0.325;;
966771;unknown;control;2023-02-01 06:45:00+00:00;0.317;;
966771;unknown;control;2023-02-01 07:00:00+00:00;0.347;;
966771;unknown;control;2023-02-01 07:15:00+00:00;0.338;;
966771;unknown;control;2023-02-01 07:30:00+00:00;0.324;;
966771;unknown;control;2023-02-01 07:45:00+00:00;0.302;;
966771;unknown;control;2023-02-01 08:00:00+00:00;0.278;;
966771;unknown;control;2023-02-01 08:15:00+00:00;0.497;;
966771;unknown;control;2023-02-01 08:30:00+00:00;0.915;;
966771;unknown;control;2023-02-01 08:45:00+00:00;0.321;;
966771;unknown;control;2023-02-01 09:00:00+00:00;0.323;;
966771;unknown;control;2023-02-01 09:15:00+00:00;1.024;;
966771;unknown;control;2023-02-01 09:30:00+00:00;1.044;;
966771;unknown;control;2023-02-01 09:45:00+00:00;0.884;;
966771;unknown;control;2023-02-01 10:00:00+00:00;0.783;;
966771;unknown;control;2023-02-01 10:15:00+00:00;0.871;;
966771;unknown;control;2023-02-01 10:30:00+00:00;0.246;;
966771;unknown;control;2023-02-01 10:45:00+00:00;0.193;;
966771;unknown;control;2023-02-01 11:00:00+00:00;0.118;;
966771;unknown;control;2023-02-01 11:15:00+00:00;0.117;;
966771;unknown;control;2023-02-01 11:30:00+00:00;0.138;;
966771;unknown;control;2023-02-01 11:45:00+00:00;0.802;;
966771;unknown;control;2023-02-01 12:00:00+00:00;1.584;;
966771;unknown;control;2023-02-01 12:15:00+00:00;1.092;;
966771;unknown;control;2023-02-01 12:30:00+00:00;1.102;;
966771;unknown;control;2023-02-01 12:45:00+00:00;1.202;;
966771;unknown;control;2023-02-01 13:00:00+00:00;1.206;;
966771;unknown;control;2023-02-01 13:15:00+00:00;0.983;;
966771;unknown;control;2023-02-01 13:30:00+00:00;0.812;;
966771;unknown;control;2023-02-01 13:45:00+00:00;0.167;;
966771;unknown;control;2023-02-01 14:00:00+00:00;0.235;;
966771;unknown;control;2023-02-01 14:15:00+00:00;1.0;;
966771;unknown;control;2023-02-01 14:30:00+00:00;1.036;;
966771;unknown;control;2023-02-01 14:45:00+00:00;0.96;;
966771;unknown;control;2023-02-01 15:00:00+00:00;0.571;;
966771;unknown;control;2023-02-01 15:15:00+00:00;0.243;;
966771;unknown;control;2023-02-01 15:30:00+00:00;0.279;;
966771;unknown;control;2023-02-01 15:45:00+00:00;0.273;;
966771;unknown;control;2023-02-01 16:00:00+00:00;0.29;;
966771;unknown;control;2023-02-01 16:15:00+00:00;0.319;;
966771;unknown;control;2023-02-01 16:30:00+00:00;0.288;;
966771;unknown;control;2023-02-01 16:45:00+00:00;0.338;;
966771;unknown;control;2023-02-01 17:00:00+00:00;0.382;;
966771;unknown;control;2023-02-01 17:15:00+00:00;0.33;;
966771;unknown;control;2023-02-01 17:30:00+00:00;0.333;;
966771;unknown;control;2023-02-01 17:45:00+00:00;0.277;;
966771;unknown;control;2023-02-01 18:00:00+00:00;0.319;;
966771;unknown;control;2023-02-01 18:15:00+00:00;0.268;;
966771;unknown;control;2023-02-01 18:30:00+00:00;0.769;;
966771;unknown;control;2023-02-01 18:45:00+00:00;1.088;;
966771;unknown;control;2023-02-01 19:00:00+00:00;1.064;;
966771;unknown;control;2023-02-01 19:15:00+00:00;1.161;;
966771;unknown;control;2023-02-01 19:30:00+00:00;1.157;;
966771;unknown;control;2023-02-01 19:45:00+00:00;1.115;;
966771;unknown;control;2023-02-01 20:00:00+00:00;1.165;;
966771;unknown;control;2023-02-01 20:15:00+00:00;1.096;;
966771;unknown;control;2023-02-01 20:30:00+00:00;1.201;;
966771;unknown;control;2023-02-01 20:45:00+00:00;0.536;;
966771;unknown;control;2023-02-01 21:00:00+00:00;0.355;;
966771;unknown;control;2023-02-01 21:15:00+00:00;1.082;;
966771;unknown;control;2023-02-01 21:30:00+00:00;0.644;;
966771;unknown;control;2023-02-01 21:45:00+00:00;0.339;;
966771;unknown;control;2023-02-01 22:00:00+00:00;0.378;;
966771;unknown;control;2023-02-01 22:15:00+00:00;0.353;;
966771;unknown;control;2023-02-01 22:30:00+00:00;0.311;;
966771;unknown;control;2023-02-01 22:45:00+00:00;0.32;;
966771;unknown;control;2023-02-01 23:00:00+00:00;0.271;;
966771;unknown;control;2023-02-01 23:15:00+00:00;0.266;;
966771;unknown;control;2023-02-01 23:30:00+00:00;0.26;;
966771;unknown;control;2023-02-01 23:45:00+00:00;0.291;;
966771;unknown;control;2023-02-02 00:00:00+00:00;0.305;;
966771;unknown;control;2023-02-02 00:15:00+00:00;0.268;;
966771;unknown;control;2023-02-02 00:30:00+00:00;0.264;;
966771;unknown;control;2023-02-02 00:45:00+00:00;0.298;;
966771;unknown;control;2023-02-02 01:00:00+00:00;0.73;;
966771;unknown;control;2023-02-02 01:15:00+00:00;1.022;;
966771;unknown;control;2023-02-02 01:30:00+00:00;2.108;;
966771;unknown;control;2023-02-02 01:45:00+00:00;2.269;;
966771;unknown;control;2023-02-02 02:00:00+00:00;2.296;;
966771;unknown;control;2023-02-02 02:15:00+00:00;2.157;;
966771;unknown;control;2023-02-02 02:30:00+00:00;2.306;;
966771;unknown;control;2023-02-02 02:45:00+00:00;2.252;;
966771;unknown;control;2023-02-02 03:00:00+00:00;1.756;;
966771;unknown;control;2023-02-02 03:15:00+00:00;1.119;;
966771;unknown;control;2023-02-02 03:30:00+00:00;0.908;;
966771;unknown;control;2023-02-02 03:45:00+00:00;1.115;;
966771;unknown;control;2023-02-02 04:00:00+00:00;1.149;;
966771;unknown;control;2023-02-02 04:15:00+00:00;0.559;;
966771;unknown;control;2023-02-02 04:30:00+00:00;0.316;;
966771;unknown;control;2023-02-02 04:45:00+00:00;0.284;;
966771;unknown;control;2023-02-02 05:00:00+00:00;0.275;;
966771;unknown;control;2023-02-02 05:15:00+00:00;0.29;;
966771;unknown;control;2023-02-02 05:30:00+00:00;0.328;;
966771;unknown;control;2023-02-02 05:45:00+00:00;0.831;;
966771;unknown;control;2023-02-02 06:00:00+00:00;0.316;;
966771;unknown;control;2023-02-02 06:15:00+00:00;0.288;;
966771;unknown;control;2023-02-02 06:30:00+00:00;0.264;;
966771;unknown;control;2023-02-02 06:45:00+00:00;0.314;;
966771;unknown;control;2023-02-02 07:00:00+00:00;0.499;;
966771;unknown;control;2023-02-02 07:15:00+00:00;0.457;;
966771;unknown;control;2023-02-02 07:30:00+00:00;0.322;;
966771;unknown;control;2023-02-02 07:45:00+00:00;0.256;;
966771;unknown;control;2023-02-02 08:00:00+00:00;0.301;;
966771;unknown;control;2023-02-02 08:15:00+00:00;0.218;;
966771;unknown;control;2023-02-02 08:30:00+00:00;0.239;;
966771;unknown;control;2023-02-02 08:45:00+00:00;0.329;;
966771;unknown;control;2023-02-02 09:00:00+00:00;0.243;;
966771;unknown;control;2023-02-02 09:15:00+00:00;0.218;;
966771;unknown;control;2023-02-02 09:30:00+00:00;0.208;;
966771;unknown;control;2023-02-02 09:45:00+00:00;0.231;;
966771;unknown;control;2023-02-02 10:00:00+00:00;1.068;;
966771;unknown;control;2023-02-02 10:15:00+00:00;0.999;;
966771;unknown;control;2023-02-02 10:30:00+00:00;0.126;;
966771;unknown;control;2023-02-02 10:45:00+00:00;0.254;;
966771;unknown;control;2023-02-02 11:00:00+00:00;0.17;;
966771;unknown;control;2023-02-02 11:15:00+00:00;0.169;;
966771;unknown;control;2023-02-02 11:30:00+00:00;0.247;;
966771;unknown;control;2023-02-02 11:45:00+00:00;0.655;;
966771;unknown;control;2023-02-02 12:00:00+00:00;0.899;;
966771;unknown;control;2023-02-02 12:15:00+00:00;0.842;;
966771;unknown;control;2023-02-02 12:30:00+00:00;0.99;;
966771;unknown;control;2023-02-02 12:45:00+00:00;0.783;;
966771;unknown;control;2023-02-02 13:00:00+00:00;0.19;;
966771;unknown;control;2023-02-02 13:15:00+00:00;0.265;;
966771;unknown;control;2023-02-02 13:30:00+00:00;0.955;;
966771;unknown;control;2023-02-02 13:45:00+00:00;0.981;;
966771;unknown;control;2023-02-02 14:00:00+00:00;0.286;;
966771;unknown;control;2023-02-02 14:15:00+00:00;0.211;;
966771;unknown;control;2023-02-02 14:30:00+00:00;0.463;;
966771;unknown;control;2023-02-02 14:45:00+00:00;1.0;;
966771;unknown;control;2023-02-02 15:00:00+00:00;0.53;;
966771;unknown;control;2023-02-02 15:15:00+00:00;0.234;;
966771;unknown;control;2023-02-02 15:30:00+00:00;0.204;;
966771;unknown;control;2023-02-02 15:45:00+00:00;0.21;;
966771;unknown;control;2023-02-02 16:00:00+00:00;0.259;;
966771;unknown;control;2023-02-02 16:15:00+00:00;0.222;;
966771;unknown;control;2023-02-02 16:30:00+00:00;0.252;;
966771;unknown;control;2023-02-02 16:45:00+00:00;0.284;;
966771;unknown;control;2023-02-02 17:00:00+00:00;0.26;;
966771;unknown;control;2023-02-02 17:15:00+00:00;0.366;;
966771;unknown;control;2023-02-02 17:30:00+00:00;0.308;;
966771;unknown;control;2023-02-02 17:45:00+00:00;0.35;;
966771;unknown;control;2023-02-02 18:00:00+00:00;0.294;;
966771;unknown;control;2023-02-02 18:15:00+00:00;0.355;;
966771;unknown;control;2023-02-02 18:30:00+00:00;0.754;;
966771;unknown;control;2023-02-02 18:45:00+00:00;1.142;;
966771;unknown;control;2023-02-02 19:00:00+00:00;1.018;;
966771;unknown;control;2023-02-02 19:15:00+00:00;1.147;;
966771;unknown;control;2023-02-02 19:30:00+00:00;1.147;;
966771;unknown;control;2023-02-02 19:45:00+00:00;1.016;;
966771;unknown;control;2023-02-02 20:00:00+00:00;1.169;;
966771;unknown;control;2023-02-02 20:15:00+00:00;0.486;;
966771;unknown;control;2023-02-02 20:30:00+00:00;0.372;;
966771;unknown;control;2023-02-02 20:45:00+00:00;0.628;;
966771;unknown;control;2023-02-02 21:00:00+00:00;1.049;;
966771;unknown;control;2023-02-02 21:15:00+00:00;1.025;;
966771;unknown;control;2023-02-02 21:30:00+00:00;0.439;;
966771;unknown;control;2023-02-02 21:45:00+00:00;0.268;;
966771;unknown;control;2023-02-02 22:00:00+00:00;0.223;;
966771;unknown;control;2023-02-02 22:15:00+00:00;0.284;;
966771;unknown;control;2023-02-02 22:30:00+00:00;0.272;;
966771;unknown;control;2023-02-02 22:45:00+00:00;0.278;;
966771;unknown;control;2023-02-02 23:00:00+00:00;0.289;;
966771;unknown;control;2023-02-02 23:15:00+00:00;0.29;;
966771;unknown;control;2023-02-02 23:30:00+00:00;0.291;;
966771;unknown;control;2023-02-02 23:45:00+00:00;0.283;;
966771;unknown;control;2023-02-03 00:00:00+00:00;0.311;;
966771;unknown;control;2023-02-03 00:15:00+00:00;0.308;;
966771;unknown;control;2023-02-03 00:30:00+00:00;0.327;;
966771;unknown;control;2023-02-03 00:45:00+00:00;0.302;;
966771;unknown;control;2023-02-03 01:00:00+00:00;0.718;;
966771;unknown;control;2023-02-03 01:15:00+00:00;1.024;;
966771;unknown;control;2023-02-03 01:30:00+00:00;2.136;;
966771;unknown;control;2023-02-03 01:45:00+00:00;2.265;;
966771;unknown;control;2023-02-03 02:00:00+00:00;2.238;;
966771;unknown;control;2023-02-03 02:15:00+00:00;2.155;;
966771;unknown;control;2023-02-03 02:30:00+00:00;2.317;;
966771;unknown;control;2023-02-03 02:45:00+00:00;2.248;;
966771;unknown;control;2023-02-03 03:00:00+00:00;2.173;;
966771;unknown;control;2023-02-03 03:15:00+00:00;2.17;;
966771;unknown;control;2023-02-03 03:30:00+00:00;0.955;;
966771;unknown;control;2023-02-03 03:45:00+00:00;1.088;;
966771;unknown;control;2023-02-03 04:00:00+00:00;0.741;;
966771;unknown;control;2023-02-03 04:15:00+00:00;0.239;;
966771;unknown;control;2023-02-03 04:30:00+00:00;0.278;;
966771;unknown;control;2023-02-03 04:45:00+00:00;0.283;;
966771;unknown;control;2023-02-03 05:00:00+00:00;0.244;;
966771;unknown;control;2023-02-03 05:15:00+00:00;0.283;;
966771;unknown;control;2023-02-03 05:30:00+00:00;0.275;;
966771;unknown;control;2023-02-03 05:45:00+00:00;1.075;;
966771;unknown;control;2023-02-03 06:00:00+00:00;0.309;;
966771;unknown;control;2023-02-03 06:15:00+00:00;0.268;;
966771;unknown;control;2023-02-03 06:30:00+00:00;0.305;;
966771;unknown;control;2023-02-03 06:45:00+00:00;0.297;;
966771;unknown;control;2023-02-03 07:00:00+00:00;0.301;;
966771;unknown;control;2023-02-03 07:15:00+00:00;0.237;;
966771;unknown;control;2023-02-03 07:30:00+00:00;0.26;;
966771;unknown;control;2023-02-03 07:45:00+00:00;0.236;;
966771;unknown;control;2023-02-03 08:00:00+00:00;0.21;;
966771;unknown;control;2023-02-03 08:15:00+00:00;0.14;;
966771;unknown;control;2023-02-03 08:30:00+00:00;0.1;;
966771;unknown;control;2023-02-03 08:45:00+00:00;0.524;;
966771;unknown;control;2023-02-03 09:00:00+00:00;0.181;;
966771;unknown;control;2023-02-03 09:15:00+00:00;0.196;;
966771;unknown;control;2023-02-03 09:30:00+00:00;0.154;;
966771;unknown;control;2023-02-03 09:45:00+00:00;0.097;;
966771;unknown;control;2023-02-03 10:00:00+00:00;0.202;;
966771;unknown;control;2023-02-03 10:15:00+00:00;0.119;;
966771;unknown;control;2023-02-03 10:30:00+00:00;0.679;;
966771;unknown;control;2023-02-03 10:45:00+00:00;0.514;;
966771;unknown;control;2023-02-03 11:00:00+00:00;0.124;;
966771;unknown;control;2023-02-03 11:15:00+00:00;0.127;;
966771;unknown;control;2023-02-03 11:30:00+00:00;0.186;;
966771;unknown;control;2023-02-03 11:45:00+00:00;0.564;;
966771;unknown;control;2023-02-03 12:00:00+00:00;0.892;;
966771;unknown;control;2023-02-03 12:15:00+00:00;0.84;;
966771;unknown;control;2023-02-03 12:30:00+00:00;0.559;;
966771;unknown;control;2023-02-03 12:45:00+00:00;0.531;;
966771;unknown;control;2023-02-03 13:00:00+00:00;0.972;;
966771;unknown;control;2023-02-03 13:15:00+00:00;0.593;;
966771;unknown;control;2023-02-03 13:30:00+00:00;0.387;;
966771;unknown;control;2023-02-03 13:45:00+00:00;0.229;;
966771;unknown;control;2023-02-03 14:00:00+00:00;1.014;;
966771;unknown;control;2023-02-03 14:15:00+00:00;0.611;;
966771;unknown;control;2023-02-03 14:30:00+00:00;0.172;;
966771;unknown;control;2023-02-03 14:45:00+00:00;0.22;;
966771;unknown;control;2023-02-03 15:00:00+00:00;0.32;;
966771;unknown;control;2023-02-03 15:15:00+00:00;0.207;;
966771;unknown;control;2023-02-03 15:30:00+00:00;0.209;;
966771;unknown;control;2023-02-03 15:45:00+00:00;0.271;;
966771;unknown;control;2023-02-03 16:00:00+00:00;0.239;;
966771;unknown;control;2023-02-03 16:15:00+00:00;0.343;;
966771;unknown;control;2023-02-03 16:30:00+00:00;0.27;;
966771;unknown;control;2023-02-03 16:45:00+00:00;0.284;;
966771;unknown;control;2023-02-03 17:00:00+00:00;0.269;;
966771;unknown;control;2023-02-03 17:15:00+00:00;0.253;;
966771;unknown;control;2023-02-03 17:30:00+00:00;0.281;;
966771;unknown;control;2023-02-03 17:45:00+00:00;0.422;;
966771;unknown;control;2023-02-03 18:00:00+00:00;0.367;;
966771;unknown;control;2023-02-03 18:15:00+00:00;0.281;;
966771;unknown;control;2023-02-03 18:30:00+00:00;0.782;;
966771;unknown;control;2023-02-03 18:45:00+00:00;1.067;;
966771;unknown;control;2023-02-03 19:00:00+00:00;1.077;;
966771;unknown;control;2023-02-03 19:15:00+00:00;1.131;;
966771;unknown;control;2023-02-03 19:30:00+00:00;1.127;;
966771;unknown;control;2023-02-03 19:45:00+00:00;0.384;;
966771;unknown;control;2023-02-03 20:00:00+00:00;0.359;;
966771;unknown;control;2023-02-03 20:15:00+00:00;1.173;;
966771;unknown;control;2023-02-03 20:30:00+00:00;1.007;;
966771;unknown;control;2023-02-03 20:45:00+00:00;0.34;;
966771;unknown;control;2023-02-03 21:00:00+00:00;0.263;;
966771;unknown;control;2023-02-03 21:15:00+00:00;0.986;;
966771;unknown;control;2023-02-03 21:30:00+00:00;0.514;;
966771;unknown;control;2023-02-03 21:45:00+00:00;0.246;;
966771;unknown;control;2023-02-03 22:00:00+00:00;0.209;;
966771;unknown;control;2023-02-03 22:15:00+00:00;0.214;;
966771;unknown;control;2023-02-03 22:30:00+00:00;0.237;;
966771;unknown;control;2023-02-03 22:45:00+00:00;0.235;;
966771;unknown;control;2023-02-03 23:00:00+00:00;0.206;;
966771;unknown;control;2023-02-03 23:15:00+00:00;0.218;;
966771;unknown;control;2023-02-03 23:30:00+00:00;0.236;;
966771;unknown;control;2023-02-03 23:45:00+00:00;0.208;;
966771;unknown;control;2023-02-04 00:00:00+00:00;0.239;;
966771;unknown;control;2023-02-04 00:15:00+00:00;0.222;;
966771;unknown;control;2023-02-04 00:30:00+00:00;0.279;;
966771;unknown;control;2023-02-04 00:45:00+00:00;0.231;;
966771;unknown;control;2023-02-04 01:00:00+00:00;0.706;;
966771;unknown;control;2023-02-04 01:15:00+00:00;1.029;;
966771;unknown;control;2023-02-04 01:30:00+00:00;2.118;;
966771;unknown;control;2023-02-04 01:45:00+00:00;2.246;;
966771;unknown;control;2023-02-04 02:00:00+00:00;2.203;;
966771;unknown;control;2023-02-04 02:15:00+00:00;2.148;;
966771;unknown;control;2023-02-04 02:30:00+00:00;2.266;;
966771;unknown;control;2023-02-04 02:45:00+00:00;2.012;;
966771;unknown;control;2023-02-04 03:00:00+00:00;1.433;;
966771;unknown;control;2023-02-04 03:15:00+00:00;0.425;;
966771;unknown;control;2023-02-04 03:30:00+00:00;0.935;;
966771;unknown;control;2023-02-04 03:45:00+00:00;1.083;;
966771;unknown;control;2023-02-04 04:00:00+00:00;0.673;;
966771;unknown;control;2023-02-04 04:15:00+00:00;0.247;;
966771;unknown;control;2023-02-04 04:30:00+00:00;0.22;;
966771;unknown;control;2023-02-04 04:45:00+00:00;0.206;;
966771;unknown;control;2023-02-04 05:00:00+00:00;0.247;;
966771;unknown;control;2023-02-04 05:15:00+00:00;0.216;;
966771;unknown;control;2023-02-04 05:30:00+00:00;0.207;;
966771;unknown;control;2023-02-04 05:45:00+00:00;0.237;;
966771;unknown;control;2023-02-04 06:00:00+00:00;0.257;;
966771;unknown;control;2023-02-04 06:15:00+00:00;0.224;;
966771;unknown;control;2023-02-04 06:30:00+00:00;0.509;;
966771;unknown;control;2023-02-04 06:45:00+00:00;0.433;;
966771;unknown;control;2023-02-04 07:00:00+00:00;0.286;;
966771;unknown;control;2023-02-04 07:15:00+00:00;0.254;;
966771;unknown;control;2023-02-04 07:30:00+00:00;0.274;;
966771;unknown;control;2023-02-04 07:45:00+00:00;0.814;;
966771;unknown;control;2023-02-04 08:00:00+00:00;0.643;;
966771;unknown;control;2023-02-04 08:15:00+00:00;0.273;;
966771;unknown;control;2023-02-04 08:30:00+00:00;0.214;;
966771;unknown;control;2023-02-04 08:45:00+00:00;0.225;;
966771;unknown;control;2023-02-04 09:00:00+00:00;0.211;;
966771;unknown;control;2023-02-04 09:15:00+00:00;0.259;;
966771;unknown;control;2023-02-04 09:30:00+00:00;0.33;;
966771;unknown;control;2023-02-04 09:45:00+00:00;0.328;;
966771;unknown;control;2023-02-04 10:00:00+00:00;0.141;;
966771;unknown;control;2023-02-04 10:15:00+00:00;0.105;;
966771;unknown;control;2023-02-04 10:30:00+00:00;0.171;;
966771;unknown;control;2023-02-04 10:45:00+00:00;0.587;;
966771;unknown;control;2023-02-04 11:00:00+00:00;0.827;;
966771;unknown;control;2023-02-04 11:15:00+00:00;1.07;;
966771;unknown;control;2023-02-04 11:30:00+00:00;0.381;;
966771;unknown;control;2023-02-04 11:45:00+00:00;1.037;;
966771;unknown;control;2023-02-04 12:00:00+00:00;1.069;;
966771;unknown;control;2023-02-04 12:15:00+00:00;1.09;;
966771;unknown;control;2023-02-04 12:30:00+00:00;0.559;;
966771;unknown;control;2023-02-04 12:45:00+00:00;0.153;;
966771;unknown;control;2023-02-04 13:00:00+00:00;0.385;;
966771;unknown;control;2023-02-04 13:15:00+00:00;0.841;;
966771;unknown;control;2023-02-04 13:30:00+00:00;1.294;;
966771;unknown;control;2023-02-04 13:45:00+00:00;0.734;;
966771;unknown;control;2023-02-04 14:00:00+00:00;0.457;;
966771;unknown;control;2023-02-04 14:15:00+00:00;0.323;;
966771;unknown;control;2023-02-04 14:30:00+00:00;0.352;;
966771;unknown;control;2023-02-04 14:45:00+00:00;1.012;;
966771;unknown;control;2023-02-04 15:00:00+00:00;0.587;;
966771;unknown;control;2023-02-04 15:15:00+00:00;0.176;;
966771;unknown;control;2023-02-04 15:30:00+00:00;0.222;;
966771;unknown;control;2023-02-04 15:45:00+00:00;0.211;;
966771;unknown;control;2023-02-04 16:00:00+00:00;0.188;;
966771;unknown;control;2023-02-04 16:15:00+00:00;0.25;;
966771;unknown;control;2023-02-04 16:30:00+00:00;0.242;;
966771;unknown;control;2023-02-04 16:45:00+00:00;0.365;;
966771;unknown;control;2023-02-04 17:00:00+00:00;0.509;;
966771;unknown;control;2023-02-04 17:15:00+00:00;0.572;;
966771;unknown;control;2023-02-04 17:30:00+00:00;0.607;;
966771;unknown;control;2023-02-04 17:45:00+00:00;0.306;;
966771;unknown;control;2023-02-04 18:00:00+00:00;0.324;;
966771;unknown;control;2023-02-04 18:15:00+00:00;0.348;;
966771;unknown;control;2023-02-04 18:30:00+00:00;0.82;;
966771;unknown;control;2023-02-04 18:45:00+00:00;1.32;;
966771;unknown;control;2023-02-04 19:00:00+00:00;1.508;;
966771;unknown;control;2023-02-04 19:15:00+00:00;1.226;;
966771;unknown;control;2023-02-04 19:30:00+00:00;1.225;;
966771;unknown;control;2023-02-04 19:45:00+00:00;1.203;;
966771;unknown;control;2023-02-04 20:00:00+00:00;1.564;;
966771;unknown;control;2023-02-04 20:15:00+00:00;1.3;;
966771;unknown;control;2023-02-04 20:30:00+00:00;1.243;;
966771;unknown;control;2023-02-04 20:45:00+00:00;0.953;;
966771;unknown;control;2023-02-04 21:00:00+00:00;1.239;;
966771;unknown;control;2023-02-04 21:15:00+00:00;1.184;;
966771;unknown;control;2023-02-04 21:30:00+00:00;0.619;;
966771;unknown;control;2023-02-04 21:45:00+00:00;0.32;;
966771;unknown;control;2023-02-04 22:00:00+00:00;0.299;;
966771;unknown;control;2023-02-04 22:15:00+00:00;0.276;;
966771;unknown;control;2023-02-04 22:30:00+00:00;0.293;;
966771;unknown;control;2023-02-04 22:45:00+00:00;0.301;;
966771;unknown;control;2023-02-04 23:00:00+00:00;0.309;;
966771;unknown;control;2023-02-04 23:15:00+00:00;0.278;;
966771;unknown;control;2023-02-04 23:30:00+00:00;0.258;;
966771;unknown;control;2023-02-04 23:45:00+00:00;0.275;;
966771;unknown;control;2023-02-05 00:00:00+00:00;0.309;;
966771;unknown;control;2023-02-05 00:15:00+00:00;0.302;;
966771;unknown;control;2023-02-05 00:30:00+00:00;0.273;;
966771;unknown;control;2023-02-05 00:45:00+00:00;0.293;;
966771;unknown;control;2023-02-05 01:00:00+00:00;0.656;;
966771;unknown;control;2023-02-05 01:15:00+00:00;1.066;;
966771;unknown;control;2023-02-05 01:30:00+00:00;2.261;;
966771;unknown;control;2023-02-05 01:45:00+00:00;2.068;;
966771;unknown;control;2023-02-05 02:00:00+00:00;2.291;;
966771;unknown;control;2023-02-05 02:15:00+00:00;2.305;;
966771;unknown;control;2023-02-05 02:30:00+00:00;2.319;;
966771;unknown;control;2023-02-05 02:45:00+00:00;2.027;;
966771;unknown;control;2023-02-05 03:00:00+00:00;2.32;;
966771;unknown;control;2023-02-05 03:15:00+00:00;2.338;;
966771;unknown;control;2023-02-05 03:30:00+00:00;2.337;;
966771;unknown;control;2023-02-05 03:45:00+00:00;2.336;;
966771;unknown;control;2023-02-05 04:00:00+00:00;2.047;;
966771;unknown;control;2023-02-05 04:15:00+00:00;1.652;;
966771;unknown;control;2023-02-05 04:30:00+00:00;0.384;;
966771;unknown;control;2023-02-05 04:45:00+00:00;0.39;;
966771;unknown;control;2023-02-05 05:00:00+00:00;0.387;;
966771;unknown;control;2023-02-05 05:15:00+00:00;0.38;;
966771;unknown;control;2023-02-05 05:30:00+00:00;0.382;;
966771;unknown;control;2023-02-05 05:45:00+00:00;0.365;;
966771;unknown;control;2023-02-05 06:00:00+00:00;0.379;;
966771;unknown;control;2023-02-05 06:15:00+00:00;0.388;;
966771;unknown;control;2023-02-05 06:30:00+00:00;0.399;;
966771;unknown;control;2023-02-05 06:45:00+00:00;0.399;;
966771;unknown;control;2023-02-05 07:00:00+00:00;0.37;;
966771;unknown;control;2023-02-05 07:15:00+00:00;0.336;;
966771;unknown;control;2023-02-05 07:30:00+00:00;0.304;;
966771;unknown;control;2023-02-05 07:45:00+00:00;0.671;;
966771;unknown;control;2023-02-05 08:00:00+00:00;0.509;;
966771;unknown;control;2023-02-05 08:15:00+00:00;1.301;;
966771;unknown;control;2023-02-05 08:30:00+00:00;1.372;;
966771;unknown;control;2023-02-05 08:45:00+00:00;0.781;;
966771;unknown;control;2023-02-05 09:00:00+00:00;0.151;;
966771;unknown;control;2023-02-05 09:15:00+00:00;0.421;;
966771;unknown;control;2023-02-05 09:30:00+00:00;0.477;;
966771;unknown;control;2023-02-05 09:45:00+00:00;0.201;;
966771;unknown;control;2023-02-05 10:00:00+00:00;0.217;;
966771;unknown;control;2023-02-05 10:15:00+00:00;0.204;;
966771;unknown;control;2023-02-05 10:30:00+00:00;0.208;;
966771;unknown;control;2023-02-05 10:45:00+00:00;0.261;;
966771;unknown;control;2023-02-05 11:00:00+00:00;0.2;;
966771;unknown;control;2023-02-05 11:15:00+00:00;0.216;;
966771;unknown;control;2023-02-05 11:30:00+00:00;0.206;;
966771;unknown;control;2023-02-05 11:45:00+00:00;0.532;;
966771;unknown;control;2023-02-05 12:00:00+00:00;1.011;;
966771;unknown;control;2023-02-05 12:15:00+00:00;0.977;;
966771;unknown;control;2023-02-05 12:30:00+00:00;0.954;;
966771;unknown;control;2023-02-05 12:45:00+00:00;1.054;;
966771;unknown;control;2023-02-05 13:00:00+00:00;0.968;;
966771;unknown;control;2023-02-05 13:15:00+00:00;1.074;;
966771;unknown;control;2023-02-05 13:30:00+00:00;1.116;;
966771;unknown;control;2023-02-05 13:45:00+00:00;0.883;;
966771;unknown;control;2023-02-05 14:00:00+00:00;1.072;;
966771;unknown;control;2023-02-05 14:15:00+00:00;0.994;;
966771;unknown;control;2023-02-05 14:30:00+00:00;1.026;;
966771;unknown;control;2023-02-05 14:45:00+00:00;1.08;;
966771;unknown;control;2023-02-05 15:00:00+00:00;0.961;;
966771;unknown;control;2023-02-05 15:15:00+00:00;1.107;;
966771;unknown;control;2023-02-05 15:30:00+00:00;0.63;;
966771;unknown;control;2023-02-05 15:45:00+00:00;0.368;;
966771;unknown;control;2023-02-05 16:00:00+00:00;0.257;;
966771;unknown;control;2023-02-05 16:15:00+00:00;0.315;;
966771;unknown;control;2023-02-05 16:30:00+00:00;0.32;;
966771;unknown;control;2023-02-05 16:45:00+00:00;0.581;;
966771;unknown;control;2023-02-05 17:00:00+00:00;0.693;;
966771;unknown;control;2023-02-05 17:15:00+00:00;0.516;;
966771;unknown;control;2023-02-05 17:30:00+00:00;0.517;;
966771;unknown;control;2023-02-05 17:45:00+00:00;0.768;;
966771;unknown;control;2023-02-05 18:00:00+00:00;0.535;;
966771;unknown;control;2023-02-05 18:15:00+00:00;0.383;;
966771;unknown;control;2023-02-05 18:30:00+00:00;0.419;;
966771;unknown;control;2023-02-05 18:45:00+00:00;0.88;;
966771;unknown;control;2023-02-05 19:00:00+00:00;1.233;;
966771;unknown;control;2023-02-05 19:15:00+00:00;1.106;;
966771;unknown;control;2023-02-05 19:30:00+00:00;1.21;;
966771;unknown;control;2023-02-05 19:45:00+00:00;1.257;;
966771;unknown;control;2023-02-05 20:00:00+00:00;1.04;;
966771;unknown;control;2023-02-05 20:15:00+00:00;1.685;;
966771;unknown;control;2023-02-05 20:30:00+00:00;1.304;;
966771;unknown;control;2023-02-05 20:45:00+00:00;0.943;;
966771;unknown;control;2023-02-05 21:00:00+00:00;1.191;;
966771;unknown;control;2023-02-05 21:15:00+00:00;1.521;;
966771;unknown;control;2023-02-05 21:30:00+00:00;0.606;;
966771;unknown;control;2023-02-05 21:45:00+00:00;0.255;;
966771;unknown;control;2023-02-05 22:00:00+00:00;0.299;;
966771;unknown;control;2023-02-05 22:15:00+00:00;0.299;;
966771;unknown;control;2023-02-05 22:30:00+00:00;0.244;;
966771;unknown;control;2023-02-05 22:45:00+00:00;0.304;;
966771;unknown;control;2023-02-05 23:00:00+00:00;0.282;;
966771;unknown;control;2023-02-05 23:15:00+00:00;0.243;;
966771;unknown;control;2023-02-05 23:30:00+00:00;0.295;;
966771;unknown;control;2023-02-05 23:45:00+00:00;0.286;;
966771;unknown;control;2023-02-06 00:00:00+00:00;0.251;;
966771;unknown;control;2023-02-06 00:15:00+00:00;0.306;;
966771;unknown;control;2023-02-06 00:30:00+00:00;0.301;;
966771;unknown;control;2023-02-06 00:45:00+00:00;0.661;;
966771;unknown;control;2023-02-06 01:00:00+00:00;1.051;;
966771;unknown;control;2023-02-06 01:15:00+00:00;1.025;;
966771;unknown;control;2023-02-06 01:30:00+00:00;2.122;;
966771;unknown;control;2023-02-06 01:45:00+00:00;2.237;;
966771;unknown;control;2023-02-06 02:00:00+00:00;2.05;;
966771;unknown;control;2023-02-06 02:15:00+00:00;2.275;;
966771;unknown;control;2023-02-06 02:30:00+00:00;2.288;;
966771;unknown;control;2023-02-06 02:45:00+00:00;2.083;;
966771;unknown;control;2023-02-06 03:00:00+00:00;2.291;;
966771;unknown;control;2023-02-06 03:15:00+00:00;2.221;;
966771;unknown;control;2023-02-06 03:30:00+00:00;2.194;;
966771;unknown;control;2023-02-06 03:45:00+00:00;2.342;;
966771;unknown;control;2023-02-06 04:00:00+00:00;2.167;;
966771;unknown;control;2023-02-06 04:15:00+00:00;1.754;;
966771;unknown;control;2023-02-06 04:30:00+00:00;1.519;;
966771;unknown;control;2023-02-06 04:45:00+00:00;1.488;;
966771;unknown;control;2023-02-06 05:00:00+00:00;1.459;;
966771;unknown;control;2023-02-06 05:15:00+00:00;1.481;;
966771;unknown;control;2023-02-06 05:30:00+00:00;1.472;;
966771;unknown;control;2023-02-06 05:45:00+00:00;0.884;;
966771;unknown;control;2023-02-06 06:00:00+00:00;0.32;;
966771;unknown;control;2023-02-06 06:15:00+00:00;0.349;;
966771;unknown;control;2023-02-06 06:30:00+00:00;0.654;;
966771;unknown;control;2023-02-06 06:45:00+00:00;0.368;;
966771;unknown;control;2023-02-06 07:00:00+00:00;0.367;;
966771;unknown;control;2023-02-06 07:15:00+00:00;0.357;;
966771;unknown;control;2023-02-06 07:30:00+00:00;0.815;;
966771;unknown;control;2023-02-06 07:45:00+00:00;0.334;;
966771;unknown;control;2023-02-06 08:00:00+00:00;0.358;;
966771;unknown;control;2023-02-06 08:15:00+00:00;0.551;;
966771;unknown;control;2023-02-06 08:30:00+00:00;0.485;;
966771;unknown;control;2023-02-06 08:45:00+00:00;1.043;;
966771;unknown;control;2023-02-06 09:00:00+00:00;0.616;;
966771;unknown;control;2023-02-06 09:15:00+00:00;0.727;;
966771;unknown;control;2023-02-06 09:30:00+00:00;1.065;;
966771;unknown;control;2023-02-06 09:45:00+00:00;1.01;;
966771;unknown;control;2023-02-06 10:00:00+00:00;0.889;;
966771;unknown;control;2023-02-06 10:15:00+00:00;0.444;;
966771;unknown;control;2023-02-06 10:30:00+00:00;0.334;;
966771;unknown;control;2023-02-06 10:45:00+00:00;0.41;;
966771;unknown;control;2023-02-06 11:00:00+00:00;0.152;;
966771;unknown;control;2023-02-06 11:15:00+00:00;0.133;;
966771;unknown;control;2023-02-06 11:30:00+00:00;0.116;;
966771;unknown;control;2023-02-06 11:45:00+00:00;0.534;;
966771;unknown;control;2023-02-06 12:00:00+00:00;1.0;;
966771;unknown;control;2023-02-06 12:15:00+00:00;0.949;;
966771;unknown;control;2023-02-06 12:30:00+00:00;1.176;;
966771;unknown;control;2023-02-06 12:45:00+00:00;1.109;;
966771;unknown;control;2023-02-06 13:00:00+00:00;1.044;;
966771;unknown;control;2023-02-06 13:15:00+00:00;1.03;;
966771;unknown;control;2023-02-06 13:30:00+00:00;1.094;;
966771;unknown;control;2023-02-06 13:45:00+00:00;1.202;;
966771;unknown;control;2023-02-06 14:00:00+00:00;1.174;;
966771;unknown;control;2023-02-06 14:15:00+00:00;0.941;;
966771;unknown;control;2023-02-06 14:30:00+00:00;0.998;;
966771;unknown;control;2023-02-06 14:45:00+00:00;0.969;;
966771;unknown;control;2023-02-06 15:00:00+00:00;0.515;;
966771;unknown;control;2023-02-06 15:15:00+00:00;0.267;;
966771;unknown;control;2023-02-06 15:30:00+00:00;0.284;;
966771;unknown;control;2023-02-06 15:45:00+00:00;0.33;;
966771;unknown;control;2023-02-06 16:00:00+00:00;0.331;;
966771;unknown;control;2023-02-06 16:15:00+00:00;0.648;;
966771;unknown;control;2023-02-06 16:30:00+00:00;0.408;;
966771;unknown;control;2023-02-06 16:45:00+00:00;0.422;;
966771;unknown;control;2023-02-06 17:00:00+00:00;0.447;;
966771;unknown;control;2023-02-06 17:15:00+00:00;0.457;;
966771;unknown;control;2023-02-06 17:30:00+00:00;0.462;;
966771;unknown;control;2023-02-06 17:45:00+00:00;0.429;;
966771;unknown;control;2023-02-06 18:00:00+00:00;0.421;;
966771;unknown;control;2023-02-06 18:15:00+00:00;0.443;;
966771;unknown;control;2023-02-06 18:30:00+00:00;0.876;;
966771;unknown;control;2023-02-06 18:45:00+00:00;1.254;;
966771;unknown;control;2023-02-06 19:00:00+00:00;1.258;;
966771;unknown;control;2023-02-06 19:15:00+00:00;1.265;;
966771;unknown;control;2023-02-06 19:30:00+00:00;1.156;;
966771;unknown;control;2023-02-06 19:45:00+00:00;1.245;;
966771;unknown;control;2023-02-06 20:00:00+00:00;1.258;;
966771;unknown;control;2023-02-06 20:15:00+00:00;1.272;;
966771;unknown;control;2023-02-06 20:30:00+00:00;1.318;;
966771;unknown;control;2023-02-06 20:45:00+00:00;1.098;;
966771;unknown;control;2023-02-06 21:00:00+00:00;1.211;;
966771;unknown;control;2023-02-06 21:15:00+00:00;1.216;;
966771;unknown;control;2023-02-06 21:30:00+00:00;0.676;;
966771;unknown;control;2023-02-06 21:45:00+00:00;0.369;;
966771;unknown;control;2023-02-06 22:00:00+00:00;0.414;;
966771;unknown;control;2023-02-06 22:15:00+00:00;0.406;;
966771;unknown;control;2023-02-06 22:30:00+00:00;0.401;;
966771;unknown;control;2023-02-06 22:45:00+00:00;0.445;;
966771;unknown;control;2023-02-06 23:00:00+00:00;0.409;;
966771;unknown;control;2023-02-06 23:15:00+00:00;0.447;;
966771;unknown;control;2023-02-06 23:30:00+00:00;0.438;;
966771;unknown;control;2023-02-06 23:45:00+00:00;0.443;;
966771;unknown;control;2023-02-07 00:00:00+00:00;0.453;;
966771;unknown;control;2023-02-07 00:15:00+00:00;0.45;;
966771;unknown;control;2023-02-07 00:30:00+00:00;0.406;;
966771;unknown;control;2023-02-07 00:45:00+00:00;0.451;;
966771;unknown;control;2023-02-07 01:00:00+00:00;0.759;;
966771;unknown;control;2023-02-07 01:15:00+00:00;1.245;;
966771;unknown;control;2023-02-07 01:30:00+00:00;2.345;;
966771;unknown;control;2023-02-07 01:45:00+00:00;2.371;;
966771;unknown;control;2023-02-07 02:00:00+00:00;2.403;;
966771;unknown;control;2023-02-07 02:15:00+00:00;2.401;;
966771;unknown;control;2023-02-07 02:30:00+00:00;2.384;;
966771;unknown;control;2023-02-07 02:45:00+00:00;2.221;;
966771;unknown;control;2023-02-07 03:00:00+00:00;2.412;;
966771;unknown;control;2023-02-07 03:15:00+00:00;1.928;;
966771;unknown;control;2023-02-07 03:30:00+00:00;1.205;;
966771;unknown;control;2023-02-07 03:45:00+00:00;1.234;;
966771;unknown;control;2023-02-07 04:00:00+00:00;1.18;;
966771;unknown;control;2023-02-07 04:15:00+00:00;0.724;;
966771;unknown;control;2023-02-07 04:30:00+00:00;0.385;;
966771;unknown;control;2023-02-07 04:45:00+00:00;0.447;;
966771;unknown;control;2023-02-07 05:00:00+00:00;0.44;;
966771;unknown;control;2023-02-07 05:15:00+00:00;0.403;;
966771;unknown;control;2023-02-07 05:30:00+00:00;1.08;;
966771;unknown;control;2023-02-07 05:45:00+00:00;1.608;;
966771;unknown;control;2023-02-07 06:00:00+00:00;0.451;;
966771;unknown;control;2023-02-07 06:15:00+00:00;0.448;;
966771;unknown;control;2023-02-07 06:30:00+00:00;0.457;;
966771;unknown;control;2023-02-07 06:45:00+00:00;0.635;;
966771;unknown;control;2023-02-07 07:00:00+00:00;0.602;;
966771;unknown;control;2023-02-07 07:15:00+00:00;0.456;;
966771;unknown;control;2023-02-07 07:30:00+00:00;0.353;;
966771;unknown;control;2023-02-07 07:45:00+00:00;0.394;;
966771;unknown;control;2023-02-07 08:00:00+00:00;1.012;;
966771;unknown;control;2023-02-07 08:15:00+00:00;0.991;;
966771;unknown;control;2023-02-07 08:30:00+00:00;0.988;;
966771;unknown;control;2023-02-07 08:45:00+00:00;0.884;;
966771;unknown;control;2023-02-07 09:00:00+00:00;0.902;;
966771;unknown;control;2023-02-07 09:15:00+00:00;0.905;;
966771;unknown;control;2023-02-07 09:30:00+00:00;0.706;;
966771;unknown;control;2023-02-07 09:45:00+00:00;0.904;;
966771;unknown;control;2023-02-07 10:00:00+00:00;0.921;;
966771;unknown;control;2023-02-07 10:15:00+00:00;0.923;;
966771;unknown;control;2023-02-07 10:30:00+00:00;0.934;;
966771;unknown;control;2023-02-07 10:45:00+00:00;0.201;;
966771;unknown;control;2023-02-07 11:00:00+00:00;0.13;;
966771;unknown;control;2023-02-07 11:15:00+00:00;0.122;;
966771;unknown;control;2023-02-07 11:30:00+00:00;0.175;;
966771;unknown;control;2023-02-07 11:45:00+00:00;0.72;;
966771;unknown;control;2023-02-07 12:00:00+00:00;1.001;;
966771;unknown;control;2023-02-07 12:15:00+00:00;1.061;;
966771;unknown;control;2023-02-07 12:30:00+00:00;1.077;;
966771;unknown;control;2023-02-07 12:45:00+00:00;0.876;;
966771;unknown;control;2023-02-07 13:00:00+00:00;1.105;;
966771;unknown;control;2023-02-07 13:15:00+00:00;1.193;;
966771;unknown;control;2023-02-07 13:30:00+00:00;1.218;;
966771;unknown;control;2023-02-07 13:45:00+00:00;1.105;;
966771;unknown;control;2023-02-07 14:00:00+00:00;1.138;;
966771;unknown;control;2023-02-07 14:15:00+00:00;1.093;;
966771;unknown;control;2023-02-07 14:30:00+00:00;1.041;;
966771;unknown;control;2023-02-07 14:45:00+00:00;1.478;;
966771;unknown;control;2023-02-07 15:00:00+00:00;0.737;;
966771;unknown;control;2023-02-07 15:15:00+00:00;0.332;;
966771;unknown;control;2023-02-07 15:30:00+00:00;0.506;;
966771;unknown;control;2023-02-07 15:45:00+00:00;0.579;;
966771;unknown;control;2023-02-07 16:00:00+00:00;0.381;;
966771;unknown;control;2023-02-07 16:15:00+00:00;0.392;;
966771;unknown;control;2023-02-07 16:30:00+00:00;0.422;;
966771;unknown;control;2023-02-07 16:45:00+00:00;0.455;;
966771;unknown;control;2023-02-07 17:00:00+00:00;0.449;;
966771;unknown;control;2023-02-07 17:15:00+00:00;0.468;;
966771;unknown;control;2023-02-07 17:30:00+00:00;0.522;;
966771;unknown;control;2023-02-07 17:45:00+00:00;0.526;;
966771;unknown;control;2023-02-07 18:00:00+00:00;0.487;;
966771;unknown;control;2023-02-07 18:15:00+00:00;0.533;;
966771;unknown;control;2023-02-07 18:30:00+00:00;0.969;;
966771;unknown;control;2023-02-07 18:45:00+00:00;1.634;;
966771;unknown;control;2023-02-07 19:00:00+00:00;1.531;;
966771;unknown;control;2023-02-07 19:15:00+00:00;1.334;;
966771;unknown;control;2023-02-07 19:30:00+00:00;1.32;;
966771;unknown;control;2023-02-07 19:45:00+00:00;1.794;;
966771;unknown;control;2023-02-07 20:00:00+00:00;1.284;;
966771;unknown;control;2023-02-07 20:15:00+00:00;1.26;;
966771;unknown;control;2023-02-07 20:30:00+00:00;1.345;;
966771;unknown;control;2023-02-07 20:45:00+00:00;1.347;;
966771;unknown;control;2023-02-07 21:00:00+00:00;1.259;;
966771;unknown;control;2023-02-07 21:15:00+00:00;1.273;;
966771;unknown;control;2023-02-07 21:30:00+00:00;0.742;;
966771;unknown;control;2023-02-07 21:45:00+00:00;0.453;;
966771;unknown;control;2023-02-07 22:00:00+00:00;0.433;;
966771;unknown;control;2023-02-07 22:15:00+00:00;0.457;;
966771;unknown;control;2023-02-07 22:30:00+00:00;0.465;;
966771;unknown;control;2023-02-07 22:45:00+00:00;0.421;;
966771;unknown;control;2023-02-07 23:00:00+00:00;0.435;;
966771;unknown;control;2023-02-07 23:15:00+00:00;0.44;;
966771;unknown;control;2023-02-07 23:30:00+00:00;0.442;;
966771;unknown;control;2023-02-07 23:45:00+00:00;0.444;;
966771;unknown;control;2023-02-08 00:00:00+00:00;0.46;;
966771;unknown;control;2023-02-08 00:15:00+00:00;0.499;;
966771;unknown;control;2023-02-08 00:30:00+00:00;0.454;;
966771;unknown;control;2023-02-08 00:45:00+00:00;0.456;;
966771;unknown;control;2023-02-08 01:00:00+00:00;0.714;;
966771;unknown;control;2023-02-08 01:15:00+00:00;1.221;;
966771;unknown;control;2023-02-08 01:30:00+00:00;2.376;;
966771;unknown;control;2023-02-08 01:45:00+00:00;2.37;;
966771;unknown;control;2023-02-08 02:00:00+00:00;2.432;;
966771;unknown;control;2023-02-08 02:15:00+00:00;2.431;;
966771;unknown;control;2023-02-08 02:30:00+00:00;2.418;;
966771;unknown;control;2023-02-08 02:45:00+00:00;2.192;;
966771;unknown;control;2023-02-08 03:00:00+00:00;1.243;;
966771;unknown;control;2023-02-08 03:15:00+00:00;1.026;;
966771;unknown;control;2023-02-08 03:30:00+00:00;1.174;;
966771;unknown;control;2023-02-08 03:45:00+00:00;1.239;;
966771;unknown;control;2023-02-08 04:00:00+00:00;1.181;;
966771;unknown;control;2023-02-08 04:15:00+00:00;0.696;;
966771;unknown;control;2023-02-08 04:30:00+00:00;0.444;;
966771;unknown;control;2023-02-08 04:45:00+00:00;0.437;;
966771;unknown;control;2023-02-08 05:00:00+00:00;0.445;;
966771;unknown;control;2023-02-08 05:15:00+00:00;0.441;;
966771;unknown;control;2023-02-08 05:30:00+00:00;0.704;;
966771;unknown;control;2023-02-08 05:45:00+00:00;1.634;;
966771;unknown;control;2023-02-08 06:00:00+00:00;0.455;;
966771;unknown;control;2023-02-08 06:15:00+00:00;0.46;;
966771;unknown;control;2023-02-08 06:30:00+00:00;0.462;;
966771;unknown;control;2023-02-08 06:45:00+00:00;0.468;;
966771;unknown;control;2023-02-08 07:00:00+00:00;0.462;;
966771;unknown;control;2023-02-08 07:15:00+00:00;0.473;;
966771;unknown;control;2023-02-08 07:30:00+00:00;0.418;;
966771;unknown;control;2023-02-08 07:45:00+00:00;0.524;;
966771;unknown;control;2023-02-08 08:00:00+00:00;1.145;;
966771;unknown;control;2023-02-08 08:15:00+00:00;1.15;;
966771;unknown;control;2023-02-08 08:30:00+00:00;1.182;;
966771;unknown;control;2023-02-08 08:45:00+00:00;0.984;;
966771;unknown;control;2023-02-08 09:00:00+00:00;0.955;;
966771;unknown;control;2023-02-08 09:15:00+00:00;0.903;;
966771;unknown;control;2023-02-08 09:30:00+00:00;0.916;;
966771;unknown;control;2023-02-08 09:45:00+00:00;0.902;;
966771;unknown;control;2023-02-08 10:00:00+00:00;0.76;;
966771;unknown;control;2023-02-08 10:15:00+00:00;0.915;;
966771;unknown;control;2023-02-08 10:30:00+00:00;0.993;;
966771;unknown;control;2023-02-08 10:45:00+00:00;1.203;;
966771;unknown;control;2023-02-08 11:00:00+00:00;0.93;;
966771;unknown;control;2023-02-08 11:15:00+00:00;0.915;;
966771;unknown;control;2023-02-08 11:30:00+00:00;0.777;;
966771;unknown;control;2023-02-08 11:45:00+00:00;0.557;;
966771;unknown;control;2023-02-08 12:00:00+00:00;1.249;;
966771;unknown;control;2023-02-08 12:15:00+00:00;1.024;;
966771;unknown;control;2023-02-08 12:30:00+00:00;1.051;;
966771;unknown;control;2023-02-08 12:45:00+00:00;1.093;;
966771;unknown;control;2023-02-08 13:00:00+00:00;1.048;;
966771;unknown;control;2023-02-08 13:15:00+00:00;1.127;;
966771;unknown;control;2023-02-08 13:30:00+00:00;1.109;;
966771;unknown;control;2023-02-08 13:45:00+00:00;1.371;;
966771;unknown;control;2023-02-08 14:00:00+00:00;1.414;;
966771;unknown;control;2023-02-08 14:15:00+00:00;1.216;;
966771;unknown;control;2023-02-08 14:30:00+00:00;1.142;;
966771;unknown;control;2023-02-08 14:45:00+00:00;1.041;;
966771;unknown;control;2023-02-08 15:00:00+00:00;0.66;;
966771;unknown;control;2023-02-08 15:15:00+00:00;0.354;;
966771;unknown;control;2023-02-08 15:30:00+00:00;0.34;;
966771;unknown;control;2023-02-08 15:45:00+00:00;0.356;;
966771;unknown;control;2023-02-08 16:00:00+00:00;0.706;;
966771;unknown;control;2023-02-08 16:15:00+00:00;0.665;;
966771;unknown;control;2023-02-08 16:30:00+00:00;0.541;;
966771;unknown;control;2023-02-08 16:45:00+00:00;0.511;;
966771;unknown;control;2023-02-08 17:00:00+00:00;0.467;;
966771;unknown;control;2023-02-08 17:15:00+00:00;0.467;;
966771;unknown;control;2023-02-08 17:30:00+00:00;0.429;;
966771;unknown;control;2023-02-08 17:45:00+00:00;0.476;;
966771;unknown;control;2023-02-08 18:00:00+00:00;0.424;;
966771;unknown;control;2023-02-08 18:15:00+00:00;0.465;;
966771;unknown;control;2023-02-08 18:30:00+00:00;0.847;;
966771;unknown;control;2023-02-08 18:45:00+00:00;1.237;;
966771;unknown;control;2023-02-08 19:00:00+00:00;1.194;;
966771;unknown;control;2023-02-08 19:15:00+00:00;1.27;;
966771;unknown;control;2023-02-08 19:30:00+00:00;1.315;;
966771;unknown;control;2023-02-08 19:45:00+00:00;1.238;;
966771;unknown;control;2023-02-08 20:00:00+00:00;1.252;;
966771;unknown;control;2023-02-08 20:15:00+00:00;1.295;;
966771;unknown;control;2023-02-08 20:30:00+00:00;1.254;;
966771;unknown;control;2023-02-08 20:45:00+00:00;1.03;;
966771;unknown;control;2023-02-08 21:00:00+00:00;1.25;;
966771;unknown;control;2023-02-08 21:15:00+00:00;1.229;;
966771;unknown;control;2023-02-08 21:30:00+00:00;0.727;;
966771;unknown;control;2023-02-08 21:45:00+00:00;0.455;;
966771;unknown;control;2023-02-08 22:00:00+00:00;0.448;;
966771;unknown;control;2023-02-08 22:15:00+00:00;0.463;;
966771;unknown;control;2023-02-08 22:30:00+00:00;0.463;;
966771;unknown;control;2023-02-08 22:45:00+00:00;0.445;;
966771;unknown;control;2023-02-08 23:00:00+00:00;0.454;;
966771;unknown;control;2023-02-08 23:15:00+00:00;0.436;;
966771;unknown;control;2023-02-08 23:30:00+00:00;0.467;;
966771;unknown;control;2023-02-08 23:45:00+00:00;0.448;;
966771;unknown;control;2023-02-09 00:00:00+00:00;0.454;;
966771;unknown;control;2023-02-09 00:15:00+00:00;0.479;;
966771;unknown;control;2023-02-09 00:30:00+00:00;0.504;;
966771;unknown;control;2023-02-09 00:45:00+00:00;1.112;;
966771;unknown;control;2023-02-09 01:00:00+00:00;1.193;;
966771;unknown;control;2023-02-09 01:15:00+00:00;1.232;;
966771;unknown;control;2023-02-09 01:30:00+00:00;2.329;;
966771;unknown;control;2023-02-09 01:45:00+00:00;2.366;;
966771;unknown;control;2023-02-09 02:00:00+00:00;2.381;;
966771;unknown;control;2023-02-09 02:15:00+00:00;2.375;;
966771;unknown;control;2023-02-09 02:30:00+00:00;2.408;;
966771;unknown;control;2023-02-09 02:45:00+00:00;2.361;;
966771;unknown;control;2023-02-09 03:00:00+00:00;2.388;;
966771;unknown;control;2023-02-09 03:15:00+00:00;2.392;;
966771;unknown;control;2023-02-09 03:30:00+00:00;2.098;;
966771;unknown;control;2023-02-09 03:45:00+00:00;1.035;;
966771;unknown;control;2023-02-09 04:00:00+00:00;0.916;;
966771;unknown;control;2023-02-09 04:15:00+00:00;0.746;;
966771;unknown;control;2023-02-09 04:30:00+00:00;0.482;;
966771;unknown;control;2023-02-09 04:45:00+00:00;0.456;;
966771;unknown;control;2023-02-09 05:00:00+00:00;0.485;;
966771;unknown;control;2023-02-09 05:15:00+00:00;0.479;;
966771;unknown;control;2023-02-09 05:30:00+00:00;0.5;;
966771;unknown;control;2023-02-09 05:45:00+00:00;0.483;;
966771;unknown;control;2023-02-09 06:00:00+00:00;0.793;;
966771;unknown;control;2023-02-09 06:15:00+00:00;0.629;;
966771;unknown;control;2023-02-09 06:30:00+00:00;0.515;;
966771;unknown;control;2023-02-09 06:45:00+00:00;0.514;;
966771;unknown;control;2023-02-09 07:00:00+00:00;0.485;;
966771;unknown;control;2023-02-09 07:15:00+00:00;0.803;;
966771;unknown;control;2023-02-09 07:30:00+00:00;1.176;;
966771;unknown;control;2023-02-09 07:45:00+00:00;1.123;;
966771;unknown;control;2023-02-09 08:00:00+00:00;1.122;;
966771;unknown;control;2023-02-09 08:15:00+00:00;1.015;;
966771;unknown;control;2023-02-09 08:30:00+00:00;1.017;;
966771;unknown;control;2023-02-09 08:45:00+00:00;0.906;;
966771;unknown;control;2023-02-09 09:00:00+00:00;0.91;;
966771;unknown;control;2023-02-09 09:15:00+00:00;0.924;;
966771;unknown;control;2023-02-09 09:30:00+00:00;0.793;;
966771;unknown;control;2023-02-09 09:45:00+00:00;0.725;;
966771;unknown;control;2023-02-09 10:00:00+00:00;0.938;;
966771;unknown;control;2023-02-09 10:15:00+00:00;0.942;;
966771;unknown;control;2023-02-09 10:30:00+00:00;0.97;;
966771;unknown;control;2023-02-09 10:45:00+00:00;1.164;;
966771;unknown;control;2023-02-09 11:00:00+00:00;0.789;;
966771;unknown;control;2023-02-09 11:15:00+00:00;0.941;;
966771;unknown;control;2023-02-09 11:30:00+00:00;0.985;;
966771;unknown;control;2023-02-09 11:45:00+00:00;0.458;;
966771;unknown;control;2023-02-09 12:00:00+00:00;0.822;;
966771;unknown;control;2023-02-09 12:15:00+00:00;0.965;;
966771;unknown;control;2023-02-09 12:30:00+00:00;0.989;;
966771;unknown;control;2023-02-09 12:45:00+00:00;0.873;;
966771;unknown;control;2023-02-09 13:00:00+00:00;1.037;;
966771;unknown;control;2023-02-09 13:15:00+00:00;0.991;;
966771;unknown;control;2023-02-09 13:30:00+00:00;1.044;;
966771;unknown;control;2023-02-09 13:45:00+00:00;1.168;;
966771;unknown;control;2023-02-09 14:00:00+00:00;1.092;;
966771;unknown;control;2023-02-09 14:15:00+00:00;1.154;;
966771;unknown;control;2023-02-09 14:30:00+00:00;1.134;;
966771;unknown;control;2023-02-09 14:45:00+00:00;1.167;;
966771;unknown;control;2023-02-09 15:00:00+00:00;0.625;;
966771;unknown;control;2023-02-09 15:15:00+00:00;0.302;;
966771;unknown;control;2023-02-09 15:30:00+00:00;0.278;;
966771;unknown;control;2023-02-09 15:45:00+00:00;0.278;;
966771;unknown;control;2023-02-09 16:00:00+00:00;0.343;;
966771;unknown;control;2023-02-09 16:15:00+00:00;0.622;;
966771;unknown;control;2023-02-09 16:30:00+00:00;0.647;;
966771;unknown;control;2023-02-09 16:45:00+00:00;0.76;;
966771;unknown;control;2023-02-09 17:00:00+00:00;0.516;;
966771;unknown;control;2023-02-09 17:15:00+00:00;0.628;;
966771;unknown;control;2023-02-09 17:30:00+00:00;0.411;;
966771;unknown;control;2023-02-09 17:45:00+00:00;0.46;;
966771;unknown;control;2023-02-09 18:00:00+00:00;0.505;;
966771;unknown;control;2023-02-09 18:15:00+00:00;0.451;;
966771;unknown;control;2023-02-09 18:30:00+00:00;0.886;;
966771;unknown;control;2023-02-09 18:45:00+00:00;1.257;;
966771;unknown;control;2023-02-09 19:00:00+00:00;1.241;;
966771;unknown;control;2023-02-09 19:15:00+00:00;1.241;;
966771;unknown;control;2023-02-09 19:30:00+00:00;1.304;;
966771;unknown;control;2023-02-09 19:45:00+00:00;1.344;;
966771;unknown;control;2023-02-09 20:00:00+00:00;1.27;;
966771;unknown;control;2023-02-09 20:15:00+00:00;1.146;;
966771;unknown;control;2023-02-09 20:30:00+00:00;1.147;;
966771;unknown;control;2023-02-09 20:45:00+00:00;1.315;;
966771;unknown;control;2023-02-09 21:00:00+00:00;1.247;;
966771;unknown;control;2023-02-09 21:15:00+00:00;1.243;;
966771;unknown;control;2023-02-09 21:30:00+00:00;0.695;;
966771;unknown;control;2023-02-09 21:45:00+00:00;0.404;;
966771;unknown;control;2023-02-09 22:00:00+00:00;0.432;;
966771;unknown;control;2023-02-09 22:15:00+00:00;0.396;;
966771;unknown;control;2023-02-09 22:30:00+00:00;0.451;;
966771;unknown;control;2023-02-09 22:45:00+00:00;0.397;;
966771;unknown;control;2023-02-09 23:00:00+00:00;0.44;;
966771;unknown;control;2023-02-09 23:15:00+00:00;0.432;;
966771;unknown;control;2023-02-09 23:30:00+00:00;0.422;;
966771;unknown;control;2023-02-09 23:45:00+00:00;0.405;;
966771;unknown;control;2023-02-10 00:00:00+00:00;0.438;;
966771;unknown;control;2023-02-10 00:15:00+00:00;0.441;;
966771;unknown;control;2023-02-10 00:30:00+00:00;0.452;;
966771;unknown;control;2023-02-10 00:45:00+00:00;0.56;;
966771;unknown;control;2023-02-10 01:00:00+00:00;1.157;;
966771;unknown;control;2023-02-10 01:15:00+00:00;1.207;;
966771;unknown;control;2023-02-10 01:30:00+00:00;2.329;;
966771;unknown;control;2023-02-10 01:45:00+00:00;2.35;;
966771;unknown;control;2023-02-10 02:00:00+00:00;2.341;;
966771;unknown;control;2023-02-10 02:15:00+00:00;2.377;;
966771;unknown;control;2023-02-10 02:30:00+00:00;2.343;;
966771;unknown;control;2023-02-10 02:45:00+00:00;2.371;;
966771;unknown;control;2023-02-10 03:00:00+00:00;2.339;;
966771;unknown;control;2023-02-10 03:15:00+00:00;2.365;;
966771;unknown;control;2023-02-10 03:30:00+00:00;1.153;;
966771;unknown;control;2023-02-10 03:45:00+00:00;0.819;;
966771;unknown;control;2023-02-10 04:00:00+00:00;1.211;;
966771;unknown;control;2023-02-10 04:15:00+00:00;0.726;;
966771;unknown;control;2023-02-10 04:30:00+00:00;0.468;;
966771;unknown;control;2023-02-10 04:45:00+00:00;0.478;;
966771;unknown;control;2023-02-10 05:00:00+00:00;0.447;;
966771;unknown;control;2023-02-10 05:15:00+00:00;0.435;;
966771;unknown;control;2023-02-10 05:30:00+00:00;0.464;;
966771;unknown;control;2023-02-10 05:45:00+00:00;1.55;;
966771;unknown;control;2023-02-10 06:00:00+00:00;0.468;;
966771;unknown;control;2023-02-10 06:15:00+00:00;0.493;;
966771;unknown;control;2023-02-10 06:30:00+00:00;0.451;;
966771;unknown;control;2023-02-10 06:45:00+00:00;0.5;;
966771;unknown;control;2023-02-10 07:00:00+00:00;0.42;;
966771;unknown;control;2023-02-10 07:15:00+00:00;0.842;;
966771;unknown;control;2023-02-10 07:30:00+00:00;1.05;;
966771;unknown;control;2023-02-10 07:45:00+00:00;1.096;;
966771;unknown;control;2023-02-10 08:00:00+00:00;1.02;;
966771;unknown;control;2023-02-10 08:15:00+00:00;0.955;;
966771;unknown;control;2023-02-10 08:30:00+00:00;0.961;;
966771;unknown;control;2023-02-10 08:45:00+00:00;0.884;;
966771;unknown;control;2023-02-10 09:00:00+00:00;0.885;;
966771;unknown;control;2023-02-10 09:15:00+00:00;0.617;;
966771;unknown;control;2023-02-10 09:30:00+00:00;0.866;;
966771;unknown;control;2023-02-10 09:45:00+00:00;0.918;;
966771;unknown;control;2023-02-10 10:00:00+00:00;0.938;;
966771;unknown;control;2023-02-10 10:15:00+00:00;1.05;;
966771;unknown;control;2023-02-10 10:30:00+00:00;0.932;;
966771;unknown;control;2023-02-10 10:45:00+00:00;0.479;;
966771;unknown;control;2023-02-10 11:00:00+00:00;0.126;;
966771;unknown;control;2023-02-10 11:15:00+00:00;0.14;;
966771;unknown;control;2023-02-10 11:30:00+00:00;0.47;;
966771;unknown;control;2023-02-10 11:45:00+00:00;1.017;;
966771;unknown;control;2023-02-10 12:00:00+00:00;0.941;;
966771;unknown;control;2023-02-10 12:15:00+00:00;0.952;;
966771;unknown;control;2023-02-10 12:30:00+00:00;1.231;;
966771;unknown;control;2023-02-10 12:45:00+00:00;0.999;;
966771;unknown;control;2023-02-10 13:00:00+00:00;0.908;;
966771;unknown;control;2023-02-10 13:15:00+00:00;1.023;;
966771;unknown;control;2023-02-10 13:30:00+00:00;1.036;;
966771;unknown;control;2023-02-10 13:45:00+00:00;0.943;;
966771;unknown;control;2023-02-10 14:00:00+00:00;0.212;;
966771;unknown;control;2023-02-10 14:15:00+00:00;0.68;;
966771;unknown;control;2023-02-10 14:30:00+00:00;1.049;;
966771;unknown;control;2023-02-10 14:45:00+00:00;1.03;;
966771;unknown;control;2023-02-10 15:00:00+00:00;0.535;;
966771;unknown;control;2023-02-10 15:15:00+00:00;0.282;;
966771;unknown;control;2023-02-10 15:30:00+00:00;0.271;;
966771;unknown;control;2023-02-10 15:45:00+00:00;0.444;;
966771;unknown;control;2023-02-10 16:00:00+00:00;0.391;;
966771;unknown;control;2023-02-10 16:15:00+00:00;0.392;;
966771;unknown;control;2023-02-10 16:30:00+00:00;0.395;;
966771;unknown;control;2023-02-10 16:45:00+00:00;0.412;;
966771;unknown;control;2023-02-10 17:00:00+00:00;0.411;;
966771;unknown;control;2023-02-10 17:15:00+00:00;0.4;;
966771;unknown;control;2023-02-10 17:30:00+00:00;0.435;;
966771;unknown;control;2023-02-10 17:45:00+00:00;0.759;;
966771;unknown;control;2023-02-10 18:00:00+00:00;0.512;;
966771;unknown;control;2023-02-10 18:15:00+00:00;0.481;;
966771;unknown;control;2023-02-10 18:30:00+00:00;0.899;;
966771;unknown;control;2023-02-10 18:45:00+00:00;1.226;;
966771;unknown;control;2023-02-10 19:00:00+00:00;1.287;;
966771;unknown;control;2023-02-10 19:15:00+00:00;1.262;;
966771;unknown;control;2023-02-10 19:30:00+00:00;1.218;;
966771;unknown;control;2023-02-10 19:45:00+00:00;1.286;;
966771;unknown;control;2023-02-10 20:00:00+00:00;1.24;;
966771;unknown;control;2023-02-10 20:15:00+00:00;1.2;;
966771;unknown;control;2023-02-10 20:30:00+00:00;1.026;;
966771;unknown;control;2023-02-10 20:45:00+00:00;1.206;;
966771;unknown;control;2023-02-10 21:00:00+00:00;1.207;;
966771;unknown;control;2023-02-10 21:15:00+00:00;1.295;;
966771;unknown;control;2023-02-10 21:30:00+00:00;0.752;;
966771;unknown;control;2023-02-10 21:45:00+00:00;0.524;;
966771;unknown;control;2023-02-10 22:00:00+00:00;1.239;;
966771;unknown;control;2023-02-10 22:15:00+00:00;1.317;;
966771;unknown;control;2023-02-10 22:30:00+00:00;1.062;;
966771;unknown;control;2023-02-10 22:45:00+00:00;1.216;;
966771;unknown;control;2023-02-10 23:00:00+00:00;1.261;;
966771;unknown;control;2023-02-10 23:15:00+00:00;1.223;;
966771;unknown;control;2023-02-10 23:30:00+00:00;1.243;;
966771;unknown;control;2023-02-10 23:45:00+00:00;1.239;;
966771;unknown;control;2023-02-11 00:00:00+00:00;1.231;;
966771;unknown;control;2023-02-11 00:15:00+00:00;1.22;;
966771;unknown;control;2023-02-11 00:30:00+00:00;1.195;;
966771;unknown;control;2023-02-11 00:45:00+00:00;1.228;;
966771;unknown;control;2023-02-11 01:00:00+00:00;1.239;;
966771;unknown;control;2023-02-11 01:15:00+00:00;0.791;;
966771;unknown;control;2023-02-11 01:30:00+00:00;2.321;;
966771;unknown;control;2023-02-11 01:45:00+00:00;2.386;;
966771;unknown;control;2023-02-11 02:00:00+00:00;2.38;;
966771;unknown;control;2023-02-11 02:15:00+00:00;2.411;;
966771;unknown;control;2023-02-11 02:30:00+00:00;2.412;;
966771;unknown;control;2023-02-11 02:45:00+00:00;2.413;;
966771;unknown;control;2023-02-11 03:00:00+00:00;2.435;;
966771;unknown;control;2023-02-11 03:15:00+00:00;2.431;;
966771;unknown;control;2023-02-11 03:30:00+00:00;2.42;;
966771;unknown;control;2023-02-11 03:45:00+00:00;2.431;;
966771;unknown;control;2023-02-11 04:00:00+00:00;2.381;;
966771;unknown;control;2023-02-11 04:15:00+00:00;1.681;;
966771;unknown;control;2023-02-11 04:30:00+00:00;0.46;;
966771;unknown;control;2023-02-11 04:45:00+00:00;0.908;;
966771;unknown;control;2023-02-11 05:00:00+00:00;1.233;;
966771;unknown;control;2023-02-11 05:15:00+00:00;1.255;;
966771;unknown;control;2023-02-11 05:30:00+00:00;1.247;;
966771;unknown;control;2023-02-11 05:45:00+00:00;1.227;;
966771;unknown;control;2023-02-11 06:00:00+00:00;1.251;;
966771;unknown;control;2023-02-11 06:15:00+00:00;1.288;;
966771;unknown;control;2023-02-11 06:30:00+00:00;1.242;;
966771;unknown;control;2023-02-11 06:45:00+00:00;1.254;;
966771;unknown;control;2023-02-11 07:00:00+00:00;1.21;;
966771;unknown;control;2023-02-11 07:15:00+00:00;1.196;;
966771;unknown;control;2023-02-11 07:30:00+00:00;0.625;;
966771;unknown;control;2023-02-11 07:45:00+00:00;0.256;;
966771;unknown;control;2023-02-11 08:00:00+00:00;0.284;;
966771;unknown;control;2023-02-11 08:15:00+00:00;0.366;;
966771;unknown;control;2023-02-11 08:30:00+00:00;0.265;;
966771;unknown;control;2023-02-11 08:45:00+00:00;0.525;;
966771;unknown;control;2023-02-11 09:00:00+00:00;0.794;;
966771;unknown;control;2023-02-11 09:15:00+00:00;1.01;;
966771;unknown;control;2023-02-11 09:30:00+00:00;0.631;;
966771;unknown;control;2023-02-11 09:45:00+00:00;0.171;;
966771;unknown;control;2023-02-11 10:00:00+00:00;0.141;;
966771;unknown;control;2023-02-11 10:15:00+00:00;0.151;;
966771;unknown;control;2023-02-11 10:30:00+00:00;0.155;;
966771;unknown;control;2023-02-11 10:45:00+00:00;0.148;;
966771;unknown;control;2023-02-11 11:00:00+00:00;0.141;;
966771;unknown;control;2023-02-11 11:15:00+00:00;0.141;;
966771;unknown;control;2023-02-11 11:30:00+00:00;0.122;;
966771;unknown;control;2023-02-11 11:45:00+00:00;0.122;;
966771;unknown;control;2023-02-11 12:00:00+00:00;0.122;;
966771;unknown;control;2023-02-11 12:15:00+00:00;0.212;;
966771;unknown;control;2023-02-11 12:30:00+00:00;0.882;;
966771;unknown;control;2023-02-11 12:45:00+00:00;0.234;;
966771;unknown;control;2023-02-11 13:00:00+00:00;0.112;;
966771;unknown;control;2023-02-11 13:15:00+00:00;0.12;;
966771;unknown;control;2023-02-11 13:30:00+00:00;0.176;;
966771;unknown;control;2023-02-11 13:45:00+00:00;0.139;;
966771;unknown;control;2023-02-11 14:00:00+00:00;0.21;;
966771;unknown;control;2023-02-11 14:15:00+00:00;0.197;;
966771;unknown;control;2023-02-11 14:30:00+00:00;0.188;;
966771;unknown;control;2023-02-11 14:45:00+00:00;0.216;;
966771;unknown;control;2023-02-11 15:00:00+00:00;0.152;;
966771;unknown;control;2023-02-11 15:15:00+00:00;0.255;;
966771;unknown;control;2023-02-11 15:30:00+00:00;1.008;;
966771;unknown;control;2023-02-11 15:45:00+00:00;0.474;;
966771;unknown;control;2023-02-11 16:00:00+00:00;0.27;;
966771;unknown;control;2023-02-11 16:15:00+00:00;0.338;;
966771;unknown;control;2023-02-11 16:30:00+00:00;0.815;;
966771;unknown;control;2023-02-11 16:45:00+00:00;1.119;;
966771;unknown;control;2023-02-11 17:00:00+00:00;1.158;;
966771;unknown;control;2023-02-11 17:15:00+00:00;1.09;;
966771;unknown;control;2023-02-11 17:30:00+00:00;1.194;;
966771;unknown;control;2023-02-11 17:45:00+00:00;1.225;;
966771;unknown;control;2023-02-11 18:00:00+00:00;1.336;;
966771;unknown;control;2023-02-11 18:15:00+00:00;0.52;;
966771;unknown;control;2023-02-11 18:30:00+00:00;0.88;;
966771;unknown;control;2023-02-11 18:45:00+00:00;1.194;;
966771;unknown;control;2023-02-11 19:00:00+00:00;1.227;;
966771;unknown;control;2023-02-11 19:15:00+00:00;1.231;;
966771;unknown;control;2023-02-11 19:30:00+00:00;1.257;;
966771;unknown;control;2023-02-11 19:45:00+00:00;1.239;;
966771;unknown;control;2023-02-11 20:00:00+00:00;1.106;;
966771;unknown;control;2023-02-11 20:15:00+00:00;1.114;;
966771;unknown;control;2023-02-11 20:30:00+00:00;1.276;;
966771;unknown;control;2023-02-11 20:45:00+00:00;1.269;;
966771;unknown;control;2023-02-11 21:00:00+00:00;0.963;;
966771;unknown;control;2023-02-11 21:15:00+00:00;0.418;;
966771;unknown;control;2023-02-11 21:30:00+00:00;0.429;;
966771;unknown;control;2023-02-11 21:45:00+00:00;0.819;;
966771;unknown;control;2023-02-11 22:00:00+00:00;1.218;;
966771;unknown;control;2023-02-11 22:15:00+00:00;1.231;;
966771;unknown;control;2023-02-11 22:30:00+00:00;1.251;;
966771;unknown;control;2023-02-11 22:45:00+00:00;1.303;;
966771;unknown;control;2023-02-11 23:00:00+00:00;0.91;;
966771;unknown;control;2023-02-11 23:15:00+00:00;0.468;;
966771;unknown;control;2023-02-11 23:30:00+00:00;0.655;;
966771;unknown;control;2023-02-11 23:45:00+00:00;1.07;;
966771;unknown;control;2023-02-12 00:00:00+00:00;1.215;;
966771;unknown;control;2023-02-12 00:15:00+00:00;1.196;;
966771;unknown;control;2023-02-12 00:30:00+00:00;1.24;;
966771;unknown;control;2023-02-12 00:45:00+00:00;0.698;;
966771;unknown;control;2023-02-12 01:00:00+00:00;0.382;;
966771;unknown;control;2023-02-12 01:15:00+00:00;0.968;;
966771;unknown;control;2023-02-12 01:30:00+00:00;2.179;;
966771;unknown;control;2023-02-12 01:45:00+00:00;2.171;;
966771;unknown;control;2023-02-12 02:00:00+00:00;2.332;;
966771;unknown;control;2023-02-12 02:15:00+00:00;2.407;;
966771;unknown;control;2023-02-12 02:30:00+00:00;2.371;;
966771;unknown;control;2023-02-12 02:45:00+00:00;2.04;;
966771;unknown;control;2023-02-12 03:00:00+00:00;1.625;;
966771;unknown;control;2023-02-12 03:15:00+00:00;2.16;;
966771;unknown;control;2023-02-12 03:30:00+00:00;2.396;;
966771;unknown;control;2023-02-12 03:45:00+00:00;1.585;;
966771;unknown;control;2023-02-12 04:00:00+00:00;1.152;;
966771;unknown;control;2023-02-12 04:15:00+00:00;0.674;;
966771;unknown;control;2023-02-12 04:30:00+00:00;0.673;;
966771;unknown;control;2023-02-12 04:45:00+00:00;1.167;;
966771;unknown;control;2023-02-12 05:00:00+00:00;1.242;;
966771;unknown;control;2023-02-12 05:15:00+00:00;1.175;;
966771;unknown;control;2023-02-12 05:30:00+00:00;1.211;;
966771;unknown;control;2023-02-12 05:45:00+00:00;0.871;;
966771;unknown;control;2023-02-12 06:00:00+00:00;0.4;;
966771;unknown;control;2023-02-12 06:15:00+00:00;0.486;;
966771;unknown;control;2023-02-12 06:30:00+00:00;0.978;;
966771;unknown;control;2023-02-12 06:45:00+00:00;1.166;;
966771;unknown;control;2023-02-12 07:00:00+00:00;1.154;;
966771;unknown;control;2023-02-12 07:15:00+00:00;1.251;;
966771;unknown;control;2023-02-12 07:30:00+00:00;1.074;;
966771;unknown;control;2023-02-12 07:45:00+00:00;0.966;;
966771;unknown;control;2023-02-12 08:00:00+00:00;0.377;;
966771;unknown;control;2023-02-12 08:15:00+00:00;0.245;;
966771;unknown;control;2023-02-12 08:30:00+00:00;0.235;;
966771;unknown;control;2023-02-12 08:45:00+00:00;0.241;;
966771;unknown;control;2023-02-12 09:00:00+00:00;0.175;;
966771;unknown;control;2023-02-12 09:15:00+00:00;0.183;;
966771;unknown;control;2023-02-12 09:30:00+00:00;0.229;;
966771;unknown;control;2023-02-12 09:45:00+00:00;0.112;;
966771;unknown;control;2023-02-12 10:00:00+00:00;0.174;;
966771;unknown;control;2023-02-12 10:15:00+00:00;0.161;;
966771;unknown;control;2023-02-12 10:30:00+00:00;0.154;;
966771;unknown;control;2023-02-12 10:45:00+00:00;0.156;;
966771;unknown;control;2023-02-12 11:00:00+00:00;0.161;;
966771;unknown;control;2023-02-12 11:15:00+00:00;0.171;;
966771;unknown;control;2023-02-12 11:30:00+00:00;0.234;;
966771;unknown;control;2023-02-12 11:45:00+00:00;0.154;;
966771;unknown;control;2023-02-12 12:00:00+00:00;0.151;;
966771;unknown;control;2023-02-12 12:15:00+00:00;0.162;;
966771;unknown;control;2023-02-12 12:30:00+00:00;0.174;;
966771;unknown;control;2023-02-12 12:45:00+00:00;0.161;;
966771;unknown;control;2023-02-12 13:00:00+00:00;0.166;;
966771;unknown;control;2023-02-12 13:15:00+00:00;0.142;;
966771;unknown;control;2023-02-12 13:30:00+00:00;0.122;;
966771;unknown;control;2023-02-12 13:45:00+00:00;0.138;;
966771;unknown;control;2023-02-12 14:00:00+00:00;0.182;;
966771;unknown;control;2023-02-12 14:15:00+00:00;0.209;;
966771;unknown;control;2023-02-12 14:30:00+00:00;0.215;;
966771;unknown;control;2023-02-12 14:45:00+00:00;0.224;;
966771;unknown;control;2023-02-12 15:00:00+00:00;0.221;;
966771;unknown;control;2023-02-12 15:15:00+00:00;0.2;;
966771;unknown;control;2023-02-12 15:30:00+00:00;0.226;;
966771;unknown;control;2023-02-12 15:45:00+00:00;0.654;;
966771;unknown;control;2023-02-12 16:00:00+00:00;0.785;;
966771;unknown;control;2023-02-12 16:15:00+00:00;0.242;;
966771;unknown;control;2023-02-12 16:30:00+00:00;0.284;;
966771;unknown;control;2023-02-12 16:45:00+00:00;0.385;;
966771;unknown;control;2023-02-12 17:00:00+00:00;0.8;;
966771;unknown;control;2023-02-12 17:15:00+00:00;1.476;;
966771;unknown;control;2023-02-12 17:30:00+00:00;1.199;;
966771;unknown;control;2023-02-12 17:45:00+00:00;0.341;;
966771;unknown;control;2023-02-12 18:00:00+00:00;0.392;;
966771;unknown;control;2023-02-12 18:15:00+00:00;1.162;;
966771;unknown;control;2023-02-12 18:30:00+00:00;0.8;;
966771;unknown;control;2023-02-12 18:45:00+00:00;0.858;;
966771;unknown;control;2023-02-12 19:00:00+00:00;1.235;;
966771;unknown;control;2023-02-12 19:15:00+00:00;1.247;;
966771;unknown;control;2023-02-12 19:30:00+00:00;0.449;;
966771;unknown;control;2023-02-12 19:45:00+00:00;0.891;;
966771;unknown;control;2023-02-12 20:00:00+00:00;1.024;;
966771;unknown;control;2023-02-12 20:15:00+00:00;1.258;;
966771;unknown;control;2023-02-12 20:30:00+00:00;1.132;;
966771;unknown;control;2023-02-12 20:45:00+00:00;1.193;;
966771;unknown;control;2023-02-12 21:00:00+00:00;0.694;;
966771;unknown;control;2023-02-12 21:15:00+00:00;0.411;;
966771;unknown;control;2023-02-12 21:30:00+00:00;0.412;;
966771;unknown;control;2023-02-12 21:45:00+00:00;0.728;;
966771;unknown;control;2023-02-12 22:00:00+00:00;1.085;;
966771;unknown;control;2023-02-12 22:15:00+00:00;0.618;;
966771;unknown;control;2023-02-12 22:30:00+00:00;0.317;;
966771;unknown;control;2023-02-12 22:45:00+00:00;0.307;;
966771;unknown;control;2023-02-12 23:00:00+00:00;0.864;;
966771;unknown;control;2023-02-12 23:15:00+00:00;1.083;;
966771;unknown;control;2023-02-12 23:30:00+00:00;0.539;;
966771;unknown;control;2023-02-12 23:45:00+00:00;0.292;;
966771;unknown;control;2023-02-13 00:00:00+00:00;0.288;;
966771;unknown;control;2023-02-13 00:15:00+00:00;0.858;;
966771;unknown;control;2023-02-13 00:30:00+00:00;1.072;;
966771;unknown;control;2023-02-13 00:45:00+00:00;0.541;;
966771;unknown;control;2023-02-13 01:00:00+00:00;0.289;;
966771;unknown;control;2023-02-13 01:15:00+00:00;0.298;;
966771;unknown;control;2023-02-13 01:30:00+00:00;2.038;;
966771;unknown;control;2023-02-13 01:45:00+00:00;2.247;;
966771;unknown;control;2023-02-13 02:00:00+00:00;1.706;;
966771;unknown;control;2023-02-13 02:15:00+00:00;1.473;;
966771;unknown;control;2023-02-13 02:30:00+00:00;1.487;;
966771;unknown;control;2023-02-13 02:45:00+00:00;2.081;;
966771;unknown;control;2023-02-13 03:00:00+00:00;2.247;;
966771;unknown;control;2023-02-13 03:15:00+00:00;1.63;;
966771;unknown;control;2023-02-13 03:30:00+00:00;1.495;;
966771;unknown;control;2023-02-13 03:45:00+00:00;1.511;;
966771;unknown;control;2023-02-13 04:00:00+00:00;2.137;;
966771;unknown;control;2023-02-13 04:15:00+00:00;1.762;;
966771;unknown;control;2023-02-13 04:30:00+00:00;0.821;;
966771;unknown;control;2023-02-13 04:45:00+00:00;0.62;;
966771;unknown;control;2023-02-13 05:00:00+00:00;1.069;;
966771;unknown;control;2023-02-13 05:15:00+00:00;1.049;;
966771;unknown;control;2023-02-13 05:30:00+00:00;0.632;;
966771;unknown;control;2023-02-13 05:45:00+00:00;0.487;;
966771;unknown;control;2023-02-13 06:00:00+00:00;0.637;;
966771;unknown;control;2023-02-13 06:15:00+00:00;1.069;;
966771;unknown;control;2023-02-13 06:30:00+00:00;1.149;;
966771;unknown;control;2023-02-13 06:45:00+00:00;0.753;;
966771;unknown;control;2023-02-13 07:00:00+00:00;0.99;;
966771;unknown;control;2023-02-13 07:15:00+00:00;0.43;;
966771;unknown;control;2023-02-13 07:30:00+00:00;1.023;;
966771;unknown;control;2023-02-13 07:45:00+00:00;1.088;;
966771;unknown;control;2023-02-13 08:00:00+00:00;0.511;;
966771;unknown;control;2023-02-13 08:15:00+00:00;0.606;;
966771;unknown;control;2023-02-13 08:30:00+00:00;0.481;;
966771;unknown;control;2023-02-13 08:45:00+00:00;0.353;;
966771;unknown;control;2023-02-13 09:00:00+00:00;0.389;;
966771;unknown;control;2023-02-13 09:15:00+00:00;0.363;;
966771;unknown;control;2023-02-13 09:30:00+00:00;0.301;;
966771;unknown;control;2023-02-13 09:45:00+00:00;0.175;;
966771;unknown;control;2023-02-13 10:00:00+00:00;0.129;;
966771;unknown;control;2023-02-13 10:15:00+00:00;0.125;;
966771;unknown;control;2023-02-13 10:30:00+00:00;0.428;;
966771;unknown;control;2023-02-13 10:45:00+00:00;0.143;;
966771;unknown;control;2023-02-13 11:00:00+00:00;0.142;;
966771;unknown;control;2023-02-13 11:15:00+00:00;0.127;;
966771;unknown;control;2023-02-13 11:30:00+00:00;0.129;;
966771;unknown;control;2023-02-13 11:45:00+00:00;0.196;;
966771;unknown;control;2023-02-13 12:00:00+00:00;0.716;;
966771;unknown;control;2023-02-13 12:15:00+00:00;1.036;;
966771;unknown;control;2023-02-13 12:30:00+00:00;0.312;;
966771;unknown;control;2023-02-13 12:45:00+00:00;0.528;;
966771;unknown;control;2023-02-13 13:00:00+00:00;0.306;;
966771;unknown;control;2023-02-13 13:15:00+00:00;0.792;;
966771;unknown;control;2023-02-13 13:30:00+00:00;0.674;;
966771;unknown;control;2023-02-13 13:45:00+00:00;0.245;;
966771;unknown;control;2023-02-13 14:00:00+00:00;0.132;;
966771;unknown;control;2023-02-13 14:15:00+00:00;0.219;;
966771;unknown;control;2023-02-13 14:30:00+00:00;0.27;;
966771;unknown;control;2023-02-13 14:45:00+00:00;0.199;;
966771;unknown;control;2023-02-13 15:00:00+00:00;0.233;;
966771;unknown;control;2023-02-13 15:15:00+00:00;0.385;;
966771;unknown;control;2023-02-13 15:30:00+00:00;1.012;;
966771;unknown;control;2023-02-13 15:45:00+00:00;0.526;;
966771;unknown;control;2023-02-13 16:00:00+00:00;0.334;;
966771;unknown;control;2023-02-13 16:15:00+00:00;0.397;;
966771;unknown;control;2023-02-13 16:30:00+00:00;0.899;;
966771;unknown;control;2023-02-13 16:45:00+00:00;1.099;;
966771;unknown;control;2023-02-13 17:00:00+00:00;1.024;;
966771;unknown;control;2023-02-13 17:15:00+00:00;1.214;;
966771;unknown;control;2023-02-13 17:30:00+00:00;0.824;;
966771;unknown;control;2023-02-13 17:45:00+00:00;0.518;;
966771;unknown;control;2023-02-13 18:00:00+00:00;0.753;;
966771;unknown;control;2023-02-13 18:15:00+00:00;1.242;;
966771;unknown;control;2023-02-13 18:30:00+00:00;1.088;;
966771;unknown;control;2023-02-13 18:45:00+00:00;0.447;;
966771;unknown;control;2023-02-13 19:00:00+00:00;0.925;;
966771;unknown;control;2023-02-13 19:15:00+00:00;1.21;;
966771;unknown;control;2023-02-13 19:30:00+00:00;1.227;;
966771;unknown;control;2023-02-13 19:45:00+00:00;1.251;;
966771;unknown;control;2023-02-13 20:00:00+00:00;1.034;;
966771;unknown;control;2023-02-13 20:15:00+00:00;1.236;;
966771;unknown;control;2023-02-13 20:30:00+00:00;1.261;;
966771;unknown;control;2023-02-13 20:45:00+00:00;1.04;;
966771;unknown;control;2023-02-13 21:00:00+00:00;0.461;;
966771;unknown;control;2023-02-13 21:15:00+00:00;0.539;;
966771;unknown;control;2023-02-13 21:30:00+00:00;0.991;;
966771;unknown;control;2023-02-13 21:45:00+00:00;1.209;;
966771;unknown;control;2023-02-13 22:00:00+00:00;1.173;;
966771;unknown;control;2023-02-13 22:15:00+00:00;1.044;;
966771;unknown;control;2023-02-13 22:30:00+00:00;0.33;;
966771;unknown;control;2023-02-13 22:45:00+00:00;0.299;;
966771;unknown;control;2023-02-13 23:00:00+00:00;0.42;;
966771;unknown;control;2023-02-13 23:15:00+00:00;1.042;;
966771;unknown;control;2023-02-13 23:30:00+00:00;1.1;;
966771;unknown;control;2023-02-13 23:45:00+00:00;1.049;;
966771;unknown;control;2023-02-14 00:00:00+00:00;0.304;;
966771;unknown;control;2023-02-14 00:15:00+00:00;0.309;;
966771;unknown;control;2023-02-14 00:30:00+00:00;0.421;;
966771;unknown;control;2023-02-14 00:45:00+00:00;1.024;;
966771;unknown;control;2023-02-14 01:00:00+00:00;1.089;;
966771;unknown;control;2023-02-14 01:15:00+00:00;1.093;;
966771;unknown;control;2023-02-14 01:30:00+00:00;1.478;;
966771;unknown;control;2023-02-14 01:45:00+00:00;1.51;;
966771;unknown;control;2023-02-14 02:00:00+00:00;1.57;;
966771;unknown;control;2023-02-14 02:15:00+00:00;2.139;;
966771;unknown;control;2023-02-14 02:30:00+00:00;2.296;;
966771;unknown;control;2023-02-14 02:45:00+00:00;2.278;;
966771;unknown;control;2023-02-14 03:00:00+00:00;2.268;;
966771;unknown;control;2023-02-14 03:15:00+00:00;2.135;;
966771;unknown;control;2023-02-14 03:30:00+00:00;0.941;;
966771;unknown;control;2023-02-14 03:45:00+00:00;1.1;;
966771;unknown;control;2023-02-14 04:00:00+00:00;1.039;;
966771;unknown;control;2023-02-14 04:15:00+00:00;0.309;;
966771;unknown;control;2023-02-14 04:30:00+00:00;0.282;;
966771;unknown;control;2023-02-14 04:45:00+00:00;0.306;;
966771;unknown;control;2023-02-14 05:00:00+00:00;0.33;;
966771;unknown;control;2023-02-14 05:15:00+00:00;0.457;;
966771;unknown;control;2023-02-14 05:30:00+00:00;1.32;;
966771;unknown;control;2023-02-14 05:45:00+00:00;2.305;;
966771;unknown;control;2023-02-14 06:00:00+00:00;1.205;;
966771;unknown;control;2023-02-14 06:15:00+00:00;1.727;;
966771;unknown;control;2023-02-14 06:30:00+00:00;0.614;;
966771;unknown;control;2023-02-14 06:45:00+00:00;0.376;;
966771;unknown;control;2023-02-14 07:00:00+00:00;0.363;;
966771;unknown;control;2023-02-14 07:15:00+00:00;0.481;;
966771;unknown;control;2023-02-14 07:30:00+00:00;1.072;;
966771;unknown;control;2023-02-14 07:45:00+00:00;1.266;;
966771;unknown;control;2023-02-14 08:00:00+00:00;1.289;;
966771;unknown;control;2023-02-14 08:15:00+00:00;1.213;;
966771;unknown;control;2023-02-14 08:30:00+00:00;0.616;;
966771;unknown;control;2023-02-14 08:45:00+00:00;0.235;;
966771;unknown;control;2023-02-14 09:00:00+00:00;0.266;;
966771;unknown;control;2023-02-14 09:15:00+00:00;0.522;;
966771;unknown;control;2023-02-14 09:30:00+00:00;1.001;;
966771;unknown;control;2023-02-14 09:45:00+00:00;1.035;;
966771;unknown;control;2023-02-14 10:00:00+00:00;1.123;;
966771;unknown;control;2023-02-14 10:15:00+00:00;0.461;;
966771;unknown;control;2023-02-14 10:30:00+00:00;0.196;;
966771;unknown;control;2023-02-14 10:45:00+00:00;0.197;;
966771;unknown;control;2023-02-14 11:00:00+00:00;0.167;;
966771;unknown;control;2023-02-14 11:15:00+00:00;0.184;;
966771;unknown;control;2023-02-14 11:30:00+00:00;0.153;;
966771;unknown;control;2023-02-14 11:45:00+00:00;0.127;;
966771;unknown;control;2023-02-14 12:00:00+00:00;0.117;;
966771;unknown;control;2023-02-14 12:15:00+00:00;0.107;;
966771;unknown;control;2023-02-14 12:30:00+00:00;0.343;;
966771;unknown;control;2023-02-14 12:45:00+00:00;0.995;;
966771;unknown;control;2023-02-14 13:00:00+00:00;0.701;;
966771;unknown;control;2023-02-14 13:15:00+00:00;0.318;;
966771;unknown;control;2023-02-14 13:30:00+00:00;0.178;;
966771;unknown;control;2023-02-14 13:45:00+00:00;0.122;;
966771;unknown;control;2023-02-14 14:00:00+00:00;0.504;;
966771;unknown;control;2023-02-14 14:15:00+00:00;0.374;;
966771;unknown;control;2023-02-14 14:30:00+00:00;0.426;;
966771;unknown;control;2023-02-14 14:45:00+00:00;0.407;;
966771;unknown;control;2023-02-14 15:00:00+00:00;0.395;;
966771;unknown;control;2023-02-14 15:15:00+00:00;0.954;;
966771;unknown;control;2023-02-14 15:30:00+00:00;1.081;;
966771;unknown;control;2023-02-14 15:45:00+00:00;0.488;;
966771;unknown;control;2023-02-14 16:00:00+00:00;0.293;;
966771;unknown;control;2023-02-14 16:15:00+00:00;0.351;;
966771;unknown;control;2023-02-14 16:30:00+00:00;1.043;;
966771;unknown;control;2023-02-14 16:45:00+00:00;1.144;;
966771;unknown;control;2023-02-14 17:00:00+00:00;1.184;;
966771;unknown;control;2023-02-14 17:15:00+00:00;1.004;;
966771;unknown;control;2023-02-14 17:30:00+00:00;1.234;;
966771;unknown;control;2023-02-14 17:45:00+00:00;1.233;;
966771;unknown;control;2023-02-14 18:00:00+00:00;1.06;;
966771;unknown;control;2023-02-14 18:15:00+00:00;0.437;;
966771;unknown;control;2023-02-14 18:30:00+00:00;0.56;;
966771;unknown;control;2023-02-14 18:45:00+00:00;1.24;;
966771;unknown;control;2023-02-14 19:00:00+00:00;1.27;;
966771;unknown;control;2023-02-14 19:15:00+00:00;1.04;;
966771;unknown;control;2023-02-14 19:30:00+00:00;0.446;;
966771;unknown;control;2023-02-14 19:45:00+00:00;0.477;;
966771;unknown;control;2023-02-14 20:00:00+00:00;0.997;;
966771;unknown;control;2023-02-14 20:15:00+00:00;1.302;;
966771;unknown;control;2023-02-14 20:30:00+00:00;1.241;;
966771;unknown;control;2023-02-14 20:45:00+00:00;0.523;;
966771;unknown;control;2023-02-14 21:00:00+00:00;0.455;;
966771;unknown;control;2023-02-14 21:15:00+00:00;0.606;;
966771;unknown;control;2023-02-14 21:30:00+00:00;0.703;;
966771;unknown;control;2023-02-14 21:45:00+00:00;0.443;;
966771;unknown;control;2023-02-14 22:00:00+00:00;1.156;;
966771;unknown;control;2023-02-14 22:15:00+00:00;1.113;;
966771;unknown;control;2023-02-14 22:30:00+00:00;0.909;;
966771;unknown;control;2023-02-14 22:45:00+00:00;1.025;;
966771;unknown;control;2023-02-14 23:00:00+00:00;1.112;;
966771;unknown;control;2023-02-14 23:15:00+00:00;1.112;;
966771;unknown;control;2023-02-14 23:30:00+00:00;0.85;;
966771;unknown;control;2023-02-14 23:45:00+00:00;0.329;;
966771;unknown;control;2023-02-15 00:00:00+00:00;0.346;;
966771;unknown;control;2023-02-15 00:15:00+00:00;0.34;;
966771;unknown;control;2023-02-15 00:30:00+00:00;0.345;;
966771;unknown;control;2023-02-15 00:45:00+00:00;0.779;;
966771;unknown;control;2023-02-15 01:00:00+00:00;1.086;;
966771;unknown;control;2023-02-15 01:15:00+00:00;1.103;;
966771;unknown;control;2023-02-15 01:30:00+00:00;2.258;;
966771;unknown;control;2023-02-15 01:45:00+00:00;2.26;;
966771;unknown;control;2023-02-15 02:00:00+00:00;1.911;;
966771;unknown;control;2023-02-15 02:15:00+00:00;1.516;;
966771;unknown;control;2023-02-15 02:30:00+00:00;1.507;;
966771;unknown;control;2023-02-15 02:45:00+00:00;1.63;;
966771;unknown;control;2023-02-15 03:00:00+00:00;2.093;;
966771;unknown;control;2023-02-15 03:15:00+00:00;2.268;;
966771;unknown;control;2023-02-15 03:30:00+00:00;2.27;;
966771;unknown;control;2023-02-15 03:45:00+00:00;1.561;;
966771;unknown;control;2023-02-15 04:00:00+00:00;0.859;;
966771;unknown;control;2023-02-15 04:15:00+00:00;0.348;;
966771;unknown;control;2023-02-15 04:30:00+00:00;0.336;;
966771;unknown;control;2023-02-15 04:45:00+00:00;0.345;;
966771;unknown;control;2023-02-15 05:00:00+00:00;0.33;;
966771;unknown;control;2023-02-15 05:15:00+00:00;0.5;;
966771;unknown;control;2023-02-15 05:30:00+00:00;1.046;;
966771;unknown;control;2023-02-15 05:45:00+00:00;1.106;;
966771;unknown;control;2023-02-15 06:00:00+00:00;1.228;;
966771;unknown;control;2023-02-15 06:15:00+00:00;1.15;;
966771;unknown;control;2023-02-15 06:30:00+00:00;1.13;;
966771;unknown;control;2023-02-15 06:45:00+00:00;1.112;;
966771;unknown;control;2023-02-15 07:00:00+00:00;0.399;;
966771;unknown;control;2023-02-15 07:15:00+00:00;0.323;;
966771;unknown;control;2023-02-15 07:30:00+00:00;0.959;;
966771;unknown;control;2023-02-15 07:45:00+00:00;1.151;;
966771;unknown;control;2023-02-15 08:00:00+00:00;1.137;;
966771;unknown;control;2023-02-15 08:15:00+00:00;1.142;;
966771;unknown;control;2023-02-15 08:30:00+00:00;1.352;;
966771;unknown;control;2023-02-15 08:45:00+00:00;1.392;;
966771;unknown;control;2023-02-15 09:00:00+00:00;1.018;;
966771;unknown;control;2023-02-15 09:15:00+00:00;1.291;;
966771;unknown;control;2023-02-15 09:30:00+00:00;0.654;;
966771;unknown;control;2023-02-15 09:45:00+00:00;0.424;;
966771;unknown;control;2023-02-15 10:00:00+00:00;0.575;;
966771;unknown;control;2023-02-15 10:15:00+00:00;0.425;;
966771;unknown;control;2023-02-15 10:30:00+00:00;0.45;;
966771;unknown;control;2023-02-15 10:45:00+00:00;0.932;;
966771;unknown;control;2023-02-15 11:00:00+00:00;0.765;;
966771;unknown;control;2023-02-15 11:15:00+00:00;0.121;;
966771;unknown;control;2023-02-15 11:30:00+00:00;0.171;;
966771;unknown;control;2023-02-15 11:45:00+00:00;0.122;;
966771;unknown;control;2023-02-15 12:00:00+00:00;0.202;;
966771;unknown;control;2023-02-15 12:15:00+00:00;0.755;;
966771;unknown;control;2023-02-15 12:30:00+00:00;0.895;;
966771;unknown;control;2023-02-15 12:45:00+00:00;0.241;;
966771;unknown;control;2023-02-15 13:00:00+00:00;0.12;;
966771;unknown;control;2023-02-15 13:15:00+00:00;0.183;;
966771;unknown;control;2023-02-15 13:30:00+00:00;0.611;;
966771;unknown;control;2023-02-15 13:45:00+00:00;0.923;;
966771;unknown;control;2023-02-15 14:00:00+00:00;0.329;;
966771;unknown;control;2023-02-15 14:15:00+00:00;0.212;;
966771;unknown;control;2023-02-15 14:30:00+00:00;0.236;;
966771;unknown;control;2023-02-15 14:45:00+00:00;0.278;;
966771;unknown;control;2023-02-15 15:00:00+00:00;0.302;;
966771;unknown;control;2023-02-15 15:15:00+00:00;0.986;;
966771;unknown;control;2023-02-15 15:30:00+00:00;0.912;;
966771;unknown;control;2023-02-15 15:45:00+00:00;0.346;;
966771;unknown;control;2023-02-15 16:00:00+00:00;0.328;;
966771;unknown;control;2023-02-15 16:15:00+00:00;0.346;;
966771;unknown;control;2023-02-15 16:30:00+00:00;0.621;;
966771;unknown;control;2023-02-15 16:45:00+00:00;1.322;;
966771;unknown;control;2023-02-15 17:00:00+00:00;1.167;;
966771;unknown;control;2023-02-15 17:15:00+00:00;0.963;;
966771;unknown;control;2023-02-15 17:30:00+00:00;1.171;;
966771;unknown;control;2023-02-15 17:45:00+00:00;1.249;;
966771;unknown;control;2023-02-15 18:00:00+00:00;0.431;;
966771;unknown;control;2023-02-15 18:15:00+00:00;0.408;;
966771;unknown;control;2023-02-15 18:30:00+00:00;0.936;;
966771;unknown;control;2023-02-15 18:45:00+00:00;1.195;;
966771;unknown;control;2023-02-15 19:00:00+00:00;1.237;;
966771;unknown;control;2023-02-15 19:15:00+00:00;1.194;;
966771;unknown;control;2023-02-15 19:30:00+00:00;1.191;;
966771;unknown;control;2023-02-15 19:45:00+00:00;0.968;;
966771;unknown;control;2023-02-15 20:00:00+00:00;1.07;;
966771;unknown;control;2023-02-15 20:15:00+00:00;1.201;;
966771;unknown;control;2023-02-15 20:30:00+00:00;1.223;;
966771;unknown;control;2023-02-15 20:45:00+00:00;1.27;;
966771;unknown;control;2023-02-15 21:00:00+00:00;0.934;;
966771;unknown;control;2023-02-15 21:15:00+00:00;0.374;;
966771;unknown;control;2023-02-15 21:30:00+00:00;0.366;;
966771;unknown;control;2023-02-15 21:45:00+00:00;0.366;;
966771;unknown;control;2023-02-15 22:00:00+00:00;0.474;;
966771;unknown;control;2023-02-15 22:15:00+00:00;1.06;;
966771;unknown;control;2023-02-15 22:30:00+00:00;1.158;;
966771;unknown;control;2023-02-15 22:45:00+00:00;1.157;;
966771;unknown;control;2023-02-15 23:00:00+00:00;1.165;;
966771;unknown;control;2023-02-15 23:15:00+00:00;1.16;;
966771;unknown;control;2023-02-15 23:30:00+00:00;0.778;;
966771;unknown;control;2023-02-15 23:45:00+00:00;0.366;;
966771;unknown;control;2023-02-16 00:00:00+00:00;0.377;;
966771;unknown;control;2023-02-16 00:15:00+00:00;0.364;;
966771;unknown;control;2023-02-16 00:30:00+00:00;0.348;;
966771;unknown;control;2023-02-16 00:45:00+00:00;0.461;;
966771;unknown;control;2023-02-16 01:00:00+00:00;0.91;;
966771;unknown;control;2023-02-16 01:15:00+00:00;1.105;;
966771;unknown;control;2023-02-16 01:30:00+00:00;2.276;;
966771;unknown;control;2023-02-16 01:45:00+00:00;2.268;;
966771;unknown;control;2023-02-16 02:00:00+00:00;2.265;;
966771;unknown;control;2023-02-16 02:15:00+00:00;2.283;;
966771;unknown;control;2023-02-16 02:30:00+00:00;2.276;;
966771;unknown;control;2023-02-16 02:45:00+00:00;1.976;;
966771;unknown;control;2023-02-16 03:00:00+00:00;1.543;;
966771;unknown;control;2023-02-16 03:15:00+00:00;1.528;;
966771;unknown;control;2023-02-16 03:30:00+00:00;1.275;;
966771;unknown;control;2023-02-16 03:45:00+00:00;1.077;;
966771;unknown;control;2023-02-16 04:00:00+00:00;1.129;;
966771;unknown;control;2023-02-16 04:15:00+00:00;0.612;;
966771;unknown;control;2023-02-16 04:30:00+00:00;0.364;;
966771;unknown;control;2023-02-16 04:45:00+00:00;1.013;;
966771;unknown;control;2023-02-16 05:00:00+00:00;1.14;;
966771;unknown;control;2023-02-16 05:15:00+00:00;1.15;;
966771;unknown;control;2023-02-16 05:30:00+00:00;0.745;;
966771;unknown;control;2023-02-16 05:45:00+00:00;1.286;;
966771;unknown;control;2023-02-16 06:00:00+00:00;1.184;;
966771;unknown;control;2023-02-16 06:15:00+00:00;1.182;;
966771;unknown;control;2023-02-16 06:30:00+00:00;1.181;;
966771;unknown;control;2023-02-16 06:45:00+00:00;1.15;;
966771;unknown;control;2023-02-16 07:00:00+00:00;1.135;;
966771;unknown;control;2023-02-16 07:15:00+00:00;0.677;;
966771;unknown;control;2023-02-16 07:30:00+00:00;0.488;;
966771;unknown;control;2023-02-16 07:45:00+00:00;0.681;;
966771;unknown;control;2023-02-16 08:00:00+00:00;1.057;;
966771;unknown;control;2023-02-16 08:15:00+00:00;1.034;;
966771;unknown;control;2023-02-16 08:30:00+00:00;0.798;;
966771;unknown;control;2023-02-16 08:45:00+00:00;0.189;;
966771;unknown;control;2023-02-16 09:00:00+00:00;0.124;;
966771;unknown;control;2023-02-16 09:15:00+00:00;0.335;;
966771;unknown;control;2023-02-16 09:30:00+00:00;0.279;;
966771;unknown;control;2023-02-16 09:45:00+00:00;0.196;;
966771;unknown;control;2023-02-16 10:00:00+00:00;0.27;;
966771;unknown;control;2023-02-16 10:15:00+00:00;0.146;;
966771;unknown;control;2023-02-16 10:30:00+00:00;0.131;;
966771;unknown;control;2023-02-16 10:45:00+00:00;0.127;;
966771;unknown;control;2023-02-16 11:00:00+00:00;0.347;;
966771;unknown;control;2023-02-16 11:15:00+00:00;0.501;;
966771;unknown;control;2023-02-16 11:30:00+00:00;0.136;;
966771;unknown;control;2023-02-16 11:45:00+00:00;0.131;;
966771;unknown;control;2023-02-16 12:00:00+00:00;0.496;;
966771;unknown;control;2023-02-16 12:15:00+00:00;0.147;;
966771;unknown;control;2023-02-16 12:30:00+00:00;0.22;;
966771;unknown;control;2023-02-16 12:45:00+00:00;0.121;;
966771;unknown;control;2023-02-16 13:00:00+00:00;0.131;;
966771;unknown;control;2023-02-16 13:15:00+00:00;0.124;;
966771;unknown;control;2023-02-16 13:30:00+00:00;0.123;;
966771;unknown;control;2023-02-16 13:45:00+00:00;0.126;;
966771;unknown;control;2023-02-16 14:00:00+00:00;0.117;;
966771;unknown;control;2023-02-16 14:15:00+00:00;0.119;;
966771;unknown;control;2023-02-16 14:30:00+00:00;0.12;;
966771;unknown;control;2023-02-16 14:45:00+00:00;0.112;;
966771;unknown;control;2023-02-16 15:00:00+00:00;0.109;;
966771;unknown;control;2023-02-16 15:15:00+00:00;0.101;;
966771;unknown;control;2023-02-16 15:30:00+00:00;0.564;;
966771;unknown;control;2023-02-16 15:45:00+00:00;0.379;;
966771;unknown;control;2023-02-16 16:00:00+00:00;0.383;;
966771;unknown;control;2023-02-16 16:15:00+00:00;0.342;;
966771;unknown;control;2023-02-16 16:30:00+00:00;0.432;;
966771;unknown;control;2023-02-16 16:45:00+00:00;0.406;;
966771;unknown;control;2023-02-16 17:00:00+00:00;0.389;;
966771;unknown;control;2023-02-16 17:15:00+00:00;0.381;;
966771;unknown;control;2023-02-16 17:30:00+00:00;0.27;;
966771;unknown;control;2023-02-16 17:45:00+00:00;0.317;;
966771;unknown;control;2023-02-16 18:00:00+00:00;0.357;;
966771;unknown;control;2023-02-16 18:15:00+00:00;0.336;;
966771;unknown;control;2023-02-16 18:30:00+00:00;0.318;;
966771;unknown;control;2023-02-16 18:45:00+00:00;0.315;;
966771;unknown;control;2023-02-16 19:00:00+00:00;0.657;;
966771;unknown;control;2023-02-16 19:15:00+00:00;0.875;;
966771;unknown;control;2023-02-16 19:30:00+00:00;0.329;;
966771;unknown;control;2023-02-16 19:45:00+00:00;0.316;;
966771;unknown;control;2023-02-16 20:00:00+00:00;0.327;;
966771;unknown;control;2023-02-16 20:15:00+00:00;0.745;;
966771;unknown;control;2023-02-16 20:30:00+00:00;1.059;;
966771;unknown;control;2023-02-16 20:45:00+00:00;0.394;;
966771;unknown;control;2023-02-16 21:00:00+00:00;0.376;;
966771;unknown;control;2023-02-16 21:15:00+00:00;0.992;;
966771;unknown;control;2023-02-16 21:30:00+00:00;0.501;;
966771;unknown;control;2023-02-16 21:45:00+00:00;0.248;;
966771;unknown;control;2023-02-16 22:00:00+00:00;0.269;;
966771;unknown;control;2023-02-16 22:15:00+00:00;0.235;;
966771;unknown;control;2023-02-16 22:30:00+00:00;0.29;;
966771;unknown;control;2023-02-16 22:45:00+00:00;0.234;;
966771;unknown;control;2023-02-16 23:00:00+00:00;0.301;;
966771;unknown;control;2023-02-16 23:15:00+00:00;0.941;;
966771;unknown;control;2023-02-16 23:30:00+00:00;0.801;;
966771;unknown;control;2023-02-16 23:45:00+00:00;0.224;;
966771;unknown;control;2023-02-17 00:00:00+00:00;0.275;;
966771;unknown;control;2023-02-17 00:15:00+00:00;0.233;;
966771;unknown;control;2023-02-17 00:30:00+00:00;0.238;;
966771;unknown;control;2023-02-17 00:45:00+00:00;0.24;;
966771;unknown;control;2023-02-17 01:00:00+00:00;0.237;;
966771;unknown;control;2023-02-17 01:15:00+00:00;0.238;;
966771;unknown;control;2023-02-17 01:30:00+00:00;1.407;;
966771;unknown;control;2023-02-17 01:45:00+00:00;1.421;;
966771;unknown;control;2023-02-17 02:00:00+00:00;1.426;;
966771;unknown;control;2023-02-17 02:15:00+00:00;1.437;;
966771;unknown;control;2023-02-17 02:30:00+00:00;1.455;;
966771;unknown;control;2023-02-17 02:45:00+00:00;1.441;;
966771;unknown;control;2023-02-17 03:00:00+00:00;1.647;;
966771;unknown;control;2023-02-17 03:15:00+00:00;1.756;;
966771;unknown;control;2023-02-17 03:30:00+00:00;0.235;;
966771;unknown;control;2023-02-17 03:45:00+00:00;0.221;;
966771;unknown;control;2023-02-17 04:00:00+00:00;0.209;;
966771;unknown;control;2023-02-17 04:15:00+00:00;0.168;;
966771;unknown;control;2023-02-17 04:30:00+00:00;0.213;;
966771;unknown;control;2023-02-17 04:45:00+00:00;0.169;;
966771;unknown;control;2023-02-17 05:00:00+00:00;0.209;;
966771;unknown;control;2023-02-17 05:15:00+00:00;0.209;;
966771;unknown;control;2023-02-17 05:30:00+00:00;0.177;;
966771;unknown;control;2023-02-17 05:45:00+00:00;0.244;;
966771;unknown;control;2023-02-17 06:00:00+00:00;0.191;;
966771;unknown;control;2023-02-17 06:15:00+00:00;0.221;;
966771;unknown;control;2023-02-17 06:30:00+00:00;0.168;;
966771;unknown;control;2023-02-17 06:45:00+00:00;0.216;;
966771;unknown;control;2023-02-17 07:00:00+00:00;0.16;;
966771;unknown;control;2023-02-17 07:15:00+00:00;0.178;;
966771;unknown;control;2023-02-17 07:30:00+00:00;0.135;;
966771;unknown;control;2023-02-17 07:45:00+00:00;0.127;;
966771;unknown;control;2023-02-17 08:00:00+00:00;0.174;;
966771;unknown;control;2023-02-17 08:15:00+00:00;0.118;;
966771;unknown;control;2023-02-17 08:30:00+00:00;0.109;;
966771;unknown;control;2023-02-17 08:45:00+00:00;0.138;;
966771;unknown;control;2023-02-17 09:00:00+00:00;0.151;;
966771;unknown;control;2023-02-17 09:15:00+00:00;0.145;;
966771;unknown;control;2023-02-17 09:30:00+00:00;0.155;;
966771;unknown;control;2023-02-17 09:45:00+00:00;0.14;;
966771;unknown;control;2023-02-17 10:00:00+00:00;0.138;;
966771;unknown;control;2023-02-17 10:15:00+00:00;0.155;;
966771;unknown;control;2023-02-17 10:30:00+00:00;0.161;;
966771;unknown;control;2023-02-17 10:45:00+00:00;0.148;;
966771;unknown;control;2023-02-17 11:00:00+00:00;0.151;;
966771;unknown;control;2023-02-17 11:15:00+00:00;0.143;;
966771;unknown;control;2023-02-17 11:30:00+00:00;0.136;;
966771;unknown;control;2023-02-17 11:45:00+00:00;0.14;;
966771;unknown;control;2023-02-17 12:00:00+00:00;0.144;;
966771;unknown;control;2023-02-17 12:15:00+00:00;0.153;;
966771;unknown;control;2023-02-17 12:30:00+00:00;0.156;;
966771;unknown;control;2023-02-17 12:45:00+00:00;0.116;;
966771;unknown;control;2023-02-17 13:00:00+00:00;0.125;;
966771;unknown;control;2023-02-17 13:15:00+00:00;0.121;;
966771;unknown;control;2023-02-17 13:30:00+00:00;0.118;;
966771;unknown;control;2023-02-17 13:45:00+00:00;0.125;;
966771;unknown;control;2023-02-17 14:00:00+00:00;0.118;;
966771;unknown;control;2023-02-17 14:15:00+00:00;0.131;;
966771;unknown;control;2023-02-17 14:30:00+00:00;0.136;;
966771;unknown;control;2023-02-17 14:45:00+00:00;0.126;;
966771;unknown;control;2023-02-17 15:00:00+00:00;0.12;;
966771;unknown;control;2023-02-17 15:15:00+00:00;0.116;;
966771;unknown;control;2023-02-17 15:30:00+00:00;0.106;;
966771;unknown;control;2023-02-17 15:45:00+00:00;0.109;;
966771;unknown;control;2023-02-17 16:00:00+00:00;0.11;;
966771;unknown;control;2023-02-17 16:15:00+00:00;0.161;;
966771;unknown;control;2023-02-17 16:30:00+00:00;0.71;;
966771;unknown;control;2023-02-17 16:45:00+00:00;0.241;;
966771;unknown;control;2023-02-17 17:00:00+00:00;0.219;;
966771;unknown;control;2023-02-17 17:15:00+00:00;0.475;;
966771;unknown;control;2023-02-17 17:30:00+00:00;0.301;;
966771;unknown;control;2023-02-17 17:45:00+00:00;0.277;;
966771;unknown;control;2023-02-17 18:00:00+00:00;0.432;;
966771;unknown;control;2023-02-17 18:15:00+00:00;0.773;;
966771;unknown;control;2023-02-17 18:30:00+00:00;0.482;;
966771;unknown;control;2023-02-17 18:45:00+00:00;0.461;;
966771;unknown;control;2023-02-17 19:00:00+00:00;0.308;;
966771;unknown;control;2023-02-17 19:15:00+00:00;0.324;;
966771;unknown;control;2023-02-17 19:30:00+00:00;0.328;;
966771;unknown;control;2023-02-17 19:45:00+00:00;0.269;;
966771;unknown;control;2023-02-17 20:00:00+00:00;0.297;;
966771;unknown;control;2023-02-17 20:15:00+00:00;0.27;;
966771;unknown;control;2023-02-17 20:30:00+00:00;0.236;;
966771;unknown;control;2023-02-17 20:45:00+00:00;0.222;;
966771;unknown;control;2023-02-17 21:00:00+00:00;0.17;;
966771;unknown;control;2023-02-17 21:15:00+00:00;0.203;;
966771;unknown;control;2023-02-17 21:30:00+00:00;0.188;;
966771;unknown;control;2023-02-17 21:45:00+00:00;0.142;;
966771;unknown;control;2023-02-17 22:00:00+00:00;0.16;;
966771;unknown;control;2023-02-17 22:15:00+00:00;0.168;;
966771;unknown;control;2023-02-17 22:30:00+00:00;0.155;;
966771;unknown;control;2023-02-17 22:45:00+00:00;0.156;;
966771;unknown;control;2023-02-17 23:00:00+00:00;0.115;;
966771;unknown;control;2023-02-17 23:15:00+00:00;0.16;;
966771;unknown;control;2023-02-17 23:30:00+00:00;0.161;;
966771;unknown;control;2023-02-17 23:45:00+00:00;0.159;;
966771;unknown;control;2023-02-18 00:00:00+00:00;0.115;;
966771;unknown;control;2023-02-18 00:15:00+00:00;0.166;;
966771;unknown;control;2023-02-18 00:30:00+00:00;0.161;;
966771;unknown;control;2023-02-18 00:45:00+00:00;0.16;;
966771;unknown;control;2023-02-18 01:00:00+00:00;0.169;;
966771;unknown;control;2023-02-18 01:15:00+00:00;0.169;;
966771;unknown;control;2023-02-18 01:30:00+00:00;1.362;;
966771;unknown;control;2023-02-18 01:45:00+00:00;1.45;;
966771;unknown;control;2023-02-18 02:00:00+00:00;1.408;;
966771;unknown;control;2023-02-18 02:15:00+00:00;1.402;;
966771;unknown;control;2023-02-18 02:30:00+00:00;1.409;;
966771;unknown;control;2023-02-18 02:45:00+00:00;1.439;;
966771;unknown;control;2023-02-18 03:00:00+00:00;1.44;;
966771;unknown;control;2023-02-18 03:15:00+00:00;1.43;;
966771;unknown;control;2023-02-18 03:30:00+00:00;1.437;;
966771;unknown;control;2023-02-18 03:45:00+00:00;1.418;;
966771;unknown;control;2023-02-18 04:00:00+00:00;1.466;;
966771;unknown;control;2023-02-18 04:15:00+00:00;1.456;;
966771;unknown;control;2023-02-18 04:30:00+00:00;1.959;;
966771;unknown;control;2023-02-18 04:45:00+00:00;2.017;;
966771;unknown;control;2023-02-18 05:00:00+00:00;0.772;;
966771;unknown;control;2023-02-18 05:15:00+00:00;0.221;;
966771;unknown;control;2023-02-18 05:30:00+00:00;0.223;;
966771;unknown;control;2023-02-18 05:45:00+00:00;0.208;;
966771;unknown;control;2023-02-18 06:00:00+00:00;0.212;;
966771;unknown;control;2023-02-18 06:15:00+00:00;0.168;;
966771;unknown;control;2023-02-18 06:30:00+00:00;0.225;;
966771;unknown;control;2023-02-18 06:45:00+00:00;0.168;;
966771;unknown;control;2023-02-18 07:00:00+00:00;0.121;;
966771;unknown;control;2023-02-18 07:15:00+00:00;0.177;;
966771;unknown;control;2023-02-18 07:30:00+00:00;0.144;;
966771;unknown;control;2023-02-18 07:45:00+00:00;0.132;;
966771;unknown;control;2023-02-18 08:00:00+00:00;0.125;;
966771;unknown;control;2023-02-18 08:15:00+00:00;0.145;;
966771;unknown;control;2023-02-18 08:30:00+00:00;0.52;;
966771;unknown;control;2023-02-18 08:45:00+00:00;0.381;;
966771;unknown;control;2023-02-18 09:00:00+00:00;0.146;;
966771;unknown;control;2023-02-18 09:15:00+00:00;0.148;;
966771;unknown;control;2023-02-18 09:30:00+00:00;0.553;;
966771;unknown;control;2023-02-18 09:45:00+00:00;0.116;;
966771;unknown;control;2023-02-18 10:00:00+00:00;0.118;;
966771;unknown;control;2023-02-18 10:15:00+00:00;0.134;;
966771;unknown;control;2023-02-18 10:30:00+00:00;0.127;;
966771;unknown;control;2023-02-18 10:45:00+00:00;0.136;;
966771;unknown;control;2023-02-18 11:00:00+00:00;0.131;;
966771;unknown;control;2023-02-18 11:15:00+00:00;0.128;;
966771;unknown;control;2023-02-18 11:30:00+00:00;0.14;;
966771;unknown;control;2023-02-18 11:45:00+00:00;0.136;;
966771;unknown;control;2023-02-18 12:00:00+00:00;0.13;;
966771;unknown;control;2023-02-18 12:15:00+00:00;0.13;;
966771;unknown;control;2023-02-18 12:30:00+00:00;0.107;;
966771;unknown;control;2023-02-18 12:45:00+00:00;0.113;;
966771;unknown;control;2023-02-18 13:00:00+00:00;0.116;;
966771;unknown;control;2023-02-18 13:15:00+00:00;0.108;;
966771;unknown;control;2023-02-18 13:30:00+00:00;0.15;;
966771;unknown;control;2023-02-18 13:45:00+00:00;0.143;;
966771;unknown;control;2023-02-18 14:00:00+00:00;0.137;;
966771;unknown;control;2023-02-18 14:15:00+00:00;0.124;;
966771;unknown;control;2023-02-18 14:30:00+00:00;0.116;;
966771;unknown;control;2023-02-18 14:45:00+00:00;0.11;;
966771;unknown;control;2023-02-18 15:00:00+00:00;0.112;;
966771;unknown;control;2023-02-18 15:15:00+00:00;0.119;;
966771;unknown;control;2023-02-18 15:30:00+00:00;0.147;;
966771;unknown;control;2023-02-18 15:45:00+00:00;0.142;;
966771;unknown;control;2023-02-18 16:00:00+00:00;0.123;;
966771;unknown;control;2023-02-18 16:15:00+00:00;0.235;;
966771;unknown;control;2023-02-18 16:30:00+00:00;0.273;;
966771;unknown;control;2023-02-18 16:45:00+00:00;0.324;;
966771;unknown;control;2023-02-18 17:00:00+00:00;0.721;;
966771;unknown;control;2023-02-18 17:15:00+00:00;0.741;;
966771;unknown;control;2023-02-18 17:30:00+00:00;0.71;;
966771;unknown;control;2023-02-18 17:45:00+00:00;0.688;;
966771;unknown;control;2023-02-18 18:00:00+00:00;0.331;;
966771;unknown;control;2023-02-18 18:15:00+00:00;0.34;;
966771;unknown;control;2023-02-18 18:30:00+00:00;0.408;;
966771;unknown;control;2023-02-18 18:45:00+00:00;0.368;;
966771;unknown;control;2023-02-18 19:00:00+00:00;0.383;;
966771;unknown;control;2023-02-18 19:15:00+00:00;0.346;;
966771;unknown;control;2023-02-18 19:30:00+00:00;0.331;;
966771;unknown;control;2023-02-18 19:45:00+00:00;0.379;;
966771;unknown;control;2023-02-18 20:00:00+00:00;0.339;;
966771;unknown;control;2023-02-18 20:15:00+00:00;0.335;;
966771;unknown;control;2023-02-18 20:30:00+00:00;0.452;;
966771;unknown;control;2023-02-18 20:45:00+00:00;0.332;;
966771;unknown;control;2023-02-18 21:00:00+00:00;0.325;;
966771;unknown;control;2023-02-18 21:15:00+00:00;0.334;;
966771;unknown;control;2023-02-18 21:30:00+00:00;0.325;;
966771;unknown;control;2023-02-18 21:45:00+00:00;0.436;;
966771;unknown;control;2023-02-18 22:00:00+00:00;1.03;;
966771;unknown;control;2023-02-18 22:15:00+00:00;0.353;;
966771;unknown;control;2023-02-18 22:30:00+00:00;0.359;;
966771;unknown;control;2023-02-18 22:45:00+00:00;0.335;;
966771;unknown;control;2023-02-18 23:00:00+00:00;0.318;;
966771;unknown;control;2023-02-18 23:15:00+00:00;0.306;;
966771;unknown;control;2023-02-18 23:30:00+00:00;0.221;;
966771;unknown;control;2023-02-18 23:45:00+00:00;0.265;;
966771;unknown;control;2023-02-19 00:00:00+00:00;0.938;;
966771;unknown;control;2023-02-19 00:15:00+00:00;0.557;;
966771;unknown;control;2023-02-19 00:30:00+00:00;0.242;;
966771;unknown;control;2023-02-19 00:45:00+00:00;0.27;;
966771;unknown;control;2023-02-19 01:00:00+00:00;0.744;;
966771;unknown;control;2023-02-19 01:15:00+00:00;0.836;;
966771;unknown;control;2023-02-19 01:30:00+00:00;1.48;;
966771;unknown;control;2023-02-19 01:45:00+00:00;1.471;;
966771;unknown;control;2023-02-19 02:00:00+00:00;1.462;;
966771;unknown;control;2023-02-19 02:15:00+00:00;1.511;;
966771;unknown;control;2023-02-19 02:30:00+00:00;2.112;;
966771;unknown;control;2023-02-19 02:45:00+00:00;1.711;;
966771;unknown;control;2023-02-19 03:00:00+00:00;1.463;;
966771;unknown;control;2023-02-19 03:15:00+00:00;1.451;;
966771;unknown;control;2023-02-19 03:30:00+00:00;1.16;;
966771;unknown;control;2023-02-19 03:45:00+00:00;0.288;;
966771;unknown;control;2023-02-19 04:00:00+00:00;0.228;;
966771;unknown;control;2023-02-19 04:15:00+00:00;0.21;;
966771;unknown;control;2023-02-19 04:30:00+00:00;0.218;;
966771;unknown;control;2023-02-19 04:45:00+00:00;0.225;;
966771;unknown;control;2023-02-19 05:00:00+00:00;0.209;;
966771;unknown;control;2023-02-19 05:15:00+00:00;0.226;;
966771;unknown;control;2023-02-19 05:30:00+00:00;0.219;;
966771;unknown;control;2023-02-19 05:45:00+00:00;0.206;;
966771;unknown;control;2023-02-19 06:00:00+00:00;0.202;;
966771;unknown;control;2023-02-19 06:15:00+00:00;0.219;;
966771;unknown;control;2023-02-19 06:30:00+00:00;0.209;;
966771;unknown;control;2023-02-19 06:45:00+00:00;0.211;;
966771;unknown;control;2023-02-19 07:00:00+00:00;0.166;;
966771;unknown;control;2023-02-19 07:15:00+00:00;0.21;;
966771;unknown;control;2023-02-19 07:30:00+00:00;0.182;;
966771;unknown;control;2023-02-19 07:45:00+00:00;0.17;;
966771;unknown;control;2023-02-19 08:00:00+00:00;0.717;;
966771;unknown;control;2023-02-19 08:15:00+00:00;0.406;;
966771;unknown;control;2023-02-19 08:30:00+00:00;0.224;;
966771;unknown;control;2023-02-19 08:45:00+00:00;0.211;;
966771;unknown;control;2023-02-19 09:00:00+00:00;0.395;;
966771;unknown;control;2023-02-19 09:15:00+00:00;0.11;;
966771;unknown;control;2023-02-19 09:30:00+00:00;0.126;;
966771;unknown;control;2023-02-19 09:45:00+00:00;0.17;;
966771;unknown;control;2023-02-19 10:00:00+00:00;0.129;;
966771;unknown;control;2023-02-19 10:15:00+00:00;0.291;;
966771;unknown;control;2023-02-19 10:30:00+00:00;1.044;;
966771;unknown;control;2023-02-19 10:45:00+00:00;0.91;;
966771;unknown;control;2023-02-19 11:00:00+00:00;0.466;;
966771;unknown;control;2023-02-19 11:15:00+00:00;0.195;;
966771;unknown;control;2023-02-19 11:30:00+00:00;0.184;;
966771;unknown;control;2023-02-19 11:45:00+00:00;0.233;;
966771;unknown;control;2023-02-19 12:00:00+00:00;0.27;;
966771;unknown;control;2023-02-19 12:15:00+00:00;0.305;;
966771;unknown;control;2023-02-19 12:30:00+00:00;0.316;;
966771;unknown;control;2023-02-19 12:45:00+00:00;0.428;;
966771;unknown;control;2023-02-19 13:00:00+00:00;0.308;;
966771;unknown;control;2023-02-19 13:15:00+00:00;0.302;;
966771;unknown;control;2023-02-19 13:30:00+00:00;0.16;;
966771;unknown;control;2023-02-19 13:45:00+00:00;0.128;;
966771;unknown;control;2023-02-19 14:00:00+00:00;0.124;;
966771;unknown;control;2023-02-19 14:15:00+00:00;0.121;;
966771;unknown;control;2023-02-19 14:30:00+00:00;0.165;;
966771;unknown;control;2023-02-19 14:45:00+00:00;0.158;;
966771;unknown;control;2023-02-19 15:00:00+00:00;0.157;;
966771;unknown;control;2023-02-19 15:15:00+00:00;0.163;;
966771;unknown;control;2023-02-19 15:30:00+00:00;0.189;;
966771;unknown;control;2023-02-19 15:45:00+00:00;0.29;;
966771;unknown;control;2023-02-19 16:00:00+00:00;0.476;;
966771;unknown;control;2023-02-19 16:15:00+00:00;0.492;;
966771;unknown;control;2023-02-19 16:30:00+00:00;0.218;;
966771;unknown;control;2023-02-19 16:45:00+00:00;0.512;;
966771;unknown;control;2023-02-19 17:00:00+00:00;0.553;;
966771;unknown;control;2023-02-19 17:15:00+00:00;0.201;;
966771;unknown;control;2023-02-19 17:30:00+00:00;0.258;;
966771;unknown;control;2023-02-19 17:45:00+00:00;0.308;;
966771;unknown;control;2023-02-19 18:00:00+00:00;0.343;;
966771;unknown;control;2023-02-19 18:15:00+00:00;0.326;;
966771;unknown;control;2023-02-19 18:30:00+00:00;0.318;;
966771;unknown;control;2023-02-19 18:45:00+00:00;0.339;;
966771;unknown;control;2023-02-19 19:00:00+00:00;0.994;;
966771;unknown;control;2023-02-19 19:15:00+00:00;0.444;;
966771;unknown;control;2023-02-19 19:30:00+00:00;0.342;;
966771;unknown;control;2023-02-19 19:45:00+00:00;0.356;;
966771;unknown;control;2023-02-19 20:00:00+00:00;0.354;;
966771;unknown;control;2023-02-19 20:15:00+00:00;0.897;;
966771;unknown;control;2023-02-19 20:30:00+00:00;0.628;;
966771;unknown;control;2023-02-19 20:45:00+00:00;0.24;;
966771;unknown;control;2023-02-19 21:00:00+00:00;0.213;;
966771;unknown;control;2023-02-19 21:15:00+00:00;0.212;;
966771;unknown;control;2023-02-19 21:30:00+00:00;0.183;;
966771;unknown;control;2023-02-19 21:45:00+00:00;0.319;;
966771;unknown;control;2023-02-19 22:00:00+00:00;0.951;;
966771;unknown;control;2023-02-19 22:15:00+00:00;0.345;;
966771;unknown;control;2023-02-19 22:30:00+00:00;0.209;;
966771;unknown;control;2023-02-19 22:45:00+00:00;0.215;;
966771;unknown;control;2023-02-19 23:00:00+00:00;0.213;;
966771;unknown;control;2023-02-19 23:15:00+00:00;0.185;;
966771;unknown;control;2023-02-19 23:30:00+00:00;0.183;;
966771;unknown;control;2023-02-19 23:45:00+00:00;0.229;;
966771;unknown;control;2023-02-20 00:00:00+00:00;0.203;;
966771;unknown;control;2023-02-20 00:15:00+00:00;0.213;;
966771;unknown;control;2023-02-20 00:30:00+00:00;0.316;;
966771;unknown;control;2023-02-20 00:45:00+00:00;0.944;;
966771;unknown;control;2023-02-20 01:00:00+00:00;0.364;;
966771;unknown;control;2023-02-20 01:15:00+00:00;0.21;;
966771;unknown;control;2023-02-20 01:30:00+00:00;1.381;;
966771;unknown;control;2023-02-20 01:45:00+00:00;1.416;;
966771;unknown;control;2023-02-20 02:00:00+00:00;1.881;;
966771;unknown;control;2023-02-20 02:15:00+00:00;2.0;;
966771;unknown;control;2023-02-20 02:30:00+00:00;1.422;;
966771;unknown;control;2023-02-20 02:45:00+00:00;1.415;;
966771;unknown;control;2023-02-20 03:00:00+00:00;1.451;;
966771;unknown;control;2023-02-20 03:15:00+00:00;1.403;;
966771;unknown;control;2023-02-20 03:30:00+00:00;1.969;;
966771;unknown;control;2023-02-20 03:45:00+00:00;2.199;;
966771;unknown;control;2023-02-20 04:00:00+00:00;1.714;;
966771;unknown;control;2023-02-20 04:15:00+00:00;1.493;;
966771;unknown;control;2023-02-20 04:30:00+00:00;1.497;;
966771;unknown;control;2023-02-20 04:45:00+00:00;1.985;;
966771;unknown;control;2023-02-20 05:00:00+00:00;1.197;;
966771;unknown;control;2023-02-20 05:15:00+00:00;0.828;;
966771;unknown;control;2023-02-20 05:30:00+00:00;0.317;;
966771;unknown;control;2023-02-20 05:45:00+00:00;0.392;;
966771;unknown;control;2023-02-20 06:00:00+00:00;1.039;;
966771;unknown;control;2023-02-20 06:15:00+00:00;1.081;;
966771;unknown;control;2023-02-20 06:30:00+00:00;0.925;;
966771;unknown;control;2023-02-20 06:45:00+00:00;0.959;;
966771;unknown;control;2023-02-20 07:00:00+00:00;0.898;;
966771;unknown;control;2023-02-20 07:15:00+00:00;0.237;;
966771;unknown;control;2023-02-20 07:30:00+00:00;0.545;;
966771;unknown;control;2023-02-20 07:45:00+00:00;0.163;;
966771;unknown;control;2023-02-20 08:00:00+00:00;0.158;;
966771;unknown;control;2023-02-20 08:15:00+00:00;0.139;;
966771;unknown;control;2023-02-20 08:30:00+00:00;0.153;;
966771;unknown;control;2023-02-20 08:45:00+00:00;0.129;;
966771;unknown;control;2023-02-20 09:00:00+00:00;0.206;;
966771;unknown;control;2023-02-20 09:15:00+00:00;0.133;;
966771;unknown;control;2023-02-20 09:30:00+00:00;0.119;;
966771;unknown;control;2023-02-20 09:45:00+00:00;0.116;;
966771;unknown;control;2023-02-20 10:00:00+00:00;0.117;;
966771;unknown;control;2023-02-20 10:15:00+00:00;0.329;;
966771;unknown;control;2023-02-20 10:30:00+00:00;0.133;;
966771;unknown;control;2023-02-20 10:45:00+00:00;0.121;;
966771;unknown;control;2023-02-20 11:00:00+00:00;0.124;;
966771;unknown;control;2023-02-20 11:15:00+00:00;0.141;;
966771;unknown;control;2023-02-20 11:30:00+00:00;0.138;;
966771;unknown;control;2023-02-20 11:45:00+00:00;0.119;;
966771;unknown;control;2023-02-20 12:00:00+00:00;0.129;;
966771;unknown;control;2023-02-20 12:15:00+00:00;0.125;;
966771;unknown;control;2023-02-20 12:30:00+00:00;0.119;;
966771;unknown;control;2023-02-20 12:45:00+00:00;0.134;;
966771;unknown;control;2023-02-20 13:00:00+00:00;0.125;;
966771;unknown;control;2023-02-20 13:15:00+00:00;0.118;;
966771;unknown;control;2023-02-20 13:30:00+00:00;0.125;;
966771;unknown;control;2023-02-20 13:45:00+00:00;0.119;;
966771;unknown;control;2023-02-20 14:00:00+00:00;0.117;;
966771;unknown;control;2023-02-20 14:15:00+00:00;0.12;;
966771;unknown;control;2023-02-20 14:30:00+00:00;0.112;;
966771;unknown;control;2023-02-20 14:45:00+00:00;0.117;;
966771;unknown;control;2023-02-20 15:00:00+00:00;0.118;;
966771;unknown;control;2023-02-20 15:15:00+00:00;0.093;;
966771;unknown;control;2023-02-20 15:30:00+00:00;0.101;;
966771;unknown;control;2023-02-20 15:45:00+00:00;0.11;;
966771;unknown;control;2023-02-20 16:00:00+00:00;0.093;;
966771;unknown;control;2023-02-20 16:15:00+00:00;0.157;;
966771;unknown;control;2023-02-20 16:30:00+00:00;0.35;;
966771;unknown;control;2023-02-20 16:45:00+00:00;0.227;;
966771;unknown;control;2023-02-20 17:00:00+00:00;0.234;;
966771;unknown;control;2023-02-20 17:15:00+00:00;0.261;;
966771;unknown;control;2023-02-20 17:30:00+00:00;0.3;;
966771;unknown;control;2023-02-20 17:45:00+00:00;0.319;;
966771;unknown;control;2023-02-20 18:00:00+00:00;0.379;;
966771;unknown;control;2023-02-20 18:15:00+00:00;0.811;;
966771;unknown;control;2023-02-20 18:30:00+00:00;0.976;;
966771;unknown;control;2023-02-20 18:45:00+00:00;1.11;;
966771;unknown;control;2023-02-20 19:00:00+00:00;0.967;;
966771;unknown;control;2023-02-20 19:15:00+00:00;0.481;;
966771;unknown;control;2023-02-20 19:30:00+00:00;0.364;;
966771;unknown;control;2023-02-20 19:45:00+00:00;0.905;;
966771;unknown;control;2023-02-20 20:00:00+00:00;1.101;;
966771;unknown;control;2023-02-20 20:15:00+00:00;0.825;;
966771;unknown;control;2023-02-20 20:30:00+00:00;0.376;;
966771;unknown;control;2023-02-20 20:45:00+00:00;0.375;;
966771;unknown;control;2023-02-20 21:00:00+00:00;0.62;;
966771;unknown;control;2023-02-20 21:15:00+00:00;1.05;;
966771;unknown;control;2023-02-20 21:30:00+00:00;0.545;;
966771;unknown;control;2023-02-20 21:45:00+00:00;0.323;;
966771;unknown;control;2023-02-20 22:00:00+00:00;0.926;;
966771;unknown;control;2023-02-20 22:15:00+00:00;1.078;;
966771;unknown;control;2023-02-20 22:30:00+00:00;0.974;;
966771;unknown;control;2023-02-20 22:45:00+00:00;0.318;;
966771;unknown;control;2023-02-20 23:00:00+00:00;0.31;;
966771;unknown;control;2023-02-20 23:15:00+00:00;0.835;;
966771;unknown;control;2023-02-20 23:30:00+00:00;1.065;;
966771;unknown;control;2023-02-20 23:45:00+00:00;1.084;;
966771;unknown;control;2023-02-21 00:00:00+00:00;0.8;;
966771;unknown;control;2023-02-21 00:15:00+00:00;0.333;;
966771;unknown;control;2023-02-21 00:30:00+00:00;0.41;;
966771;unknown;control;2023-02-21 00:45:00+00:00;1.001;;
966771;unknown;control;2023-02-21 01:00:00+00:00;1.083;;
966771;unknown;control;2023-02-21 01:15:00+00:00;1.094;;
966771;unknown;control;2023-02-21 01:30:00+00:00;2.278;;
966771;unknown;control;2023-02-21 01:45:00+00:00;1.999;;
966771;unknown;control;2023-02-21 02:00:00+00:00;2.245;;
966771;unknown;control;2023-02-21 02:15:00+00:00;2.293;;
966771;unknown;control;2023-02-21 02:30:00+00:00;2.091;;
966771;unknown;control;2023-02-21 02:45:00+00:00;0.623;;
966771;unknown;control;2023-02-21 03:00:00+00:00;0.343;;
966771;unknown;control;2023-02-21 03:15:00+00:00;0.635;;
966771;unknown;control;2023-02-21 03:30:00+00:00;1.105;;
966771;unknown;control;2023-02-21 03:45:00+00:00;1.114;;
966771;unknown;control;2023-02-21 04:00:00+00:00;1.115;;
966771;unknown;control;2023-02-21 04:15:00+00:00;0.604;;
966771;unknown;control;2023-02-21 04:30:00+00:00;0.342;;
966771;unknown;control;2023-02-21 04:45:00+00:00;0.347;;
966771;unknown;control;2023-02-21 05:00:00+00:00;0.85;;
966771;unknown;control;2023-02-21 05:15:00+00:00;2.28;;
966771;unknown;control;2023-02-21 05:30:00+00:00;2.294;;
966771;unknown;control;2023-02-21 05:45:00+00:00;2.294;;
966771;unknown;control;2023-02-21 06:00:00+00:00;0.363;;
966771;unknown;control;2023-02-21 06:15:00+00:00;0.369;;
966771;unknown;control;2023-02-21 06:30:00+00:00;0.419;;
966771;unknown;control;2023-02-21 06:45:00+00:00;0.996;;
966771;unknown;control;2023-02-21 07:00:00+00:00;1.084;;
966771;unknown;control;2023-02-21 07:15:00+00:00;0.903;;
966771;unknown;control;2023-02-21 07:30:00+00:00;0.211;;
966771;unknown;control;2023-02-21 07:45:00+00:00;0.119;;
966771;unknown;control;2023-02-21 08:00:00+00:00;0.165;;
966771;unknown;control;2023-02-21 08:15:00+00:00;0.115;;
966771;unknown;control;2023-02-21 08:30:00+00:00;0.11;;
966771;unknown;control;2023-02-21 08:45:00+00:00;0.103;;
966771;unknown;control;2023-02-21 09:00:00+00:00;0.255;;
966771;unknown;control;2023-02-21 09:15:00+00:00;0.26;;
966771;unknown;control;2023-02-21 09:30:00+00:00;0.233;;
966771;unknown;control;2023-02-21 09:45:00+00:00;0.234;;
966771;unknown;control;2023-02-21 10:00:00+00:00;0.21;;
966771;unknown;control;2023-02-21 10:15:00+00:00;0.193;;
966771;unknown;control;2023-02-21 10:30:00+00:00;0.192;;
966771;unknown;control;2023-02-21 10:45:00+00:00;0.138;;
966771;unknown;control;2023-02-21 11:00:00+00:00;0.131;;
966771;unknown;control;2023-02-21 11:15:00+00:00;0.122;;
966771;unknown;control;2023-02-21 11:30:00+00:00;0.11;;
966771;unknown;control;2023-02-21 11:45:00+00:00;0.123;;
966771;unknown;control;2023-02-21 12:00:00+00:00;0.134;;
966771;unknown;control;2023-02-21 12:15:00+00:00;0.116;;
966771;unknown;control;2023-02-21 12:30:00+00:00;0.117;;
966771;unknown;control;2023-02-21 12:45:00+00:00;0.121;;
966771;unknown;control;2023-02-21 13:00:00+00:00;0.113;;
966771;unknown;control;2023-02-21 13:15:00+00:00;0.119;;
966771;unknown;control;2023-02-21 13:30:00+00:00;0.114;;
966771;unknown;control;2023-02-21 13:45:00+00:00;0.115;;
966771;unknown;control;2023-02-21 14:00:00+00:00;0.122;;
966771;unknown;control;2023-02-21 14:15:00+00:00;0.112;;
966771;unknown;control;2023-02-21 14:30:00+00:00;0.115;;
966771;unknown;control;2023-02-21 14:45:00+00:00;0.124;;
966771;unknown;control;2023-02-21 15:00:00+00:00;0.104;;
966771;unknown;control;2023-02-21 15:15:00+00:00;0.094;;
966771;unknown;control;2023-02-21 15:30:00+00:00;0.103;;
966771;unknown;control;2023-02-21 15:45:00+00:00;0.283;;
966771;unknown;control;2023-02-21 16:00:00+00:00;0.31;;
966771;unknown;control;2023-02-21 16:15:00+00:00;0.252;;
966771;unknown;control;2023-02-21 16:30:00+00:00;0.268;;
966771;unknown;control;2023-02-21 16:45:00+00:00;0.274;;
966771;unknown;control;2023-02-21 17:00:00+00:00;0.311;;
966771;unknown;control;2023-02-21 17:15:00+00:00;0.36;;
966771;unknown;control;2023-02-21 17:30:00+00:00;0.351;;
966771;unknown;control;2023-02-21 17:45:00+00:00;0.755;;
966771;unknown;control;2023-02-21 18:00:00+00:00;1.018;;
966771;unknown;control;2023-02-21 18:15:00+00:00;0.303;;
966771;unknown;control;2023-02-21 18:30:00+00:00;0.251;;
966771;unknown;control;2023-02-21 18:45:00+00:00;0.92;;
966771;unknown;control;2023-02-21 19:00:00+00:00;1.069;;
966771;unknown;control;2023-02-21 19:15:00+00:00;0.769;;
966771;unknown;control;2023-02-21 19:30:00+00:00;0.319;;
966771;unknown;control;2023-02-21 19:45:00+00:00;0.335;;
966771;unknown;control;2023-02-21 20:00:00+00:00;0.942;;
966771;unknown;control;2023-02-21 20:15:00+00:00;1.107;;
966771;unknown;control;2023-02-21 20:30:00+00:00;0.94;;
966771;unknown;control;2023-02-21 20:45:00+00:00;1.114;;
966771;unknown;control;2023-02-21 21:00:00+00:00;0.785;;
966771;unknown;control;2023-02-21 21:15:00+00:00;0.317;;
966771;unknown;control;2023-02-21 21:30:00+00:00;0.326;;
966771;unknown;control;2023-02-21 21:45:00+00:00;0.976;;
966771;unknown;control;2023-02-21 22:00:00+00:00;1.082;;
966771;unknown;control;2023-02-21 22:15:00+00:00;0.923;;
966771;unknown;control;2023-02-21 22:30:00+00:00;1.034;;
966771;unknown;control;2023-02-21 22:45:00+00:00;0.927;;
966771;unknown;control;2023-02-21 23:00:00+00:00;0.317;;
966771;unknown;control;2023-02-21 23:15:00+00:00;0.312;;
966771;unknown;control;2023-02-21 23:30:00+00:00;0.805;;
966771;unknown;control;2023-02-21 23:45:00+00:00;1.087;;
966771;unknown;control;2023-02-22 00:00:00+00:00;0.894;;
966771;unknown;control;2023-02-22 00:15:00+00:00;0.311;;
966771;unknown;control;2023-02-22 00:30:00+00:00;0.33;;
966771;unknown;control;2023-02-22 00:45:00+00:00;0.666;;
966771;unknown;control;2023-02-22 01:00:00+00:00;1.074;;
966771;unknown;control;2023-02-22 01:15:00+00:00;1.118;;
966771;unknown;control;2023-02-22 01:30:00+00:00;2.276;;
966771;unknown;control;2023-02-22 01:45:00+00:00;2.277;;
966771;unknown;control;2023-02-22 02:00:00+00:00;1.652;;
966771;unknown;control;2023-02-22 02:15:00+00:00;1.507;;
966771;unknown;control;2023-02-22 02:30:00+00:00;1.689;;
966771;unknown;control;2023-02-22 02:45:00+00:00;2.256;;
966771;unknown;control;2023-02-22 03:00:00+00:00;2.278;;
966771;unknown;control;2023-02-22 03:15:00+00:00;2.31;;
966771;unknown;control;2023-02-22 03:30:00+00:00;2.295;;
966771;unknown;control;2023-02-22 03:45:00+00:00;2.318;;
966771;unknown;control;2023-02-22 04:00:00+00:00;1.237;;
966771;unknown;control;2023-02-22 04:15:00+00:00;0.57;;
966771;unknown;control;2023-02-22 04:30:00+00:00;0.33;;
966771;unknown;control;2023-02-22 04:45:00+00:00;0.432;;
966771;unknown;control;2023-02-22 05:00:00+00:00;1.081;;
966771;unknown;control;2023-02-22 05:15:00+00:00;1.343;;
966771;unknown;control;2023-02-22 05:30:00+00:00;2.272;;
966771;unknown;control;2023-02-22 05:45:00+00:00;2.023;;
966771;unknown;control;2023-02-22 06:00:00+00:00;0.337;;
966771;unknown;control;2023-02-22 06:15:00+00:00;0.342;;
966771;unknown;control;2023-02-22 06:30:00+00:00;0.356;;
966771;unknown;control;2023-02-22 06:45:00+00:00;0.96;;
966771;unknown;control;2023-02-22 07:00:00+00:00;1.046;;
966771;unknown;control;2023-02-22 07:15:00+00:00;1.03;;
966771;unknown;control;2023-02-22 07:30:00+00:00;0.24;;
966771;unknown;control;2023-02-22 07:45:00+00:00;0.287;;
966771;unknown;control;2023-02-22 08:00:00+00:00;0.217;;
966771;unknown;control;2023-02-22 08:15:00+00:00;0.166;;
966771;unknown;control;2023-02-22 08:30:00+00:00;0.117;;
966771;unknown;control;2023-02-22 08:45:00+00:00;0.116;;
966771;unknown;control;2023-02-22 09:00:00+00:00;0.106;;
966771;unknown;control;2023-02-22 09:15:00+00:00;0.109;;
966771;unknown;control;2023-02-22 09:30:00+00:00;0.118;;
966771;unknown;control;2023-02-22 09:45:00+00:00;0.113;;
966771;unknown;control;2023-02-22 10:00:00+00:00;0.11;;
966771;unknown;control;2023-02-22 10:15:00+00:00;0.367;;
966771;unknown;control;2023-02-22 10:30:00+00:00;0.219;;
966771;unknown;control;2023-02-22 10:45:00+00:00;0.133;;
966771;unknown;control;2023-02-22 11:00:00+00:00;0.118;;
966771;unknown;control;2023-02-22 11:15:00+00:00;0.111;;
966771;unknown;control;2023-02-22 11:30:00+00:00;0.121;;
966771;unknown;control;2023-02-22 11:45:00+00:00;0.116;;
966771;unknown;control;2023-02-22 12:00:00+00:00;0.113;;
966771;unknown;control;2023-02-22 12:15:00+00:00;0.139;;
966771;unknown;control;2023-02-22 12:30:00+00:00;0.128;;
966771;unknown;control;2023-02-22 12:45:00+00:00;0.117;;
966771;unknown;control;2023-02-22 13:00:00+00:00;0.127;;
966771;unknown;control;2023-02-22 13:15:00+00:00;0.118;;
966771;unknown;control;2023-02-22 13:30:00+00:00;0.121;;
966771;unknown;control;2023-02-22 13:45:00+00:00;0.123;;
966771;unknown;control;2023-02-22 14:00:00+00:00;0.114;;
966771;unknown;control;2023-02-22 14:15:00+00:00;0.111;;
966771;unknown;control;2023-02-22 14:30:00+00:00;0.122;;
966771;unknown;control;2023-02-22 14:45:00+00:00;0.112;;
966771;unknown;control;2023-02-22 15:00:00+00:00;0.104;;
966771;unknown;control;2023-02-22 15:15:00+00:00;0.118;;
966771;unknown;control;2023-02-22 15:30:00+00:00;0.093;;
966771;unknown;control;2023-02-22 15:45:00+00:00;0.111;;
966771;unknown;control;2023-02-22 16:00:00+00:00;0.121;;
966771;unknown;control;2023-02-22 16:15:00+00:00;0.153;;
966771;unknown;control;2023-02-22 16:30:00+00:00;0.16;;
966771;unknown;control;2023-02-22 16:45:00+00:00;0.377;;
966771;unknown;control;2023-02-22 17:00:00+00:00;0.2;;
966771;unknown;control;2023-02-22 17:15:00+00:00;0.25;;
966771;unknown;control;2023-02-22 17:30:00+00:00;0.378;;
966771;unknown;control;2023-02-22 17:45:00+00:00;0.329;;
966771;unknown;control;2023-02-22 18:00:00+00:00;0.337;;
966771;unknown;control;2023-02-22 18:15:00+00:00;0.361;;
966771;unknown;control;2023-02-22 18:30:00+00:00;0.255;;
966771;unknown;control;2023-02-22 18:45:00+00:00;0.255;;
966771;unknown;control;2023-02-22 19:00:00+00:00;0.251;;
966771;unknown;control;2023-02-22 19:15:00+00:00;0.26;;
966771;unknown;control;2023-02-22 19:30:00+00:00;0.307;;
966771;unknown;control;2023-02-22 19:45:00+00:00;0.25;;
966771;unknown;control;2023-02-22 20:00:00+00:00;0.301;;
966771;unknown;control;2023-02-22 20:15:00+00:00;0.301;;
966771;unknown;control;2023-02-22 20:30:00+00:00;0.263;;
966771;unknown;control;2023-02-22 20:45:00+00:00;0.304;;
966771;unknown;control;2023-02-22 21:00:00+00:00;0.246;;
966771;unknown;control;2023-02-22 21:15:00+00:00;0.242;;
966771;unknown;control;2023-02-22 21:30:00+00:00;0.191;;
966771;unknown;control;2023-02-22 21:45:00+00:00;0.16;;
966771;unknown;control;2023-02-22 22:00:00+00:00;0.209;;
966771;unknown;control;2023-02-22 22:15:00+00:00;0.186;;
966771;unknown;control;2023-02-22 22:30:00+00:00;0.186;;
966771;unknown;control;2023-02-22 22:45:00+00:00;0.207;;
966771;unknown;control;2023-02-22 23:00:00+00:00;0.159;;
966771;unknown;control;2023-02-22 23:15:00+00:00;0.205;;
966771;unknown;control;2023-02-22 23:30:00+00:00;0.214;;
966771;unknown;control;2023-02-22 23:45:00+00:00;0.207;;
966771;unknown;control;2023-02-23 00:00:00+00:00;0.155;;
966771;unknown;control;2023-02-23 00:15:00+00:00;0.209;;
966771;unknown;control;2023-02-23 00:30:00+00:00;0.202;;
966771;unknown;control;2023-02-23 00:45:00+00:00;0.205;;
966771;unknown;control;2023-02-23 01:00:00+00:00;0.652;;
966771;unknown;control;2023-02-23 01:15:00+00:00;0.682;;
966771;unknown;control;2023-02-23 01:30:00+00:00;1.429;;
966771;unknown;control;2023-02-23 01:45:00+00:00;1.438;;
966771;unknown;control;2023-02-23 02:00:00+00:00;1.415;;
966771;unknown;control;2023-02-23 02:15:00+00:00;1.436;;
966771;unknown;control;2023-02-23 02:30:00+00:00;1.405;;
966771;unknown;control;2023-02-23 02:45:00+00:00;1.426;;
966771;unknown;control;2023-02-23 03:00:00+00:00;0.722;;
966771;unknown;control;2023-02-23 03:15:00+00:00;0.203;;
966771;unknown;control;2023-02-23 03:30:00+00:00;0.222;;
966771;unknown;control;2023-02-23 03:45:00+00:00;0.693;;
966771;unknown;control;2023-02-23 04:00:00+00:00;0.82;;
966771;unknown;control;2023-02-23 04:15:00+00:00;0.237;;
966771;unknown;control;2023-02-23 04:30:00+00:00;0.204;;
966771;unknown;control;2023-02-23 04:45:00+00:00;0.201;;
966771;unknown;control;2023-02-23 05:00:00+00:00;0.576;;
966771;unknown;control;2023-02-23 05:15:00+00:00;0.774;;
966771;unknown;control;2023-02-23 05:30:00+00:00;0.206;;
966771;unknown;control;2023-02-23 05:45:00+00:00;0.509;;
966771;unknown;control;2023-02-23 06:00:00+00:00;0.894;;
966771;unknown;control;2023-02-23 06:15:00+00:00;0.27;;
966771;unknown;control;2023-02-23 06:30:00+00:00;0.307;;
966771;unknown;control;2023-02-23 06:45:00+00:00;0.725;;
966771;unknown;control;2023-02-23 07:00:00+00:00;0.365;;
966771;unknown;control;2023-02-23 07:15:00+00:00;0.748;;
966771;unknown;control;2023-02-23 07:30:00+00:00;0.394;;
966771;unknown;control;2023-02-23 07:45:00+00:00;0.748;;
966771;unknown;control;2023-02-23 08:00:00+00:00;0.399;;
966771;unknown;control;2023-02-23 08:15:00+00:00;0.298;;
966771;unknown;control;2023-02-23 08:30:00+00:00;0.173;;
966771;unknown;control;2023-02-23 08:45:00+00:00;0.247;;
966771;unknown;control;2023-02-23 09:00:00+00:00;0.152;;
966771;unknown;control;2023-02-23 09:15:00+00:00;0.156;;
966771;unknown;control;2023-02-23 09:30:00+00:00;0.121;;
966771;unknown;control;2023-02-23 09:45:00+00:00;0.115;;
966771;unknown;control;2023-02-23 10:00:00+00:00;0.122;;
966771;unknown;control;2023-02-23 10:15:00+00:00;0.114;;
966771;unknown;control;2023-02-23 10:30:00+00:00;0.122;;
966771;unknown;control;2023-02-23 10:45:00+00:00;0.123;;
966771;unknown;control;2023-02-23 11:00:00+00:00;0.111;;
966771;unknown;control;2023-02-23 11:15:00+00:00;0.114;;
966771;unknown;control;2023-02-23 11:30:00+00:00;0.113;;
966771;unknown;control;2023-02-23 11:45:00+00:00;0.121;;
966771;unknown;control;2023-02-23 12:00:00+00:00;0.107;;
966771;unknown;control;2023-02-23 12:15:00+00:00;0.099;;
966771;unknown;control;2023-02-23 12:30:00+00:00;0.09;;
966771;unknown;control;2023-02-23 12:45:00+00:00;0.101;;
966771;unknown;control;2023-02-23 13:00:00+00:00;0.097;;
966771;unknown;control;2023-02-23 13:15:00+00:00;0.099;;
966771;unknown;control;2023-02-23 13:30:00+00:00;0.103;;
966771;unknown;control;2023-02-23 13:45:00+00:00;0.09;;
966771;unknown;control;2023-02-23 14:00:00+00:00;0.094;;
966771;unknown;control;2023-02-23 14:15:00+00:00;0.102;;
966771;unknown;control;2023-02-23 14:30:00+00:00;0.094;;
966771;unknown;control;2023-02-23 14:45:00+00:00;0.311;;
966771;unknown;control;2023-02-23 15:00:00+00:00;0.355;;
966771;unknown;control;2023-02-23 15:15:00+00:00;0.39;;
966771;unknown;control;2023-02-23 15:30:00+00:00;0.354;;
966771;unknown;control;2023-02-23 15:45:00+00:00;0.259;;
966771;unknown;control;2023-02-23 16:00:00+00:00;0.27;;
966771;unknown;control;2023-02-23 16:15:00+00:00;0.525;;
966771;unknown;control;2023-02-23 16:30:00+00:00;0.427;;
966771;unknown;control;2023-02-23 16:45:00+00:00;0.668;;
966771;unknown;control;2023-02-23 17:00:00+00:00;0.245;;
966771;unknown;control;2023-02-23 17:15:00+00:00;0.292;;
966771;unknown;control;2023-02-23 17:30:00+00:00;0.312;;
966771;unknown;control;2023-02-23 17:45:00+00:00;0.285;;
966771;unknown;control;2023-02-23 18:00:00+00:00;0.26;;
966771;unknown;control;2023-02-23 18:15:00+00:00;0.722;;
966771;unknown;control;2023-02-23 18:30:00+00:00;0.91;;
966771;unknown;control;2023-02-23 18:45:00+00:00;0.274;;
966771;unknown;control;2023-02-23 19:00:00+00:00;0.321;;
966771;unknown;control;2023-02-23 19:15:00+00:00;0.872;;
966771;unknown;control;2023-02-23 19:30:00+00:00;0.826;;
966771;unknown;control;2023-02-23 19:45:00+00:00;0.285;;
966771;unknown;control;2023-02-23 20:00:00+00:00;0.338;;
966771;unknown;control;2023-02-23 20:15:00+00:00;0.719;;
966771;unknown;control;2023-02-23 20:30:00+00:00;1.117;;
966771;unknown;control;2023-02-23 20:45:00+00:00;0.568;;
966771;unknown;control;2023-02-23 21:00:00+00:00;0.38;;
966771;unknown;control;2023-02-23 21:15:00+00:00;0.393;;
966771;unknown;control;2023-02-23 21:30:00+00:00;0.511;;
966771;unknown;control;2023-02-23 21:45:00+00:00;1.103;;
966771;unknown;control;2023-02-23 22:00:00+00:00;1.004;;
966771;unknown;control;2023-02-23 22:15:00+00:00;0.353;;
966771;unknown;control;2023-02-23 22:30:00+00:00;0.386;;
966771;unknown;control;2023-02-23 22:45:00+00:00;0.359;;
966771;unknown;control;2023-02-23 23:00:00+00:00;0.763;;
966771;unknown;control;2023-02-23 23:15:00+00:00;1.057;;
966771;unknown;control;2023-02-23 23:30:00+00:00;0.978;;
966771;unknown;control;2023-02-23 23:45:00+00:00;0.305;;
966771;unknown;control;2023-02-24 00:00:00+00:00;0.338;;
966771;unknown;control;2023-02-24 00:15:00+00:00;1.002;;
966771;unknown;control;2023-02-24 00:30:00+00:00;1.068;;
966771;unknown;control;2023-02-24 00:45:00+00:00;0.496;;
966771;unknown;control;2023-02-24 01:00:00+00:00;0.305;;
966771;unknown;control;2023-02-24 01:15:00+00:00;0.328;;
966771;unknown;control;2023-02-24 01:30:00+00:00;2.064;;
966771;unknown;control;2023-02-24 01:45:00+00:00;2.234;;
966771;unknown;control;2023-02-24 02:00:00+00:00;2.255;;
966771;unknown;control;2023-02-24 02:15:00+00:00;1.626;;
966771;unknown;control;2023-02-24 02:30:00+00:00;1.502;;
966771;unknown;control;2023-02-24 02:45:00+00:00;1.811;;
966771;unknown;control;2023-02-24 03:00:00+00:00;2.239;;
966771;unknown;control;2023-02-24 03:15:00+00:00;2.283;;
966771;unknown;control;2023-02-24 03:30:00+00:00;0.917;;
966771;unknown;control;2023-02-24 03:45:00+00:00;0.295;;
966771;unknown;control;2023-02-24 04:00:00+00:00;0.387;;
966771;unknown;control;2023-02-24 04:15:00+00:00;0.499;;
966771;unknown;control;2023-02-24 04:30:00+00:00;1.006;;
966771;unknown;control;2023-02-24 04:45:00+00:00;1.045;;
966771;unknown;control;2023-02-24 05:00:00+00:00;0.538;;
966771;unknown;control;2023-02-24 05:15:00+00:00;0.295;;
966771;unknown;control;2023-02-24 05:30:00+00:00;0.27;;
966771;unknown;control;2023-02-24 05:45:00+00:00;0.437;;
966771;unknown;control;2023-02-24 06:00:00+00:00;0.282;;
966771;unknown;control;2023-02-24 06:15:00+00:00;0.833;;
966771;unknown;control;2023-02-24 06:30:00+00:00;0.992;;
966771;unknown;control;2023-02-24 06:45:00+00:00;0.599;;
966771;unknown;control;2023-02-24 07:00:00+00:00;0.233;;
966771;unknown;control;2023-02-24 07:15:00+00:00;0.23;;
966771;unknown;control;2023-02-24 07:30:00+00:00;0.233;;
966771;unknown;control;2023-02-24 07:45:00+00:00;0.183;;
966771;unknown;control;2023-02-24 08:00:00+00:00;0.109;;
966771;unknown;control;2023-02-24 08:15:00+00:00;0.113;;
966771;unknown;control;2023-02-24 08:30:00+00:00;0.161;;
966771;unknown;control;2023-02-24 08:45:00+00:00;0.127;;
966771;unknown;control;2023-02-24 09:00:00+00:00;0.125;;
966771;unknown;control;2023-02-24 09:15:00+00:00;0.134;;
966771;unknown;control;2023-02-24 09:30:00+00:00;0.13;;
966771;unknown;control;2023-02-24 09:45:00+00:00;0.128;;
966771;unknown;control;2023-02-24 10:00:00+00:00;0.115;;
966771;unknown;control;2023-02-24 10:15:00+00:00;0.118;;
966771;unknown;control;2023-02-24 10:30:00+00:00;0.12;;
966771;unknown;control;2023-02-24 10:45:00+00:00;0.111;;
966771;unknown;control;2023-02-24 11:00:00+00:00;0.116;;
966771;unknown;control;2023-02-24 11:15:00+00:00;0.115;;
966771;unknown;control;2023-02-24 11:30:00+00:00;0.105;;
966771;unknown;control;2023-02-24 11:45:00+00:00;0.112;;
966771;unknown;control;2023-02-24 12:00:00+00:00;0.109;;
966771;unknown;control;2023-02-24 12:15:00+00:00;0.111;;
966771;unknown;control;2023-02-24 12:30:00+00:00;0.118;;
966771;unknown;control;2023-02-24 12:45:00+00:00;0.107;;
966771;unknown;control;2023-02-24 13:00:00+00:00;0.108;;
966771;unknown;control;2023-02-24 13:15:00+00:00;0.118;;
966771;unknown;control;2023-02-24 13:30:00+00:00;0.11;;
966771;unknown;control;2023-02-24 13:45:00+00:00;0.108;;
966771;unknown;control;2023-02-24 14:00:00+00:00;0.114;;
966771;unknown;control;2023-02-24 14:15:00+00:00;0.109;;
966771;unknown;control;2023-02-24 14:30:00+00:00;0.113;;
966771;unknown;control;2023-02-24 14:45:00+00:00;0.111;;
966771;unknown;control;2023-02-24 15:00:00+00:00;0.096;;
966771;unknown;control;2023-02-24 15:15:00+00:00;0.102;;
966771;unknown;control;2023-02-24 15:30:00+00:00;0.097;;
966771;unknown;control;2023-02-24 15:45:00+00:00;0.09;;
966771;unknown;control;2023-02-24 16:00:00+00:00;0.1;;
966771;unknown;control;2023-02-24 16:15:00+00:00;0.141;;
966771;unknown;control;2023-02-24 16:30:00+00:00;0.568;;
966771;unknown;control;2023-02-24 16:45:00+00:00;0.152;;
966771;unknown;control;2023-02-24 17:00:00+00:00;0.148;;
966771;unknown;control;2023-02-24 17:15:00+00:00;0.209;;
966771;unknown;control;2023-02-24 17:30:00+00:00;0.212;;
966771;unknown;control;2023-02-24 17:45:00+00:00;0.164;;
966771;unknown;control;2023-02-24 18:00:00+00:00;0.21;;
966771;unknown;control;2023-02-24 18:15:00+00:00;0.168;;
966771;unknown;control;2023-02-24 18:30:00+00:00;0.201;;
966771;unknown;control;2023-02-24 18:45:00+00:00;0.17;;
966771;unknown;control;2023-02-24 19:00:00+00:00;0.205;;
966771;unknown;control;2023-02-24 19:15:00+00:00;0.192;;
966771;unknown;control;2023-02-24 19:30:00+00:00;0.182;;
966771;unknown;control;2023-02-24 19:45:00+00:00;0.177;;
966771;unknown;control;2023-02-24 20:00:00+00:00;0.193;;
966771;unknown;control;2023-02-24 20:15:00+00:00;0.211;;
966771;unknown;control;2023-02-24 20:30:00+00:00;0.16;;
966771;unknown;control;2023-02-24 20:45:00+00:00;0.201;;
966771;unknown;control;2023-02-24 21:00:00+00:00;0.203;;
966771;unknown;control;2023-02-24 21:15:00+00:00;0.193;;
966771;unknown;control;2023-02-24 21:30:00+00:00;0.152;;
966771;unknown;control;2023-02-24 21:45:00+00:00;0.248;;
966771;unknown;control;2023-02-24 22:00:00+00:00;0.238;;
966771;unknown;control;2023-02-24 22:15:00+00:00;0.239;;
966771;unknown;control;2023-02-24 22:30:00+00:00;0.208;;
966771;unknown;control;2023-02-24 22:45:00+00:00;0.21;;
966771;unknown;control;2023-02-24 23:00:00+00:00;0.199;;
966771;unknown;control;2023-02-24 23:15:00+00:00;0.195;;
966771;unknown;control;2023-02-24 23:30:00+00:00;0.202;;
966771;unknown;control;2023-02-24 23:45:00+00:00;0.214;;
966771;unknown;control;2023-02-25 00:00:00+00:00;0.691;;
966771;unknown;control;2023-02-25 00:15:00+00:00;0.999;;
966771;unknown;control;2023-02-25 00:30:00+00:00;0.498;;
966771;unknown;control;2023-02-25 00:45:00+00:00;0.234;;
966771;unknown;control;2023-02-25 01:00:00+00:00;0.408;;
966771;unknown;control;2023-02-25 01:15:00+00:00;0.999;;
966771;unknown;control;2023-02-25 01:30:00+00:00;1.565;;
966771;unknown;control;2023-02-25 01:45:00+00:00;1.474;;
966771;unknown;control;2023-02-25 02:00:00+00:00;1.433;;
966771;unknown;control;2023-02-25 02:15:00+00:00;1.58;;
966771;unknown;control;2023-02-25 02:30:00+00:00;2.202;;
966771;unknown;control;2023-02-25 02:45:00+00:00;2.002;;
966771;unknown;control;2023-02-25 03:00:00+00:00;1.484;;
966771;unknown;control;2023-02-25 03:15:00+00:00;1.437;;
966771;unknown;control;2023-02-25 03:30:00+00:00;1.681;;
966771;unknown;control;2023-02-25 03:45:00+00:00;1.942;;
966771;unknown;control;2023-02-25 04:00:00+00:00;0.524;;
966771;unknown;control;2023-02-25 04:15:00+00:00;0.206;;
966771;unknown;control;2023-02-25 04:30:00+00:00;0.263;;
966771;unknown;control;2023-02-25 04:45:00+00:00;0.229;;
966771;unknown;control;2023-02-25 05:00:00+00:00;0.926;;
966771;unknown;control;2023-02-25 05:15:00+00:00;0.701;;
966771;unknown;control;2023-02-25 05:30:00+00:00;0.275;;
966771;unknown;control;2023-02-25 05:45:00+00:00;0.23;;
966771;unknown;control;2023-02-25 06:00:00+00:00;0.28;;
966771;unknown;control;2023-02-25 06:15:00+00:00;0.214;;
966771;unknown;control;2023-02-25 06:30:00+00:00;0.951;;
966771;unknown;control;2023-02-25 06:45:00+00:00;0.632;;
966771;unknown;control;2023-02-25 07:00:00+00:00;0.21;;
966771;unknown;control;2023-02-25 07:15:00+00:00;0.206;;
966771;unknown;control;2023-02-25 07:30:00+00:00;0.177;;
966771;unknown;control;2023-02-25 07:45:00+00:00;0.206;;
966771;unknown;control;2023-02-25 08:00:00+00:00;0.212;;
966771;unknown;control;2023-02-25 08:15:00+00:00;0.171;;
966771;unknown;control;2023-02-25 08:30:00+00:00;0.2;;
966771;unknown;control;2023-02-25 08:45:00+00:00;0.481;;
966771;unknown;control;2023-02-25 09:00:00+00:00;0.917;;
966771;unknown;control;2023-02-25 09:15:00+00:00;0.435;;
966771;unknown;control;2023-02-25 09:30:00+00:00;0.221;;
966771;unknown;control;2023-02-25 09:45:00+00:00;0.208;;
966771;unknown;control;2023-02-25 10:00:00+00:00;0.21;;
966771;unknown;control;2023-02-25 10:15:00+00:00;0.556;;
966771;unknown;control;2023-02-25 10:30:00+00:00;0.911;;
966771;unknown;control;2023-02-25 10:45:00+00:00;0.356;;
966771;unknown;control;2023-02-25 11:00:00+00:00;0.158;;
966771;unknown;control;2023-02-25 11:15:00+00:00;0.155;;
966771;unknown;control;2023-02-25 11:30:00+00:00;0.157;;
966771;unknown;control;2023-02-25 11:45:00+00:00;0.164;;
966771;unknown;control;2023-02-25 12:00:00+00:00;0.699;;
966771;unknown;control;2023-02-25 12:15:00+00:00;0.899;;
966771;unknown;control;2023-02-25 12:30:00+00:00;0.242;;
966771;unknown;control;2023-02-25 12:45:00+00:00;0.262;;
966771;unknown;control;2023-02-25 13:00:00+00:00;0.211;;
966771;unknown;control;2023-02-25 13:15:00+00:00;0.234;;
966771;unknown;control;2023-02-25 13:30:00+00:00;0.269;;
966771;unknown;control;2023-02-25 13:45:00+00:00;0.875;;
966771;unknown;control;2023-02-25 14:00:00+00:00;0.97;;
966771;unknown;control;2023-02-25 14:15:00+00:00;0.248;;
966771;unknown;control;2023-02-25 14:30:00+00:00;0.21;;
966771;unknown;control;2023-02-25 14:45:00+00:00;0.199;;
966771;unknown;control;2023-02-25 15:00:00+00:00;0.156;;
966771;unknown;control;2023-02-25 15:15:00+00:00;0.811;;
966771;unknown;control;2023-02-25 15:30:00+00:00;0.722;;
966771;unknown;control;2023-02-25 15:45:00+00:00;0.246;;
966771;unknown;control;2023-02-25 16:00:00+00:00;0.239;;
966771;unknown;control;2023-02-25 16:15:00+00:00;0.206;;
966771;unknown;control;2023-02-25 16:30:00+00:00;0.281;;
966771;unknown;control;2023-02-25 16:45:00+00:00;0.23;;
966771;unknown;control;2023-02-25 17:00:00+00:00;0.489;;
966771;unknown;control;2023-02-25 17:15:00+00:00;1.013;;
966771;unknown;control;2023-02-25 17:30:00+00:00;1.045;;
966771;unknown;control;2023-02-25 17:45:00+00:00;0.269;;
966771;unknown;control;2023-02-25 18:00:00+00:00;0.326;;
966771;unknown;control;2023-02-25 18:15:00+00:00;0.352;;
966771;unknown;control;2023-02-25 18:30:00+00:00;0.606;;
966771;unknown;control;2023-02-25 18:45:00+00:00;1.103;;
966771;unknown;control;2023-02-25 19:00:00+00:00;1.116;;
966771;unknown;control;2023-02-25 19:15:00+00:00;1.091;;
966771;unknown;control;2023-02-25 19:30:00+00:00;1.179;;
966771;unknown;control;2023-02-25 19:45:00+00:00;1.172;;
966771;unknown;control;2023-02-25 20:00:00+00:00;1.181;;
966771;unknown;control;2023-02-25 20:15:00+00:00;1.195;;
966771;unknown;control;2023-02-25 20:30:00+00:00;1.053;;
966771;unknown;control;2023-02-25 20:45:00+00:00;1.182;;
966771;unknown;control;2023-02-25 21:00:00+00:00;1.145;;
966771;unknown;control;2023-02-25 21:15:00+00:00;0.407;;
966771;unknown;control;2023-02-25 21:30:00+00:00;0.352;;
966771;unknown;control;2023-02-25 21:45:00+00:00;0.326;;
966771;unknown;control;2023-02-25 22:00:00+00:00;0.318;;
966771;unknown;control;2023-02-25 22:15:00+00:00;0.932;;
966771;unknown;control;2023-02-25 22:30:00+00:00;1.107;;
966771;unknown;control;2023-02-25 22:45:00+00:00;0.555;;
966771;unknown;control;2023-02-25 23:00:00+00:00;0.336;;
966771;unknown;control;2023-02-25 23:15:00+00:00;0.34;;
966771;unknown;control;2023-02-25 23:30:00+00:00;0.654;;
966771;unknown;control;2023-02-25 23:45:00+00:00;1.114;;
966771;unknown;control;2023-02-26 00:00:00+00:00;0.937;;
966771;unknown;control;2023-02-26 00:15:00+00:00;0.346;;
966771;unknown;control;2023-02-26 00:30:00+00:00;0.343;;
966771;unknown;control;2023-02-26 00:45:00+00:00;0.465;;
966771;unknown;control;2023-02-26 01:00:00+00:00;1.094;;
966771;unknown;control;2023-02-26 01:15:00+00:00;1.116;;
966771;unknown;control;2023-02-26 01:30:00+00:00;2.281;;
966771;unknown;control;2023-02-26 01:45:00+00:00;2.316;;
966771;unknown;control;2023-02-26 02:00:00+00:00;1.816;;
966771;unknown;control;2023-02-26 02:15:00+00:00;1.587;;
966771;unknown;control;2023-02-26 02:30:00+00:00;1.616;;
966771;unknown;control;2023-02-26 02:45:00+00:00;2.274;;
966771;unknown;control;2023-02-26 03:00:00+00:00;2.321;;
966771;unknown;control;2023-02-26 03:15:00+00:00;2.332;;
966771;unknown;control;2023-02-26 03:30:00+00:00;1.398;;
966771;unknown;control;2023-02-26 03:45:00+00:00;1.167;;
966771;unknown;control;2023-02-26 04:00:00+00:00;1.198;;
966771;unknown;control;2023-02-26 04:15:00+00:00;0.518;;
966771;unknown;control;2023-02-26 04:30:00+00:00;0.385;;
966771;unknown;control;2023-02-26 04:45:00+00:00;0.404;;
966771;unknown;control;2023-02-26 05:00:00+00:00;0.589;;
966771;unknown;control;2023-02-26 05:15:00+00:00;1.126;;
966771;unknown;control;2023-02-26 05:30:00+00:00;1.132;;
966771;unknown;control;2023-02-26 05:45:00+00:00;1.166;;
966771;unknown;control;2023-02-26 06:00:00+00:00;1.232;;
966771;unknown;control;2023-02-26 06:15:00+00:00;1.187;;
966771;unknown;control;2023-02-26 06:30:00+00:00;1.231;;
966771;unknown;control;2023-02-26 06:45:00+00:00;0.506;;
966771;unknown;control;2023-02-26 07:00:00+00:00;0.352;;
966771;unknown;control;2023-02-26 07:15:00+00:00;0.342;;
966771;unknown;control;2023-02-26 07:30:00+00:00;0.253;;
966771;unknown;control;2023-02-26 07:45:00+00:00;0.578;;
966771;unknown;control;2023-02-26 08:00:00+00:00;0.983;;
966771;unknown;control;2023-02-26 08:15:00+00:00;0.893;;
966771;unknown;control;2023-02-26 08:30:00+00:00;0.553;;
966771;unknown;control;2023-02-26 08:45:00+00:00;0.263;;
966771;unknown;control;2023-02-26 09:00:00+00:00;0.345;;
966771;unknown;control;2023-02-26 09:15:00+00:00;0.498;;
966771;unknown;control;2023-02-26 09:30:00+00:00;0.884;;
966771;unknown;control;2023-02-26 09:45:00+00:00;0.957;;
966771;unknown;control;2023-02-26 10:00:00+00:00;0.466;;
966771;unknown;control;2023-02-26 10:15:00+00:00;0.226;;
966771;unknown;control;2023-02-26 10:30:00+00:00;0.176;;
966771;unknown;control;2023-02-26 10:45:00+00:00;0.654;;
966771;unknown;control;2023-02-26 11:00:00+00:00;0.888;;
966771;unknown;control;2023-02-26 11:15:00+00:00;0.518;;
966771;unknown;control;2023-02-26 11:30:00+00:00;0.197;;
966771;unknown;control;2023-02-26 11:45:00+00:00;0.233;;
966771;unknown;control;2023-02-26 12:00:00+00:00;0.771;;
966771;unknown;control;2023-02-26 12:15:00+00:00;1.071;;
966771;unknown;control;2023-02-26 12:30:00+00:00;1.006;;
966771;unknown;control;2023-02-26 12:45:00+00:00;0.33;;
966771;unknown;control;2023-02-26 13:00:00+00:00;0.245;;
966771;unknown;control;2023-02-26 13:15:00+00:00;0.376;;
966771;unknown;control;2023-02-26 13:30:00+00:00;0.981;;
966771;unknown;control;2023-02-26 13:45:00+00:00;1.059;;
966771;unknown;control;2023-02-26 14:00:00+00:00;0.86;;
966771;unknown;control;2023-02-26 14:15:00+00:00;0.271;;
966771;unknown;control;2023-02-26 14:30:00+00:00;0.296;;
966771;unknown;control;2023-02-26 14:45:00+00:00;0.55;;
966771;unknown;control;2023-02-26 15:00:00+00:00;1.077;;
966771;unknown;control;2023-02-26 15:15:00+00:00;1.107;;
966771;unknown;control;2023-02-26 15:30:00+00:00;0.613;;
966771;unknown;control;2023-02-26 15:45:00+00:00;0.359;;
966771;unknown;control;2023-02-26 16:00:00+00:00;0.374;;
966771;unknown;control;2023-02-26 16:15:00+00:00;1.061;;
966771;unknown;control;2023-02-26 16:30:00+00:00;1.152;;
966771;unknown;control;2023-02-26 16:45:00+00:00;1.095;;
966771;unknown;control;2023-02-26 17:00:00+00:00;0.413;;
966771;unknown;control;2023-02-26 17:15:00+00:00;0.455;;
966771;unknown;control;2023-02-26 17:30:00+00:00;0.494;;
966771;unknown;control;2023-02-26 17:45:00+00:00;1.186;;
966771;unknown;control;2023-02-26 18:00:00+00:00;1.234;;
966771;unknown;control;2023-02-26 18:15:00+00:00;1.214;;
966771;unknown;control;2023-02-26 18:30:00+00:00;1.233;;
966771;unknown;control;2023-02-26 18:45:00+00:00;0.738;;
966771;unknown;control;2023-02-26 19:00:00+00:00;0.503;;
966771;unknown;control;2023-02-26 19:15:00+00:00;0.536;;
966771;unknown;control;2023-02-26 19:30:00+00:00;0.607;;
966771;unknown;control;2023-02-26 19:45:00+00:00;1.236;;
966771;unknown;control;2023-02-26 20:00:00+00:00;1.29;;
966771;unknown;control;2023-02-26 20:15:00+00:00;1.335;;
966771;unknown;control;2023-02-26 20:30:00+00:00;0.858;;
966771;unknown;control;2023-02-26 20:45:00+00:00;0.505;;
966771;unknown;control;2023-02-26 21:00:00+00:00;0.507;;
966771;unknown;control;2023-02-26 21:15:00+00:00;0.775;;
966771;unknown;control;2023-02-26 21:30:00+00:00;0.734;;
966771;unknown;control;2023-02-26 21:45:00+00:00;0.528;;
966771;unknown;control;2023-02-26 22:00:00+00:00;1.129;;
966771;unknown;control;2023-02-26 22:15:00+00:00;1.185;;
966771;unknown;control;2023-02-26 22:30:00+00:00;1.089;;
966771;unknown;control;2023-02-26 22:45:00+00:00;1.189;;
966771;unknown;control;2023-02-26 23:00:00+00:00;1.19;;
966771;unknown;control;2023-02-26 23:15:00+00:00;0.802;;
966771;unknown;control;2023-02-26 23:30:00+00:00;0.41;;
966771;unknown;control;2023-02-26 23:45:00+00:00;0.428;;
966771;unknown;control;2023-02-27 00:00:00+00:00;0.693;;
966771;unknown;control;2023-02-27 00:15:00+00:00;1.177;;
966771;unknown;control;2023-02-27 00:30:00+00:00;1.201;;
966771;unknown;control;2023-02-27 00:45:00+00:00;1.183;;
966771;unknown;control;2023-02-27 01:00:00+00:00;0.974;;
966771;unknown;control;2023-02-27 01:15:00+00:00;0.404;;
966771;unknown;control;2023-02-27 01:30:00+00:00;1.556;;
966771;unknown;control;2023-02-27 01:45:00+00:00;1.675;;
966771;unknown;control;2023-02-27 02:00:00+00:00;2.326;;
966771;unknown;control;2023-02-27 02:15:00+00:00;2.327;;
966771;unknown;control;2023-02-27 02:30:00+00:00;2.347;;
966771;unknown;control;2023-02-27 02:45:00+00:00;2.382;;
966771;unknown;control;2023-02-27 03:00:00+00:00;1.58;;
966771;unknown;control;2023-02-27 03:15:00+00:00;1.532;;
966771;unknown;control;2023-02-27 03:30:00+00:00;0.411;;
966771;unknown;control;2023-02-27 03:45:00+00:00;1.051;;
966771;unknown;control;2023-02-27 04:00:00+00:00;1.179;;
966771;unknown;control;2023-02-27 04:15:00+00:00;0.708;;
966771;unknown;control;2023-02-27 04:30:00+00:00;0.452;;
966771;unknown;control;2023-02-27 04:45:00+00:00;0.698;;
966771;unknown;control;2023-02-27 05:00:00+00:00;1.434;;
966771;unknown;control;2023-02-27 05:15:00+00:00;1.265;;
966771;unknown;control;2023-02-27 05:30:00+00:00;1.276;;
966771;unknown;control;2023-02-27 05:45:00+00:00;1.9;;
966771;unknown;control;2023-02-27 06:00:00+00:00;0.563;;
966771;unknown;control;2023-02-27 06:15:00+00:00;0.892;;
966771;unknown;control;2023-02-27 06:30:00+00:00;0.477;;
966771;unknown;control;2023-02-27 06:45:00+00:00;1.125;;
966771;unknown;control;2023-02-27 07:00:00+00:00;1.195;;
966771;unknown;control;2023-02-27 07:15:00+00:00;1.146;;
966771;unknown;control;2023-02-27 07:30:00+00:00;1.526;;
966771;unknown;control;2023-02-27 07:45:00+00:00;1.356;;
966771;unknown;control;2023-02-27 08:00:00+00:00;0.483;;
966771;unknown;control;2023-02-27 08:15:00+00:00;0.4;;
966771;unknown;control;2023-02-27 08:30:00+00:00;0.398;;
966771;unknown;control;2023-02-27 08:45:00+00:00;0.667;;
966771;unknown;control;2023-02-27 09:00:00+00:00;1.526;;
966771;unknown;control;2023-02-27 09:15:00+00:00;1.292;;
966771;unknown;control;2023-02-27 09:30:00+00:00;1.322;;
966771;unknown;control;2023-02-27 09:45:00+00:00;1.32;;
966771;unknown;control;2023-02-27 10:00:00+00:00;0.674;;
966771;unknown;control;2023-02-27 10:15:00+00:00;0.472;;
966771;unknown;control;2023-02-27 10:30:00+00:00;0.39;;
966771;unknown;control;2023-02-27 10:45:00+00:00;0.805;;
966771;unknown;control;2023-02-27 11:00:00+00:00;0.959;;
966771;unknown;control;2023-02-27 11:15:00+00:00;1.102;;
966771;unknown;control;2023-02-27 11:30:00+00:00;1.099;;
966771;unknown;control;2023-02-27 11:45:00+00:00;1.094;;
966771;unknown;control;2023-02-27 12:00:00+00:00;0.725;;
966771;unknown;control;2023-02-27 12:15:00+00:00;0.302;;
966771;unknown;control;2023-02-27 12:30:00+00:00;0.429;;
966771;unknown;control;2023-02-27 12:45:00+00:00;0.827;;
966771;unknown;control;2023-02-27 13:00:00+00:00;1.161;;
966771;unknown;control;2023-02-27 13:15:00+00:00;1.068;;
966771;unknown;control;2023-02-27 13:30:00+00:00;1.066;;
966771;unknown;control;2023-02-27 13:45:00+00:00;0.402;;
966771;unknown;control;2023-02-27 14:00:00+00:00;0.275;;
966771;unknown;control;2023-02-27 14:15:00+00:00;0.227;;
966771;unknown;control;2023-02-27 14:30:00+00:00;0.27;;
966771;unknown;control;2023-02-27 14:45:00+00:00;0.363;;
966771;unknown;control;2023-02-27 15:00:00+00:00;0.532;;
966771;unknown;control;2023-02-27 15:15:00+00:00;1.087;;
966771;unknown;control;2023-02-27 15:30:00+00:00;1.133;;
966771;unknown;control;2023-02-27 15:45:00+00:00;1.229;;
966771;unknown;control;2023-02-27 16:00:00+00:00;1.104;;
966771;unknown;control;2023-02-27 16:15:00+00:00;1.098;;
966771;unknown;control;2023-02-27 16:30:00+00:00;1.202;;
966771;unknown;control;2023-02-27 16:45:00+00:00;0.755;;
966771;unknown;control;2023-02-27 17:00:00+00:00;0.416;;
966771;unknown;control;2023-02-27 17:15:00+00:00;0.442;;
966771;unknown;control;2023-02-27 17:30:00+00:00;0.894;;
966771;unknown;control;2023-02-27 17:45:00+00:00;1.439;;
966771;unknown;control;2023-02-27 18:00:00+00:00;1.309;;
966771;unknown;control;2023-02-27 18:15:00+00:00;0.589;;
966771;unknown;control;2023-02-27 18:30:00+00:00;0.445;;
966771;unknown;control;2023-02-27 18:45:00+00:00;0.617;;
966771;unknown;control;2023-02-27 19:00:00+00:00;1.195;;
966771;unknown;control;2023-02-27 19:15:00+00:00;1.252;;
966771;unknown;control;2023-02-27 19:30:00+00:00;1.276;;
966771;unknown;control;2023-02-27 19:45:00+00:00;1.247;;
966771;unknown;control;2023-02-27 20:00:00+00:00;0.868;;
966771;unknown;control;2023-02-27 20:15:00+00:00;0.476;;
966771;unknown;control;2023-02-27 20:30:00+00:00;0.852;;
966771;unknown;control;2023-02-27 20:45:00+00:00;1.349;;
966771;unknown;control;2023-02-27 21:00:00+00:00;1.287;;
966771;unknown;control;2023-02-27 21:15:00+00:00;1.268;;
966771;unknown;control;2023-02-27 21:30:00+00:00;0.491;;
966771;unknown;control;2023-02-27 21:45:00+00:00;0.437;;
966771;unknown;control;2023-02-27 22:00:00+00:00;0.413;;
966771;unknown;control;2023-02-27 22:15:00+00:00;0.615;;
966771;unknown;control;2023-02-27 22:30:00+00:00;1.182;;
966771;unknown;control;2023-02-27 22:45:00+00:00;1.192;;
966771;unknown;control;2023-02-27 23:00:00+00:00;1.211;;
966771;unknown;control;2023-02-27 23:15:00+00:00;1.181;;
966771;unknown;control;2023-02-27 23:30:00+00:00;1.195;;
966771;unknown;control;2023-02-27 23:45:00+00:00;1.149;;
966771;unknown;control;2023-02-28 00:00:00+00:00;0.971;;
966771;unknown;control;2023-02-28 00:15:00+00:00;1.177;;
966771;unknown;control;2023-02-28 00:30:00+00:00;1.205;;
966771;unknown;control;2023-02-28 00:45:00+00:00;0.442;;
966771;unknown;control;2023-02-28 01:00:00+00:00;0.401;;
966771;unknown;control;2023-02-28 01:15:00+00:00;0.641;;
966771;unknown;control;2023-02-28 01:30:00+00:00;2.164;;
966771;unknown;control;2023-02-28 01:45:00+00:00;2.329;;
966771;unknown;control;2023-02-28 02:00:00+00:00;2.334;;
966771;unknown;control;2023-02-28 02:15:00+00:00;2.368;;
966771;unknown;control;2023-02-28 02:30:00+00:00;1.639;;
966771;unknown;control;2023-02-28 02:45:00+00:00;1.589;;
966771;unknown;control;2023-02-28 03:00:00+00:00;1.292;;
966771;unknown;control;2023-02-28 03:15:00+00:00;1.15;;
966771;unknown;control;2023-02-28 03:30:00+00:00;1.169;;
966771;unknown;control;2023-02-28 03:45:00+00:00;1.183;;
966771;unknown;control;2023-02-28 04:00:00+00:00;1.197;;
966771;unknown;control;2023-02-28 04:15:00+00:00;0.475;;
966771;unknown;control;2023-02-28 04:30:00+00:00;0.392;;
966771;unknown;control;2023-02-28 04:45:00+00:00;0.382;;
966771;unknown;control;2023-02-28 05:00:00+00:00;0.367;;
966771;unknown;control;2023-02-28 05:15:00+00:00;0.366;;
966771;unknown;control;2023-02-28 05:30:00+00:00;1.1;;
966771;unknown;control;2023-02-28 05:45:00+00:00;1.276;;
966771;unknown;control;2023-02-28 06:00:00+00:00;1.21;;
966771;unknown;control;2023-02-28 06:15:00+00:00;1.224;;
966771;unknown;control;2023-02-28 06:30:00+00:00;1.251;;
966771;unknown;control;2023-02-28 06:45:00+00:00;1.268;;
966771;unknown;control;2023-02-28 07:00:00+00:00;1.141;;
966771;unknown;control;2023-02-28 07:15:00+00:00;0.312;;
966771;unknown;control;2023-02-28 07:30:00+00:00;0.307;;
966771;unknown;control;2023-02-28 07:45:00+00:00;0.328;;
966771;unknown;control;2023-02-28 08:00:00+00:00;0.287;;
966771;unknown;control;2023-02-28 08:15:00+00:00;0.35;;
966771;unknown;control;2023-02-28 08:30:00+00:00;1.032;;
966771;unknown;control;2023-02-28 08:45:00+00:00;1.057;;
966771;unknown;control;2023-02-28 09:00:00+00:00;1.019;;
966771;unknown;control;2023-02-28 09:15:00+00:00;0.578;;
966771;unknown;control;2023-02-28 09:30:00+00:00;0.224;;
966771;unknown;control;2023-02-28 09:45:00+00:00;0.278;;
966771;unknown;control;2023-02-28 10:00:00+00:00;0.726;;
966771;unknown;control;2023-02-28 10:15:00+00:00;1.076;;
966771;unknown;control;2023-02-28 10:30:00+00:00;1.316;;
966771;unknown;control;2023-02-28 10:45:00+00:00;0.836;;
966771;unknown;control;2023-02-28 11:00:00+00:00;0.258;;
966771;unknown;control;2023-02-28 11:15:00+00:00;0.286;;
966771;unknown;control;2023-02-28 11:30:00+00:00;0.266;;
966771;unknown;control;2023-02-28 11:45:00+00:00;0.251;;
966771;unknown;control;2023-02-28 12:00:00+00:00;0.964;;
966771;unknown;control;2023-02-28 12:15:00+00:00;1.282;;
966771;unknown;control;2023-02-28 12:30:00+00:00;1.379;;
966771;unknown;control;2023-02-28 12:45:00+00:00;0.547;;
966771;unknown;control;2023-02-28 13:00:00+00:00;0.65;;
966771;unknown;control;2023-02-28 13:15:00+00:00;0.263;;
966771;unknown;control;2023-02-28 13:30:00+00:00;0.371;;
966771;unknown;control;2023-02-28 13:45:00+00:00;1.041;;
966771;unknown;control;2023-02-28 14:00:00+00:00;1.196;;
966771;unknown;control;2023-02-28 14:15:00+00:00;1.106;;
966771;unknown;control;2023-02-28 14:30:00+00:00;0.471;;
966771;unknown;control;2023-02-28 14:45:00+00:00;0.485;;
966771;unknown;control;2023-02-28 15:00:00+00:00;0.64;;
966771;unknown;control;2023-02-28 15:15:00+00:00;0.604;;
966771;unknown;control;2023-02-28 15:30:00+00:00;0.535;;
966771;unknown;control;2023-02-28 15:45:00+00:00;1.108;;
966771;unknown;control;2023-02-28 16:00:00+00:00;1.227;;
966771;unknown;control;2023-02-28 16:15:00+00:00;1.251;;
966771;unknown;control;2023-02-28 16:30:00+00:00;1.427;;
966771;unknown;control;2023-02-28 16:45:00+00:00;0.886;;
966771;unknown;control;2023-02-28 17:00:00+00:00;0.406;;
966771;unknown;control;2023-02-28 17:15:00+00:00;0.516;;
966771;unknown;control;2023-02-28 17:30:00+00:00;0.838;;
966771;unknown;control;2023-02-28 17:45:00+00:00;1.162;;
966771;unknown;control;2023-02-28 18:00:00+00:00;1.25;;
966771;unknown;control;2023-02-28 18:15:00+00:00;1.212;;
966771;unknown;control;2023-02-28 18:30:00+00:00;1.304;;
966771;unknown;control;2023-02-28 18:45:00+00:00;1.296;;
966771;unknown;control;2023-02-28 19:00:00+00:00;1.142;;
966771;unknown;control;2023-02-28 19:15:00+00:00;1.256;;
966771;unknown;control;2023-02-28 19:30:00+00:00;0.521;;
966771;unknown;control;2023-02-28 19:45:00+00:00;0.506;;
966771;unknown;control;2023-02-28 20:00:00+00:00;1.042;;
966771;unknown;control;2023-02-28 20:15:00+00:00;1.291;;
966771;unknown;control;2023-02-28 20:30:00+00:00;1.314;;
966771;unknown;control;2023-02-28 20:45:00+00:00;1.13;;
966771;unknown;control;2023-02-28 21:00:00+00:00;1.233;;
966771;unknown;control;2023-02-28 21:15:00+00:00;1.183;;
966771;unknown;control;2023-02-28 21:30:00+00:00;0.491;;
966771;unknown;control;2023-02-28 21:45:00+00:00;0.318;;
966771;unknown;control;2023-02-28 22:00:00+00:00;0.557;;
966771;unknown;control;2023-02-28 22:15:00+00:00;0.917;;
966771;unknown;control;2023-02-28 22:30:00+00:00;1.111;;
966771;unknown;control;2023-02-28 22:45:00+00:00;1.122;;
966771;unknown;control;2023-02-28 23:00:00+00:00;1.141;;
966771;unknown;control;2023-02-28 23:15:00+00:00;0.483;;
966771;unknown;control;2023-02-28 23:30:00+00:00;0.372;;
966771;unknown;control;2023-02-28 23:45:00+00:00;0.336;;
966771;unknown;control;2023-03-01 00:00:00+00:00;0.348;;
966771;unknown;control;2023-03-01 00:15:00+00:00;0.363;;
966771;unknown;control;2023-03-01 00:30:00+00:00;0.459;;
966771;unknown;control;2023-03-01 00:45:00+00:00;1.108;;
966771;unknown;control;2023-03-01 01:00:00+00:00;1.127;;
966771;unknown;control;2023-03-01 01:15:00+00:00;1.112;;
966771;unknown;control;2023-03-01 01:30:00+00:00;2.296;;
966771;unknown;control;2023-03-01 01:45:00+00:00;1.88;;
966771;unknown;control;2023-03-01 02:00:00+00:00;1.508;;
966771;unknown;control;2023-03-01 02:15:00+00:00;1.491;;
966771;unknown;control;2023-03-01 02:30:00+00:00;1.542;;
966771;unknown;control;2023-03-01 02:45:00+00:00;1.606;;
966771;unknown;control;2023-03-01 03:00:00+00:00;1.809;;
966771;unknown;control;2023-03-01 03:15:00+00:00;1.109;;
966771;unknown;control;2023-03-01 03:30:00+00:00;1.099;;
966771;unknown;control;2023-03-01 03:45:00+00:00;0.376;;
966771;unknown;control;2023-03-01 04:00:00+00:00;0.338;;
966771;unknown;control;2023-03-01 04:15:00+00:00;0.33;;
966771;unknown;control;2023-03-01 04:30:00+00:00;0.663;;
966771;unknown;control;2023-03-01 04:45:00+00:00;1.079;;
966771;unknown;control;2023-03-01 05:00:00+00:00;1.138;;
966771;unknown;control;2023-03-01 05:15:00+00:00;1.789;;
966771;unknown;control;2023-03-01 05:30:00+00:00;1.564;;
966771;unknown;control;2023-03-01 05:45:00+00:00;1.487;;
966771;unknown;control;2023-03-01 06:00:00+00:00;0.359;;
966771;unknown;control;2023-03-01 06:15:00+00:00;0.348;;
966771;unknown;control;2023-03-01 06:30:00+00:00;0.364;;
966771;unknown;control;2023-03-01 06:45:00+00:00;1.004;;
966771;unknown;control;2023-03-01 07:00:00+00:00;1.142;;
966771;unknown;control;2023-03-01 07:15:00+00:00;1.141;;
966771;unknown;control;2023-03-01 07:30:00+00:00;1.13;;
966771;unknown;control;2023-03-01 07:45:00+00:00;0.687;;
966771;unknown;control;2023-03-01 08:00:00+00:00;0.301;;
966771;unknown;control;2023-03-01 08:15:00+00:00;0.316;;
966771;unknown;control;2023-03-01 08:30:00+00:00;0.33;;
966771;unknown;control;2023-03-01 08:45:00+00:00;0.381;;
966771;unknown;control;2023-03-01 09:00:00+00:00;1.034;;
966771;unknown;control;2023-03-01 09:15:00+00:00;1.084;;
966771;unknown;control;2023-03-01 09:30:00+00:00;1.089;;
966771;unknown;control;2023-03-01 09:45:00+00:00;0.832;;
966771;unknown;control;2023-03-01 10:00:00+00:00;0.29;;
966771;unknown;control;2023-03-01 10:15:00+00:00;0.3;;
966771;unknown;control;2023-03-01 10:30:00+00:00;0.295;;
966771;unknown;control;2023-03-01 10:45:00+00:00;0.416;;
966771;unknown;control;2023-03-01 11:00:00+00:00;1.172;;
966771;unknown;control;2023-03-01 11:15:00+00:00;1.1;;
966771;unknown;control;2023-03-01 11:30:00+00:00;0.319;;
966771;unknown;control;2023-03-01 11:45:00+00:00;0.288;;
966771;unknown;control;2023-03-01 12:00:00+00:00;0.313;;
966771;unknown;control;2023-03-01 12:15:00+00:00;1.002;;
966771;unknown;control;2023-03-01 12:30:00+00:00;1.053;;
966771;unknown;control;2023-03-01 12:45:00+00:00;0.543;;
966771;unknown;control;2023-03-01 13:00:00+00:00;0.633;;
966771;unknown;control;2023-03-01 13:15:00+00:00;0.327;;
966771;unknown;control;2023-03-01 13:30:00+00:00;0.292;;
966771;unknown;control;2023-03-01 13:45:00+00:00;0.351;;
966771;unknown;control;2023-03-01 14:00:00+00:00;1.009;;
966771;unknown;control;2023-03-01 14:15:00+00:00;1.104;;
966771;unknown;control;2023-03-01 14:30:00+00:00;0.69;;
966771;unknown;control;2023-03-01 14:45:00+00:00;0.266;;
966771;unknown;control;2023-03-01 15:00:00+00:00;0.304;;
966771;unknown;control;2023-03-01 15:15:00+00:00;0.411;;
966771;unknown;control;2023-03-01 15:30:00+00:00;1.0;;
966771;unknown;control;2023-03-01 15:45:00+00:00;1.076;;
966771;unknown;control;2023-03-01 16:00:00+00:00;0.739;;
966771;unknown;control;2023-03-01 16:15:00+00:00;0.32;;
966771;unknown;control;2023-03-01 16:30:00+00:00;0.314;;
966771;unknown;control;2023-03-01 16:45:00+00:00;0.395;;
966771;unknown;control;2023-03-01 17:00:00+00:00;1.041;;
966771;unknown;control;2023-03-01 17:15:00+00:00;1.089;;
966771;unknown;control;2023-03-01 17:30:00+00:00;0.528;;
966771;unknown;control;2023-03-01 17:45:00+00:00;0.457;;
966771;unknown;control;2023-03-01 18:00:00+00:00;0.332;;
966771;unknown;control;2023-03-01 18:15:00+00:00;0.609;;
966771;unknown;control;2023-03-01 18:30:00+00:00;1.149;;
966771;unknown;control;2023-03-01 18:45:00+00:00;1.138;;
966771;unknown;control;2023-03-01 19:00:00+00:00;0.457;;
966771;unknown;control;2023-03-01 19:15:00+00:00;0.353;;
966771;unknown;control;2023-03-01 19:30:00+00:00;0.358;;
966771;unknown;control;2023-03-01 19:45:00+00:00;0.882;;
966771;unknown;control;2023-03-01 20:00:00+00:00;1.118;;
966771;unknown;control;2023-03-01 20:15:00+00:00;0.87;;
966771;unknown;control;2023-03-01 20:30:00+00:00;0.291;;
966771;unknown;control;2023-03-01 20:45:00+00:00;0.313;;
966771;unknown;control;2023-03-01 21:00:00+00:00;0.337;;
966771;unknown;control;2023-03-01 21:15:00+00:00;1.008;;
966771;unknown;control;2023-03-01 21:30:00+00:00;0.577;;
966771;unknown;control;2023-03-01 21:45:00+00:00;0.315;;
966771;unknown;control;2023-03-01 22:00:00+00:00;0.455;;
966771;unknown;control;2023-03-01 22:15:00+00:00;1.053;;
966771;unknown;control;2023-03-01 22:30:00+00:00;1.082;;
966771;unknown;control;2023-03-01 22:45:00+00:00;0.639;;
966771;unknown;control;2023-03-01 23:00:00+00:00;0.302;;
966771;unknown;control;2023-03-01 23:15:00+00:00;0.283;;
966771;unknown;control;2023-03-01 23:30:00+00:00;0.491;;
966771;unknown;control;2023-03-01 23:45:00+00:00;1.043;;
966771;unknown;control;2023-03-02 00:00:00+00:00;1.053;;
966771;unknown;control;2023-03-02 00:15:00+00:00;0.569;;
966771;unknown;control;2023-03-02 00:30:00+00:00;0.288;;
966771;unknown;control;2023-03-02 00:45:00+00:00;0.279;;
966771;unknown;control;2023-03-02 01:00:00+00:00;0.503;;
966771;unknown;control;2023-03-02 01:15:00+00:00;1.043;;
966771;unknown;control;2023-03-02 01:30:00+00:00;2.22;;
966771;unknown;control;2023-03-02 01:45:00+00:00;2.249;;
966771;unknown;control;2023-03-02 02:00:00+00:00;2.264;;
966771;unknown;control;2023-03-02 02:15:00+00:00;1.613;;
966771;unknown;control;2023-03-02 02:30:00+00:00;1.511;;
966771;unknown;control;2023-03-02 02:45:00+00:00;1.492;;
966771;unknown;control;2023-03-02 03:00:00+00:00;1.499;;
966771;unknown;control;2023-03-02 03:15:00+00:00;1.651;;
966771;unknown;control;2023-03-02 03:30:00+00:00;2.251;;
966771;unknown;control;2023-03-02 03:45:00+00:00;2.274;;
966771;unknown;control;2023-03-02 04:00:00+00:00;1.733;;
966771;unknown;control;2023-03-02 04:15:00+00:00;1.474;;
966771;unknown;control;2023-03-02 04:30:00+00:00;0.512;;
966771;unknown;control;2023-03-02 04:45:00+00:00;0.339;;
966771;unknown;control;2023-03-02 05:00:00+00:00;0.995;;
966771;unknown;control;2023-03-02 05:15:00+00:00;1.081;;
966771;unknown;control;2023-03-02 05:30:00+00:00;0.679;;
966771;unknown;control;2023-03-02 05:45:00+00:00;0.311;;
966771;unknown;control;2023-03-02 06:00:00+00:00;0.3;;
966771;unknown;control;2023-03-02 06:15:00+00:00;0.294;;
966771;unknown;control;2023-03-02 06:30:00+00:00;0.846;;
966771;unknown;control;2023-03-02 06:45:00+00:00;1.079;;
966771;unknown;control;2023-03-02 07:00:00+00:00;0.874;;
966771;unknown;control;2023-03-02 07:15:00+00:00;0.295;;
966771;unknown;control;2023-03-02 07:30:00+00:00;0.273;;
966771;unknown;control;2023-03-02 07:45:00+00:00;0.268;;
966771;unknown;control;2023-03-02 08:00:00+00:00;0.226;;
966771;unknown;control;2023-03-02 08:15:00+00:00;0.272;;
966771;unknown;control;2023-03-02 08:30:00+00:00;0.524;;
966771;unknown;control;2023-03-02 08:45:00+00:00;1.011;;
966771;unknown;control;2023-03-02 09:00:00+00:00;0.528;;
966771;unknown;control;2023-03-02 09:15:00+00:00;0.216;;
966771;unknown;control;2023-03-02 09:30:00+00:00;0.193;;
966771;unknown;control;2023-03-02 09:45:00+00:00;0.193;;
966771;unknown;control;2023-03-02 10:00:00+00:00;0.29;;
966771;unknown;control;2023-03-02 10:15:00+00:00;0.223;;
966771;unknown;control;2023-03-02 10:30:00+00:00;0.209;;
966771;unknown;control;2023-03-02 10:45:00+00:00;0.166;;
966771;unknown;control;2023-03-02 11:00:00+00:00;0.339;;
966771;unknown;control;2023-03-02 11:15:00+00:00;0.916;;
966771;unknown;control;2023-03-02 11:30:00+00:00;0.671;;
966771;unknown;control;2023-03-02 11:45:00+00:00;0.17;;
966771;unknown;control;2023-03-02 12:00:00+00:00;0.155;;
966771;unknown;control;2023-03-02 12:15:00+00:00;0.161;;
966771;unknown;control;2023-03-02 12:30:00+00:00;0.165;;
966771;unknown;control;2023-03-02 12:45:00+00:00;0.423;;
966771;unknown;control;2023-03-02 13:00:00+00:00;0.916;;
966771;unknown;control;2023-03-02 13:15:00+00:00;0.555;;
966771;unknown;control;2023-03-02 13:30:00+00:00;0.157;;
966771;unknown;control;2023-03-02 13:45:00+00:00;0.197;;
966771;unknown;control;2023-03-02 14:00:00+00:00;0.176;;
966771;unknown;control;2023-03-02 14:15:00+00:00;0.241;;
966771;unknown;control;2023-03-02 14:30:00+00:00;0.225;;
966771;unknown;control;2023-03-02 14:45:00+00:00;0.324;;
966771;unknown;control;2023-03-02 15:00:00+00:00;0.524;;
966771;unknown;control;2023-03-02 15:15:00+00:00;1.275;;
966771;unknown;control;2023-03-02 15:30:00+00:00;0.808;;
966771;unknown;control;2023-03-02 15:45:00+00:00;0.413;;
966771;unknown;control;2023-03-02 16:00:00+00:00;0.278;;
966771;unknown;control;2023-03-02 16:15:00+00:00;0.316;;
966771;unknown;control;2023-03-02 16:30:00+00:00;0.938;;
966771;unknown;control;2023-03-02 16:45:00+00:00;1.357;;
966771;unknown;control;2023-03-02 17:00:00+00:00;0.727;;
966771;unknown;control;2023-03-02 17:15:00+00:00;0.332;;
966771;unknown;control;2023-03-02 17:30:00+00:00;0.309;;
966771;unknown;control;2023-03-02 17:45:00+00:00;0.429;;
966771;unknown;control;2023-03-02 18:00:00+00:00;0.699;;
966771;unknown;control;2023-03-02 18:15:00+00:00;0.7;;
966771;unknown;control;2023-03-02 18:30:00+00:00;0.81;;
966771;unknown;control;2023-03-02 18:45:00+00:00;1.124;;
966771;unknown;control;2023-03-02 19:00:00+00:00;0.872;;
966771;unknown;control;2023-03-02 19:15:00+00:00;0.662;;
966771;unknown;control;2023-03-02 19:30:00+00:00;0.379;;
966771;unknown;control;2023-03-02 19:45:00+00:00;0.895;;
966771;unknown;control;2023-03-02 20:00:00+00:00;1.139;;
966771;unknown;control;2023-03-02 20:15:00+00:00;0.547;;
966771;unknown;control;2023-03-02 20:30:00+00:00;0.335;;
966771;unknown;control;2023-03-02 20:45:00+00:00;0.343;;
966771;unknown;control;2023-03-02 21:00:00+00:00;0.737;;
966771;unknown;control;2023-03-02 21:15:00+00:00;1.049;;
966771;unknown;control;2023-03-02 21:30:00+00:00;0.526;;
966771;unknown;control;2023-03-02 21:45:00+00:00;0.288;;
966771;unknown;control;2023-03-02 22:00:00+00:00;0.303;;
966771;unknown;control;2023-03-02 22:15:00+00:00;0.501;;
966771;unknown;control;2023-03-02 22:30:00+00:00;1.069;;
966771;unknown;control;2023-03-02 22:45:00+00:00;1.087;;
966771;unknown;control;2023-03-02 23:00:00+00:00;1.066;;
966771;unknown;control;2023-03-02 23:15:00+00:00;0.525;;
966771;unknown;control;2023-03-02 23:30:00+00:00;0.292;;
966771;unknown;control;2023-03-02 23:45:00+00:00;0.294;;
966771;unknown;control;2023-03-03 00:00:00+00:00;0.304;;
966771;unknown;control;2023-03-03 00:15:00+00:00;0.296;;
966771;unknown;control;2023-03-03 00:30:00+00:00;0.769;;
966771;unknown;control;2023-03-03 00:45:00+00:00;1.067;;
966771;unknown;control;2023-03-03 01:00:00+00:00;1.071;;
966771;unknown;control;2023-03-03 01:15:00+00:00;1.031;;
966771;unknown;control;2023-03-03 01:30:00+00:00;1.464;;
966771;unknown;control;2023-03-03 01:45:00+00:00;1.489;;
966771;unknown;control;2023-03-03 02:00:00+00:00;1.565;;
966771;unknown;control;2023-03-03 02:15:00+00:00;2.191;;
966771;unknown;control;2023-03-03 02:30:00+00:00;1.849;;
966771;unknown;control;2023-03-03 02:45:00+00:00;0.847;;
966771;unknown;control;2023-03-03 03:00:00+00:00;0.3;;
966771;unknown;control;2023-03-03 03:15:00+00:00;0.311;;
966771;unknown;control;2023-03-03 03:30:00+00:00;0.409;;
966771;unknown;control;2023-03-03 03:45:00+00:00;1.039;;
966771;unknown;control;2023-03-03 04:00:00+00:00;1.074;;
966771;unknown;control;2023-03-03 04:15:00+00:00;0.538;;
966771;unknown;control;2023-03-03 04:30:00+00:00;0.29;;
966771;unknown;control;2023-03-03 04:45:00+00:00;0.298;;
966771;unknown;control;2023-03-03 05:00:00+00:00;0.617;;
966771;unknown;control;2023-03-03 05:15:00+00:00;1.042;;
966771;unknown;control;2023-03-03 05:30:00+00:00;1.759;;
966771;unknown;control;2023-03-03 05:45:00+00:00;1.727;;
966771;unknown;control;2023-03-03 06:00:00+00:00;0.972;;
966771;unknown;control;2023-03-03 06:15:00+00:00;0.506;;
966771;unknown;control;2023-03-03 06:30:00+00:00;0.316;;
966771;unknown;control;2023-03-03 06:45:00+00:00;0.31;;
966771;unknown;control;2023-03-03 07:00:00+00:00;0.579;;
966771;unknown;control;2023-03-03 07:15:00+00:00;1.05;;
966771;unknown;control;2023-03-03 07:30:00+00:00;1.009;;
966771;unknown;control;2023-03-03 07:45:00+00:00;0.375;;
966771;unknown;control;2023-03-03 08:00:00+00:00;0.379;;
966771;unknown;control;2023-03-03 08:15:00+00:00;0.327;;
966771;unknown;control;2023-03-03 08:30:00+00:00;0.217;;
966771;unknown;control;2023-03-03 08:45:00+00:00;0.149;;
966771;unknown;control;2023-03-03 09:00:00+00:00;0.441;;
966771;unknown;control;2023-03-03 09:15:00+00:00;0.493;;
966771;unknown;control;2023-03-03 09:30:00+00:00;0.336;;
966771;unknown;control;2023-03-03 09:45:00+00:00;0.313;;
966771;unknown;control;2023-03-03 10:00:00+00:00;0.222;;
966771;unknown;control;2023-03-03 10:15:00+00:00;0.424;;
966771;unknown;control;2023-03-03 10:30:00+00:00;0.415;;
966771;unknown;control;2023-03-03 10:45:00+00:00;0.32;;
966771;unknown;control;2023-03-03 11:00:00+00:00;0.126;;
966771;unknown;control;2023-03-03 11:15:00+00:00;0.191;;
966771;unknown;control;2023-03-03 11:30:00+00:00;0.164;;
966771;unknown;control;2023-03-03 11:45:00+00:00;0.16;;
966771;unknown;control;2023-03-03 12:00:00+00:00;0.14;;
966771;unknown;control;2023-03-03 12:15:00+00:00;0.173;;
966771;unknown;control;2023-03-03 12:30:00+00:00;0.627;;
966771;unknown;control;2023-03-03 12:45:00+00:00;0.253;;
966771;unknown;control;2023-03-03 13:00:00+00:00;0.554;;
966771;unknown;control;2023-03-03 13:15:00+00:00;0.364;;
966771;unknown;control;2023-03-03 13:30:00+00:00;0.149;;
966771;unknown;control;2023-03-03 13:45:00+00:00;0.141;;
966771;unknown;control;2023-03-03 14:00:00+00:00;0.137;;
966771;unknown;control;2023-03-03 14:15:00+00:00;0.112;;
966771;unknown;control;2023-03-03 14:30:00+00:00;0.119;;
966771;unknown;control;2023-03-03 14:45:00+00:00;0.122;;
966771;unknown;control;2023-03-03 15:00:00+00:00;0.124;;
966771;unknown;control;2023-03-03 15:15:00+00:00;0.199;;
966771;unknown;control;2023-03-03 15:30:00+00:00;0.191;;
966771;unknown;control;2023-03-03 15:45:00+00:00;0.224;;
966771;unknown;control;2023-03-03 16:00:00+00:00;0.198;;
966771;unknown;control;2023-03-03 16:15:00+00:00;0.235;;
966771;unknown;control;2023-03-03 16:30:00+00:00;0.317;;
966771;unknown;control;2023-03-03 16:45:00+00:00;1.188;;
966771;unknown;control;2023-03-03 17:00:00+00:00;0.926;;
966771;unknown;control;2023-03-03 17:15:00+00:00;0.423;;
966771;unknown;control;2023-03-03 17:30:00+00:00;0.343;;
966771;unknown;control;2023-03-03 17:45:00+00:00;0.508;;
966771;unknown;control;2023-03-03 18:00:00+00:00;1.069;;
966771;unknown;control;2023-03-03 18:15:00+00:00;0.877;;
966771;unknown;control;2023-03-03 18:30:00+00:00;0.334;;
966771;unknown;control;2023-03-03 18:45:00+00:00;0.292;;
966771;unknown;control;2023-03-03 19:00:00+00:00;0.355;;
966771;unknown;control;2023-03-03 19:15:00+00:00;0.511;;
966771;unknown;control;2023-03-03 19:30:00+00:00;1.124;;
966771;unknown;control;2023-03-03 19:45:00+00:00;1.152;;
966771;unknown;control;2023-03-03 20:00:00+00:00;0.971;;
966771;unknown;control;2023-03-03 20:15:00+00:00;1.14;;
966771;unknown;control;2023-03-03 20:30:00+00:00;0.847;;
966771;unknown;control;2023-03-03 20:45:00+00:00;0.412;;
966771;unknown;control;2023-03-03 21:00:00+00:00;0.461;;
966771;unknown;control;2023-03-03 21:15:00+00:00;1.098;;
966771;unknown;control;2023-03-03 21:30:00+00:00;0.577;;
966771;unknown;control;2023-03-03 21:45:00+00:00;0.251;;
966771;unknown;control;2023-03-03 22:00:00+00:00;0.286;;
966771;unknown;control;2023-03-03 22:15:00+00:00;0.33;;
966771;unknown;control;2023-03-03 22:30:00+00:00;1.014;;
966771;unknown;control;2023-03-03 22:45:00+00:00;0.971;;
966771;unknown;control;2023-03-03 23:00:00+00:00;0.274;;
966771;unknown;control;2023-03-03 23:15:00+00:00;0.291;;
966771;unknown;control;2023-03-03 23:30:00+00:00;0.284;;
966771;unknown;control;2023-03-03 23:45:00+00:00;0.407;;
966771;unknown;control;2023-03-04 00:00:00+00:00;1.08;;
966771;unknown;control;2023-03-04 00:15:00+00:00;1.102;;
966771;unknown;control;2023-03-04 00:30:00+00:00;0.773;;
966771;unknown;control;2023-03-04 00:45:00+00:00;0.329;;
966771;unknown;control;2023-03-04 01:00:00+00:00;0.674;;
966771;unknown;control;2023-03-04 01:15:00+00:00;1.11;;
966771;unknown;control;2023-03-04 01:30:00+00:00;2.261;;
966771;unknown;control;2023-03-04 01:45:00+00:00;2.277;;
966771;unknown;control;2023-03-04 02:00:00+00:00;2.294;;
966771;unknown;control;2023-03-04 02:15:00+00:00;2.142;;
966771;unknown;control;2023-03-04 02:30:00+00:00;2.2;;
966771;unknown;control;2023-03-04 02:45:00+00:00;2.317;;
966771;unknown;control;2023-03-04 03:00:00+00:00;1.804;;
966771;unknown;control;2023-03-04 03:15:00+00:00;1.148;;
966771;unknown;control;2023-03-04 03:30:00+00:00;0.772;;
966771;unknown;control;2023-03-04 03:45:00+00:00;0.376;;
966771;unknown;control;2023-03-04 04:00:00+00:00;0.355;;
966771;unknown;control;2023-03-04 04:15:00+00:00;0.509;;
966771;unknown;control;2023-03-04 04:30:00+00:00;1.077;;
966771;unknown;control;2023-03-04 04:45:00+00:00;1.132;;
966771;unknown;control;2023-03-04 05:00:00+00:00;1.146;;
966771;unknown;control;2023-03-04 05:15:00+00:00;1.15;;
966771;unknown;control;2023-03-04 05:30:00+00:00;1.153;;
966771;unknown;control;2023-03-04 05:45:00+00:00;0.53;;
966771;unknown;control;2023-03-04 06:00:00+00:00;0.408;;
966771;unknown;control;2023-03-04 06:15:00+00:00;0.397;;
966771;unknown;control;2023-03-04 06:30:00+00:00;0.57;;
966771;unknown;control;2023-03-04 06:45:00+00:00;1.09;;
966771;unknown;control;2023-03-04 07:00:00+00:00;1.103;;
966771;unknown;control;2023-03-04 07:15:00+00:00;1.075;;
966771;unknown;control;2023-03-04 07:30:00+00:00;1.039;;
966771;unknown;control;2023-03-04 07:45:00+00:00;0.489;;
966771;unknown;control;2023-03-04 08:00:00+00:00;0.189;;
966771;unknown;control;2023-03-04 08:15:00+00:00;0.29;;
966771;unknown;control;2023-03-04 08:30:00+00:00;0.136;;
966771;unknown;control;2023-03-04 08:45:00+00:00;0.127;;
966771;unknown;control;2023-03-04 09:00:00+00:00;0.118;;
966771;unknown;control;2023-03-04 09:15:00+00:00;0.122;;
966771;unknown;control;2023-03-04 09:30:00+00:00;0.115;;
966771;unknown;control;2023-03-04 09:45:00+00:00;0.141;;
966771;unknown;control;2023-03-04 10:00:00+00:00;0.131;;
966771;unknown;control;2023-03-04 10:15:00+00:00;0.124;;
966771;unknown;control;2023-03-04 10:30:00+00:00;0.144;;
966771;unknown;control;2023-03-04 10:45:00+00:00;0.158;;
966771;unknown;control;2023-03-04 11:00:00+00:00;0.142;;
966771;unknown;control;2023-03-04 11:15:00+00:00;0.147;;
966771;unknown;control;2023-03-04 11:30:00+00:00;0.143;;
966771;unknown;control;2023-03-04 11:45:00+00:00;0.115;;
966771;unknown;control;2023-03-04 12:00:00+00:00;0.125;;
966771;unknown;control;2023-03-04 12:15:00+00:00;0.118;;
966771;unknown;control;2023-03-04 12:30:00+00:00;0.11;;
966771;unknown;control;2023-03-04 12:45:00+00:00;0.122;;
966771;unknown;control;2023-03-04 13:00:00+00:00;0.114;;
966771;unknown;control;2023-03-04 13:15:00+00:00;0.115;;
966771;unknown;control;2023-03-04 13:30:00+00:00;0.126;;
966771;unknown;control;2023-03-04 13:45:00+00:00;0.117;;
966771;unknown;control;2023-03-04 14:00:00+00:00;0.115;;
966771;unknown;control;2023-03-04 14:15:00+00:00;0.126;;
966771;unknown;control;2023-03-04 14:30:00+00:00;0.115;;
966771;unknown;control;2023-03-04 14:45:00+00:00;0.115;;
966771;unknown;control;2023-03-04 15:00:00+00:00;0.181;;
966771;unknown;control;2023-03-04 15:15:00+00:00;0.131;;
966771;unknown;control;2023-03-04 15:30:00+00:00;0.179;;
966771;unknown;control;2023-03-04 15:45:00+00:00;0.22;;
966771;unknown;control;2023-03-04 16:00:00+00:00;0.206;;
966771;unknown;control;2023-03-04 16:15:00+00:00;0.436;;
966771;unknown;control;2023-03-04 16:30:00+00:00;0.667;;
966771;unknown;control;2023-03-04 16:45:00+00:00;0.522;;
966771;unknown;control;2023-03-04 17:00:00+00:00;0.526;;
966771;unknown;control;2023-03-04 17:15:00+00:00;0.519;;
966771;unknown;control;2023-03-04 17:30:00+00:00;1.081;;
966771;unknown;control;2023-03-04 17:45:00+00:00;0.949;;
966771;unknown;control;2023-03-04 18:00:00+00:00;0.354;;
966771;unknown;control;2023-03-04 18:15:00+00:00;0.43;;
966771;unknown;control;2023-03-04 18:30:00+00:00;0.959;;
966771;unknown;control;2023-03-04 18:45:00+00:00;1.213;;
966771;unknown;control;2023-03-04 19:00:00+00:00;1.594;;
966771;unknown;control;2023-03-04 19:15:00+00:00;1.33;;
966771;unknown;control;2023-03-04 19:30:00+00:00;0.81;;
966771;unknown;control;2023-03-04 19:45:00+00:00;0.456;;
966771;unknown;control;2023-03-04 20:00:00+00:00;0.664;;
966771;unknown;control;2023-03-04 20:15:00+00:00;1.488;;
966771;unknown;control;2023-03-04 20:30:00+00:00;0.958;;
966771;unknown;control;2023-03-04 20:45:00+00:00;0.378;;
966771;unknown;control;2023-03-04 21:00:00+00:00;0.379;;
966771;unknown;control;2023-03-04 21:15:00+00:00;0.999;;
966771;unknown;control;2023-03-04 21:30:00+00:00;0.586;;
966771;unknown;control;2023-03-04 21:45:00+00:00;0.317;;
966771;unknown;control;2023-03-04 22:00:00+00:00;0.577;;
966771;unknown;control;2023-03-04 22:15:00+00:00;1.113;;
966771;unknown;control;2023-03-04 22:30:00+00:00;1.093;;
966771;unknown;control;2023-03-04 22:45:00+00:00;1.158;;
966771;unknown;control;2023-03-04 23:00:00+00:00;0.985;;
966771;unknown;control;2023-03-04 23:15:00+00:00;1.101;;
966771;unknown;control;2023-03-04 23:30:00+00:00;0.641;;
966771;unknown;control;2023-03-04 23:45:00+00:00;0.334;;
966771;unknown;control;2023-03-05 00:00:00+00:00;0.297;;
966771;unknown;control;2023-03-05 00:15:00+00:00;0.302;;
966771;unknown;control;2023-03-05 00:30:00+00:00;0.285;;
966771;unknown;control;2023-03-05 00:45:00+00:00;0.812;;
966771;unknown;control;2023-03-05 01:00:00+00:00;1.063;;
966771;unknown;control;2023-03-05 01:15:00+00:00;1.079;;
966771;unknown;control;2023-03-05 01:30:00+00:00;1.992;;
966771;unknown;control;2023-03-05 01:45:00+00:00;1.492;;
966771;unknown;control;2023-03-05 02:00:00+00:00;1.476;;
966771;unknown;control;2023-03-05 02:15:00+00:00;1.821;;
966771;unknown;control;2023-03-05 02:30:00+00:00;2.246;;
966771;unknown;control;2023-03-05 02:45:00+00:00;2.275;;
966771;unknown;control;2023-03-05 03:00:00+00:00;1.01;;
966771;unknown;control;2023-03-05 03:15:00+00:00;0.306;;
966771;unknown;control;2023-03-05 03:30:00+00:00;0.303;;
966771;unknown;control;2023-03-05 03:45:00+00:00;0.647;;
966771;unknown;control;2023-03-05 04:00:00+00:00;1.081;;
966771;unknown;control;2023-03-05 04:15:00+00:00;0.567;;
966771;unknown;control;2023-03-05 04:30:00+00:00;0.315;;
966771;unknown;control;2023-03-05 04:45:00+00:00;0.419;;
966771;unknown;control;2023-03-05 05:00:00+00:00;1.048;;
966771;unknown;control;2023-03-05 05:15:00+00:00;1.072;;
966771;unknown;control;2023-03-05 05:30:00+00:00;1.262;;
966771;unknown;control;2023-03-05 05:45:00+00:00;1.519;;
966771;unknown;control;2023-03-05 06:00:00+00:00;0.339;;
966771;unknown;control;2023-03-05 06:15:00+00:00;0.505;;
966771;unknown;control;2023-03-05 06:30:00+00:00;1.067;;
966771;unknown;control;2023-03-05 06:45:00+00:00;1.086;;
966771;unknown;control;2023-03-05 07:00:00+00:00;0.99;;
966771;unknown;control;2023-03-05 07:15:00+00:00;0.317;;
966771;unknown;control;2023-03-05 07:30:00+00:00;0.305;;
966771;unknown;control;2023-03-05 07:45:00+00:00;0.36;;
966771;unknown;control;2023-03-05 08:00:00+00:00;0.933;;
966771;unknown;control;2023-03-05 08:15:00+00:00;0.998;;
966771;unknown;control;2023-03-05 08:30:00+00:00;0.563;;
966771;unknown;control;2023-03-05 08:45:00+00:00;0.657;;
966771;unknown;control;2023-03-05 09:00:00+00:00;0.197;;
966771;unknown;control;2023-03-05 09:15:00+00:00;0.15;;
966771;unknown;control;2023-03-05 09:30:00+00:00;0.231;;
966771;unknown;control;2023-03-05 09:45:00+00:00;0.22;;
966771;unknown;control;2023-03-05 10:00:00+00:00;0.507;;
966771;unknown;control;2023-03-05 10:15:00+00:00;0.381;;
966771;unknown;control;2023-03-05 10:30:00+00:00;0.595;;
966771;unknown;control;2023-03-05 10:45:00+00:00;0.429;;
966771;unknown;control;2023-03-05 11:00:00+00:00;0.367;;
966771;unknown;control;2023-03-05 11:15:00+00:00;0.221;;
966771;unknown;control;2023-03-05 11:30:00+00:00;0.127;;
966771;unknown;control;2023-03-05 11:45:00+00:00;0.117;;
966771;unknown;control;2023-03-05 12:00:00+00:00;0.121;;
966771;unknown;control;2023-03-05 12:15:00+00:00;0.23;;
966771;unknown;control;2023-03-05 12:30:00+00:00;0.394;;
966771;unknown;control;2023-03-05 12:45:00+00:00;0.227;;
966771;unknown;control;2023-03-05 13:00:00+00:00;0.133;;
966771;unknown;control;2023-03-05 13:15:00+00:00;0.128;;
966771;unknown;control;2023-03-05 13:30:00+00:00;0.131;;
966771;unknown;control;2023-03-05 13:45:00+00:00;0.123;;
966771;unknown;control;2023-03-05 14:00:00+00:00;0.106;;
966771;unknown;control;2023-03-05 14:15:00+00:00;0.117;;
966771;unknown;control;2023-03-05 14:30:00+00:00;0.121;;
966771;unknown;control;2023-03-05 14:45:00+00:00;0.107;;
966771;unknown;control;2023-03-05 15:00:00+00:00;0.193;;
966771;unknown;control;2023-03-05 15:15:00+00:00;0.176;;
966771;unknown;control;2023-03-05 15:30:00+00:00;0.168;;
966771;unknown;control;2023-03-05 15:45:00+00:00;0.351;;
966771;unknown;control;2023-03-05 16:00:00+00:00;1.361;;
966771;unknown;control;2023-03-05 16:15:00+00:00;0.586;;
966771;unknown;control;2023-03-05 16:30:00+00:00;0.484;;
966771;unknown;control;2023-03-05 16:45:00+00:00;0.259;;
966771;unknown;control;2023-03-05 17:00:00+00:00;0.3;;
966771;unknown;control;2023-03-05 17:15:00+00:00;0.726;;
966771;unknown;control;2023-03-05 17:30:00+00:00;1.361;;
966771;unknown;control;2023-03-05 17:45:00+00:00;1.112;;
966771;unknown;control;2023-03-05 18:00:00+00:00;0.342;;
966771;unknown;control;2023-03-05 18:15:00+00:00;0.338;;
966771;unknown;control;2023-03-05 18:30:00+00:00;0.356;;
966771;unknown;control;2023-03-05 18:45:00+00:00;0.343;;
966771;unknown;control;2023-03-05 19:00:00+00:00;0.443;;
966771;unknown;control;2023-03-05 19:15:00+00:00;1.101;;
966771;unknown;control;2023-03-05 19:30:00+00:00;1.073;;
966771;unknown;control;2023-03-05 19:45:00+00:00;0.421;;
966771;unknown;control;2023-03-05 20:00:00+00:00;0.652;;
966771;unknown;control;2023-03-05 20:15:00+00:00;1.182;;
966771;unknown;control;2023-03-05 20:30:00+00:00;1.073;;
966771;unknown;control;2023-03-05 20:45:00+00:00;0.32;;
966771;unknown;control;2023-03-05 21:00:00+00:00;0.447;;
966771;unknown;control;2023-03-05 21:15:00+00:00;1.058;;
966771;unknown;control;2023-03-05 21:30:00+00:00;0.528;;
966771;unknown;control;2023-03-05 21:45:00+00:00;0.289;;
966771;unknown;control;2023-03-05 22:00:00+00:00;0.726;;
966771;unknown;control;2023-03-05 22:15:00+00:00;1.055;;
966771;unknown;control;2023-03-05 22:30:00+00:00;1.05;;
966771;unknown;control;2023-03-05 22:45:00+00:00;0.321;;
966771;unknown;control;2023-03-05 23:00:00+00:00;0.285;;
966771;unknown;control;2023-03-05 23:15:00+00:00;0.569;;
966771;unknown;control;2023-03-05 23:30:00+00:00;1.026;;
966771;unknown;control;2023-03-05 23:45:00+00:00;1.018;;
966771;unknown;control;2023-03-06 00:00:00+00:00;0.318;;
966771;unknown;control;2023-03-06 00:15:00+00:00;0.309;;
966771;unknown;control;2023-03-06 00:30:00+00:00;0.379;;
966771;unknown;control;2023-03-06 00:45:00+00:00;1.034;;
966771;unknown;control;2023-03-06 01:00:00+00:00;1.096;;
966771;unknown;control;2023-03-06 01:15:00+00:00;1.109;;
966771;unknown;control;2023-03-06 01:30:00+00:00;2.243;;
966771;unknown;control;2023-03-06 01:45:00+00:00;1.774;;
966771;unknown;control;2023-03-06 02:00:00+00:00;1.505;;
966771;unknown;control;2023-03-06 02:15:00+00:00;1.513;;
966771;unknown;control;2023-03-06 02:30:00+00:00;2.1;;
966771;unknown;control;2023-03-06 02:45:00+00:00;2.289;;
966771;unknown;control;2023-03-06 03:00:00+00:00;2.306;;
966771;unknown;control;2023-03-06 03:15:00+00:00;2.121;;
966771;unknown;control;2023-03-06 03:30:00+00:00;1.508;;
966771;unknown;control;2023-03-06 03:45:00+00:00;1.529;;
966771;unknown;control;2023-03-06 04:00:00+00:00;1.59;;
966771;unknown;control;2023-03-06 04:15:00+00:00;2.084;;
966771;unknown;control;2023-03-06 04:30:00+00:00;2.243;;
966771;unknown;control;2023-03-06 04:45:00+00:00;2.268;;
966771;unknown;control;2023-03-06 05:00:00+00:00;1.013;;
966771;unknown;control;2023-03-06 05:15:00+00:00;0.329;;
966771;unknown;control;2023-03-06 05:30:00+00:00;0.341;;
966771;unknown;control;2023-03-06 05:45:00+00:00;0.439;;
966771;unknown;control;2023-03-06 06:00:00+00:00;1.071;;
966771;unknown;control;2023-03-06 06:15:00+00:00;1.088;;
966771;unknown;control;2023-03-06 06:30:00+00:00;1.067;;
966771;unknown;control;2023-03-06 06:45:00+00:00;0.728;;
966771;unknown;control;2023-03-06 07:00:00+00:00;1.026;;
966771;unknown;control;2023-03-06 07:15:00+00:00;0.325;;
966771;unknown;control;2023-03-06 07:30:00+00:00;0.279;;
966771;unknown;control;2023-03-06 07:45:00+00:00;0.635;;
966771;unknown;control;2023-03-06 08:00:00+00:00;0.726;;
966771;unknown;control;2023-03-06 08:15:00+00:00;1.062;;
966771;unknown;control;2023-03-06 08:30:00+00:00;0.437;;
966771;unknown;control;2023-03-06 08:45:00+00:00;0.194;;
966771;unknown;control;2023-03-06 09:00:00+00:00;0.148;;
966771;unknown;control;2023-03-06 09:15:00+00:00;0.136;;
966771;unknown;control;2023-03-06 09:30:00+00:00;0.14;;
966771;unknown;control;2023-03-06 09:45:00+00:00;0.193;;
966771;unknown;control;2023-03-06 10:00:00+00:00;0.454;;
966771;unknown;control;2023-03-06 10:15:00+00:00;0.141;;
966771;unknown;control;2023-03-06 10:30:00+00:00;0.142;;
966771;unknown;control;2023-03-06 10:45:00+00:00;0.126;;
966771;unknown;control;2023-03-06 11:00:00+00:00;0.128;;
966771;unknown;control;2023-03-06 11:15:00+00:00;0.126;;
966771;unknown;control;2023-03-06 11:30:00+00:00;0.144;;
966771;unknown;control;2023-03-06 11:45:00+00:00;0.131;;
966771;unknown;control;2023-03-06 12:00:00+00:00;0.115;;
966771;unknown;control;2023-03-06 12:15:00+00:00;0.361;;
966771;unknown;control;2023-03-06 12:30:00+00:00;0.899;;
966771;unknown;control;2023-03-06 12:45:00+00:00;0.339;;
966771;unknown;control;2023-03-06 13:00:00+00:00;0.162;;
966771;unknown;control;2023-03-06 13:15:00+00:00;0.154;;
966771;unknown;control;2023-03-06 13:30:00+00:00;0.169;;
966771;unknown;control;2023-03-06 13:45:00+00:00;0.306;;
966771;unknown;control;2023-03-06 14:00:00+00:00;0.326;;
966771;unknown;control;2023-03-06 14:15:00+00:00;0.898;;
966771;unknown;control;2023-03-06 14:30:00+00:00;1.099;;
966771;unknown;control;2023-03-06 14:45:00+00:00;0.787;;
966771;unknown;control;2023-03-06 15:00:00+00:00;0.914;;
966771;unknown;control;2023-03-06 15:15:00+00:00;0.264;;
966771;unknown;control;2023-03-06 15:30:00+00:00;0.382;;
966771;unknown;control;2023-03-06 15:45:00+00:00;0.414;;
966771;unknown;control;2023-03-06 16:00:00+00:00;0.316;;
966771;unknown;control;2023-03-06 16:15:00+00:00;0.742;;
966771;unknown;control;2023-03-06 16:30:00+00:00;1.227;;
966771;unknown;control;2023-03-06 16:45:00+00:00;0.711;;
966771;unknown;control;2023-03-06 17:00:00+00:00;0.343;;
966771;unknown;control;2023-03-06 17:15:00+00:00;0.473;;
966771;unknown;control;2023-03-06 17:30:00+00:00;0.292;;
966771;unknown;control;2023-03-06 17:45:00+00:00;0.299;;
966771;unknown;control;2023-03-06 18:00:00+00:00;0.326;;
966771;unknown;control;2023-03-06 18:15:00+00:00;0.744;;
966771;unknown;control;2023-03-06 18:30:00+00:00;1.049;;
966771;unknown;control;2023-03-06 18:45:00+00:00;1.047;;
966771;unknown;control;2023-03-06 19:00:00+00:00;0.365;;
966771;unknown;control;2023-03-06 19:15:00+00:00;0.366;;
966771;unknown;control;2023-03-06 19:30:00+00:00;0.789;;
966771;unknown;control;2023-03-06 19:45:00+00:00;1.113;;
966771;unknown;control;2023-03-06 20:00:00+00:00;0.688;;
966771;unknown;control;2023-03-06 20:15:00+00:00;0.358;;
966771;unknown;control;2023-03-06 20:30:00+00:00;0.362;;
966771;unknown;control;2023-03-06 20:45:00+00:00;0.59;;
966771;unknown;control;2023-03-06 21:00:00+00:00;1.102;;
966771;unknown;control;2023-03-06 21:15:00+00:00;0.904;;
966771;unknown;control;2023-03-06 21:30:00+00:00;0.316;;
966771;unknown;control;2023-03-06 21:45:00+00:00;0.306;;
966771;unknown;control;2023-03-06 22:00:00+00:00;0.293;;
966771;unknown;control;2023-03-06 22:15:00+00:00;0.316;;
966771;unknown;control;2023-03-06 22:30:00+00:00;0.321;;
966771;unknown;control;2023-03-06 22:45:00+00:00;0.96;;
966771;unknown;control;2023-03-06 23:00:00+00:00;1.05;;
966771;unknown;control;2023-03-06 23:15:00+00:00;0.463;;
966771;unknown;control;2023-03-06 23:30:00+00:00;0.337;;
966771;unknown;control;2023-03-06 23:45:00+00:00;0.352;;
966771;unknown;control;2023-03-07 00:00:00+00:00;0.571;;
966771;unknown;control;2023-03-07 00:15:00+00:00;1.03;;
966771;unknown;control;2023-03-07 00:30:00+00:00;0.828;;
966771;unknown;control;2023-03-07 00:45:00+00:00;0.281;;
966771;unknown;control;2023-03-07 01:00:00+00:00;0.285;;
966771;unknown;control;2023-03-07 01:15:00+00:00;0.318;;
966771;unknown;control;2023-03-07 01:30:00+00:00;1.678;;
966771;unknown;control;2023-03-07 01:45:00+00:00;2.212;;
966771;unknown;control;2023-03-07 02:00:00+00:00;2.037;;
966771;unknown;control;2023-03-07 02:15:00+00:00;1.479;;
966771;unknown;control;2023-03-07 02:30:00+00:00;1.519;;
966771;unknown;control;2023-03-07 02:45:00+00:00;1.513;;
966771;unknown;control;2023-03-07 03:00:00+00:00;0.924;;
966771;unknown;control;2023-03-07 03:15:00+00:00;1.048;;
966771;unknown;control;2023-03-07 03:30:00+00:00;1.056;;
966771;unknown;control;2023-03-07 03:45:00+00:00;0.549;;
966771;unknown;control;2023-03-07 04:00:00+00:00;0.295;;
966771;unknown;control;2023-03-07 04:15:00+00:00;0.307;;
966771;unknown;control;2023-03-07 04:30:00+00:00;0.297;;
966771;unknown;control;2023-03-07 04:45:00+00:00;0.751;;
966771;unknown;control;2023-03-07 05:00:00+00:00;1.04;;
966771;unknown;control;2023-03-07 05:15:00+00:00;1.066;;
966771;unknown;control;2023-03-07 05:30:00+00:00;0.473;;
966771;unknown;control;2023-03-07 05:45:00+00:00;0.306;;
966771;unknown;control;2023-03-07 06:00:00+00:00;0.447;;
966771;unknown;control;2023-03-07 06:15:00+00:00;1.027;;
966771;unknown;control;2023-03-07 06:30:00+00:00;1.026;;
966771;unknown;control;2023-03-07 06:45:00+00:00;0.467;;
966771;unknown;control;2023-03-07 07:00:00+00:00;0.256;;
966771;unknown;control;2023-03-07 07:15:00+00:00;0.245;;
966771;unknown;control;2023-03-07 07:30:00+00:00;0.165;;
966771;unknown;control;2023-03-07 07:45:00+00:00;0.21;;
966771;unknown;control;2023-03-07 08:00:00+00:00;0.154;;
966771;unknown;control;2023-03-07 08:15:00+00:00;0.515;;
966771;unknown;control;2023-03-07 08:30:00+00:00;0.153;;
966771;unknown;control;2023-03-07 08:45:00+00:00;0.195;;
966771;unknown;control;2023-03-07 09:00:00+00:00;0.166;;
966771;unknown;control;2023-03-07 09:15:00+00:00;0.128;;
966771;unknown;control;2023-03-07 09:30:00+00:00;0.181;;
966771;unknown;control;2023-03-07 09:45:00+00:00;0.184;;
966771;unknown;control;2023-03-07 10:00:00+00:00;0.114;;
966771;unknown;control;2023-03-07 10:15:00+00:00;0.12;;
966771;unknown;control;2023-03-07 10:30:00+00:00;0.119;;
966771;unknown;control;2023-03-07 10:45:00+00:00;0.557;;
966771;unknown;control;2023-03-07 11:00:00+00:00;0.166;;
966771;unknown;control;2023-03-07 11:15:00+00:00;0.14;;
966771;unknown;control;2023-03-07 11:30:00+00:00;0.112;;
966771;unknown;control;2023-03-07 11:45:00+00:00;0.124;;
966771;unknown;control;2023-03-07 12:00:00+00:00;0.117;;
966771;unknown;control;2023-03-07 12:15:00+00:00;0.11;;
966771;unknown;control;2023-03-07 12:30:00+00:00;0.135;;
966771;unknown;control;2023-03-07 12:45:00+00:00;0.117;;
966771;unknown;control;2023-03-07 13:00:00+00:00;0.114;;
966771;unknown;control;2023-03-07 13:15:00+00:00;0.117;;
966771;unknown;control;2023-03-07 13:30:00+00:00;0.113;;
966771;unknown;control;2023-03-07 13:45:00+00:00;0.117;;
966771;unknown;control;2023-03-07 14:00:00+00:00;0.121;;
966771;unknown;control;2023-03-07 14:15:00+00:00;0.125;;
966771;unknown;control;2023-03-07 14:30:00+00:00;0.432;;
966771;unknown;control;2023-03-07 14:45:00+00:00;0.327;;
966771;unknown;control;2023-03-07 15:00:00+00:00;0.331;;
966771;unknown;control;2023-03-07 15:15:00+00:00;0.2;;
966771;unknown;control;2023-03-07 15:30:00+00:00;0.218;;
966771;unknown;control;2023-03-07 15:45:00+00:00;0.163;;
966771;unknown;control;2023-03-07 16:00:00+00:00;0.221;;
966771;unknown;control;2023-03-07 16:15:00+00:00;0.226;;
966771;unknown;control;2023-03-07 16:30:00+00:00;0.88;;
966771;unknown;control;2023-03-07 16:45:00+00:00;0.99;;
966771;unknown;control;2023-03-07 17:00:00+00:00;0.321;;
966771;unknown;control;2023-03-07 17:15:00+00:00;0.322;;
966771;unknown;control;2023-03-07 17:30:00+00:00;0.734;;
966771;unknown;control;2023-03-07 17:45:00+00:00;1.103;;
966771;unknown;control;2023-03-07 18:00:00+00:00;0.673;;
966771;unknown;control;2023-03-07 18:15:00+00:00;0.316;;
966771;unknown;control;2023-03-07 18:30:00+00:00;0.32;;
966771;unknown;control;2023-03-07 18:45:00+00:00;0.361;;
966771;unknown;control;2023-03-07 19:00:00+00:00;0.546;;
966771;unknown;control;2023-03-07 19:15:00+00:00;1.073;;
966771;unknown;control;2023-03-07 19:30:00+00:00;0.636;;
966771;unknown;control;2023-03-07 19:45:00+00:00;0.356;;
966771;unknown;control;2023-03-07 20:00:00+00:00;0.304;;
966771;unknown;control;2023-03-07 20:15:00+00:00;0.362;;
966771;unknown;control;2023-03-07 20:30:00+00:00;0.612;;
966771;unknown;control;2023-03-07 20:45:00+00:00;1.098;;
966771;unknown;control;2023-03-07 21:00:00+00:00;0.75;;
966771;unknown;control;2023-03-07 21:15:00+00:00;0.279;;
966771;unknown;control;2023-03-07 21:30:00+00:00;0.284;;
966771;unknown;control;2023-03-07 21:45:00+00:00;0.299;;
966771;unknown;control;2023-03-07 22:00:00+00:00;0.262;;
966771;unknown;control;2023-03-07 22:15:00+00:00;0.26;;
966771;unknown;control;2023-03-07 22:30:00+00:00;0.888;;
966771;unknown;control;2023-03-07 22:45:00+00:00;1.035;;
966771;unknown;control;2023-03-07 23:00:00+00:00;0.437;;
966771;unknown;control;2023-03-07 23:15:00+00:00;0.276;;
966771;unknown;control;2023-03-07 23:30:00+00:00;0.258;;
966771;unknown;control;2023-03-07 23:45:00+00:00;0.238;;
966771;unknown;control;2023-03-08 00:00:00+00:00;0.282;;
966771;unknown;control;2023-03-08 00:15:00+00:00;0.538;;
966771;unknown;control;2023-03-08 00:30:00+00:00;1.029;;
966771;unknown;control;2023-03-08 00:45:00+00:00;1.009;;
966771;unknown;control;2023-03-08 01:00:00+00:00;0.308;;
966771;unknown;control;2023-03-08 01:15:00+00:00;0.289;;
966771;unknown;control;2023-03-08 01:30:00+00:00;1.754;;
966771;unknown;control;2023-03-08 01:45:00+00:00;2.207;;
966771;unknown;control;2023-03-08 02:00:00+00:00;1.91;;
966771;unknown;control;2023-03-08 02:15:00+00:00;1.504;;
966771;unknown;control;2023-03-08 02:30:00+00:00;1.648;;
966771;unknown;control;2023-03-08 02:45:00+00:00;2.259;;
966771;unknown;control;2023-03-08 03:00:00+00:00;1.526;;
966771;unknown;control;2023-03-08 03:15:00+00:00;0.504;;
966771;unknown;control;2023-03-08 03:30:00+00:00;0.311;;
966771;unknown;control;2023-03-08 03:45:00+00:00;0.456;;
966771;unknown;control;2023-03-08 04:00:00+00:00;1.038;;
966771;unknown;control;2023-03-08 04:15:00+00:00;0.533;;
966771;unknown;control;2023-03-08 04:30:00+00:00;0.297;;
966771;unknown;control;2023-03-08 04:45:00+00:00;0.606;;
966771;unknown;control;2023-03-08 05:00:00+00:00;1.037;;
966771;unknown;control;2023-03-08 05:15:00+00:00;0.528;;
966771;unknown;control;2023-03-08 05:30:00+00:00;0.872;;
966771;unknown;control;2023-03-08 05:45:00+00:00;1.467;;
966771;unknown;control;2023-03-08 06:00:00+00:00;0.391;;
966771;unknown;control;2023-03-08 06:15:00+00:00;0.271;;
966771;unknown;control;2023-03-08 06:30:00+00:00;0.232;;
966771;unknown;control;2023-03-08 06:45:00+00:00;0.231;;
966771;unknown;control;2023-03-08 07:00:00+00:00;0.234;;
966771;unknown;control;2023-03-08 07:15:00+00:00;0.215;;
966771;unknown;control;2023-03-08 07:30:00+00:00;0.18;;
966771;unknown;control;2023-03-08 07:45:00+00:00;0.185;;
966771;unknown;control;2023-03-08 08:00:00+00:00;0.195;;
966771;unknown;control;2023-03-08 08:15:00+00:00;0.618;;
966771;unknown;control;2023-03-08 08:30:00+00:00;0.194;;
966771;unknown;control;2023-03-08 08:45:00+00:00;0.193;;
966771;unknown;control;2023-03-08 09:00:00+00:00;0.21;;
966771;unknown;control;2023-03-08 09:15:00+00:00;0.139;;
966771;unknown;control;2023-03-08 09:30:00+00:00;0.204;;
966771;unknown;control;2023-03-08 09:45:00+00:00;0.157;;
966771;unknown;control;2023-03-08 10:00:00+00:00;0.122;;
966771;unknown;control;2023-03-08 10:15:00+00:00;0.569;;
966771;unknown;control;2023-03-08 10:30:00+00:00;0.475;;
966771;unknown;control;2023-03-08 10:45:00+00:00;0.116;;
966771;unknown;control;2023-03-08 11:00:00+00:00;0.113;;
966771;unknown;control;2023-03-08 11:15:00+00:00;0.117;;
966771;unknown;control;2023-03-08 11:30:00+00:00;0.128;;
966771;unknown;control;2023-03-08 11:45:00+00:00;0.115;;
966771;unknown;control;2023-03-08 12:00:00+00:00;0.23;;
966771;unknown;control;2023-03-08 12:15:00+00:00;0.619;;
966771;unknown;control;2023-03-08 12:30:00+00:00;0.13;;
966771;unknown;control;2023-03-08 12:45:00+00:00;0.135;;
966771;unknown;control;2023-03-08 13:00:00+00:00;0.316;;
966771;unknown;control;2023-03-08 13:15:00+00:00;0.393;;
966771;unknown;control;2023-03-08 13:30:00+00:00;0.124;;
966771;unknown;control;2023-03-08 13:45:00+00:00;0.112;;
966771;unknown;control;2023-03-08 14:00:00+00:00;0.145;;
966771;unknown;control;2023-03-08 14:15:00+00:00;0.168;;
966771;unknown;control;2023-03-08 14:30:00+00:00;0.145;;
966771;unknown;control;2023-03-08 14:45:00+00:00;0.158;;
966771;unknown;control;2023-03-08 15:00:00+00:00;0.347;;
966771;unknown;control;2023-03-08 15:15:00+00:00;0.333;;
966771;unknown;control;2023-03-08 15:30:00+00:00;0.295;;
966771;unknown;control;2023-03-08 15:45:00+00:00;0.228;;
966771;unknown;control;2023-03-08 16:00:00+00:00;0.316;;
966771;unknown;control;2023-03-08 16:15:00+00:00;0.393;;
966771;unknown;control;2023-03-08 16:30:00+00:00;0.306;;
966771;unknown;control;2023-03-08 16:45:00+00:00;0.28;;
966771;unknown;control;2023-03-08 17:00:00+00:00;0.275;;
966771;unknown;control;2023-03-08 17:15:00+00:00;0.437;;
966771;unknown;control;2023-03-08 17:30:00+00:00;0.286;;
966771;unknown;control;2023-03-08 17:45:00+00:00;0.269;;
966771;unknown;control;2023-03-08 18:00:00+00:00;0.262;;
966771;unknown;control;2023-03-08 18:15:00+00:00;0.34;;
966771;unknown;control;2023-03-08 18:30:00+00:00;0.24;;
966771;unknown;control;2023-03-08 18:45:00+00:00;0.258;;
966771;unknown;control;2023-03-08 19:00:00+00:00;0.224;;
966771;unknown;control;2023-03-08 19:15:00+00:00;0.211;;
966771;unknown;control;2023-03-08 19:30:00+00:00;0.205;;
966771;unknown;control;2023-03-08 19:45:00+00:00;0.222;;
966771;unknown;control;2023-03-08 20:00:00+00:00;0.216;;
966771;unknown;control;2023-03-08 20:15:00+00:00;0.212;;
966771;unknown;control;2023-03-08 20:30:00+00:00;0.181;;
966771;unknown;control;2023-03-08 20:45:00+00:00;0.216;;
966771;unknown;control;2023-03-08 21:00:00+00:00;0.196;;
966771;unknown;control;2023-03-08 21:15:00+00:00;0.161;;
966771;unknown;control;2023-03-08 21:30:00+00:00;0.193;;
966771;unknown;control;2023-03-08 21:45:00+00:00;0.196;;
966771;unknown;control;2023-03-08 22:00:00+00:00;0.159;;
966771;unknown;control;2023-03-08 22:15:00+00:00;0.155;;
966771;unknown;control;2023-03-08 22:30:00+00:00;0.164;;
966771;unknown;control;2023-03-08 22:45:00+00:00;0.155;;
966771;unknown;control;2023-03-08 23:00:00+00:00;0.15;;
966771;unknown;control;2023-03-08 23:15:00+00:00;0.197;;
966771;unknown;control;2023-03-08 23:30:00+00:00;0.111;;
966771;unknown;control;2023-03-08 23:45:00+00:00;0.155;;
966771;unknown;control;2023-03-09 00:00:00+00:00;0.202;;
966771;unknown;control;2023-03-09 00:15:00+00:00;0.166;;
966771;unknown;control;2023-03-09 00:30:00+00:00;0.182;;
966771;unknown;control;2023-03-09 00:45:00+00:00;0.158;;
966771;unknown;control;2023-03-09 01:00:00+00:00;0.188;;
966771;unknown;control;2023-03-09 01:15:00+00:00;0.181;;
966771;unknown;control;2023-03-09 01:30:00+00:00;1.403;;
966771;unknown;control;2023-03-09 01:45:00+00:00;1.376;;
966771;unknown;control;2023-03-09 02:00:00+00:00;1.442;;
966771;unknown;control;2023-03-09 02:15:00+00:00;1.41;;
966771;unknown;control;2023-03-09 02:30:00+00:00;1.392;;
966771;unknown;control;2023-03-09 02:45:00+00:00;1.4;;
966771;unknown;control;2023-03-09 03:00:00+00:00;1.384;;
966771;unknown;control;2023-03-09 03:15:00+00:00;1.406;;
966771;unknown;control;2023-03-09 03:30:00+00:00;1.299;;
966771;unknown;control;2023-03-09 03:45:00+00:00;0.201;;
966771;unknown;control;2023-03-09 04:00:00+00:00;0.197;;
966771;unknown;control;2023-03-09 04:15:00+00:00;0.203;;
966771;unknown;control;2023-03-09 04:30:00+00:00;0.292;;
966771;unknown;control;2023-03-09 04:45:00+00:00;0.918;;
966771;unknown;control;2023-03-09 05:00:00+00:00;0.309;;
966771;unknown;control;2023-03-09 05:15:00+00:00;0.21;;
966771;unknown;control;2023-03-09 05:30:00+00:00;0.209;;
966771;unknown;control;2023-03-09 05:45:00+00:00;0.272;;
966771;unknown;control;2023-03-09 06:00:00+00:00;0.202;;
966771;unknown;control;2023-03-09 06:15:00+00:00;0.199;;
966771;unknown;control;2023-03-09 06:30:00+00:00;0.232;;
966771;unknown;control;2023-03-09 06:45:00+00:00;0.148;;
966771;unknown;control;2023-03-09 07:00:00+00:00;0.192;;
966771;unknown;control;2023-03-09 07:15:00+00:00;0.178;;
966771;unknown;control;2023-03-09 07:30:00+00:00;0.187;;
966771;unknown;control;2023-03-09 07:45:00+00:00;0.222;;
966771;unknown;control;2023-03-09 08:00:00+00:00;0.173;;
966771;unknown;control;2023-03-09 08:15:00+00:00;0.374;;
966771;unknown;control;2023-03-09 08:30:00+00:00;0.16;;
966771;unknown;control;2023-03-09 08:45:00+00:00;0.15;;
966771;unknown;control;2023-03-09 09:00:00+00:00;0.148;;
966771;unknown;control;2023-03-09 09:15:00+00:00;0.284;;
966771;unknown;control;2023-03-09 09:30:00+00:00;1.073;;
966771;unknown;control;2023-03-09 09:45:00+00:00;0.307;;
966771;unknown;control;2023-03-09 10:00:00+00:00;0.264;;
966771;unknown;control;2023-03-09 10:15:00+00:00;0.126;;
966771;unknown;control;2023-03-09 10:30:00+00:00;0.234;;
966771;unknown;control;2023-03-09 10:45:00+00:00;0.122;;
966771;unknown;control;2023-03-09 11:00:00+00:00;0.112;;
966771;unknown;control;2023-03-09 11:15:00+00:00;0.133;;
966771;unknown;control;2023-03-09 11:30:00+00:00;0.118;;
966771;unknown;control;2023-03-09 11:45:00+00:00;0.11;;
966771;unknown;control;2023-03-09 12:00:00+00:00;0.115;;
966771;unknown;control;2023-03-09 12:15:00+00:00;0.112;;
966771;unknown;control;2023-03-09 12:30:00+00:00;0.096;;
966771;unknown;control;2023-03-09 12:45:00+00:00;0.099;;
966771;unknown;control;2023-03-09 13:00:00+00:00;0.095;;
966771;unknown;control;2023-03-09 13:15:00+00:00;0.098;;
966771;unknown;control;2023-03-09 13:30:00+00:00;0.101;;
966771;unknown;control;2023-03-09 13:45:00+00:00;0.094;;
966771;unknown;control;2023-03-09 14:00:00+00:00;0.1;;
966771;unknown;control;2023-03-09 14:15:00+00:00;0.103;;
966771;unknown;control;2023-03-09 14:30:00+00:00;0.091;;
966771;unknown;control;2023-03-09 14:45:00+00:00;0.103;;
966771;unknown;control;2023-03-09 15:00:00+00:00;0.1;;
966771;unknown;control;2023-03-09 15:15:00+00:00;0.09;;
966771;unknown;control;2023-03-09 15:30:00+00:00;0.333;;
966771;unknown;control;2023-03-09 15:45:00+00:00;0.238;;
966771;unknown;control;2023-03-09 16:00:00+00:00;0.543;;
966771;unknown;control;2023-03-09 16:15:00+00:00;0.41;;
966771;unknown;control;2023-03-09 16:30:00+00:00;0.312;;
966771;unknown;control;2023-03-09 16:45:00+00:00;0.395;;
966771;unknown;control;2023-03-09 17:00:00+00:00;0.193;;
966771;unknown;control;2023-03-09 17:15:00+00:00;0.132;;
966771;unknown;control;2023-03-09 17:30:00+00:00;0.147;;
966771;unknown;control;2023-03-09 17:45:00+00:00;0.198;;
966771;unknown;control;2023-03-09 18:00:00+00:00;0.249;;
966771;unknown;control;2023-03-09 18:15:00+00:00;0.233;;
966771;unknown;control;2023-03-09 18:30:00+00:00;0.235;;
966771;unknown;control;2023-03-09 18:45:00+00:00;0.268;;
966771;unknown;control;2023-03-09 19:00:00+00:00;0.236;;
966771;unknown;control;2023-03-09 19:15:00+00:00;0.269;;
966771;unknown;control;2023-03-09 19:30:00+00:00;0.226;;
966771;unknown;control;2023-03-09 19:45:00+00:00;0.202;;
966771;unknown;control;2023-03-09 20:00:00+00:00;0.196;;
966771;unknown;control;2023-03-09 20:15:00+00:00;0.188;;
966771;unknown;control;2023-03-09 20:30:00+00:00;0.24;;
966771;unknown;control;2023-03-09 20:45:00+00:00;0.198;;
966771;unknown;control;2023-03-09 21:00:00+00:00;0.153;;
966771;unknown;control;2023-03-09 21:15:00+00:00;0.166;;
966771;unknown;control;2023-03-09 21:30:00+00:00;0.179;;
966771;unknown;control;2023-03-09 21:45:00+00:00;0.14;;
966771;unknown;control;2023-03-09 22:00:00+00:00;0.174;;
966771;unknown;control;2023-03-09 22:15:00+00:00;0.182;;
966771;unknown;control;2023-03-09 22:30:00+00:00;0.201;;
966771;unknown;control;2023-03-09 22:45:00+00:00;0.206;;
966771;unknown;control;2023-03-09 23:00:00+00:00;0.199;;
966771;unknown;control;2023-03-09 23:15:00+00:00;0.198;;
966771;unknown;control;2023-03-09 23:30:00+00:00;0.193;;
966771;unknown;control;2023-03-09 23:45:00+00:00;0.196;;
966771;unknown;control;2023-03-10 00:00:00+00:00;0.203;;
966771;unknown;control;2023-03-10 00:15:00+00:00;0.203;;
966771;unknown;control;2023-03-10 00:30:00+00:00;0.205;;
966771;unknown;control;2023-03-10 00:45:00+00:00;0.155;;
966771;unknown;control;2023-03-10 01:00:00+00:00;0.184;;
966771;unknown;control;2023-03-10 01:15:00+00:00;0.173;;
966771;unknown;control;2023-03-10 01:30:00+00:00;1.381;;
966771;unknown;control;2023-03-10 01:45:00+00:00;1.485;;
966771;unknown;control;2023-03-10 02:00:00+00:00;1.473;;
966771;unknown;control;2023-03-10 02:15:00+00:00;1.468;;
966771;unknown;control;2023-03-10 02:30:00+00:00;1.462;;
966771;unknown;control;2023-03-10 02:45:00+00:00;1.095;;
966771;unknown;control;2023-03-10 03:00:00+00:00;0.21;;
966771;unknown;control;2023-03-10 03:15:00+00:00;0.224;;
966771;unknown;control;2023-03-10 03:30:00+00:00;0.228;;
966771;unknown;control;2023-03-10 03:45:00+00:00;0.913;;
966771;unknown;control;2023-03-10 04:00:00+00:00;0.493;;
966771;unknown;control;2023-03-10 04:15:00+00:00;0.211;;
966771;unknown;control;2023-03-10 04:30:00+00:00;0.234;;
966771;unknown;control;2023-03-10 04:45:00+00:00;0.21;;
966771;unknown;control;2023-03-10 05:00:00+00:00;0.215;;
966771;unknown;control;2023-03-10 05:15:00+00:00;0.206;;
966771;unknown;control;2023-03-10 05:30:00+00:00;0.299;;
966771;unknown;control;2023-03-10 05:45:00+00:00;1.439;;
966771;unknown;control;2023-03-10 06:00:00+00:00;0.221;;
966771;unknown;control;2023-03-10 06:15:00+00:00;0.198;;
966771;unknown;control;2023-03-10 06:30:00+00:00;0.238;;
966771;unknown;control;2023-03-10 06:45:00+00:00;0.207;;
966771;unknown;control;2023-03-10 07:00:00+00:00;0.284;;
966771;unknown;control;2023-03-10 07:15:00+00:00;0.231;;
966771;unknown;control;2023-03-10 07:30:00+00:00;0.277;;
966771;unknown;control;2023-03-10 07:45:00+00:00;0.676;;
966771;unknown;control;2023-03-10 08:00:00+00:00;0.961;;
966771;unknown;control;2023-03-10 08:15:00+00:00;0.172;;
966771;unknown;control;2023-03-10 08:30:00+00:00;0.12;;
966771;unknown;control;2023-03-10 08:45:00+00:00;0.115;;
966771;unknown;control;2023-03-10 09:00:00+00:00;0.117;;
966771;unknown;control;2023-03-10 09:15:00+00:00;0.116;;
966771;unknown;control;2023-03-10 09:30:00+00:00;0.108;;
966771;unknown;control;2023-03-10 09:45:00+00:00;0.121;;
966771;unknown;control;2023-03-10 10:00:00+00:00;0.116;;
966771;unknown;control;2023-03-10 10:15:00+00:00;0.108;;
966771;unknown;control;2023-03-10 10:30:00+00:00;0.201;;
966771;unknown;control;2023-03-10 10:45:00+00:00;0.323;;
966771;unknown;control;2023-03-10 11:00:00+00:00;0.118;;
966771;unknown;control;2023-03-10 11:15:00+00:00;0.125;;
966771;unknown;control;2023-03-10 11:30:00+00:00;0.119;;
966771;unknown;control;2023-03-10 11:45:00+00:00;0.154;;
966771;unknown;control;2023-03-10 12:00:00+00:00;0.207;;
966771;unknown;control;2023-03-10 12:15:00+00:00;0.533;;
966771;unknown;control;2023-03-10 12:30:00+00:00;0.388;;
966771;unknown;control;2023-03-10 12:45:00+00:00;0.135;;
966771;unknown;control;2023-03-10 13:00:00+00:00;0.121;;
966771;unknown;control;2023-03-10 13:15:00+00:00;0.545;;
966771;unknown;control;2023-03-10 13:30:00+00:00;0.176;;
966771;unknown;control;2023-03-10 13:45:00+00:00;0.113;;
966771;unknown;control;2023-03-10 14:00:00+00:00;0.125;;
966771;unknown;control;2023-03-10 14:15:00+00:00;0.187;;
966771;unknown;control;2023-03-10 14:30:00+00:00;0.178;;
966771;unknown;control;2023-03-10 14:45:00+00:00;0.185;;
966771;unknown;control;2023-03-10 15:00:00+00:00;0.108;;
966771;unknown;control;2023-03-10 15:15:00+00:00;0.11;;
966771;unknown;control;2023-03-10 15:30:00+00:00;0.17;;
966771;unknown;control;2023-03-10 15:45:00+00:00;0.207;;
966771;unknown;control;2023-03-10 16:00:00+00:00;0.535;;
966771;unknown;control;2023-03-10 16:15:00+00:00;0.996;;
966771;unknown;control;2023-03-10 16:30:00+00:00;0.328;;
966771;unknown;control;2023-03-10 16:45:00+00:00;0.778;;
966771;unknown;control;2023-03-10 17:00:00+00:00;0.57;;
966771;unknown;control;2023-03-10 17:15:00+00:00;0.594;;
966771;unknown;control;2023-03-10 17:30:00+00:00;1.073;;
966771;unknown;control;2023-03-10 17:45:00+00:00;0.523;;
966771;unknown;control;2023-03-10 18:00:00+00:00;0.329;;
966771;unknown;control;2023-03-10 18:15:00+00:00;0.575;;
966771;unknown;control;2023-03-10 18:30:00+00:00;0.358;;
966771;unknown;control;2023-03-10 18:45:00+00:00;0.338;;
966771;unknown;control;2023-03-10 19:00:00+00:00;0.756;;
966771;unknown;control;2023-03-10 19:15:00+00:00;1.15;;
966771;unknown;control;2023-03-10 19:30:00+00:00;0.587;;
966771;unknown;control;2023-03-10 19:45:00+00:00;0.354;;
966771;unknown;control;2023-03-10 20:00:00+00:00;0.397;;
966771;unknown;control;2023-03-10 20:15:00+00:00;0.822;;
966771;unknown;control;2023-03-10 20:30:00+00:00;1.078;;
966771;unknown;control;2023-03-10 20:45:00+00:00;0.402;;
966771;unknown;control;2023-03-10 21:00:00+00:00;0.396;;
966771;unknown;control;2023-03-10 21:15:00+00:00;0.359;;
966771;unknown;control;2023-03-10 21:30:00+00:00;0.489;;
966771;unknown;control;2023-03-10 21:45:00+00:00;1.138;;
966771;unknown;control;2023-03-10 22:00:00+00:00;0.566;;
966771;unknown;control;2023-03-10 22:15:00+00:00;0.369;;
966771;unknown;control;2023-03-10 22:30:00+00:00;0.342;;
966771;unknown;control;2023-03-10 22:45:00+00:00;0.31;;
966771;unknown;control;2023-03-10 23:00:00+00:00;0.998;;
966771;unknown;control;2023-03-10 23:15:00+00:00;1.031;;
966771;unknown;control;2023-03-10 23:30:00+00:00;0.297;;
966771;unknown;control;2023-03-10 23:45:00+00:00;0.293;;
966771;unknown;control;2023-03-11 00:00:00+00:00;0.297;;
966771;unknown;control;2023-03-11 00:15:00+00:00;0.565;;
966771;unknown;control;2023-03-11 00:30:00+00:00;1.04;;
966771;unknown;control;2023-03-11 00:45:00+00:00;0.629;;
966771;unknown;control;2023-03-11 01:00:00+00:00;0.298;;
966771;unknown;control;2023-03-11 01:15:00+00:00;0.291;;
966771;unknown;control;2023-03-11 01:30:00+00:00;2.082;;
966771;unknown;control;2023-03-11 01:45:00+00:00;2.211;;
966771;unknown;control;2023-03-11 02:00:00+00:00;1.795;;
966771;unknown;control;2023-03-11 02:15:00+00:00;1.499;;
966771;unknown;control;2023-03-11 02:30:00+00:00;0.882;;
966771;unknown;control;2023-03-11 02:45:00+00:00;0.322;;
966771;unknown;control;2023-03-11 03:00:00+00:00;0.921;;
966771;unknown;control;2023-03-11 03:15:00+00:00;1.047;;
966771;unknown;control;2023-03-11 03:30:00+00:00;0.505;;
966771;unknown;control;2023-03-11 03:45:00+00:00;0.288;;
966771;unknown;control;2023-03-11 04:00:00+00:00;0.295;;
966771;unknown;control;2023-03-11 04:15:00+00:00;0.328;;
966771;unknown;control;2023-03-11 04:30:00+00:00;0.972;;
966771;unknown;control;2023-03-11 04:45:00+00:00;1.079;;
966771;unknown;control;2023-03-11 05:00:00+00:00;0.947;;
966771;unknown;control;2023-03-11 05:15:00+00:00;0.948;;
966771;unknown;control;2023-03-11 05:30:00+00:00;0.894;;
966771;unknown;control;2023-03-11 05:45:00+00:00;0.871;;
966771;unknown;control;2023-03-11 06:00:00+00:00;0.387;;
966771;unknown;control;2023-03-11 06:15:00+00:00;0.576;;
966771;unknown;control;2023-03-11 06:30:00+00:00;1.067;;
966771;unknown;control;2023-03-11 06:45:00+00:00;1.096;;
966771;unknown;control;2023-03-11 07:00:00+00:00;0.484;;
966771;unknown;control;2023-03-11 07:15:00+00:00;0.29;;
966771;unknown;control;2023-03-11 07:30:00+00:00;0.29;;
966771;unknown;control;2023-03-11 07:45:00+00:00;0.802;;
966771;unknown;control;2023-03-11 08:00:00+00:00;1.195;;
966771;unknown;control;2023-03-11 08:15:00+00:00;1.052;;
966771;unknown;control;2023-03-11 08:30:00+00:00;0.367;;
966771;unknown;control;2023-03-11 08:45:00+00:00;0.299;;
966771;unknown;control;2023-03-11 09:00:00+00:00;0.317;;
966771;unknown;control;2023-03-11 09:15:00+00:00;0.252;;
966771;unknown;control;2023-03-11 09:30:00+00:00;0.199;;
966771;unknown;control;2023-03-11 09:45:00+00:00;0.233;;
966771;unknown;control;2023-03-11 10:00:00+00:00;0.184;;
966771;unknown;control;2023-03-11 10:15:00+00:00;0.135;;
966771;unknown;control;2023-03-11 10:30:00+00:00;0.191;;
966771;unknown;control;2023-03-11 10:45:00+00:00;0.168;;
966771;unknown;control;2023-03-11 11:00:00+00:00;0.58;;
966771;unknown;control;2023-03-11 11:15:00+00:00;0.461;;
966771;unknown;control;2023-03-11 11:30:00+00:00;0.314;;
966771;unknown;control;2023-03-11 11:45:00+00:00;0.219;;
966771;unknown;control;2023-03-11 12:00:00+00:00;0.155;;
966771;unknown;control;2023-03-11 12:15:00+00:00;0.142;;
966771;unknown;control;2023-03-11 12:30:00+00:00;0.151;;
966771;unknown;control;2023-03-11 12:45:00+00:00;0.551;;
966771;unknown;control;2023-03-11 13:00:00+00:00;0.152;;
966771;unknown;control;2023-03-11 13:15:00+00:00;0.168;;
966771;unknown;control;2023-03-11 13:30:00+00:00;0.178;;
966771;unknown;control;2023-03-11 13:45:00+00:00;0.449;;
966771;unknown;control;2023-03-11 14:00:00+00:00;0.177;;
966771;unknown;control;2023-03-11 14:15:00+00:00;0.152;;
966771;unknown;control;2023-03-11 14:30:00+00:00;0.217;;
966771;unknown;control;2023-03-11 14:45:00+00:00;0.201;;
966771;unknown;control;2023-03-11 15:00:00+00:00;0.179;;
966771;unknown;control;2023-03-11 15:15:00+00:00;0.796;;
966771;unknown;control;2023-03-11 15:30:00+00:00;0.872;;
966771;unknown;control;2023-03-11 15:45:00+00:00;0.233;;
966771;unknown;control;2023-03-11 16:00:00+00:00;0.352;;
966771;unknown;control;2023-03-11 16:15:00+00:00;0.968;;
966771;unknown;control;2023-03-11 16:30:00+00:00;0.932;;
966771;unknown;control;2023-03-11 16:45:00+00:00;0.283;;
966771;unknown;control;2023-03-11 17:00:00+00:00;0.299;;
966771;unknown;control;2023-03-11 17:15:00+00:00;0.351;;
966771;unknown;control;2023-03-11 17:30:00+00:00;1.018;;
966771;unknown;control;2023-03-11 17:45:00+00:00;1.068;;
966771;unknown;control;2023-03-11 18:00:00+00:00;0.632;;
966771;unknown;control;2023-03-11 18:15:00+00:00;0.29;;
966771;unknown;control;2023-03-11 18:30:00+00:00;0.252;;
966771;unknown;control;2023-03-11 18:45:00+00:00;0.926;;
966771;unknown;control;2023-03-11 19:00:00+00:00;1.05;;
966771;unknown;control;2023-03-11 19:15:00+00:00;0.69;;
966771;unknown;control;2023-03-11 19:30:00+00:00;0.333;;
966771;unknown;control;2023-03-11 19:45:00+00:00;0.317;;
966771;unknown;control;2023-03-11 20:00:00+00:00;0.311;;
966771;unknown;control;2023-03-11 20:15:00+00:00;0.331;;
966771;unknown;control;2023-03-11 20:30:00+00:00;0.382;;
966771;unknown;control;2023-03-11 20:45:00+00:00;0.838;;
966771;unknown;control;2023-03-11 21:00:00+00:00;1.092;;
966771;unknown;control;2023-03-11 21:15:00+00:00;0.956;;
966771;unknown;control;2023-03-11 21:30:00+00:00;0.3;;
966771;unknown;control;2023-03-11 21:45:00+00:00;0.286;;
966771;unknown;control;2023-03-11 22:00:00+00:00;0.249;;
966771;unknown;control;2023-03-11 22:15:00+00:00;0.275;;
966771;unknown;control;2023-03-11 22:30:00+00:00;0.297;;
966771;unknown;control;2023-03-11 22:45:00+00:00;0.863;;
966771;unknown;control;2023-03-11 23:00:00+00:00;1.006;;
966771;unknown;control;2023-03-11 23:15:00+00:00;0.695;;
966771;unknown;control;2023-03-11 23:30:00+00:00;0.28;;
966771;unknown;control;2023-03-11 23:45:00+00:00;0.275;;
966771;unknown;control;2023-03-12 00:00:00+00:00;0.284;;
966771;unknown;control;2023-03-12 00:15:00+00:00;0.24;;
966771;unknown;control;2023-03-12 00:30:00+00:00;0.384;;
966771;unknown;control;2023-03-12 00:45:00+00:00;1.022;;
966771;unknown;control;2023-03-12 01:00:00+00:00;1.036;;
966771;unknown;control;2023-03-12 01:15:00+00:00;0.473;;
966771;unknown;control;2023-03-12 01:30:00+00:00;1.474;;
966771;unknown;control;2023-03-12 01:45:00+00:00;1.872;;
966771;unknown;control;2023-03-12 02:00:00+00:00;2.242;;
966771;unknown;control;2023-03-12 02:15:00+00:00;1.872;;
966771;unknown;control;2023-03-12 02:30:00+00:00;1.481;;
966771;unknown;control;2023-03-12 02:45:00+00:00;1.498;;
966771;unknown;control;2023-03-12 03:00:00+00:00;1.977;;
966771;unknown;control;2023-03-12 03:15:00+00:00;2.229;;
966771;unknown;control;2023-03-12 03:30:00+00:00;1.785;;
966771;unknown;control;2023-03-12 03:45:00+00:00;1.503;;
966771;unknown;control;2023-03-12 04:00:00+00:00;1.492;;
966771;unknown;control;2023-03-12 04:15:00+00:00;1.528;;
966771;unknown;control;2023-03-12 04:30:00+00:00;1.48;;
966771;unknown;control;2023-03-12 04:45:00+00:00;1.453;;
966771;unknown;control;2023-03-12 05:00:00+00:00;1.44;;
966771;unknown;control;2023-03-12 05:15:00+00:00;0.678;;
966771;unknown;control;2023-03-12 05:30:00+00:00;1.022;;
966771;unknown;control;2023-03-12 05:45:00+00:00;0.888;;
966771;unknown;control;2023-03-12 06:00:00+00:00;0.258;;
966771;unknown;control;2023-03-12 06:15:00+00:00;0.282;;
966771;unknown;control;2023-03-12 06:30:00+00:00;0.215;;
966771;unknown;control;2023-03-12 06:45:00+00:00;0.218;;
966771;unknown;control;2023-03-12 07:00:00+00:00;0.505;;
966771;unknown;control;2023-03-12 07:15:00+00:00;0.989;;
966771;unknown;control;2023-03-12 07:30:00+00:00;0.474;;
966771;unknown;control;2023-03-12 07:45:00+00:00;0.554;;
966771;unknown;control;2023-03-12 08:00:00+00:00;0.237;;
966771;unknown;control;2023-03-12 08:15:00+00:00;0.216;;
966771;unknown;control;2023-03-12 08:30:00+00:00;0.333;;
966771;unknown;control;2023-03-12 08:45:00+00:00;0.867;;
966771;unknown;control;2023-03-12 09:00:00+00:00;0.461;;
966771;unknown;control;2023-03-12 09:15:00+00:00;0.207;;
966771;unknown;control;2023-03-12 09:30:00+00:00;0.155;;
966771;unknown;control;2023-03-12 09:45:00+00:00;0.173;;
966771;unknown;control;2023-03-12 10:00:00+00:00;0.49;;
966771;unknown;control;2023-03-12 10:15:00+00:00;0.504;;
966771;unknown;control;2023-03-12 10:30:00+00:00;0.346;;
966771;unknown;control;2023-03-12 10:45:00+00:00;0.329;;
966771;unknown;control;2023-03-12 11:00:00+00:00;0.339;;
966771;unknown;control;2023-03-12 11:15:00+00:00;0.328;;
966771;unknown;control;2023-03-12 11:30:00+00:00;0.27;;
966771;unknown;control;2023-03-12 11:45:00+00:00;0.189;;
966771;unknown;control;2023-03-12 12:00:00+00:00;0.153;;
966771;unknown;control;2023-03-12 12:15:00+00:00;0.148;;
966771;unknown;control;2023-03-12 12:30:00+00:00;0.124;;
966771;unknown;control;2023-03-12 12:45:00+00:00;0.202;;
966771;unknown;control;2023-03-12 13:00:00+00:00;0.98;;
966771;unknown;control;2023-03-12 13:15:00+00:00;0.394;;
966771;unknown;control;2023-03-12 13:30:00+00:00;0.287;;
966771;unknown;control;2023-03-12 13:45:00+00:00;0.573;;
966771;unknown;control;2023-03-12 14:00:00+00:00;0.275;;
966771;unknown;control;2023-03-12 14:15:00+00:00;0.229;;
966771;unknown;control;2023-03-12 14:30:00+00:00;0.129;;
966771;unknown;control;2023-03-12 14:45:00+00:00;0.13;;
966771;unknown;control;2023-03-12 15:00:00+00:00;0.134;;
966771;unknown;control;2023-03-12 15:15:00+00:00;0.134;;
966771;unknown;control;2023-03-12 15:30:00+00:00;0.121;;
966771;unknown;control;2023-03-12 15:45:00+00:00;0.104;;
966771;unknown;control;2023-03-12 16:00:00+00:00;0.111;;
966771;unknown;control;2023-03-12 16:15:00+00:00;0.122;;
966771;unknown;control;2023-03-12 16:30:00+00:00;0.112;;
966771;unknown;control;2023-03-12 16:45:00+00:00;0.135;;
966771;unknown;control;2023-03-12 17:00:00+00:00;0.202;;
966771;unknown;control;2023-03-12 17:15:00+00:00;0.166;;
966771;unknown;control;2023-03-12 17:30:00+00:00;0.226;;
966771;unknown;control;2023-03-12 17:45:00+00:00;0.712;;
966771;unknown;control;2023-03-12 18:00:00+00:00;1.314;;
966771;unknown;control;2023-03-12 18:15:00+00:00;1.033;;
966771;unknown;control;2023-03-12 18:30:00+00:00;0.281;;
966771;unknown;control;2023-03-12 18:45:00+00:00;0.321;;
966771;unknown;control;2023-03-12 19:00:00+00:00;0.395;;
966771;unknown;control;2023-03-12 19:15:00+00:00;1.07;;
966771;unknown;control;2023-03-12 19:30:00+00:00;0.469;;
966771;unknown;control;2023-03-12 19:45:00+00:00;0.315;;
966771;unknown;control;2023-03-12 20:00:00+00:00;0.771;;
966771;unknown;control;2023-03-12 20:15:00+00:00;1.098;;
966771;unknown;control;2023-03-12 20:30:00+00:00;0.363;;
966771;unknown;control;2023-03-12 20:45:00+00:00;0.307;;
966771;unknown;control;2023-03-12 21:00:00+00:00;0.29;;
966771;unknown;control;2023-03-12 21:15:00+00:00;0.736;;
966771;unknown;control;2023-03-12 21:30:00+00:00;0.435;;
966771;unknown;control;2023-03-12 21:45:00+00:00;0.267;;
966771;unknown;control;2023-03-12 22:00:00+00:00;0.228;;
966771;unknown;control;2023-03-12 22:15:00+00:00;0.547;;
966771;unknown;control;2023-03-12 22:30:00+00:00;0.981;;
966771;unknown;control;2023-03-12 22:45:00+00:00;0.387;;
966771;unknown;control;2023-03-12 23:00:00+00:00;0.207;;
966771;unknown;control;2023-03-12 23:15:00+00:00;0.265;;
966771;unknown;control;2023-03-12 23:30:00+00:00;0.215;;
966771;unknown;control;2023-03-12 23:45:00+00:00;0.246;;
966771;unknown;control;2023-03-13 00:00:00+00:00;0.235;;
966771;unknown;control;2023-03-13 00:15:00+00:00;0.245;;
966771;unknown;control;2023-03-13 00:30:00+00:00;0.242;;
966771;unknown;control;2023-03-13 00:45:00+00:00;0.714;;
966771;unknown;control;2023-03-13 01:00:00+00:00;0.954;;
966771;unknown;control;2023-03-13 01:15:00+00:00;0.213;;
966771;unknown;control;2023-03-13 01:30:00+00:00;1.425;;
966771;unknown;control;2023-03-13 01:45:00+00:00;1.427;;
966771;unknown;control;2023-03-13 02:00:00+00:00;1.414;;
966771;unknown;control;2023-03-13 02:15:00+00:00;1.413;;
966771;unknown;control;2023-03-13 02:30:00+00:00;1.163;;
966771;unknown;control;2023-03-13 02:45:00+00:00;0.201;;
966771;unknown;control;2023-03-13 03:00:00+00:00;0.207;;
966771;unknown;control;2023-03-13 03:15:00+00:00;0.205;;
966771;unknown;control;2023-03-13 03:30:00+00:00;0.212;;
966771;unknown;control;2023-03-13 03:45:00+00:00;0.207;;
966771;unknown;control;2023-03-13 04:00:00+00:00;0.17;;
966771;unknown;control;2023-03-13 04:15:00+00:00;0.198;;
966771;unknown;control;2023-03-13 04:30:00+00:00;0.452;;
966771;unknown;control;2023-03-13 04:45:00+00:00;0.886;;
966771;unknown;control;2023-03-13 05:00:00+00:00;1.429;;
966771;unknown;control;2023-03-13 05:15:00+00:00;1.43;;
966771;unknown;control;2023-03-13 05:30:00+00:00;1.42;;
966771;unknown;control;2023-03-13 05:45:00+00:00;1.422;;
966771;unknown;control;2023-03-13 06:00:00+00:00;0.338;;
966771;unknown;control;2023-03-13 06:15:00+00:00;0.371;;
966771;unknown;control;2023-03-13 06:30:00+00:00;0.383;;
966771;unknown;control;2023-03-13 06:45:00+00:00;0.222;;
966771;unknown;control;2023-03-13 07:00:00+00:00;0.139;;
966771;unknown;control;2023-03-13 07:15:00+00:00;0.121;;
966771;unknown;control;2023-03-13 07:30:00+00:00;0.121;;
966771;unknown;control;2023-03-13 07:45:00+00:00;0.13;;
966771;unknown;control;2023-03-13 08:00:00+00:00;0.125;;
966771;unknown;control;2023-03-13 08:15:00+00:00;0.117;;
966771;unknown;control;2023-03-13 08:30:00+00:00;0.127;;
966771;unknown;control;2023-03-13 08:45:00+00:00;0.129;;
966771;unknown;control;2023-03-13 09:00:00+00:00;0.792;;
966771;unknown;control;2023-03-13 09:15:00+00:00;0.191;;
966771;unknown;control;2023-03-13 09:30:00+00:00;0.135;;
966771;unknown;control;2023-03-13 09:45:00+00:00;0.515;;
966771;unknown;control;2023-03-13 10:00:00+00:00;0.266;;
966771;unknown;control;2023-03-13 10:15:00+00:00;0.111;;
966771;unknown;control;2023-03-13 10:30:00+00:00;0.102;;
966771;unknown;control;2023-03-13 10:45:00+00:00;0.105;;
966771;unknown;control;2023-03-13 11:00:00+00:00;0.096;;
966771;unknown;control;2023-03-13 11:15:00+00:00;0.104;;
966771;unknown;control;2023-03-13 11:30:00+00:00;0.103;;
966771;unknown;control;2023-03-13 11:45:00+00:00;0.1;;
966771;unknown;control;2023-03-13 12:00:00+00:00;0.202;;
966771;unknown;control;2023-03-13 12:15:00+00:00;0.264;;
966771;unknown;control;2023-03-13 12:30:00+00:00;0.274;;
966771;unknown;control;2023-03-13 12:45:00+00:00;0.274;;
966771;unknown;control;2023-03-13 13:00:00+00:00;0.264;;
966771;unknown;control;2023-03-13 13:15:00+00:00;0.126;;
966771;unknown;control;2023-03-13 13:30:00+00:00;0.104;;
966771;unknown;control;2023-03-13 13:45:00+00:00;0.094;;
966771;unknown;control;2023-03-13 14:00:00+00:00;0.105;;
966771;unknown;control;2023-03-13 14:15:00+00:00;0.165;;
966771;unknown;control;2023-03-13 14:30:00+00:00;0.252;;
966771;unknown;control;2023-03-13 14:45:00+00:00;0.279;;
966771;unknown;control;2023-03-13 15:00:00+00:00;0.172;;
966771;unknown;control;2023-03-13 15:15:00+00:00;0.1;;
966771;unknown;control;2023-03-13 15:30:00+00:00;0.355;;
966771;unknown;control;2023-03-13 15:45:00+00:00;0.181;;
966771;unknown;control;2023-03-13 16:00:00+00:00;0.102;;
966771;unknown;control;2023-03-13 16:15:00+00:00;0.106;;
966771;unknown;control;2023-03-13 16:30:00+00:00;0.098;;
966771;unknown;control;2023-03-13 16:45:00+00:00;0.114;;
966771;unknown;control;2023-03-13 17:00:00+00:00;0.108;;
966771;unknown;control;2023-03-13 17:15:00+00:00;0.277;;
966771;unknown;control;2023-03-13 17:30:00+00:00;0.435;;
966771;unknown;control;2023-03-13 17:45:00+00:00;0.305;;
966771;unknown;control;2023-03-13 18:00:00+00:00;0.227;;
966771;unknown;control;2023-03-13 18:15:00+00:00;0.193;;
966771;unknown;control;2023-03-13 18:30:00+00:00;0.619;;
966771;unknown;control;2023-03-13 18:45:00+00:00;0.204;;
966771;unknown;control;2023-03-13 19:00:00+00:00;0.253;;
966771;unknown;control;2023-03-13 19:15:00+00:00;0.208;;
966771;unknown;control;2023-03-13 19:30:00+00:00;0.206;;
966771;unknown;control;2023-03-13 19:45:00+00:00;0.215;;
966771;unknown;control;2023-03-13 20:00:00+00:00;0.21;;
966771;unknown;control;2023-03-13 20:15:00+00:00;0.212;;
966771;unknown;control;2023-03-13 20:30:00+00:00;0.19;;
966771;unknown;control;2023-03-13 20:45:00+00:00;0.181;;
966771;unknown;control;2023-03-13 21:00:00+00:00;0.596;;
966771;unknown;control;2023-03-13 21:15:00+00:00;0.473;;
966771;unknown;control;2023-03-13 21:30:00+00:00;0.214;;
966771;unknown;control;2023-03-13 21:45:00+00:00;0.159;;
966771;unknown;control;2023-03-13 22:00:00+00:00;0.526;;
966771;unknown;control;2023-03-13 22:15:00+00:00;0.152;;
966771;unknown;control;2023-03-13 22:30:00+00:00;0.2;;
966771;unknown;control;2023-03-13 22:45:00+00:00;0.167;;
966771;unknown;control;2023-03-13 23:00:00+00:00;0.199;;
966771;unknown;control;2023-03-13 23:15:00+00:00;0.197;;
966771;unknown;control;2023-03-13 23:30:00+00:00;0.196;;
966771;unknown;control;2023-03-13 23:45:00+00:00;0.199;;
966771;unknown;control;2023-03-14 00:00:00+00:00;0.203;;
966771;unknown;control;2023-03-14 00:15:00+00:00;0.191;;
966771;unknown;control;2023-03-14 00:30:00+00:00;0.194;;
966771;unknown;control;2023-03-14 00:45:00+00:00;0.203;;
966771;unknown;control;2023-03-14 01:00:00+00:00;0.209;;
966771;unknown;control;2023-03-14 01:15:00+00:00;0.206;;
966771;unknown;control;2023-03-14 01:30:00+00:00;1.423;;
966771;unknown;control;2023-03-14 01:45:00+00:00;1.449;;
966771;unknown;control;2023-03-14 02:00:00+00:00;1.464;;
966771;unknown;control;2023-03-14 02:15:00+00:00;1.453;;
966771;unknown;control;2023-03-14 02:30:00+00:00;1.433;;
966771;unknown;control;2023-03-14 02:45:00+00:00;1.453;;
966771;unknown;control;2023-03-14 03:00:00+00:00;1.47;;
966771;unknown;control;2023-03-14 03:15:00+00:00;1.444;;
966771;unknown;control;2023-03-14 03:30:00+00:00;1.168;;
966771;unknown;control;2023-03-14 03:45:00+00:00;0.214;;
966771;unknown;control;2023-03-14 04:00:00+00:00;0.238;;
966771;unknown;control;2023-03-14 04:15:00+00:00;0.199;;
966771;unknown;control;2023-03-14 04:30:00+00:00;0.472;;
966771;unknown;control;2023-03-14 04:45:00+00:00;0.952;;
966771;unknown;control;2023-03-14 05:00:00+00:00;0.246;;
966771;unknown;control;2023-03-14 05:15:00+00:00;0.216;;
966771;unknown;control;2023-03-14 05:30:00+00:00;0.405;;
966771;unknown;control;2023-03-14 05:45:00+00:00;1.457;;
966771;unknown;control;2023-03-14 06:00:00+00:00;0.258;;
966771;unknown;control;2023-03-14 06:15:00+00:00;0.219;;
966771;unknown;control;2023-03-14 06:30:00+00:00;0.238;;
966771;unknown;control;2023-03-14 06:45:00+00:00;0.168;;
966771;unknown;control;2023-03-14 07:00:00+00:00;0.126;;
966771;unknown;control;2023-03-14 07:15:00+00:00;0.116;;
966771;unknown;control;2023-03-14 07:30:00+00:00;0.124;;
966771;unknown;control;2023-03-14 07:45:00+00:00;0.122;;
966771;unknown;control;2023-03-14 08:00:00+00:00;0.111;;
966771;unknown;control;2023-03-14 08:15:00+00:00;0.358;;
966771;unknown;control;2023-03-14 08:30:00+00:00;0.139;;
966771;unknown;control;2023-03-14 08:45:00+00:00;0.143;;
966771;unknown;control;2023-03-14 09:00:00+00:00;0.142;;
966771;unknown;control;2023-03-14 09:15:00+00:00;0.134;;
966771;unknown;control;2023-03-14 09:30:00+00:00;0.116;;
966771;unknown;control;2023-03-14 09:45:00+00:00;0.123;;
966771;unknown;control;2023-03-14 10:00:00+00:00;0.115;;
966771;unknown;control;2023-03-14 10:15:00+00:00;0.118;;
966771;unknown;control;2023-03-14 10:30:00+00:00;0.125;;
966771;unknown;control;2023-03-14 10:45:00+00:00;0.116;;
966771;unknown;control;2023-03-14 11:00:00+00:00;0.116;;
966771;unknown;control;2023-03-14 11:15:00+00:00;0.173;;
966771;unknown;control;2023-03-14 11:30:00+00:00;0.366;;
966771;unknown;control;2023-03-14 11:45:00+00:00;0.256;;
966771;unknown;control;2023-03-14 12:00:00+00:00;0.197;;
966771;unknown;control;2023-03-14 12:15:00+00:00;0.127;;
966771;unknown;control;2023-03-14 12:30:00+00:00;0.14;;
966771;unknown;control;2023-03-14 12:45:00+00:00;0.132;;
966771;unknown;control;2023-03-14 13:00:00+00:00;0.128;;
966771;unknown;control;2023-03-14 13:15:00+00:00;0.145;;
966771;unknown;control;2023-03-14 13:30:00+00:00;0.128;;
966771;unknown;control;2023-03-14 13:45:00+00:00;0.127;;
966771;unknown;control;2023-03-14 14:00:00+00:00;0.138;;
966771;unknown;control;2023-03-14 14:15:00+00:00;0.133;;
966771;unknown;control;2023-03-14 14:30:00+00:00;0.421;;
966771;unknown;control;2023-03-14 14:45:00+00:00;0.528;;
966771;unknown;control;2023-03-14 15:00:00+00:00;0.167;;
966771;unknown;control;2023-03-14 15:15:00+00:00;0.124;;
966771;unknown;control;2023-03-14 15:30:00+00:00;0.206;;
966771;unknown;control;2023-03-14 15:45:00+00:00;0.136;;
966771;unknown;control;2023-03-14 16:00:00+00:00;0.16;;
966771;unknown;control;2023-03-14 16:15:00+00:00;0.164;;
966771;unknown;control;2023-03-14 16:30:00+00:00;0.216;;
966771;unknown;control;2023-03-14 16:45:00+00:00;0.564;;
966771;unknown;control;2023-03-14 17:00:00+00:00;0.838;;
966771;unknown;control;2023-03-14 17:15:00+00:00;1.112;;
966771;unknown;control;2023-03-14 17:30:00+00:00;0.456;;
966771;unknown;control;2023-03-14 17:45:00+00:00;0.422;;
966771;unknown;control;2023-03-14 18:00:00+00:00;1.287;;
966771;unknown;control;2023-03-14 18:15:00+00:00;1.092;;
966771;unknown;control;2023-03-14 18:30:00+00:00;0.658;;
966771;unknown;control;2023-03-14 18:45:00+00:00;0.404;;
966771;unknown;control;2023-03-14 19:00:00+00:00;1.067;;
966771;unknown;control;2023-03-14 19:15:00+00:00;0.683;;
966771;unknown;control;2023-03-14 19:30:00+00:00;0.394;;
966771;unknown;control;2023-03-14 19:45:00+00:00;0.876;;
966771;unknown;control;2023-03-14 20:00:00+00:00;1.106;;
966771;unknown;control;2023-03-14 20:15:00+00:00;1.017;;
966771;unknown;control;2023-03-14 20:30:00+00:00;1.034;;
966771;unknown;control;2023-03-14 20:45:00+00:00;0.763;;
966771;unknown;control;2023-03-14 21:00:00+00:00;0.348;;
966771;unknown;control;2023-03-14 21:15:00+00:00;0.323;;
966771;unknown;control;2023-03-14 21:30:00+00:00;0.303;;
966771;unknown;control;2023-03-14 21:45:00+00:00;0.312;;
966771;unknown;control;2023-03-14 22:00:00+00:00;0.273;;
966771;unknown;control;2023-03-14 22:15:00+00:00;0.274;;
966771;unknown;control;2023-03-14 22:30:00+00:00;0.29;;
966771;unknown;control;2023-03-14 22:45:00+00:00;0.305;;
966771;unknown;control;2023-03-14 23:00:00+00:00;0.317;;
966771;unknown;control;2023-03-14 23:15:00+00:00;0.823;;
966771;unknown;control;2023-03-14 23:30:00+00:00;1.051;;
966771;unknown;control;2023-03-14 23:45:00+00:00;0.421;;
966771;unknown;control;2023-03-15 00:00:00+00:00;0.34;;
966771;unknown;control;2023-03-15 00:15:00+00:00;0.314;;
966771;unknown;control;2023-03-15 00:30:00+00:00;0.459;;
966771;unknown;control;2023-03-15 00:45:00+00:00;1.015;;
966771;unknown;control;2023-03-15 01:00:00+00:00;1.077;;
966771;unknown;control;2023-03-15 01:15:00+00:00;0.471;;
966771;unknown;control;2023-03-15 01:30:00+00:00;1.467;;
966771;unknown;control;2023-03-15 01:45:00+00:00;1.534;;
966771;unknown;control;2023-03-15 02:00:00+00:00;1.868;;
966771;unknown;control;2023-03-15 02:15:00+00:00;2.267;;
966771;unknown;control;2023-03-15 02:30:00+00:00;2.319;;
966771;unknown;control;2023-03-15 02:45:00+00:00;2.249;;
966771;unknown;control;2023-03-15 03:00:00+00:00;1.178;;
966771;unknown;control;2023-03-15 03:15:00+00:00;1.132;;
966771;unknown;control;2023-03-15 03:30:00+00:00;1.145;;
966771;unknown;control;2023-03-15 03:45:00+00:00;1.116;;
966771;unknown;control;2023-03-15 04:00:00+00:00;1.123;;
966771;unknown;control;2023-03-15 04:15:00+00:00;0.484;;
966771;unknown;control;2023-03-15 04:30:00+00:00;0.4;;
966771;unknown;control;2023-03-15 04:45:00+00:00;0.95;;
966771;unknown;control;2023-03-15 05:00:00+00:00;1.12;;
966771;unknown;control;2023-03-15 05:15:00+00:00;1.148;;
966771;unknown;control;2023-03-15 05:30:00+00:00;1.154;;
966771;unknown;control;2023-03-15 05:45:00+00:00;2.208;;
966771;unknown;control;2023-03-15 06:00:00+00:00;0.81;;
966771;unknown;control;2023-03-15 06:15:00+00:00;0.364;;
966771;unknown;control;2023-03-15 06:30:00+00:00;0.336;;
966771;unknown;control;2023-03-15 06:45:00+00:00;0.265;;
966771;unknown;control;2023-03-15 07:00:00+00:00;0.165;;
966771;unknown;control;2023-03-15 07:15:00+00:00;0.186;;
966771;unknown;control;2023-03-15 07:30:00+00:00;0.125;;
966771;unknown;control;2023-03-15 07:45:00+00:00;0.115;;
966771;unknown;control;2023-03-15 08:00:00+00:00;0.114;;
966771;unknown;control;2023-03-15 08:15:00+00:00;0.121;;
966771;unknown;control;2023-03-15 08:30:00+00:00;0.116;;
966771;unknown;control;2023-03-15 08:45:00+00:00;0.119;;
966771;unknown;control;2023-03-15 09:00:00+00:00;0.119;;
966771;unknown;control;2023-03-15 09:15:00+00:00;0.115;;
966771;unknown;control;2023-03-15 09:30:00+00:00;0.128;;
966771;unknown;control;2023-03-15 09:45:00+00:00;0.122;;
966771;unknown;control;2023-03-15 10:00:00+00:00;0.113;;
966771;unknown;control;2023-03-15 10:15:00+00:00;0.151;;
966771;unknown;control;2023-03-15 10:30:00+00:00;0.318;;
966771;unknown;control;2023-03-15 10:45:00+00:00;0.496;;
966771;unknown;control;2023-03-15 11:00:00+00:00;0.121;;
966771;unknown;control;2023-03-15 11:15:00+00:00;0.131;;
966771;unknown;control;2023-03-15 11:30:00+00:00;0.112;;
966771;unknown;control;2023-03-15 11:45:00+00:00;0.125;;
966771;unknown;control;2023-03-15 12:00:00+00:00;0.115;;
966771;unknown;control;2023-03-15 12:15:00+00:00;0.125;;
966771;unknown;control;2023-03-15 12:30:00+00:00;0.124;;
966771;unknown;control;2023-03-15 12:45:00+00:00;0.117;;
966771;unknown;control;2023-03-15 13:00:00+00:00;0.124;;
966771;unknown;control;2023-03-15 13:15:00+00:00;0.127;;
966771;unknown;control;2023-03-15 13:30:00+00:00;0.138;;
966771;unknown;control;2023-03-15 13:45:00+00:00;0.228;;
966771;unknown;control;2023-03-15 14:00:00+00:00;0.12;;
966771;unknown;control;2023-03-15 14:15:00+00:00;0.119;;
966771;unknown;control;2023-03-15 14:30:00+00:00;0.134;;
966771;unknown;control;2023-03-15 14:45:00+00:00;0.174;;
966771;unknown;control;2023-03-15 15:00:00+00:00;0.109;;
966771;unknown;control;2023-03-15 15:15:00+00:00;0.23;;
966771;unknown;control;2023-03-15 15:30:00+00:00;0.352;;
966771;unknown;control;2023-03-15 15:45:00+00:00;0.352;;
966771;unknown;control;2023-03-15 16:00:00+00:00;0.592;;
966771;unknown;control;2023-03-15 16:15:00+00:00;0.434;;
966771;unknown;control;2023-03-15 16:30:00+00:00;0.659;;
966771;unknown;control;2023-03-15 16:45:00+00:00;1.107;;
966771;unknown;control;2023-03-15 17:00:00+00:00;0.522;;
966771;unknown;control;2023-03-15 17:15:00+00:00;0.3;;
966771;unknown;control;2023-03-15 17:30:00+00:00;0.408;;
966771;unknown;control;2023-03-15 17:45:00+00:00;1.01;;
966771;unknown;control;2023-03-15 18:00:00+00:00;1.061;;
966771;unknown;control;2023-03-15 18:15:00+00:00;1.151;;
966771;unknown;control;2023-03-15 18:30:00+00:00;1.166;;
966771;unknown;control;2023-03-15 18:45:00+00:00;0.833;;
966771;unknown;control;2023-03-15 19:00:00+00:00;0.42;;
966771;unknown;control;2023-03-15 19:15:00+00:00;0.628;;
966771;unknown;control;2023-03-15 19:30:00+00:00;1.132;;
966771;unknown;control;2023-03-15 19:45:00+00:00;1.188;;
966771;unknown;control;2023-03-15 20:00:00+00:00;1.078;;
966771;unknown;control;2023-03-15 20:15:00+00:00;1.181;;
966771;unknown;control;2023-03-15 20:30:00+00:00;0.888;;
966771;unknown;control;2023-03-15 20:45:00+00:00;0.369;;
966771;unknown;control;2023-03-15 21:00:00+00:00;0.466;;
966771;unknown;control;2023-03-15 21:15:00+00:00;1.086;;
966771;unknown;control;2023-03-15 21:30:00+00:00;0.579;;
966771;unknown;control;2023-03-15 21:45:00+00:00;0.384;;
966771;unknown;control;2023-03-15 22:00:00+00:00;0.821;;
966771;unknown;control;2023-03-15 22:15:00+00:00;1.103;;
966771;unknown;control;2023-03-15 22:30:00+00:00;1.145;;
966771;unknown;control;2023-03-15 22:45:00+00:00;1.146;;
966771;unknown;control;2023-03-15 23:00:00+00:00;1.118;;
966771;unknown;control;2023-03-15 23:15:00+00:00;0.841;;
966771;unknown;control;2023-03-15 23:30:00+00:00;0.357;;
966771;unknown;control;2023-03-15 23:45:00+00:00;0.399;;
966771;unknown;control;2023-03-16 00:00:00+00:00;0.993;;
966771;unknown;control;2023-03-16 00:15:00+00:00;1.136;;
966771;unknown;control;2023-03-16 00:30:00+00:00;1.123;;
966771;unknown;control;2023-03-16 00:45:00+00:00;1.032;;
966771;unknown;control;2023-03-16 01:00:00+00:00;0.387;;
966771;unknown;control;2023-03-16 01:15:00+00:00;0.368;;
966771;unknown;control;2023-03-16 01:30:00+00:00;1.75;;
966771;unknown;control;2023-03-16 01:45:00+00:00;2.309;;
966771;unknown;control;2023-03-16 02:00:00+00:00;2.349;;
966771;unknown;control;2023-03-16 02:15:00+00:00;2.345;;
966771;unknown;control;2023-03-16 02:30:00+00:00;2.31;;
966771;unknown;control;2023-03-16 02:45:00+00:00;1.139;;
966771;unknown;control;2023-03-16 03:00:00+00:00;0.954;;
966771;unknown;control;2023-03-16 03:15:00+00:00;0.942;;
966771;unknown;control;2023-03-16 03:30:00+00:00;1.161;;
966771;unknown;control;2023-03-16 03:45:00+00:00;1.154;;
966771;unknown;control;2023-03-16 04:00:00+00:00;0.606;;
966771;unknown;control;2023-03-16 04:15:00+00:00;0.391;;
966771;unknown;control;2023-03-16 04:30:00+00:00;0.401;;
966771;unknown;control;2023-03-16 04:45:00+00:00;0.716;;
966771;unknown;control;2023-03-16 05:00:00+00:00;1.141;;
966771;unknown;control;2023-03-16 05:15:00+00:00;1.166;;
966771;unknown;control;2023-03-16 05:30:00+00:00;1.144;;
966771;unknown;control;2023-03-16 05:45:00+00:00;1.125;;
966771;unknown;control;2023-03-16 06:00:00+00:00;0.55;;
966771;unknown;control;2023-03-16 06:15:00+00:00;0.346;;
966771;unknown;control;2023-03-16 06:30:00+00:00;0.304;;
966771;unknown;control;2023-03-16 06:45:00+00:00;0.195;;
966771;unknown;control;2023-03-16 07:00:00+00:00;0.161;;
966771;unknown;control;2023-03-16 07:15:00+00:00;0.118;;
966771;unknown;control;2023-03-16 07:30:00+00:00;0.485;;
966771;unknown;control;2023-03-16 07:45:00+00:00;0.206;;
966771;unknown;control;2023-03-16 08:00:00+00:00;0.15;;
966771;unknown;control;2023-03-16 08:15:00+00:00;0.149;;
966771;unknown;control;2023-03-16 08:30:00+00:00;0.197;;
966771;unknown;control;2023-03-16 08:45:00+00:00;0.19;;
966771;unknown;control;2023-03-16 09:00:00+00:00;0.128;;
966771;unknown;control;2023-03-16 09:15:00+00:00;0.135;;
966771;unknown;control;2023-03-16 09:30:00+00:00;0.15;;
966771;unknown;control;2023-03-16 09:45:00+00:00;0.229;;
966771;unknown;control;2023-03-16 10:00:00+00:00;0.151;;
966771;unknown;control;2023-03-16 10:15:00+00:00;0.157;;
966771;unknown;control;2023-03-16 10:30:00+00:00;0.31;;
966771;unknown;control;2023-03-16 10:45:00+00:00;0.701;;
966771;unknown;control;2023-03-16 11:00:00+00:00;0.172;;
966771;unknown;control;2023-03-16 11:15:00+00:00;0.158;;
966771;unknown;control;2023-03-16 11:30:00+00:00;0.441;;
966771;unknown;control;2023-03-16 11:45:00+00:00;0.13;;
966771;unknown;control;2023-03-16 12:00:00+00:00;0.115;;
966771;unknown;control;2023-03-16 12:15:00+00:00;0.127;;
966771;unknown;control;2023-03-16 12:30:00+00:00;0.126;;
966771;unknown;control;2023-03-16 12:45:00+00:00;0.112;;
966771;unknown;control;2023-03-16 13:00:00+00:00;0.122;;
966771;unknown;control;2023-03-16 13:15:00+00:00;0.124;;
966771;unknown;control;2023-03-16 13:30:00+00:00;0.114;;
966771;unknown;control;2023-03-16 13:45:00+00:00;0.123;;
966771;unknown;control;2023-03-16 14:00:00+00:00;0.123;;
966771;unknown;control;2023-03-16 14:15:00+00:00;0.117;;
966771;unknown;control;2023-03-16 14:30:00+00:00;0.122;;
966771;unknown;control;2023-03-16 14:45:00+00:00;0.119;;
966771;unknown;control;2023-03-16 15:00:00+00:00;0.112;;
966771;unknown;control;2023-03-16 15:15:00+00:00;0.106;;
966771;unknown;control;2023-03-16 15:30:00+00:00;0.095;;
966771;unknown;control;2023-03-16 15:45:00+00:00;0.103;;
966771;unknown;control;2023-03-16 16:00:00+00:00;0.46;;
966771;unknown;control;2023-03-16 16:15:00+00:00;0.158;;
966771;unknown;control;2023-03-16 16:30:00+00:00;0.131;;
966771;unknown;control;2023-03-16 16:45:00+00:00;0.161;;
966771;unknown;control;2023-03-16 17:00:00+00:00;0.153;;
966771;unknown;control;2023-03-16 17:15:00+00:00;0.214;;
966771;unknown;control;2023-03-16 17:30:00+00:00;0.214;;
966771;unknown;control;2023-03-16 17:45:00+00:00;0.253;;
966771;unknown;control;2023-03-16 18:00:00+00:00;0.291;;
966771;unknown;control;2023-03-16 18:15:00+00:00;1.042;;
966771;unknown;control;2023-03-16 18:30:00+00:00;0.99;;
966771;unknown;control;2023-03-16 18:45:00+00:00;0.348;;
966771;unknown;control;2023-03-16 19:00:00+00:00;0.348;;
966771;unknown;control;2023-03-16 19:15:00+00:00;0.741;;
966771;unknown;control;2023-03-16 19:30:00+00:00;1.11;;
966771;unknown;control;2023-03-16 19:45:00+00:00;0.804;;
966771;unknown;control;2023-03-16 20:00:00+00:00;0.395;;
966771;unknown;control;2023-03-16 20:15:00+00:00;0.773;;
966771;unknown;control;2023-03-16 20:30:00+00:00;1.15;;
966771;unknown;control;2023-03-16 20:45:00+00:00;1.041;;
966771;unknown;control;2023-03-16 21:00:00+00:00;0.354;;
966771;unknown;control;2023-03-16 21:15:00+00:00;0.377;;
966771;unknown;control;2023-03-16 21:30:00+00:00;0.7;;
966771;unknown;control;2023-03-16 21:45:00+00:00;1.069;;
966771;unknown;control;2023-03-16 22:00:00+00:00;0.794;;
966771;unknown;control;2023-03-16 22:15:00+00:00;0.301;;
966771;unknown;control;2023-03-16 22:30:00+00:00;0.621;;
966771;unknown;control;2023-03-16 22:45:00+00:00;1.056;;
966771;unknown;control;2023-03-16 23:00:00+00:00;1.111;;
966771;unknown;control;2023-03-16 23:15:00+00:00;0.491;;
966771;unknown;control;2023-03-16 23:30:00+00:00;0.356;;
966771;unknown;control;2023-03-16 23:45:00+00:00;0.542;;
966771;unknown;control;2023-03-17 00:00:00+00:00;1.097;;
966771;unknown;control;2023-03-17 00:15:00+00:00;1.088;;
966771;unknown;control;2023-03-17 00:30:00+00:00;1.125;;
966771;unknown;control;2023-03-17 00:45:00+00:00;0.841;;
966771;unknown;control;2023-03-17 01:00:00+00:00;1.119;;
966771;unknown;control;2023-03-17 01:15:00+00:00;1.101;;
966771;unknown;control;2023-03-17 01:30:00+00:00;1.677;;
966771;unknown;control;2023-03-17 01:45:00+00:00;1.508;;
966771;unknown;control;2023-03-17 02:00:00+00:00;1.583;;
966771;unknown;control;2023-03-17 02:15:00+00:00;2.19;;
966771;unknown;control;2023-03-17 02:30:00+00:00;2.277;;
966771;unknown;control;2023-03-17 02:45:00+00:00;2.275;;
966771;unknown;control;2023-03-17 03:00:00+00:00;1.72;;
966771;unknown;control;2023-03-17 03:15:00+00:00;1.538;;
966771;unknown;control;2023-03-17 03:30:00+00:00;1.628;;
966771;unknown;control;2023-03-17 03:45:00+00:00;2.145;;
966771;unknown;control;2023-03-17 04:00:00+00:00;1.713;;
966771;unknown;control;2023-03-17 04:15:00+00:00;0.576;;
966771;unknown;control;2023-03-17 04:30:00+00:00;0.369;;
966771;unknown;control;2023-03-17 04:45:00+00:00;0.536;;
966771;unknown;control;2023-03-17 05:00:00+00:00;1.093;;
966771;unknown;control;2023-03-17 05:15:00+00:00;1.118;;
966771;unknown;control;2023-03-17 05:30:00+00:00;1.125;;
966771;unknown;control;2023-03-17 05:45:00+00:00;1.126;;
966771;unknown;control;2023-03-17 06:00:00+00:00;0.539;;
966771;unknown;control;2023-03-17 06:15:00+00:00;0.313;;
966771;unknown;control;2023-03-17 06:30:00+00:00;0.392;;
966771;unknown;control;2023-03-17 06:45:00+00:00;0.873;;
966771;unknown;control;2023-03-17 07:00:00+00:00;0.312;;
966771;unknown;control;2023-03-17 07:15:00+00:00;0.216;;
966771;unknown;control;2023-03-17 07:30:00+00:00;0.172;;
966771;unknown;control;2023-03-17 07:45:00+00:00;0.216;;
966771;unknown;control;2023-03-17 08:00:00+00:00;0.275;;
966771;unknown;control;2023-03-17 08:15:00+00:00;0.303;;
966771;unknown;control;2023-03-17 08:30:00+00:00;0.314;;
966771;unknown;control;2023-03-17 08:45:00+00:00;0.301;;
966771;unknown;control;2023-03-17 09:00:00+00:00;0.136;;
966771;unknown;control;2023-03-17 09:15:00+00:00;0.127;;
966771;unknown;control;2023-03-17 09:30:00+00:00;0.132;;
966771;unknown;control;2023-03-17 09:45:00+00:00;0.127;;
966771;unknown;control;2023-03-17 10:00:00+00:00;0.123;;
966771;unknown;control;2023-03-17 10:15:00+00:00;0.133;;
966771;unknown;control;2023-03-17 10:30:00+00:00;0.341;;
966771;unknown;control;2023-03-17 10:45:00+00:00;0.128;;
966771;unknown;control;2023-03-17 11:00:00+00:00;0.132;;
966771;unknown;control;2023-03-17 11:15:00+00:00;0.116;;
966771;unknown;control;2023-03-17 11:30:00+00:00;0.122;;
966771;unknown;control;2023-03-17 11:45:00+00:00;0.125;;
966771;unknown;control;2023-03-17 12:00:00+00:00;0.122;;
966771;unknown;control;2023-03-17 12:15:00+00:00;0.128;;
966771;unknown;control;2023-03-17 12:30:00+00:00;0.119;;
966771;unknown;control;2023-03-17 12:45:00+00:00;0.109;;
966771;unknown;control;2023-03-17 13:00:00+00:00;0.109;;
966771;unknown;control;2023-03-17 13:15:00+00:00;0.1;;
966771;unknown;control;2023-03-17 13:30:00+00:00;0.099;;
966771;unknown;control;2023-03-17 13:45:00+00:00;0.107;;
966771;unknown;control;2023-03-17 14:00:00+00:00;0.099;;
966771;unknown;control;2023-03-17 14:15:00+00:00;0.097;;
966771;unknown;control;2023-03-17 14:30:00+00:00;0.169;;
966771;unknown;control;2023-03-17 14:45:00+00:00;0.129;;
966771;unknown;control;2023-03-17 15:00:00+00:00;0.131;;
966771;unknown;control;2023-03-17 15:15:00+00:00;0.104;;
966771;unknown;control;2023-03-17 15:30:00+00:00;0.105;;
966771;unknown;control;2023-03-17 15:45:00+00:00;0.115;;
966771;unknown;control;2023-03-17 16:00:00+00:00;0.24;;
966771;unknown;control;2023-03-17 16:15:00+00:00;0.247;;
966771;unknown;control;2023-03-17 16:30:00+00:00;0.136;;
966771;unknown;control;2023-03-17 16:45:00+00:00;0.115;;
966771;unknown;control;2023-03-17 17:00:00+00:00;0.1;;
966771;unknown;control;2023-03-17 17:15:00+00:00;0.118;;
966771;unknown;control;2023-03-17 17:30:00+00:00;0.107;;
966771;unknown;control;2023-03-17 17:45:00+00:00;0.148;;
966771;unknown;control;2023-03-17 18:00:00+00:00;0.119;;
966771;unknown;control;2023-03-17 18:15:00+00:00;0.178;;
966771;unknown;control;2023-03-17 18:30:00+00:00;0.645;;
966771;unknown;control;2023-03-17 18:45:00+00:00;0.345;;
966771;unknown;control;2023-03-17 19:00:00+00:00;0.26;;
966771;unknown;control;2023-03-17 19:15:00+00:00;0.325;;
966771;unknown;control;2023-03-17 19:30:00+00:00;0.296;;
966771;unknown;control;2023-03-17 19:45:00+00:00;0.292;;
966771;unknown;control;2023-03-17 20:00:00+00:00;0.307;;
966771;unknown;control;2023-03-17 20:15:00+00:00;0.315;;
966771;unknown;control;2023-03-17 20:30:00+00:00;0.316;;
966771;unknown;control;2023-03-17 20:45:00+00:00;0.301;;
966771;unknown;control;2023-03-17 21:00:00+00:00;0.323;;
966771;unknown;control;2023-03-17 21:15:00+00:00;0.304;;
966771;unknown;control;2023-03-17 21:30:00+00:00;0.342;;
966771;unknown;control;2023-03-17 21:45:00+00:00;0.835;;
966771;unknown;control;2023-03-17 22:00:00+00:00;0.734;;
966771;unknown;control;2023-03-17 22:15:00+00:00;0.259;;
966771;unknown;control;2023-03-17 22:30:00+00:00;0.243;;
966771;unknown;control;2023-03-17 22:45:00+00:00;0.216;;
966771;unknown;control;2023-03-17 23:00:00+00:00;0.264;;
966771;unknown;control;2023-03-17 23:15:00+00:00;0.961;;
966771;unknown;control;2023-03-17 23:30:00+00:00;0.847;;
966771;unknown;control;2023-03-17 23:45:00+00:00;0.227;;
966771;unknown;control;2023-03-18 00:00:00+00:00;0.229;;
966771;unknown;control;2023-03-18 00:15:00+00:00;0.254;;
966771;unknown;control;2023-03-18 00:30:00+00:00;0.245;;
966771;unknown;control;2023-03-18 00:45:00+00:00;0.236;;
966771;unknown;control;2023-03-18 01:00:00+00:00;0.749;;
966771;unknown;control;2023-03-18 01:15:00+00:00;1.0;;
966771;unknown;control;2023-03-18 01:30:00+00:00;1.515;;
966771;unknown;control;2023-03-18 01:45:00+00:00;1.457;;
966771;unknown;control;2023-03-18 02:00:00+00:00;1.464;;
966771;unknown;control;2023-03-18 02:15:00+00:00;1.494;;
966771;unknown;control;2023-03-18 02:30:00+00:00;2.208;;
966771;unknown;control;2023-03-18 02:45:00+00:00;1.397;;
966771;unknown;control;2023-03-18 03:00:00+00:00;0.298;;
966771;unknown;control;2023-03-18 03:15:00+00:00;0.278;;
966771;unknown;control;2023-03-18 03:30:00+00:00;0.256;;
966771;unknown;control;2023-03-18 03:45:00+00:00;0.666;;
966771;unknown;control;2023-03-18 04:00:00+00:00;1.054;;
966771;unknown;control;2023-03-18 04:15:00+00:00;0.534;;
966771;unknown;control;2023-03-18 04:30:00+00:00;0.276;;
966771;unknown;control;2023-03-18 04:45:00+00:00;0.305;;
966771;unknown;control;2023-03-18 05:00:00+00:00;0.352;;
966771;unknown;control;2023-03-18 05:15:00+00:00;0.975;;
966771;unknown;control;2023-03-18 05:30:00+00:00;1.053;;
966771;unknown;control;2023-03-18 05:45:00+00:00;0.879;;
966771;unknown;control;2023-03-18 06:00:00+00:00;0.94;;
966771;unknown;control;2023-03-18 06:15:00+00:00;0.264;;
966771;unknown;control;2023-03-18 06:30:00+00:00;0.226;;
966771;unknown;control;2023-03-18 06:45:00+00:00;0.18;;
966771;unknown;control;2023-03-18 07:00:00+00:00;0.116;;
966771;unknown;control;2023-03-18 07:15:00+00:00;0.122;;
966771;unknown;control;2023-03-18 07:30:00+00:00;0.124;;
966771;unknown;control;2023-03-18 07:45:00+00:00;0.134;;
966771;unknown;control;2023-03-18 08:00:00+00:00;0.538;;
966771;unknown;control;2023-03-18 08:15:00+00:00;0.199;;
966771;unknown;control;2023-03-18 08:30:00+00:00;0.235;;
966771;unknown;control;2023-03-18 08:45:00+00:00;0.303;;
966771;unknown;control;2023-03-18 09:00:00+00:00;0.126;;
966771;unknown;control;2023-03-18 09:15:00+00:00;0.193;;
966771;unknown;control;2023-03-18 09:30:00+00:00;0.171;;
966771;unknown;control;2023-03-18 09:45:00+00:00;0.126;;
966771;unknown;control;2023-03-18 10:00:00+00:00;0.132;;
966771;unknown;control;2023-03-18 10:15:00+00:00;0.115;;
966771;unknown;control;2023-03-18 10:30:00+00:00;0.115;;
966771;unknown;control;2023-03-18 10:45:00+00:00;0.139;;
966771;unknown;control;2023-03-18 11:00:00+00:00;0.13;;
966771;unknown;control;2023-03-18 11:15:00+00:00;0.14;;
966771;unknown;control;2023-03-18 11:30:00+00:00;0.135;;
966771;unknown;control;2023-03-18 11:45:00+00:00;0.133;;
966771;unknown;control;2023-03-18 12:00:00+00:00;0.103;;
966771;unknown;control;2023-03-18 12:15:00+00:00;0.125;;
966771;unknown;control;2023-03-18 12:30:00+00:00;0.101;;
966771;unknown;control;2023-03-18 12:45:00+00:00;0.108;;
966771;unknown;control;2023-03-18 13:00:00+00:00;0.118;;
966771;unknown;control;2023-03-18 13:15:00+00:00;0.103;;
966771;unknown;control;2023-03-18 13:30:00+00:00;0.125;;
966771;unknown;control;2023-03-18 13:45:00+00:00;0.103;;
966771;unknown;control;2023-03-18 14:00:00+00:00;0.103;;
966771;unknown;control;2023-03-18 14:15:00+00:00;0.103;;
966771;unknown;control;2023-03-18 14:30:00+00:00;0.097;;
966771;unknown;control;2023-03-18 14:45:00+00:00;0.1;;
966771;unknown;control;2023-03-18 15:00:00+00:00;0.106;;
966771;unknown;control;2023-03-18 15:15:00+00:00;0.096;;
966771;unknown;control;2023-03-18 15:30:00+00:00;0.1;;
966771;unknown;control;2023-03-18 15:45:00+00:00;0.125;;
966771;unknown;control;2023-03-18 16:00:00+00:00;0.215;;
966771;unknown;control;2023-03-18 16:15:00+00:00;0.098;;
966771;unknown;control;2023-03-18 16:30:00+00:00;0.109;;
966771;unknown;control;2023-03-18 16:45:00+00:00;0.315;;
966771;unknown;control;2023-03-18 17:00:00+00:00;0.444;;
966771;unknown;control;2023-03-18 17:15:00+00:00;0.12;;
966771;unknown;control;2023-03-18 17:30:00+00:00;0.142;;
966771;unknown;control;2023-03-18 17:45:00+00:00;0.29;;
966771;unknown;control;2023-03-18 18:00:00+00:00;0.697;;
966771;unknown;control;2023-03-18 18:15:00+00:00;0.293;;
966771;unknown;control;2023-03-18 18:30:00+00:00;0.641;;
966771;unknown;control;2023-03-18 18:45:00+00:00;0.322;;
966771;unknown;control;2023-03-18 19:00:00+00:00;0.702;;
966771;unknown;control;2023-03-18 19:15:00+00:00;0.214;;
966771;unknown;control;2023-03-18 19:30:00+00:00;0.233;;
966771;unknown;control;2023-03-18 19:45:00+00:00;0.236;;
966771;unknown;control;2023-03-18 20:00:00+00:00;0.248;;
966771;unknown;control;2023-03-18 20:15:00+00:00;0.234;;
966771;unknown;control;2023-03-18 20:30:00+00:00;0.24;;
966771;unknown;control;2023-03-18 20:45:00+00:00;0.214;;
966771;unknown;control;2023-03-18 21:00:00+00:00;0.199;;
966771;unknown;control;2023-03-18 21:15:00+00:00;0.219;;
966771;unknown;control;2023-03-18 21:30:00+00:00;0.192;;
966771;unknown;control;2023-03-18 21:45:00+00:00;0.235;;
966771;unknown;control;2023-03-18 22:00:00+00:00;0.237;;
966771;unknown;control;2023-03-18 22:15:00+00:00;0.167;;
966771;unknown;control;2023-03-18 22:30:00+00:00;0.221;;
966771;unknown;control;2023-03-18 22:45:00+00:00;0.231;;
966771;unknown;control;2023-03-18 23:00:00+00:00;0.162;;
966771;unknown;control;2023-03-18 23:15:00+00:00;0.22;;
966771;unknown;control;2023-03-18 23:30:00+00:00;0.178;;
966771;unknown;control;2023-03-18 23:45:00+00:00;0.17;;
966771;unknown;control;2023-03-19 00:00:00+00:00;0.169;;
966771;unknown;control;2023-03-19 00:15:00+00:00;0.221;;
966771;unknown;control;2023-03-19 00:30:00+00:00;0.182;;
966771;unknown;control;2023-03-19 00:45:00+00:00;0.18;;
966771;unknown;control;2023-03-19 01:00:00+00:00;0.174;;
966771;unknown;control;2023-03-19 01:15:00+00:00;0.225;;
966771;unknown;control;2023-03-19 01:30:00+00:00;1.405;;
966771;unknown;control;2023-03-19 01:45:00+00:00;1.472;;
966771;unknown;control;2023-03-19 02:00:00+00:00;1.426;;
966771;unknown;control;2023-03-19 02:15:00+00:00;1.475;;
966771;unknown;control;2023-03-19 02:30:00+00:00;1.421;;
966771;unknown;control;2023-03-19 02:45:00+00:00;1.468;;
966771;unknown;control;2023-03-19 03:00:00+00:00;1.48;;
966771;unknown;control;2023-03-19 03:15:00+00:00;1.459;;
966771;unknown;control;2023-03-19 03:30:00+00:00;0.255;;
966771;unknown;control;2023-03-19 03:45:00+00:00;0.223;;
966771;unknown;control;2023-03-19 04:00:00+00:00;0.182;;
966771;unknown;control;2023-03-19 04:15:00+00:00;0.198;;
966771;unknown;control;2023-03-19 04:30:00+00:00;0.218;;
966771;unknown;control;2023-03-19 04:45:00+00:00;0.171;;
966771;unknown;control;2023-03-19 05:00:00+00:00;0.239;;
966771;unknown;control;2023-03-19 05:15:00+00:00;0.207;;
966771;unknown;control;2023-03-19 05:30:00+00:00;0.178;;
966771;unknown;control;2023-03-19 05:45:00+00:00;0.233;;
966771;unknown;control;2023-03-19 06:00:00+00:00;0.216;;
966771;unknown;control;2023-03-19 06:15:00+00:00;0.16;;
966771;unknown;control;2023-03-19 06:30:00+00:00;0.282;;
966771;unknown;control;2023-03-19 06:45:00+00:00;0.383;;
966771;unknown;control;2023-03-19 07:00:00+00:00;0.133;;
966771;unknown;control;2023-03-19 07:15:00+00:00;0.13;;
966771;unknown;control;2023-03-19 07:30:00+00:00;0.131;;
966771;unknown;control;2023-03-19 07:45:00+00:00;0.133;;
966771;unknown;control;2023-03-19 08:00:00+00:00;0.179;;
966771;unknown;control;2023-03-19 08:15:00+00:00;0.316;;
966771;unknown;control;2023-03-19 08:30:00+00:00;0.13;;
966771;unknown;control;2023-03-19 08:45:00+00:00;0.124;;
966771;unknown;control;2023-03-19 09:00:00+00:00;0.125;;
966771;unknown;control;2023-03-19 09:15:00+00:00;0.639;;
966771;unknown;control;2023-03-19 09:30:00+00:00;0.149;;
966771;unknown;control;2023-03-19 09:45:00+00:00;0.147;;
966771;unknown;control;2023-03-19 10:00:00+00:00;0.159;;
966771;unknown;control;2023-03-19 10:15:00+00:00;0.117;;
966771;unknown;control;2023-03-19 10:30:00+00:00;0.104;;
966771;unknown;control;2023-03-19 10:45:00+00:00;0.129;;
966771;unknown;control;2023-03-19 11:00:00+00:00;0.108;;
966771;unknown;control;2023-03-19 11:15:00+00:00;0.105;;
966771;unknown;control;2023-03-19 11:30:00+00:00;0.105;;
966771;unknown;control;2023-03-19 11:45:00+00:00;0.094;;
966771;unknown;control;2023-03-19 12:00:00+00:00;0.098;;
966771;unknown;control;2023-03-19 12:15:00+00:00;0.099;;
966771;unknown;control;2023-03-19 12:30:00+00:00;0.097;;
966771;unknown;control;2023-03-19 12:45:00+00:00;0.109;;
966771;unknown;control;2023-03-19 13:00:00+00:00;0.148;;
966771;unknown;control;2023-03-19 13:15:00+00:00;0.101;;
966771;unknown;control;2023-03-19 13:30:00+00:00;0.106;;
966771;unknown;control;2023-03-19 13:45:00+00:00;0.106;;
966771;unknown;control;2023-03-19 14:00:00+00:00;0.102;;
966771;unknown;control;2023-03-19 14:15:00+00:00;0.112;;
966771;unknown;control;2023-03-19 14:30:00+00:00;0.113;;
966771;unknown;control;2023-03-19 14:45:00+00:00;0.672;;
966771;unknown;control;2023-03-19 15:00:00+00:00;0.608;;
966771;unknown;control;2023-03-19 15:15:00+00:00;0.706;;
966771;unknown;control;2023-03-19 15:30:00+00:00;0.505;;
966771;unknown;control;2023-03-19 15:45:00+00:00;0.406;;
966771;unknown;control;2023-03-19 16:00:00+00:00;0.268;;
966771;unknown;control;2023-03-19 16:15:00+00:00;0.929;;
966771;unknown;control;2023-03-19 16:30:00+00:00;0.531;;
966771;unknown;control;2023-03-19 16:45:00+00:00;0.392;;
966771;unknown;control;2023-03-19 17:00:00+00:00;0.2;;
966771;unknown;control;2023-03-19 17:15:00+00:00;0.236;;
966771;unknown;control;2023-03-19 17:30:00+00:00;0.28;;
966771;unknown;control;2023-03-19 17:45:00+00:00;0.219;;
966771;unknown;control;2023-03-19 18:00:00+00:00;0.263;;
966771;unknown;control;2023-03-19 18:15:00+00:00;0.28;;
966771;unknown;control;2023-03-19 18:30:00+00:00;0.281;;
966771;unknown;control;2023-03-19 18:45:00+00:00;0.333;;
966771;unknown;control;2023-03-19 19:00:00+00:00;0.326;;
966771;unknown;control;2023-03-19 19:15:00+00:00;0.417;;
966771;unknown;control;2023-03-19 19:30:00+00:00;0.326;;
966771;unknown;control;2023-03-19 19:45:00+00:00;0.343;;
966771;unknown;control;2023-03-19 20:00:00+00:00;0.36;;
966771;unknown;control;2023-03-19 20:15:00+00:00;0.406;;
966771;unknown;control;2023-03-19 20:30:00+00:00;0.345;;
966771;unknown;control;2023-03-19 20:45:00+00:00;0.392;;
966771;unknown;control;2023-03-19 21:00:00+00:00;0.927;;
966771;unknown;control;2023-03-19 21:15:00+00:00;1.068;;
966771;unknown;control;2023-03-19 21:30:00+00:00;0.341;;
966771;unknown;control;2023-03-19 21:45:00+00:00;0.357;;
966771;unknown;control;2023-03-19 22:00:00+00:00;0.358;;
966771;unknown;control;2023-03-19 22:15:00+00:00;1.082;;
966771;unknown;control;2023-03-19 22:30:00+00:00;0.914;;
966771;unknown;control;2023-03-19 22:45:00+00:00;0.33;;
966771;unknown;control;2023-03-19 23:00:00+00:00;0.291;;
966771;unknown;control;2023-03-19 23:15:00+00:00;0.288;;
966771;unknown;control;2023-03-19 23:30:00+00:00;0.269;;
966771;unknown;control;2023-03-19 23:45:00+00:00;0.289;;
966771;unknown;control;2023-03-20 00:00:00+00:00;0.204;;
966771;unknown;control;2023-03-20 00:15:00+00:00;0.291;;
966771;unknown;control;2023-03-20 00:30:00+00:00;0.285;;
966771;unknown;control;2023-03-20 00:45:00+00:00;0.755;;
966771;unknown;control;2023-03-20 01:00:00+00:00;0.685;;
966771;unknown;control;2023-03-20 01:15:00+00:00;0.279;;
966771;unknown;control;2023-03-20 01:30:00+00:00;1.482;;
966771;unknown;control;2023-03-20 01:45:00+00:00;1.442;;
966771;unknown;control;2023-03-20 02:00:00+00:00;1.447;;
966771;unknown;control;2023-03-20 02:15:00+00:00;1.493;;
966771;unknown;control;2023-03-20 02:30:00+00:00;1.513;;
966771;unknown;control;2023-03-20 02:45:00+00:00;1.467;;
966771;unknown;control;2023-03-20 03:00:00+00:00;1.725;;
966771;unknown;control;2023-03-20 03:15:00+00:00;2.148;;
966771;unknown;control;2023-03-20 03:30:00+00:00;1.497;;
966771;unknown;control;2023-03-20 03:45:00+00:00;1.491;;
966771;unknown;control;2023-03-20 04:00:00+00:00;0.856;;
966771;unknown;control;2023-03-20 04:15:00+00:00;0.331;;
966771;unknown;control;2023-03-20 04:30:00+00:00;0.338;;
966771;unknown;control;2023-03-20 04:45:00+00:00;0.678;;
966771;unknown;control;2023-03-20 05:00:00+00:00;1.07;;
966771;unknown;control;2023-03-20 05:15:00+00:00;0.362;;
966771;unknown;control;2023-03-20 05:30:00+00:00;0.451;;
966771;unknown;control;2023-03-20 05:45:00+00:00;1.646;;
966771;unknown;control;2023-03-20 06:00:00+00:00;0.644;;
966771;unknown;control;2023-03-20 06:15:00+00:00;0.264;;
966771;unknown;control;2023-03-20 06:30:00+00:00;0.148;;
966771;unknown;control;2023-03-20 06:45:00+00:00;0.196;;
966771;unknown;control;2023-03-20 07:00:00+00:00;0.217;;
966771;unknown;control;2023-03-20 07:15:00+00:00;0.15;;
966771;unknown;control;2023-03-20 07:30:00+00:00;0.141;;
966771;unknown;control;2023-03-20 07:45:00+00:00;0.125;;
966771;unknown;control;2023-03-20 08:00:00+00:00;0.133;;
966771;unknown;control;2023-03-20 08:15:00+00:00;0.128;;
966771;unknown;control;2023-03-20 08:30:00+00:00;0.115;;
966771;unknown;control;2023-03-20 08:45:00+00:00;0.122;;
966771;unknown;control;2023-03-20 09:00:00+00:00;0.119;;
966771;unknown;control;2023-03-20 09:15:00+00:00;0.136;;
966771;unknown;control;2023-03-20 09:30:00+00:00;0.139;;
966771;unknown;control;2023-03-20 09:45:00+00:00;0.127;;
966771;unknown;control;2023-03-20 10:00:00+00:00;0.387;;
966771;unknown;control;2023-03-20 10:15:00+00:00;0.472;;
966771;unknown;control;2023-03-20 10:30:00+00:00;0.105;;
966771;unknown;control;2023-03-20 10:45:00+00:00;0.134;;
966771;unknown;control;2023-03-20 11:00:00+00:00;0.144;;
966771;unknown;control;2023-03-20 11:15:00+00:00;0.458;;
966771;unknown;control;2023-03-20 11:30:00+00:00;0.439;;
966771;unknown;control;2023-03-20 11:45:00+00:00;0.144;;
966771;unknown;control;2023-03-20 12:00:00+00:00;0.641;;
966771;unknown;control;2023-03-20 12:15:00+00:00;1.169;;
966771;unknown;control;2023-03-20 12:30:00+00:00;0.14;;
966771;unknown;control;2023-03-20 12:45:00+00:00;0.135;;
966771;unknown;control;2023-03-20 13:00:00+00:00;0.148;;
966771;unknown;control;2023-03-20 13:15:00+00:00;0.159;;
966771;unknown;control;2023-03-20 13:30:00+00:00;0.229;;
966771;unknown;control;2023-03-20 13:45:00+00:00;0.264;;
966771;unknown;control;2023-03-20 14:00:00+00:00;0.276;;
966771;unknown;control;2023-03-20 14:15:00+00:00;0.292;;
966771;unknown;control;2023-03-20 14:30:00+00:00;0.301;;
966771;unknown;control;2023-03-20 14:45:00+00:00;0.274;;
966771;unknown;control;2023-03-20 15:00:00+00:00;0.142;;
966771;unknown;control;2023-03-20 15:15:00+00:00;0.105;;
966771;unknown;control;2023-03-20 15:30:00+00:00;0.116;;
966771;unknown;control;2023-03-20 15:45:00+00:00;0.144;;
966771;unknown;control;2023-03-20 16:00:00+00:00;0.135;;
966771;unknown;control;2023-03-20 16:15:00+00:00;0.148;;
966771;unknown;control;2023-03-20 16:30:00+00:00;0.158;;
966771;unknown;control;2023-03-20 16:45:00+00:00;0.195;;
966771;unknown;control;2023-03-20 17:00:00+00:00;0.182;;
966771;unknown;control;2023-03-20 17:15:00+00:00;0.185;;
966771;unknown;control;2023-03-20 17:30:00+00:00;0.747;;
966771;unknown;control;2023-03-20 17:45:00+00:00;0.321;;
966771;unknown;control;2023-03-20 18:00:00+00:00;0.231;;
966771;unknown;control;2023-03-20 18:15:00+00:00;0.312;;
966771;unknown;control;2023-03-20 18:30:00+00:00;0.235;;
966771;unknown;control;2023-03-20 18:45:00+00:00;0.319;;
966771;unknown;control;2023-03-20 19:00:00+00:00;0.255;;
966771;unknown;control;2023-03-20 19:15:00+00:00;0.286;;
966771;unknown;control;2023-03-20 19:30:00+00:00;0.305;;
966771;unknown;control;2023-03-20 19:45:00+00:00;0.256;;
966771;unknown;control;2023-03-20 20:00:00+00:00;0.307;;
966771;unknown;control;2023-03-20 20:15:00+00:00;0.266;;
966771;unknown;control;2023-03-20 20:30:00+00:00;0.296;;
966771;unknown;control;2023-03-20 20:45:00+00:00;0.385;;
966771;unknown;control;2023-03-20 21:00:00+00:00;0.279;;
966771;unknown;control;2023-03-20 21:15:00+00:00;0.331;;
966771;unknown;control;2023-03-20 21:30:00+00:00;0.204;;
966771;unknown;control;2023-03-20 21:45:00+00:00;0.392;;
966771;unknown;control;2023-03-20 22:00:00+00:00;0.887;;
966771;unknown;control;2023-03-20 22:15:00+00:00;0.292;;
966771;unknown;control;2023-03-20 22:30:00+00:00;0.324;;
966771;unknown;control;2023-03-20 22:45:00+00:00;0.358;;
966771;unknown;control;2023-03-20 23:00:00+00:00;0.307;;
966771;unknown;control;2023-03-20 23:15:00+00:00;0.928;;
966771;unknown;control;2023-03-20 23:30:00+00:00;0.969;;
966771;unknown;control;2023-03-20 23:45:00+00:00;0.381;;
966771;unknown;control;2023-03-21 00:00:00+00:00;0.359;;
966771;unknown;control;2023-03-21 00:15:00+00:00;0.337;;
966771;unknown;control;2023-03-21 00:30:00+00:00;0.823;;
966771;unknown;control;2023-03-21 00:45:00+00:00;1.131;;
966771;unknown;control;2023-03-21 01:00:00+00:00;0.492;;
966771;unknown;control;2023-03-21 01:15:00+00:00;0.374;;
966771;unknown;control;2023-03-21 01:30:00+00:00;2.27;;
966771;unknown;control;2023-03-21 01:45:00+00:00;2.297;;
966771;unknown;control;2023-03-21 02:00:00+00:00;1.852;;
966771;unknown;control;2023-03-21 02:15:00+00:00;1.566;;
966771;unknown;control;2023-03-21 02:30:00+00:00;1.623;;
966771;unknown;control;2023-03-21 02:45:00+00:00;2.15;;
966771;unknown;control;2023-03-21 03:00:00+00:00;2.341;;
966771;unknown;control;2023-03-21 03:15:00+00:00;2.195;;
966771;unknown;control;2023-03-21 03:30:00+00:00;2.314;;
966771;unknown;control;2023-03-21 03:45:00+00:00;2.039;;
966771;unknown;control;2023-03-21 04:00:00+00:00;0.534;;
966771;unknown;control;2023-03-21 04:15:00+00:00;0.375;;
966771;unknown;control;2023-03-21 04:30:00+00:00;0.504;;
966771;unknown;control;2023-03-21 04:45:00+00:00;1.13;;
966771;unknown;control;2023-03-21 05:00:00+00:00;1.171;;
966771;unknown;control;2023-03-21 05:15:00+00:00;0.689;;
966771;unknown;control;2023-03-21 05:30:00+00:00;0.46;;
966771;unknown;control;2023-03-21 05:45:00+00:00;0.365;;
966771;unknown;control;2023-03-21 06:00:00+00:00;0.344;;
966771;unknown;control;2023-03-21 06:15:00+00:00;0.385;;
966771;unknown;control;2023-03-21 06:30:00+00:00;0.273;;
966771;unknown;control;2023-03-21 06:45:00+00:00;0.13;;
966771;unknown;control;2023-03-21 07:00:00+00:00;0.132;;
966771;unknown;control;2023-03-21 07:15:00+00:00;0.123;;
966771;unknown;control;2023-03-21 07:30:00+00:00;0.118;;
966771;unknown;control;2023-03-21 07:45:00+00:00;0.123;;
966771;unknown;control;2023-03-21 08:00:00+00:00;0.117;;
966771;unknown;control;2023-03-21 08:15:00+00:00;0.108;;
966771;unknown;control;2023-03-21 08:30:00+00:00;0.121;;
966771;unknown;control;2023-03-21 08:45:00+00:00;0.119;;
966771;unknown;control;2023-03-21 09:00:00+00:00;0.118;;
966771;unknown;control;2023-03-21 09:15:00+00:00;0.122;;
966771;unknown;control;2023-03-21 09:30:00+00:00;0.095;;
966771;unknown;control;2023-03-21 09:45:00+00:00;0.097;;
966771;unknown;control;2023-03-21 10:00:00+00:00;0.108;;
966771;unknown;control;2023-03-21 10:15:00+00:00;0.098;;
966771;unknown;control;2023-03-21 10:30:00+00:00;0.195;;
966771;unknown;control;2023-03-21 10:45:00+00:00;0.597;;
966771;unknown;control;2023-03-21 11:00:00+00:00;0.103;;
966771;unknown;control;2023-03-21 11:15:00+00:00;0.108;;
966771;unknown;control;2023-03-21 11:30:00+00:00;0.106;;
966771;unknown;control;2023-03-21 11:45:00+00:00;0.101;;
966771;unknown;control;2023-03-21 12:00:00+00:00;0.115;;
966771;unknown;control;2023-03-21 12:15:00+00:00;0.102;;
966771;unknown;control;2023-03-21 12:30:00+00:00;0.101;;
966771;unknown;control;2023-03-21 12:45:00+00:00;0.102;;
966771;unknown;control;2023-03-21 13:00:00+00:00;0.094;;
966771;unknown;control;2023-03-21 13:15:00+00:00;0.103;;
966771;unknown;control;2023-03-21 13:30:00+00:00;0.112;;
966771;unknown;control;2023-03-21 13:45:00+00:00;0.096;;
966771;unknown;control;2023-03-21 14:00:00+00:00;0.101;;
966771;unknown;control;2023-03-21 14:15:00+00:00;0.098;;
966771;unknown;control;2023-03-21 14:30:00+00:00;0.093;;
966771;unknown;control;2023-03-21 14:45:00+00:00;0.107;;
966771;unknown;control;2023-03-21 15:00:00+00:00;0.109;;
966771;unknown;control;2023-03-21 15:15:00+00:00;0.098;;
966771;unknown;control;2023-03-21 15:30:00+00:00;0.105;;
966771;unknown;control;2023-03-21 15:45:00+00:00;0.112;;
966771;unknown;control;2023-03-21 16:00:00+00:00;0.301;;
966771;unknown;control;2023-03-21 16:15:00+00:00;0.145;;
966771;unknown;control;2023-03-21 16:30:00+00:00;0.108;;
966771;unknown;control;2023-03-21 16:45:00+00:00;0.103;;
966771;unknown;control;2023-03-21 17:00:00+00:00;0.103;;
966771;unknown;control;2023-03-21 17:15:00+00:00;0.11;;
966771;unknown;control;2023-03-21 17:30:00+00:00;0.124;;
966771;unknown;control;2023-03-21 17:45:00+00:00;0.119;;
966771;unknown;control;2023-03-21 18:00:00+00:00;0.154;;
966771;unknown;control;2023-03-21 18:15:00+00:00;0.18;;
966771;unknown;control;2023-03-21 18:30:00+00:00;0.597;;
966771;unknown;control;2023-03-21 18:45:00+00:00;0.186;;
966771;unknown;control;2023-03-21 19:00:00+00:00;0.191;;
966771;unknown;control;2023-03-21 19:15:00+00:00;0.197;;
966771;unknown;control;2023-03-21 19:30:00+00:00;0.243;;
966771;unknown;control;2023-03-21 19:45:00+00:00;0.289;;
966771;unknown;control;2023-03-21 20:00:00+00:00;0.238;;
966771;unknown;control;2023-03-21 20:15:00+00:00;0.281;;
966771;unknown;control;2023-03-21 20:30:00+00:00;0.183;;
966771;unknown;control;2023-03-21 20:45:00+00:00;0.219;;
966771;unknown;control;2023-03-21 21:00:00+00:00;0.228;;
966771;unknown;control;2023-03-21 21:15:00+00:00;0.236;;
966771;unknown;control;2023-03-21 21:30:00+00:00;0.152;;
966771;unknown;control;2023-03-21 21:45:00+00:00;0.206;;
966771;unknown;control;2023-03-21 22:00:00+00:00;0.17;;
966771;unknown;control;2023-03-21 22:15:00+00:00;0.209;;
966771;unknown;control;2023-03-21 22:30:00+00:00;0.175;;
966771;unknown;control;2023-03-21 22:45:00+00:00;0.169;;
966771;unknown;control;2023-03-21 23:00:00+00:00;0.207;;
966771;unknown;control;2023-03-21 23:15:00+00:00;0.206;;
966771;unknown;control;2023-03-21 23:30:00+00:00;0.161;;
966771;unknown;control;2023-03-21 23:45:00+00:00;0.218;;
966771;unknown;control;2023-03-22 00:00:00+00:00;0.172;;
966771;unknown;control;2023-03-22 00:15:00+00:00;0.211;;
966771;unknown;control;2023-03-22 00:30:00+00:00;0.216;;
966771;unknown;control;2023-03-22 00:45:00+00:00;0.226;;
966771;unknown;control;2023-03-22 01:00:00+00:00;0.22;;
966771;unknown;control;2023-03-22 01:15:00+00:00;0.247;;
966771;unknown;control;2023-03-22 01:30:00+00:00;1.467;;
966771;unknown;control;2023-03-22 01:45:00+00:00;1.625;;
966771;unknown;control;2023-03-22 02:00:00+00:00;2.226;;
966771;unknown;control;2023-03-22 02:15:00+00:00;1.754;;
966771;unknown;control;2023-03-22 02:30:00+00:00;1.494;;
966771;unknown;control;2023-03-22 02:45:00+00:00;1.505;;
966771;unknown;control;2023-03-22 03:00:00+00:00;1.579;;
966771;unknown;control;2023-03-22 03:15:00+00:00;1.003;;
966771;unknown;control;2023-03-22 03:30:00+00:00;0.484;;
966771;unknown;control;2023-03-22 03:45:00+00:00;0.253;;
966771;unknown;control;2023-03-22 04:00:00+00:00;0.394;;
966771;unknown;control;2023-03-22 04:15:00+00:00;0.514;;
966771;unknown;control;2023-03-22 04:30:00+00:00;0.777;;
966771;unknown;control;2023-03-22 04:45:00+00:00;0.956;;
966771;unknown;control;2023-03-22 05:00:00+00:00;0.948;;
966771;unknown;control;2023-03-22 05:15:00+00:00;0.275;;
966771;unknown;control;2023-03-22 05:30:00+00:00;0.409;;
966771;unknown;control;2023-03-22 05:45:00+00:00;1.468;;
966771;unknown;control;2023-03-22 06:00:00+00:00;0.287;;
966771;unknown;control;2023-03-22 06:15:00+00:00;0.241;;
966771;unknown;control;2023-03-22 06:30:00+00:00;0.14;;
966771;unknown;control;2023-03-22 06:45:00+00:00;0.299;;
966771;unknown;control;2023-03-22 07:00:00+00:00;0.237;;
966771;unknown;control;2023-03-22 07:15:00+00:00;0.128;;
966771;unknown;control;2023-03-22 07:30:00+00:00;0.127;;
966771;unknown;control;2023-03-22 07:45:00+00:00;0.121;;
966771;unknown;control;2023-03-22 08:00:00+00:00;0.117;;
966771;unknown;control;2023-03-22 08:15:00+00:00;0.519;;
966771;unknown;control;2023-03-22 08:30:00+00:00;0.126;;
966771;unknown;control;2023-03-22 08:45:00+00:00;0.13;;
966771;unknown;control;2023-03-22 09:00:00+00:00;0.155;;
966771;unknown;control;2023-03-22 09:15:00+00:00;0.1;;
966771;unknown;control;2023-03-22 09:30:00+00:00;0.161;;
966771;unknown;control;2023-03-22 09:45:00+00:00;0.353;;
966771;unknown;control;2023-03-22 10:00:00+00:00;0.212;;
966771;unknown;control;2023-03-22 10:15:00+00:00;0.314;;
966771;unknown;control;2023-03-22 10:30:00+00:00;0.166;;
966771;unknown;control;2023-03-22 10:45:00+00:00;0.114;;
966771;unknown;control;2023-03-22 11:00:00+00:00;0.113;;
966771;unknown;control;2023-03-22 11:15:00+00:00;0.117;;
966771;unknown;control;2023-03-22 11:30:00+00:00;0.442;;
966771;unknown;control;2023-03-22 11:45:00+00:00;0.346;;
966771;unknown;control;2023-03-22 12:00:00+00:00;0.173;;
966771;unknown;control;2023-03-22 12:15:00+00:00;0.22;;
966771;unknown;control;2023-03-22 12:30:00+00:00;0.549;;
966771;unknown;control;2023-03-22 12:45:00+00:00;0.126;;
966771;unknown;control;2023-03-22 13:00:00+00:00;0.184;;
966771;unknown;control;2023-03-22 13:15:00+00:00;0.149;;
966771;unknown;control;2023-03-22 13:30:00+00:00;0.101;;
966771;unknown;control;2023-03-22 13:45:00+00:00;0.1;;
966771;unknown;control;2023-03-22 14:00:00+00:00;0.104;;
966771;unknown;control;2023-03-22 14:15:00+00:00;0.117;;
966771;unknown;control;2023-03-22 14:30:00+00:00;0.102;;
966771;unknown;control;2023-03-22 14:45:00+00:00;0.105;;
966771;unknown;control;2023-03-22 15:00:00+00:00;0.098;;
966771;unknown;control;2023-03-22 15:15:00+00:00;0.129;;
966771;unknown;control;2023-03-22 15:30:00+00:00;0.107;;
966771;unknown;control;2023-03-22 15:45:00+00:00;0.114;;
966771;unknown;control;2023-03-22 16:00:00+00:00;0.118;;
966771;unknown;control;2023-03-22 16:15:00+00:00;0.355;;
966771;unknown;control;2023-03-22 16:30:00+00:00;0.12;;
966771;unknown;control;2023-03-22 16:45:00+00:00;0.117;;
966771;unknown;control;2023-03-22 17:00:00+00:00;0.118;;
966771;unknown;control;2023-03-22 17:15:00+00:00;0.119;;
966771;unknown;control;2023-03-22 17:30:00+00:00;0.12;;
966771;unknown;control;2023-03-22 17:45:00+00:00;0.197;;
966771;unknown;control;2023-03-22 18:00:00+00:00;0.193;;
966771;unknown;control;2023-03-22 18:15:00+00:00;0.195;;
966771;unknown;control;2023-03-22 18:30:00+00:00;0.248;;
966771;unknown;control;2023-03-22 18:45:00+00:00;0.277;;
966771;unknown;control;2023-03-22 19:00:00+00:00;0.507;;
966771;unknown;control;2023-03-22 19:15:00+00:00;0.324;;
966771;unknown;control;2023-03-22 19:30:00+00:00;0.361;;
966771;unknown;control;2023-03-22 19:45:00+00:00;0.372;;
966771;unknown;control;2023-03-22 20:00:00+00:00;0.317;;
966771;unknown;control;2023-03-22 20:15:00+00:00;0.326;;
966771;unknown;control;2023-03-22 20:30:00+00:00;0.321;;
966771;unknown;control;2023-03-22 20:45:00+00:00;0.317;;
966771;unknown;control;2023-03-22 21:00:00+00:00;0.292;;
966771;unknown;control;2023-03-22 21:15:00+00:00;0.308;;
966771;unknown;control;2023-03-22 21:30:00+00:00;0.297;;
966771;unknown;control;2023-03-22 21:45:00+00:00;0.246;;
966771;unknown;control;2023-03-22 22:00:00+00:00;0.167;;
966771;unknown;control;2023-03-22 22:15:00+00:00;0.23;;
966771;unknown;control;2023-03-22 22:30:00+00:00;0.225;;
966771;unknown;control;2023-03-22 22:45:00+00:00;0.186;;
966771;unknown;control;2023-03-22 23:00:00+00:00;0.206;;
966771;unknown;control;2023-03-22 23:15:00+00:00;0.229;;
966771;unknown;control;2023-03-22 23:30:00+00:00;0.233;;
966771;unknown;control;2023-03-22 23:45:00+00:00;0.227;;
966771;unknown;control;2023-03-23 00:00:00+00:00;0.239;;
966771;unknown;control;2023-03-23 00:15:00+00:00;0.242;;
966771;unknown;control;2023-03-23 00:30:00+00:00;0.221;;
966771;unknown;control;2023-03-23 00:45:00+00:00;0.239;;
966771;unknown;control;2023-03-23 01:00:00+00:00;0.235;;
966771;unknown;control;2023-03-23 01:15:00+00:00;0.215;;
966771;unknown;control;2023-03-23 01:30:00+00:00;1.408;;
966771;unknown;control;2023-03-23 01:45:00+00:00;1.478;;
966771;unknown;control;2023-03-23 02:00:00+00:00;1.426;;
966771;unknown;control;2023-03-23 02:15:00+00:00;1.467;;
966771;unknown;control;2023-03-23 02:30:00+00:00;1.469;;
966771;unknown;control;2023-03-23 02:45:00+00:00;1.701;;
966771;unknown;control;2023-03-23 03:00:00+00:00;2.155;;
966771;unknown;control;2023-03-23 03:15:00+00:00;1.482;;
966771;unknown;control;2023-03-23 03:30:00+00:00;1.484;;
966771;unknown;control;2023-03-23 03:45:00+00:00;0.795;;
966771;unknown;control;2023-03-23 04:00:00+00:00;0.19;;
966771;unknown;control;2023-03-23 04:15:00+00:00;0.192;;
966771;unknown;control;2023-03-23 04:30:00+00:00;0.185;;
966771;unknown;control;2023-03-23 04:45:00+00:00;0.184;;
966771;unknown;control;2023-03-23 05:00:00+00:00;0.201;;
966771;unknown;control;2023-03-23 05:15:00+00:00;0.199;;
966771;unknown;control;2023-03-23 05:30:00+00:00;0.139;;
966771;unknown;control;2023-03-23 05:45:00+00:00;0.207;;
966771;unknown;control;2023-03-23 06:00:00+00:00;0.121;;
966771;unknown;control;2023-03-23 06:15:00+00:00;0.118;;
966771;unknown;control;2023-03-23 06:30:00+00:00;0.133;;
966771;unknown;control;2023-03-23 06:45:00+00:00;0.143;;
966771;unknown;control;2023-03-23 07:00:00+00:00;0.148;;
966771;unknown;control;2023-03-23 07:15:00+00:00;0.163;;
966771;unknown;control;2023-03-23 07:30:00+00:00;0.178;;
966771;unknown;control;2023-03-23 07:45:00+00:00;0.124;;
966771;unknown;control;2023-03-23 08:00:00+00:00;0.109;;
966771;unknown;control;2023-03-23 08:15:00+00:00;0.099;;
966771;unknown;control;2023-03-23 08:30:00+00:00;0.107;;
966771;unknown;control;2023-03-23 08:45:00+00:00;0.101;;
966771;unknown;control;2023-03-23 09:00:00+00:00;0.115;;
966771;unknown;control;2023-03-23 09:15:00+00:00;0.103;;
966771;unknown;control;2023-03-23 09:30:00+00:00;0.114;;
966771;unknown;control;2023-03-23 09:45:00+00:00;0.11;;
966771;unknown;control;2023-03-23 10:00:00+00:00;0.34;;
966771;unknown;control;2023-03-23 10:15:00+00:00;0.147;;
966771;unknown;control;2023-03-23 10:30:00+00:00;0.108;;
966771;unknown;control;2023-03-23 10:45:00+00:00;0.112;;
966771;unknown;control;2023-03-23 11:00:00+00:00;0.097;;
966771;unknown;control;2023-03-23 11:15:00+00:00;0.1;;
966771;unknown;control;2023-03-23 11:30:00+00:00;0.097;;
966771;unknown;control;2023-03-23 11:45:00+00:00;0.106;;
966771;unknown;control;2023-03-23 12:00:00+00:00;0.1;;
966771;unknown;control;2023-03-23 12:15:00+00:00;0.096;;
966771;unknown;control;2023-03-23 12:30:00+00:00;0.106;;
966771;unknown;control;2023-03-23 12:45:00+00:00;0.1;;
966771;unknown;control;2023-03-23 13:00:00+00:00;0.094;;
966771;unknown;control;2023-03-23 13:15:00+00:00;0.107;;
966771;unknown;control;2023-03-23 13:30:00+00:00;0.103;;
966771;unknown;control;2023-03-23 13:45:00+00:00;0.099;;
966771;unknown;control;2023-03-23 14:00:00+00:00;0.104;;
966771;unknown;control;2023-03-23 14:15:00+00:00;0.099;;
966771;unknown;control;2023-03-23 14:30:00+00:00;0.11;;
966771;unknown;control;2023-03-23 14:45:00+00:00;0.11;;
966771;unknown;control;2023-03-23 15:00:00+00:00;0.095;;
966771;unknown;control;2023-03-23 15:15:00+00:00;0.1;;
966771;unknown;control;2023-03-23 15:30:00+00:00;0.101;;
966771;unknown;control;2023-03-23 15:45:00+00:00;0.096;;
966771;unknown;control;2023-03-23 16:00:00+00:00;0.735;;
966771;unknown;control;2023-03-23 16:15:00+00:00;0.436;;
966771;unknown;control;2023-03-23 16:30:00+00:00;0.289;;
966771;unknown;control;2023-03-23 16:45:00+00:00;0.138;;
966771;unknown;control;2023-03-23 17:00:00+00:00;0.127;;
966771;unknown;control;2023-03-23 17:15:00+00:00;0.158;;
966771;unknown;control;2023-03-23 17:30:00+00:00;0.187;;
966771;unknown;control;2023-03-23 17:45:00+00:00;0.185;;
966771;unknown;control;2023-03-23 18:00:00+00:00;0.184;;
966771;unknown;control;2023-03-23 18:15:00+00:00;0.18;;
966771;unknown;control;2023-03-23 18:30:00+00:00;0.175;;
966771;unknown;control;2023-03-23 18:45:00+00:00;0.183;;
966771;unknown;control;2023-03-23 19:00:00+00:00;0.179;;
966771;unknown;control;2023-03-23 19:15:00+00:00;0.172;;
966771;unknown;control;2023-03-23 19:30:00+00:00;0.183;;
966771;unknown;control;2023-03-23 19:45:00+00:00;0.178;;
966771;unknown;control;2023-03-23 20:00:00+00:00;0.171;;
966771;unknown;control;2023-03-23 20:15:00+00:00;0.174;;
966771;unknown;control;2023-03-23 20:30:00+00:00;0.135;;
966771;unknown;control;2023-03-23 20:45:00+00:00;0.2;;
966771;unknown;control;2023-03-23 21:00:00+00:00;0.103;;
966771;unknown;control;2023-03-23 21:15:00+00:00;0.178;;
966771;unknown;control;2023-03-23 21:30:00+00:00;0.109;;
966771;unknown;control;2023-03-23 21:45:00+00:00;0.183;;
966771;unknown;control;2023-03-23 22:00:00+00:00;0.094;;
966771;unknown;control;2023-03-23 22:15:00+00:00;0.113;;
966771;unknown;control;2023-03-23 22:30:00+00:00;0.099;;
966771;unknown;control;2023-03-23 22:45:00+00:00;0.097;;
966771;unknown;control;2023-03-23 23:00:00+00:00;0.187;;
966771;unknown;control;2023-03-23 23:15:00+00:00;0.124;;
966771;unknown;control;2023-03-23 23:30:00+00:00;0.158;;
966771;unknown;control;2023-03-23 23:45:00+00:00;0.19;;
966771;unknown;control;2023-03-24 00:00:00+00:00;0.11;;
966771;unknown;control;2023-03-24 00:15:00+00:00;0.194;;
966771;unknown;control;2023-03-24 00:30:00+00:00;0.191;;
966771;unknown;control;2023-03-24 00:45:00+00:00;0.176;;
966771;unknown;control;2023-03-24 01:00:00+00:00;0.201;;
966771;unknown;control;2023-03-24 01:15:00+00:00;0.109;;
966771;unknown;control;2023-03-24 01:30:00+00:00;1.414;;
966771;unknown;control;2023-03-24 01:45:00+00:00;1.366;;
966771;unknown;control;2023-03-24 02:00:00+00:00;1.44;;
966771;unknown;control;2023-03-24 02:15:00+00:00;1.409;;
966771;unknown;control;2023-03-24 02:30:00+00:00;1.412;;
966771;unknown;control;2023-03-24 02:45:00+00:00;0.21;;
966771;unknown;control;2023-03-24 03:00:00+00:00;0.187;;
966771;unknown;control;2023-03-24 03:15:00+00:00;0.16;;
966771;unknown;control;2023-03-24 03:30:00+00:00;0.158;;
966771;unknown;control;2023-03-24 03:45:00+00:00;0.177;;
966771;unknown;control;2023-03-24 04:00:00+00:00;0.19;;
966771;unknown;control;2023-03-24 04:15:00+00:00;0.177;;
966771;unknown;control;2023-03-24 04:30:00+00:00;0.192;;
966771;unknown;control;2023-03-24 04:45:00+00:00;0.098;;
966771;unknown;control;2023-03-24 05:00:00+00:00;0.1;;
966771;unknown;control;2023-03-24 05:15:00+00:00;1.038;;
966771;unknown;control;2023-03-24 05:30:00+00:00;1.358;;
966771;unknown;control;2023-03-24 05:45:00+00:00;1.382;;
966771;unknown;control;2023-03-24 06:00:00+00:00;0.123;;
966771;unknown;control;2023-03-24 06:15:00+00:00;0.096;;
966771;unknown;control;2023-03-24 06:30:00+00:00;0.115;;
966771;unknown;control;2023-03-24 06:45:00+00:00;0.607;;
966771;unknown;control;2023-03-24 07:00:00+00:00;0.153;;
966771;unknown;control;2023-03-24 07:15:00+00:00;0.145;;
966771;unknown;control;2023-03-24 07:30:00+00:00;0.143;;
966771;unknown;control;2023-03-24 07:45:00+00:00;0.103;;
966771;unknown;control;2023-03-24 08:00:00+00:00;0.106;;
966771;unknown;control;2023-03-24 08:15:00+00:00;0.141;;
966771;unknown;control;2023-03-24 08:30:00+00:00;0.116;;
966771;unknown;control;2023-03-24 08:45:00+00:00;0.12;;
966771;unknown;control;2023-03-24 09:00:00+00:00;0.113;;
966771;unknown;control;2023-03-24 09:15:00+00:00;0.119;;
966771;unknown;control;2023-03-24 09:30:00+00:00;0.097;;
966771;unknown;control;2023-03-24 09:45:00+00:00;0.093;;
966771;unknown;control;2023-03-24 10:00:00+00:00;0.291;;
966771;unknown;control;2023-03-24 10:15:00+00:00;0.329;;
966771;unknown;control;2023-03-24 10:30:00+00:00;0.098;;
966771;unknown;control;2023-03-24 10:45:00+00:00;0.118;;
966771;unknown;control;2023-03-24 11:00:00+00:00;0.092;;
966771;unknown;control;2023-03-24 11:15:00+00:00;0.097;;
966771;unknown;control;2023-03-24 11:30:00+00:00;0.108;;
966771;unknown;control;2023-03-24 11:45:00+00:00;0.097;;
966771;unknown;control;2023-03-24 12:00:00+00:00;0.101;;
966771;unknown;control;2023-03-24 12:15:00+00:00;0.102;;
966771;unknown;control;2023-03-24 12:30:00+00:00;0.09;;
966771;unknown;control;2023-03-24 12:45:00+00:00;0.101;;
966771;unknown;control;2023-03-24 13:00:00+00:00;0.099;;
966771;unknown;control;2023-03-24 13:15:00+00:00;0.096;;
966771;unknown;control;2023-03-24 13:30:00+00:00;0.173;;
966771;unknown;control;2023-03-24 13:45:00+00:00;0.597;;
966771;unknown;control;2023-03-24 14:00:00+00:00;0.136;;
966771;unknown;control;2023-03-24 14:15:00+00:00;0.373;;
966771;unknown;control;2023-03-24 14:30:00+00:00;0.111;;
966771;unknown;control;2023-03-24 14:45:00+00:00;0.129;;
966771;unknown;control;2023-03-24 15:00:00+00:00;0.134;;
966771;unknown;control;2023-03-24 15:15:00+00:00;0.261;;
966771;unknown;control;2023-03-24 15:30:00+00:00;0.136;;
966771;unknown;control;2023-03-24 15:45:00+00:00;0.501;;
966771;unknown;control;2023-03-24 16:00:00+00:00;0.315;;
966771;unknown;control;2023-03-24 16:15:00+00:00;0.292;;
966771;unknown;control;2023-03-24 16:30:00+00:00;0.281;;
966771;unknown;control;2023-03-24 16:45:00+00:00;0.292;;
966771;unknown;control;2023-03-24 17:00:00+00:00;0.356;;
966771;unknown;control;2023-03-24 17:15:00+00:00;0.64;;
966771;unknown;control;2023-03-24 17:30:00+00:00;0.385;;
966771;unknown;control;2023-03-24 17:45:00+00:00;0.383;;
966771;unknown;control;2023-03-24 18:00:00+00:00;0.407;;
966771;unknown;control;2023-03-24 18:15:00+00:00;0.428;;
966771;unknown;control;2023-03-24 18:30:00+00:00;0.382;;
966771;unknown;control;2023-03-24 18:45:00+00:00;0.399;;
966771;unknown;control;2023-03-24 19:00:00+00:00;0.426;;
966771;unknown;control;2023-03-24 19:15:00+00:00;0.403;;
966771;unknown;control;2023-03-24 19:30:00+00:00;0.375;;
966771;unknown;control;2023-03-24 19:45:00+00:00;0.41;;
966771;unknown;control;2023-03-24 20:00:00+00:00;0.434;;
966771;unknown;control;2023-03-24 20:15:00+00:00;0.37;;
966771;unknown;control;2023-03-24 20:30:00+00:00;0.398;;
966771;unknown;control;2023-03-24 20:45:00+00:00;0.36;;
966771;unknown;control;2023-03-24 21:00:00+00:00;0.305;;
966771;unknown;control;2023-03-24 21:15:00+00:00;0.319;;
966771;unknown;control;2023-03-24 21:30:00+00:00;0.32;;
966771;unknown;control;2023-03-24 21:45:00+00:00;0.574;;
966771;unknown;control;2023-03-24 22:00:00+00:00;0.995;;
966771;unknown;control;2023-03-24 22:15:00+00:00;0.206;;
966771;unknown;control;2023-03-24 22:30:00+00:00;0.336;;
966771;unknown;control;2023-03-24 22:45:00+00:00;0.412;;
966771;unknown;control;2023-03-24 23:00:00+00:00;0.33;;
966771;unknown;control;2023-03-24 23:15:00+00:00;0.444;;
966771;unknown;control;2023-03-24 23:30:00+00:00;0.453;;
966771;unknown;control;2023-03-24 23:45:00+00:00;0.402;;
966771;unknown;control;2023-03-25 00:00:00+00:00;0.439;;
966771;unknown;control;2023-03-25 00:15:00+00:00;1.054;;
966771;unknown;control;2023-03-25 00:30:00+00:00;0.534;;
966771;unknown;control;2023-03-25 00:45:00+00:00;0.352;;
966771;unknown;control;2023-03-25 01:00:00+00:00;0.4;;
966771;unknown;control;2023-03-25 01:15:00+00:00;0.94;;
966771;unknown;control;2023-03-25 01:30:00+00:00;2.081;;
966771;unknown;control;2023-03-25 01:45:00+00:00;1.581;;
966771;unknown;control;2023-03-25 02:00:00+00:00;1.561;;
966771;unknown;control;2023-03-25 02:15:00+00:00;1.528;;
966771;unknown;control;2023-03-25 02:30:00+00:00;1.567;;
966771;unknown;control;2023-03-25 02:45:00+00:00;0.806;;
966771;unknown;control;2023-03-25 03:00:00+00:00;0.559;;
966771;unknown;control;2023-03-25 03:15:00+00:00;1.219;;
966771;unknown;control;2023-03-25 03:30:00+00:00;0.844;;
966771;unknown;control;2023-03-25 03:45:00+00:00;0.546;;
966771;unknown;control;2023-03-25 04:00:00+00:00;0.47;;
966771;unknown;control;2023-03-25 04:15:00+00:00;0.504;;
966771;unknown;control;2023-03-25 04:30:00+00:00;1.126;;
966771;unknown;control;2023-03-25 04:45:00+00:00;0.792;;
966771;unknown;control;2023-03-25 05:00:00+00:00;0.4;;
966771;unknown;control;2023-03-25 05:15:00+00:00;0.356;;
966771;unknown;control;2023-03-25 05:30:00+00:00;0.415;;
966771;unknown;control;2023-03-25 05:45:00+00:00;0.873;;
966771;unknown;control;2023-03-25 06:00:00+00:00;0.335;;
966771;unknown;control;2023-03-25 06:15:00+00:00;0.326;;
966771;unknown;control;2023-03-25 06:30:00+00:00;0.305;;
966771;unknown;control;2023-03-25 06:45:00+00:00;0.196;;
966771;unknown;control;2023-03-25 07:00:00+00:00;0.12;;
966771;unknown;control;2023-03-25 07:15:00+00:00;0.171;;
966771;unknown;control;2023-03-25 07:30:00+00:00;0.453;;
966771;unknown;control;2023-03-25 07:45:00+00:00;0.488;;
966771;unknown;control;2023-03-25 08:00:00+00:00;0.727;;
966771;unknown;control;2023-03-25 08:15:00+00:00;0.448;;
966771;unknown;control;2023-03-25 08:30:00+00:00;0.31;;
966771;unknown;control;2023-03-25 08:45:00+00:00;0.329;;
966771;unknown;control;2023-03-25 09:00:00+00:00;0.16;;
966771;unknown;control;2023-03-25 09:15:00+00:00;0.194;;
966771;unknown;control;2023-03-25 09:30:00+00:00;0.276;;
966771;unknown;control;2023-03-25 09:45:00+00:00;0.13;;
966771;unknown;control;2023-03-25 10:00:00+00:00;0.135;;
966771;unknown;control;2023-03-25 10:15:00+00:00;0.123;;
966771;unknown;control;2023-03-25 10:30:00+00:00;0.128;;
966771;unknown;control;2023-03-25 10:45:00+00:00;0.115;;
966771;unknown;control;2023-03-25 11:00:00+00:00;0.132;;
966771;unknown;control;2023-03-25 11:15:00+00:00;0.133;;
966771;unknown;control;2023-03-25 11:30:00+00:00;0.128;;
966771;unknown;control;2023-03-25 11:45:00+00:00;0.233;;
966771;unknown;control;2023-03-25 12:00:00+00:00;0.124;;
966771;unknown;control;2023-03-25 12:15:00+00:00;0.119;;
966771;unknown;control;2023-03-25 12:30:00+00:00;0.128;;
966771;unknown;control;2023-03-25 12:45:00+00:00;0.13;;
966771;unknown;control;2023-03-25 13:00:00+00:00;0.119;;
966771;unknown;control;2023-03-25 13:15:00+00:00;0.129;;
966771;unknown;control;2023-03-25 13:30:00+00:00;0.479;;
966771;unknown;control;2023-03-25 13:45:00+00:00;0.331;;
966771;unknown;control;2023-03-25 14:00:00+00:00;0.288;;
966771;unknown;control;2023-03-25 14:15:00+00:00;0.118;;
966771;unknown;control;2023-03-25 14:30:00+00:00;0.122;;
966771;unknown;control;2023-03-25 14:45:00+00:00;0.121;;
966771;unknown;control;2023-03-25 15:00:00+00:00;0.309;;
966771;unknown;control;2023-03-25 15:15:00+00:00;0.523;;
966771;unknown;control;2023-03-25 15:30:00+00:00;0.248;;
966771;unknown;control;2023-03-25 15:45:00+00:00;0.318;;
966771;unknown;control;2023-03-25 16:00:00+00:00;0.578;;
966771;unknown;control;2023-03-25 16:15:00+00:00;0.268;;
966771;unknown;control;2023-03-25 16:30:00+00:00;0.824;;
966771;unknown;control;2023-03-25 16:45:00+00:00;0.307;;
966771;unknown;control;2023-03-25 17:00:00+00:00;0.259;;
966771;unknown;control;2023-03-25 17:15:00+00:00;0.809;;
966771;unknown;control;2023-03-25 17:30:00+00:00;0.735;;
966771;unknown;control;2023-03-25 17:45:00+00:00;0.34;;
966771;unknown;control;2023-03-25 18:00:00+00:00;0.713;;
966771;unknown;control;2023-03-25 18:15:00+00:00;1.099;;
966771;unknown;control;2023-03-25 18:30:00+00:00;0.443;;
966771;unknown;control;2023-03-25 18:45:00+00:00;0.405;;
966771;unknown;control;2023-03-25 19:00:00+00:00;0.421;;
966771;unknown;control;2023-03-25 19:15:00+00:00;0.477;;
966771;unknown;control;2023-03-25 19:30:00+00:00;0.43;;
966771;unknown;control;2023-03-25 19:45:00+00:00;0.441;;
966771;unknown;control;2023-03-25 20:00:00+00:00;0.586;;
966771;unknown;control;2023-03-25 20:15:00+00:00;1.15;;
966771;unknown;control;2023-03-25 20:30:00+00:00;0.428;;
966771;unknown;control;2023-03-25 20:45:00+00:00;0.358;;
966771;unknown;control;2023-03-25 21:00:00+00:00;0.387;;
966771;unknown;control;2023-03-25 21:15:00+00:00;0.403;;
966771;unknown;control;2023-03-25 21:30:00+00:00;0.411;;
966771;unknown;control;2023-03-25 21:45:00+00:00;0.427;;
966771;unknown;control;2023-03-25 22:00:00+00:00;0.441;;
966771;unknown;control;2023-03-25 22:15:00+00:00;1.036;;
966771;unknown;control;2023-03-25 22:30:00+00:00;0.999;;
966771;unknown;control;2023-03-25 22:45:00+00:00;0.396;;
966771;unknown;control;2023-03-25 23:00:00+00:00;0.351;;
966771;unknown;control;2023-03-25 23:15:00+00:00;0.337;;
966771;unknown;control;2023-03-25 23:30:00+00:00;0.276;;
966771;unknown;control;2023-03-25 23:45:00+00:00;0.29;;
966771;unknown;control;2023-03-26 00:00:00+00:00;0.296;;
966771;unknown;control;2023-03-26 00:15:00+00:00;0.267;;
966771;unknown;control;2023-03-26 00:30:00+00:00;0.309;;
966771;unknown;control;2023-03-26 00:45:00+00:00;0.302;;
966771;unknown;control;2023-03-26 01:00:00+00:00;1.428;;
966771;unknown;control;2023-03-26 01:15:00+00:00;1.503;;
966771;unknown;control;2023-03-26 01:30:00+00:00;1.555;;
966771;unknown;control;2023-03-26 01:45:00+00:00;2.249;;
966771;unknown;control;2023-03-26 02:00:00+00:00;1.74;;
966771;unknown;control;2023-03-26 02:15:00+00:00;1.496;;
966771;unknown;control;2023-03-26 02:30:00+00:00;1.543;;
966771;unknown;control;2023-03-26 02:45:00+00:00;1.51;;
966771;unknown;control;2023-03-26 03:00:00+00:00;1.559;;
966771;unknown;control;2023-03-26 03:15:00+00:00;1.558;;
966771;unknown;control;2023-03-26 03:30:00+00:00;1.549;;
966771;unknown;control;2023-03-26 03:45:00+00:00;1.545;;
966771;unknown;control;2023-03-26 04:00:00+00:00;1.523;;
966771;unknown;control;2023-03-26 04:15:00+00:00;0.695;;
966771;unknown;control;2023-03-26 04:30:00+00:00;0.284;;
966771;unknown;control;2023-03-26 04:45:00+00:00;0.284;;
966771;unknown;control;2023-03-26 05:00:00+00:00;0.788;;
966771;unknown;control;2023-03-26 05:15:00+00:00;0.832;;
966771;unknown;control;2023-03-26 05:30:00+00:00;0.328;;
966771;unknown;control;2023-03-26 05:45:00+00:00;0.321;;
966771;unknown;control;2023-03-26 06:00:00+00:00;0.29;;
966771;unknown;control;2023-03-26 06:15:00+00:00;0.324;;
966771;unknown;control;2023-03-26 06:30:00+00:00;0.319;;
966771;unknown;control;2023-03-26 06:45:00+00:00;0.316;;
966771;unknown;control;2023-03-26 07:00:00+00:00;0.656;;
966771;unknown;control;2023-03-26 07:15:00+00:00;0.71;;
966771;unknown;control;2023-03-26 07:30:00+00:00;1.065;;
966771;unknown;control;2023-03-26 07:45:00+00:00;0.301;;
966771;unknown;control;2023-03-26 08:00:00+00:00;0.311;;
966771;unknown;control;2023-03-26 08:15:00+00:00;0.132;;
966771;unknown;control;2023-03-26 08:30:00+00:00;0.323;;
966771;unknown;control;2023-03-26 08:45:00+00:00;0.162;;
966771;unknown;control;2023-03-26 09:00:00+00:00;0.122;;
966771;unknown;control;2023-03-26 09:15:00+00:00;0.22;;
966771;unknown;control;2023-03-26 09:30:00+00:00;0.238;;
966771;unknown;control;2023-03-26 09:45:00+00:00;0.142;;
966771;unknown;control;2023-03-26 10:00:00+00:00;0.712;;
966771;unknown;control;2023-03-26 10:15:00+00:00;0.138;;
966771;unknown;control;2023-03-26 10:30:00+00:00;0.16;;
966771;unknown;control;2023-03-26 10:45:00+00:00;0.151;;
966771;unknown;control;2023-03-26 11:00:00+00:00;0.148;;
966771;unknown;control;2023-03-26 11:15:00+00:00;0.127;;
966771;unknown;control;2023-03-26 11:30:00+00:00;0.12;;
966771;unknown;control;2023-03-26 11:45:00+00:00;0.121;;
966771;unknown;control;2023-03-26 12:00:00+00:00;0.132;;
966771;unknown;control;2023-03-26 12:15:00+00:00;0.119;;
966771;unknown;control;2023-03-26 12:30:00+00:00;0.139;;
966771;unknown;control;2023-03-26 12:45:00+00:00;0.232;;
966771;unknown;control;2023-03-26 13:00:00+00:00;0.65;;
966771;unknown;control;2023-03-26 13:15:00+00:00;0.181;;
966771;unknown;control;2023-03-26 13:30:00+00:00;0.147;;
966771;unknown;control;2023-03-26 13:45:00+00:00;0.148;;
966771;unknown;control;2023-03-26 14:00:00+00:00;0.118;;
966771;unknown;control;2023-03-26 14:15:00+00:00;0.254;;
966771;unknown;control;2023-03-26 14:30:00+00:00;0.606;;
966771;unknown;control;2023-03-26 14:45:00+00:00;0.433;;
966771;unknown;control;2023-03-26 15:00:00+00:00;0.375;;
966771;unknown;control;2023-03-26 15:15:00+00:00;1.029;;
966771;unknown;control;2023-03-26 15:30:00+00:00;0.413;;
966771;unknown;control;2023-03-26 15:45:00+00:00;0.446;;
966771;unknown;control;2023-03-26 16:00:00+00:00;0.618;;
966771;unknown;control;2023-03-26 16:15:00+00:00;0.614;;
966771;unknown;control;2023-03-26 16:30:00+00:00;1.016;;
966771;unknown;control;2023-03-26 16:45:00+00:00;1.07;;
966771;unknown;control;2023-03-26 17:00:00+00:00;0.445;;
966771;unknown;control;2023-03-26 17:15:00+00:00;0.738;;
966771;unknown;control;2023-03-26 17:30:00+00:00;0.685;;
966771;unknown;control;2023-03-26 17:45:00+00:00;1.322;;
966771;unknown;control;2023-03-26 18:00:00+00:00;1.006;;
966771;unknown;control;2023-03-26 18:15:00+00:00;0.392;;
966771;unknown;control;2023-03-26 18:30:00+00:00;0.392;;
966771;unknown;control;2023-03-26 18:45:00+00:00;0.747;;
966771;unknown;control;2023-03-26 19:00:00+00:00;1.19;;
966771;unknown;control;2023-03-26 19:15:00+00:00;1.019;;
966771;unknown;control;2023-03-26 19:30:00+00:00;0.692;;
966771;unknown;control;2023-03-26 19:45:00+00:00;0.483;;
966771;unknown;control;2023-03-26 20:00:00+00:00;0.447;;
966771;unknown;control;2023-03-26 20:15:00+00:00;1.554;;
966771;unknown;control;2023-03-26 20:30:00+00:00;0.723;;
966771;unknown;control;2023-03-26 20:45:00+00:00;0.322;;
966771;unknown;control;2023-03-26 21:00:00+00:00;0.339;;
966771;unknown;control;2023-03-26 21:15:00+00:00;0.505;;
966771;unknown;control;2023-03-26 21:30:00+00:00;1.101;;
966771;unknown;control;2023-03-26 21:45:00+00:00;0.663;;
966771;unknown;control;2023-03-26 22:00:00+00:00;0.365;;
966771;unknown;control;2023-03-26 22:15:00+00:00;0.396;;
966771;unknown;control;2023-03-26 22:30:00+00:00;0.432;;
966771;unknown;control;2023-03-26 22:45:00+00:00;0.395;;
966771;unknown;control;2023-03-26 23:00:00+00:00;1.055;;
966771;unknown;control;2023-03-26 23:15:00+00:00;0.8;;
966771;unknown;control;2023-03-26 23:30:00+00:00;0.386;;
966771;unknown;control;2023-03-26 23:45:00+00:00;0.306;;
966771;unknown;control;2023-03-27 00:00:00+00:00;0.428;;
966771;unknown;control;2023-03-27 00:15:00+00:00;0.438;;
966771;unknown;control;2023-03-27 00:30:00+00:00;1.97;;
966771;unknown;control;2023-03-27 00:45:00+00:00;2.253;;
966771;unknown;control;2023-03-27 01:00:00+00:00;1.564;;
966771;unknown;control;2023-03-27 01:15:00+00:00;1.561;;
966771;unknown;control;2023-03-27 01:30:00+00:00;1.589;;
966771;unknown;control;2023-03-27 01:45:00+00:00;1.6;;
966771;unknown;control;2023-03-27 02:00:00+00:00;1.601;;
966771;unknown;control;2023-03-27 02:15:00+00:00;2.141;;
966771;unknown;control;2023-03-27 02:30:00+00:00;1.165;;
966771;unknown;control;2023-03-27 02:45:00+00:00;0.389;;
966771;unknown;control;2023-03-27 03:00:00+00:00;0.395;;
966771;unknown;control;2023-03-27 03:15:00+00:00;0.377;;
966771;unknown;control;2023-03-27 03:30:00+00:00;0.36;;
966771;unknown;control;2023-03-27 03:45:00+00:00;0.667;;
966771;unknown;control;2023-03-27 04:00:00+00:00;1.108;;
966771;unknown;control;2023-03-27 04:15:00+00:00;0.414;;
966771;unknown;control;2023-03-27 04:30:00+00:00;0.405;;
966771;unknown;control;2023-03-27 04:45:00+00:00;0.414;;
966771;unknown;control;2023-03-27 05:00:00+00:00;0.428;;
966771;unknown;control;2023-03-27 05:15:00+00:00;0.469;;
966771;unknown;control;2023-03-27 05:30:00+00:00;0.74;;
966771;unknown;control;2023-03-27 05:45:00+00:00;1.857;;
966771;unknown;control;2023-03-27 06:00:00+00:00;0.566;;
966771;unknown;control;2023-03-27 06:15:00+00:00;0.364;;
966771;unknown;control;2023-03-27 06:30:00+00:00;0.468;;
966771;unknown;control;2023-03-27 06:45:00+00:00;0.634;;
966771;unknown;control;2023-03-27 07:00:00+00:00;1.134;;
966771;unknown;control;2023-03-27 07:15:00+00:00;0.771;;
966771;unknown;control;2023-03-27 07:30:00+00:00;1.038;;
966771;unknown;control;2023-03-27 07:45:00+00:00;1.319;;
966771;unknown;control;2023-03-27 08:00:00+00:00;0.525;;
966771;unknown;control;2023-03-27 08:15:00+00:00;0.476;;
966771;unknown;control;2023-03-27 08:30:00+00:00;0.885;;
966771;unknown;control;2023-03-27 08:45:00+00:00;0.518;;
966771;unknown;control;2023-03-27 09:00:00+00:00;0.273;;
966771;unknown;control;2023-03-27 09:15:00+00:00;1.072;;
966771;unknown;control;2023-03-27 09:30:00+00:00;0.602;;
966771;unknown;control;2023-03-27 09:45:00+00:00;0.122;;
966771;unknown;control;2023-03-27 10:00:00+00:00;0.135;;
966771;unknown;control;2023-03-27 10:15:00+00:00;0.119;;
966771;unknown;control;2023-03-27 10:30:00+00:00;0.118;;
966771;unknown;control;2023-03-27 10:45:00+00:00;0.124;;
966771;unknown;control;2023-03-27 11:00:00+00:00;0.176;;
966771;unknown;control;2023-03-27 11:15:00+00:00;0.672;;
966771;unknown;control;2023-03-27 11:30:00+00:00;0.299;;
966771;unknown;control;2023-03-27 11:45:00+00:00;0.213;;
966771;unknown;control;2023-03-27 12:00:00+00:00;0.169;;
966771;unknown;control;2023-03-27 12:15:00+00:00;0.13;;
966771;unknown;control;2023-03-27 12:30:00+00:00;0.24;;
966771;unknown;control;2023-03-27 12:45:00+00:00;0.159;;
966771;unknown;control;2023-03-27 13:00:00+00:00;0.145;;
966771;unknown;control;2023-03-27 13:15:00+00:00;0.145;;
966771;unknown;control;2023-03-27 13:30:00+00:00;0.137;;
966771;unknown;control;2023-03-27 13:45:00+00:00;0.127;;
966771;unknown;control;2023-03-27 14:00:00+00:00;0.128;;
966771;unknown;control;2023-03-27 14:15:00+00:00;0.097;;
966771;unknown;control;2023-03-27 14:30:00+00:00;0.092;;
966771;unknown;control;2023-03-27 14:45:00+00:00;0.103;;
966771;unknown;control;2023-03-27 15:00:00+00:00;0.115;;
966771;unknown;control;2023-03-27 15:15:00+00:00;0.241;;
966771;unknown;control;2023-03-27 15:30:00+00:00;0.213;;
966771;unknown;control;2023-03-27 15:45:00+00:00;0.236;;
966771;unknown;control;2023-03-27 16:00:00+00:00;0.272;;
966771;unknown;control;2023-03-27 16:15:00+00:00;0.266;;
966771;unknown;control;2023-03-27 16:30:00+00:00;0.236;;
966771;unknown;control;2023-03-27 16:45:00+00:00;0.314;;
966771;unknown;control;2023-03-27 17:00:00+00:00;0.628;;
966771;unknown;control;2023-03-27 17:15:00+00:00;1.042;;
966771;unknown;control;2023-03-27 17:30:00+00:00;0.422;;
966771;unknown;control;2023-03-27 17:45:00+00:00;0.417;;
966771;unknown;control;2023-03-27 18:00:00+00:00;0.365;;
966771;unknown;control;2023-03-27 18:15:00+00:00;1.045;;
966771;unknown;control;2023-03-27 18:30:00+00:00;1.162;;
966771;unknown;control;2023-03-27 18:45:00+00:00;0.782;;
966771;unknown;control;2023-03-27 19:00:00+00:00;0.541;;
966771;unknown;control;2023-03-27 19:15:00+00:00;0.565;;
966771;unknown;control;2023-03-27 19:30:00+00:00;1.049;;
966771;unknown;control;2023-03-27 19:45:00+00:00;1.275;;
966771;unknown;control;2023-03-27 20:00:00+00:00;1.101;;
966771;unknown;control;2023-03-27 20:15:00+00:00;1.191;;
966771;unknown;control;2023-03-27 20:30:00+00:00;0.658;;
966771;unknown;control;2023-03-27 20:45:00+00:00;0.443;;
966771;unknown;control;2023-03-27 21:00:00+00:00;0.403;;
966771;unknown;control;2023-03-27 21:15:00+00:00;0.41;;
966771;unknown;control;2023-03-27 21:30:00+00:00;1.078;;
966771;unknown;control;2023-03-27 21:45:00+00:00;1.219;;
966771;unknown;control;2023-03-27 22:00:00+00:00;1.105;;
966771;unknown;control;2023-03-27 22:15:00+00:00;1.114;;
966771;unknown;control;2023-03-27 22:30:00+00:00;0.564;;
966771;unknown;control;2023-03-27 22:45:00+00:00;0.432;;
966771;unknown;control;2023-03-27 23:00:00+00:00;0.444;;
966771;unknown;control;2023-03-27 23:15:00+00:00;0.41;;
966771;unknown;control;2023-03-27 23:30:00+00:00;0.424;;
966771;unknown;control;2023-03-27 23:45:00+00:00;0.415;;
966771;unknown;control;2023-03-28 00:00:00+00:00;1.022;;
966771;unknown;control;2023-03-28 00:15:00+00:00;1.203;;
966771;unknown;control;2023-03-28 00:30:00+00:00;2.269;;
966771;unknown;control;2023-03-28 00:45:00+00:00;2.314;;
966771;unknown;control;2023-03-28 01:00:00+00:00;2.135;;
966771;unknown;control;2023-03-28 01:15:00+00:00;1.628;;
966771;unknown;control;2023-03-28 01:30:00+00:00;1.604;;
966771;unknown;control;2023-03-28 01:45:00+00:00;1.901;;
966771;unknown;control;2023-03-28 02:00:00+00:00;2.372;;
966771;unknown;control;2023-03-28 02:15:00+00:00;2.08;;
966771;unknown;control;2023-03-28 02:30:00+00:00;0.458;;
966771;unknown;control;2023-03-28 02:45:00+00:00;0.514;;
966771;unknown;control;2023-03-28 03:00:00+00:00;0.539;;
966771;unknown;control;2023-03-28 03:15:00+00:00;0.625;;
966771;unknown;control;2023-03-28 03:30:00+00:00;0.782;;
966771;unknown;control;2023-03-28 03:45:00+00:00;1.267;;
966771;unknown;control;2023-03-28 04:00:00+00:00;1.114;;
966771;unknown;control;2023-03-28 04:15:00+00:00;1.241;;
966771;unknown;control;2023-03-28 04:30:00+00:00;1.337;;
966771;unknown;control;2023-03-28 04:45:00+00:00;1.882;;
966771;unknown;control;2023-03-28 05:00:00+00:00;0.728;;
966771;unknown;control;2023-03-28 05:15:00+00:00;1.29;;
966771;unknown;control;2023-03-28 05:30:00+00:00;0.962;;
966771;unknown;control;2023-03-28 05:45:00+00:00;1.261;;
966771;unknown;control;2023-03-28 06:00:00+00:00;0.49;;
966771;unknown;control;2023-03-28 06:15:00+00:00;0.438;;
966771;unknown;control;2023-03-28 06:30:00+00:00;0.248;;
966771;unknown;control;2023-03-28 06:45:00+00:00;0.128;;
966771;unknown;control;2023-03-28 07:00:00+00:00;0.129;;
966771;unknown;control;2023-03-28 07:15:00+00:00;0.132;;
966771;unknown;control;2023-03-28 07:30:00+00:00;0.126;;
966771;unknown;control;2023-03-28 07:45:00+00:00;0.108;;
966771;unknown;control;2023-03-28 08:00:00+00:00;0.113;;
966771;unknown;control;2023-03-28 08:15:00+00:00;0.119;;
966771;unknown;control;2023-03-28 08:30:00+00:00;0.12;;
966771;unknown;control;2023-03-28 08:45:00+00:00;0.123;;
966771;unknown;control;2023-03-28 09:00:00+00:00;0.119;;
966771;unknown;control;2023-03-28 09:15:00+00:00;0.113;;
966771;unknown;control;2023-03-28 09:30:00+00:00;0.116;;
966771;unknown;control;2023-03-28 09:45:00+00:00;0.11;;
966771;unknown;control;2023-03-28 10:00:00+00:00;0.108;;
966771;unknown;control;2023-03-28 10:15:00+00:00;0.121;;
966771;unknown;control;2023-03-28 10:30:00+00:00;0.114;;
966771;unknown;control;2023-03-28 10:45:00+00:00;0.111;;
966771;unknown;control;2023-03-28 11:00:00+00:00;0.117;;
966771;unknown;control;2023-03-28 11:15:00+00:00;0.346;;
966771;unknown;control;2023-03-28 11:30:00+00:00;0.136;;
966771;unknown;control;2023-03-28 11:45:00+00:00;0.123;;
966771;unknown;control;2023-03-28 12:00:00+00:00;0.106;;
966771;unknown;control;2023-03-28 12:15:00+00:00;0.119;;
966771;unknown;control;2023-03-28 12:30:00+00:00;0.119;;
966771;unknown;control;2023-03-28 12:45:00+00:00;0.109;;
966771;unknown;control;2023-03-28 13:00:00+00:00;0.116;;
966771;unknown;control;2023-03-28 13:15:00+00:00;0.116;;
966771;unknown;control;2023-03-28 13:30:00+00:00;0.114;;
966771;unknown;control;2023-03-28 13:45:00+00:00;0.118;;
966771;unknown;control;2023-03-28 14:00:00+00:00;0.101;;
966771;unknown;control;2023-03-28 14:15:00+00:00;0.099;;
966771;unknown;control;2023-03-28 14:30:00+00:00;0.104;;
966771;unknown;control;2023-03-28 14:45:00+00:00;0.098;;
966771;unknown;control;2023-03-28 15:00:00+00:00;0.118;;
966771;unknown;control;2023-03-28 15:15:00+00:00;0.114;;
966771;unknown;control;2023-03-28 15:30:00+00:00;0.098;;
966771;unknown;control;2023-03-28 15:45:00+00:00;0.124;;
966771;unknown;control;2023-03-28 16:00:00+00:00;0.157;;
966771;unknown;control;2023-03-28 16:15:00+00:00;0.853;;
966771;unknown;control;2023-03-28 16:30:00+00:00;0.192;;
966771;unknown;control;2023-03-28 16:45:00+00:00;0.542;;
966771;unknown;control;2023-03-28 17:00:00+00:00;0.266;;
966771;unknown;control;2023-03-28 17:15:00+00:00;0.21;;
966771;unknown;control;2023-03-28 17:30:00+00:00;0.293;;
966771;unknown;control;2023-03-28 17:45:00+00:00;0.27;;
966771;unknown;control;2023-03-28 18:00:00+00:00;0.284;;
966771;unknown;control;2023-03-28 18:15:00+00:00;0.267;;
966771;unknown;control;2023-03-28 18:30:00+00:00;0.343;;
966771;unknown;control;2023-03-28 18:45:00+00:00;0.858;;
966771;unknown;control;2023-03-28 19:00:00+00:00;0.86;;
966771;unknown;control;2023-03-28 19:15:00+00:00;0.281;;
966771;unknown;control;2023-03-28 19:30:00+00:00;0.318;;
966771;unknown;control;2023-03-28 19:45:00+00:00;0.302;;
966771;unknown;control;2023-03-28 20:00:00+00:00;0.301;;
966771;unknown;control;2023-03-28 20:15:00+00:00;0.981;;
966771;unknown;control;2023-03-28 20:30:00+00:00;0.493;;
966771;unknown;control;2023-03-28 20:45:00+00:00;0.264;;
966771;unknown;control;2023-03-28 21:00:00+00:00;0.301;;
966771;unknown;control;2023-03-28 21:15:00+00:00;0.32;;
966771;unknown;control;2023-03-28 21:30:00+00:00;0.333;;
966771;unknown;control;2023-03-28 21:45:00+00:00;0.308;;
966771;unknown;control;2023-03-28 22:00:00+00:00;0.313;;
966771;unknown;control;2023-03-28 22:15:00+00:00;0.285;;
966771;unknown;control;2023-03-28 22:30:00+00:00;0.274;;
966771;unknown;control;2023-03-28 22:45:00+00:00;0.306;;
966771;unknown;control;2023-03-28 23:00:00+00:00;0.302;;
966771;unknown;control;2023-03-28 23:15:00+00:00;0.293;;
966771;unknown;control;2023-03-28 23:30:00+00:00;0.309;;
966771;unknown;control;2023-03-28 23:45:00+00:00;0.299;;
966771;unknown;control;2023-03-29 00:00:00+00:00;0.808;;
966771;unknown;control;2023-03-29 00:15:00+00:00;0.855;;
966771;unknown;control;2023-03-29 00:30:00+00:00;1.47;;
966771;unknown;control;2023-03-29 00:45:00+00:00;1.516;;
966771;unknown;control;2023-03-29 01:00:00+00:00;1.504;;
966771;unknown;control;2023-03-29 01:15:00+00:00;1.462;;
966771;unknown;control;2023-03-29 01:30:00+00:00;2.084;;
966771;unknown;control;2023-03-29 01:45:00+00:00;1.868;;
966771;unknown;control;2023-03-29 02:00:00+00:00;0.813;;
966771;unknown;control;2023-03-29 02:15:00+00:00;0.297;;
966771;unknown;control;2023-03-29 02:30:00+00:00;0.256;;
966771;unknown;control;2023-03-29 02:45:00+00:00;0.246;;
966771;unknown;control;2023-03-29 03:00:00+00:00;0.319;;
966771;unknown;control;2023-03-29 03:15:00+00:00;0.211;;
966771;unknown;control;2023-03-29 03:30:00+00:00;0.277;;
966771;unknown;control;2023-03-29 03:45:00+00:00;0.296;;
966771;unknown;control;2023-03-29 04:00:00+00:00;0.881;;
966771;unknown;control;2023-03-29 04:15:00+00:00;0.563;;
966771;unknown;control;2023-03-29 04:30:00+00:00;0.874;;
966771;unknown;control;2023-03-29 04:45:00+00:00;1.501;;
966771;unknown;control;2023-03-29 05:00:00+00:00;0.309;;
966771;unknown;control;2023-03-29 05:15:00+00:00;0.295;;
966771;unknown;control;2023-03-29 05:30:00+00:00;0.249;;
966771;unknown;control;2023-03-29 05:45:00+00:00;0.23;;
966771;unknown;control;2023-03-29 06:00:00+00:00;0.202;;
966771;unknown;control;2023-03-29 06:15:00+00:00;0.121;;
966771;unknown;control;2023-03-29 06:30:00+00:00;0.128;;
966771;unknown;control;2023-03-29 06:45:00+00:00;0.108;;
966771;unknown;control;2023-03-29 07:00:00+00:00;0.116;;
966771;unknown;control;2023-03-29 07:15:00+00:00;0.12;;
966771;unknown;control;2023-03-29 07:30:00+00:00;0.109;;
966771;unknown;control;2023-03-29 07:45:00+00:00;0.117;;
966771;unknown;control;2023-03-29 08:00:00+00:00;0.115;;
966771;unknown;control;2023-03-29 08:15:00+00:00;0.114;;
966771;unknown;control;2023-03-29 08:30:00+00:00;0.117;;
966771;unknown;control;2023-03-29 08:45:00+00:00;0.11;;
966771;unknown;control;2023-03-29 09:00:00+00:00;0.117;;
966771;unknown;control;2023-03-29 09:15:00+00:00;0.121;;
966771;unknown;control;2023-03-29 09:30:00+00:00;0.246;;
966771;unknown;control;2023-03-29 09:45:00+00:00;0.333;;
966771;unknown;control;2023-03-29 10:00:00+00:00;0.12;;
966771;unknown;control;2023-03-29 10:15:00+00:00;0.11;;
966771;unknown;control;2023-03-29 10:30:00+00:00;0.132;;
966771;unknown;control;2023-03-29 10:45:00+00:00;0.107;;
966771;unknown;control;2023-03-29 11:00:00+00:00;0.116;;
966771;unknown;control;2023-03-29 11:15:00+00:00;0.463;;
966771;unknown;control;2023-03-29 11:30:00+00:00;0.324;;
966771;unknown;control;2023-03-29 11:45:00+00:00;0.11;;
966771;unknown;control;2023-03-29 12:00:00+00:00;0.156;;
966771;unknown;control;2023-03-29 12:15:00+00:00;0.439;;
966771;unknown;control;2023-03-29 12:30:00+00:00;0.102;;
966771;unknown;control;2023-03-29 12:45:00+00:00;0.103;;
966771;unknown;control;2023-03-29 13:00:00+00:00;0.098;;
966771;unknown;control;2023-03-29 13:15:00+00:00;0.107;;
966771;unknown;control;2023-03-29 13:30:00+00:00;0.1;;
966771;unknown;control;2023-03-29 13:45:00+00:00;0.092;;
966771;unknown;control;2023-03-29 14:00:00+00:00;0.105;;
966771;unknown;control;2023-03-29 14:15:00+00:00;0.096;;
966771;unknown;control;2023-03-29 14:30:00+00:00;0.089;;
966771;unknown;control;2023-03-29 14:45:00+00:00;0.102;;
966771;unknown;control;2023-03-29 15:00:00+00:00;0.095;;
966771;unknown;control;2023-03-29 15:15:00+00:00;0.095;;
966771;unknown;control;2023-03-29 15:30:00+00:00;0.104;;
966771;unknown;control;2023-03-29 15:45:00+00:00;0.101;;
966771;unknown;control;2023-03-29 16:00:00+00:00;0.104;;
966771;unknown;control;2023-03-29 16:15:00+00:00;0.098;;
966771;unknown;control;2023-03-29 16:30:00+00:00;0.093;;
966771;unknown;control;2023-03-29 16:45:00+00:00;0.099;;
966771;unknown;control;2023-03-29 17:00:00+00:00;0.096;;
966771;unknown;control;2023-03-29 17:15:00+00:00;0.097;;
966771;unknown;control;2023-03-29 17:30:00+00:00;0.132;;
966771;unknown;control;2023-03-29 17:45:00+00:00;0.207;;
966771;unknown;control;2023-03-29 18:00:00+00:00;0.198;;
966771;unknown;control;2023-03-29 18:15:00+00:00;0.207;;
966771;unknown;control;2023-03-29 18:30:00+00:00;0.202;;
966771;unknown;control;2023-03-29 18:45:00+00:00;0.218;;
966771;unknown;control;2023-03-29 19:00:00+00:00;0.206;;
966771;unknown;control;2023-03-29 19:15:00+00:00;0.183;;
966771;unknown;control;2023-03-29 19:30:00+00:00;0.581;;
966771;unknown;control;2023-03-29 19:45:00+00:00;0.23;;
966771;unknown;control;2023-03-29 20:00:00+00:00;0.202;;
966771;unknown;control;2023-03-29 20:15:00+00:00;0.151;;
966771;unknown;control;2023-03-29 20:30:00+00:00;0.115;;
966771;unknown;control;2023-03-29 20:45:00+00:00;0.094;;
966771;unknown;control;2023-03-29 21:00:00+00:00;0.1;;
966771;unknown;control;2023-03-29 21:15:00+00:00;0.1;;
966771;unknown;control;2023-03-29 21:30:00+00:00;0.208;;
966771;unknown;control;2023-03-29 21:45:00+00:00;0.101;;
966771;unknown;control;2023-03-29 22:00:00+00:00;0.219;;
966771;unknown;control;2023-03-29 22:15:00+00:00;0.121;;
966771;unknown;control;2023-03-29 22:30:00+00:00;0.117;;
966771;unknown;control;2023-03-29 22:45:00+00:00;0.106;;
966771;unknown;control;2023-03-29 23:00:00+00:00;0.23;;
966771;unknown;control;2023-03-29 23:15:00+00:00;0.12;;
966771;unknown;control;2023-03-29 23:30:00+00:00;0.109;;
966771;unknown;control;2023-03-29 23:45:00+00:00;0.249;;
966771;unknown;control;2023-03-30 00:00:00+00:00;0.117;;
966771;unknown;control;2023-03-30 00:15:00+00:00;0.211;;
966771;unknown;control;2023-03-30 00:30:00+00:00;1.419;;
966771;unknown;control;2023-03-30 00:45:00+00:00;1.357;;
966771;unknown;control;2023-03-30 01:00:00+00:00;1.459;;
966771;unknown;control;2023-03-30 01:15:00+00:00;1.378;;
966771;unknown;control;2023-03-30 01:30:00+00:00;1.377;;
966771;unknown;control;2023-03-30 01:45:00+00:00;1.481;;
966771;unknown;control;2023-03-30 02:00:00+00:00;1.379;;
966771;unknown;control;2023-03-30 02:15:00+00:00;1.489;;
966771;unknown;control;2023-03-30 02:30:00+00:00;0.93;;
966771;unknown;control;2023-03-30 02:45:00+00:00;0.219;;
966771;unknown;control;2023-03-30 03:00:00+00:00;0.111;;
966771;unknown;control;2023-03-30 03:15:00+00:00;0.217;;
966771;unknown;control;2023-03-30 03:30:00+00:00;0.205;;
966771;unknown;control;2023-03-30 03:45:00+00:00;0.093;;
966771;unknown;control;2023-03-30 04:00:00+00:00;0.211;;
966771;unknown;control;2023-03-30 04:15:00+00:00;0.205;;
966771;unknown;control;2023-03-30 04:30:00+00:00;0.237;;
966771;unknown;control;2023-03-30 04:45:00+00:00;1.029;;
966771;unknown;control;2023-03-30 05:00:00+00:00;0.269;;
966771;unknown;control;2023-03-30 05:15:00+00:00;0.162;;
966771;unknown;control;2023-03-30 05:30:00+00:00;0.236;;
966771;unknown;control;2023-03-30 05:45:00+00:00;0.23;;
966771;unknown;control;2023-03-30 06:00:00+00:00;0.132;;
966771;unknown;control;2023-03-30 06:15:00+00:00;0.127;;
966771;unknown;control;2023-03-30 06:30:00+00:00;0.122;;
966771;unknown;control;2023-03-30 06:45:00+00:00;0.13;;
966771;unknown;control;2023-03-30 07:00:00+00:00;0.217;;
966771;unknown;control;2023-03-30 07:15:00+00:00;0.61;;
966771;unknown;control;2023-03-30 07:30:00+00:00;0.271;;
966771;unknown;control;2023-03-30 07:45:00+00:00;0.277;;
966771;unknown;control;2023-03-30 08:00:00+00:00;0.137;;
966771;unknown;control;2023-03-30 08:15:00+00:00;0.115;;
966771;unknown;control;2023-03-30 08:30:00+00:00;0.094;;
966771;unknown;control;2023-03-30 08:45:00+00:00;0.11;;
966771;unknown;control;2023-03-30 09:00:00+00:00;0.118;;
966771;unknown;control;2023-03-30 09:15:00+00:00;0.209;;
966771;unknown;control;2023-03-30 09:30:00+00:00;0.133;;
966771;unknown;control;2023-03-30 09:45:00+00:00;0.217;;
966771;unknown;control;2023-03-30 10:00:00+00:00;0.225;;
966771;unknown;control;2023-03-30 10:15:00+00:00;0.114;;
966771;unknown;control;2023-03-30 10:30:00+00:00;0.114;;
966771;unknown;control;2023-03-30 10:45:00+00:00;0.101;;
966771;unknown;control;2023-03-30 11:00:00+00:00;0.107;;
966771;unknown;control;2023-03-30 11:15:00+00:00;0.13;;
966771;unknown;control;2023-03-30 11:30:00+00:00;0.125;;
966771;unknown;control;2023-03-30 11:45:00+00:00;0.118;;
966771;unknown;control;2023-03-30 12:00:00+00:00;0.516;;
966771;unknown;control;2023-03-30 12:15:00+00:00;0.115;;
966771;unknown;control;2023-03-30 12:30:00+00:00;0.117;;
966771;unknown;control;2023-03-30 12:45:00+00:00;0.11;;
966771;unknown;control;2023-03-30 13:00:00+00:00;0.145;;
966771;unknown;control;2023-03-30 13:15:00+00:00;0.128;;
966771;unknown;control;2023-03-30 13:30:00+00:00;0.118;;
966771;unknown;control;2023-03-30 13:45:00+00:00;0.124;;
966771;unknown;control;2023-03-30 14:00:00+00:00;0.1;;
966771;unknown;control;2023-03-30 14:15:00+00:00;0.098;;
966771;unknown;control;2023-03-30 14:30:00+00:00;0.105;;
966771;unknown;control;2023-03-30 14:45:00+00:00;0.098;;
966771;unknown;control;2023-03-30 15:00:00+00:00;0.101;;
966771;unknown;control;2023-03-30 15:15:00+00:00;0.149;;
966771;unknown;control;2023-03-30 15:30:00+00:00;0.19;;
966771;unknown;control;2023-03-30 15:45:00+00:00;0.109;;
966771;unknown;control;2023-03-30 16:00:00+00:00;0.104;;
966771;unknown;control;2023-03-30 16:15:00+00:00;0.095;;
966771;unknown;control;2023-03-30 16:30:00+00:00;0.11;;
966771;unknown;control;2023-03-30 16:45:00+00:00;0.341;;
966771;unknown;control;2023-03-30 17:00:00+00:00;0.513;;
966771;unknown;control;2023-03-30 17:15:00+00:00;0.169;;
966771;unknown;control;2023-03-30 17:30:00+00:00;0.353;;
966771;unknown;control;2023-03-30 17:45:00+00:00;0.134;;
966771;unknown;control;2023-03-30 18:00:00+00:00;0.151;;
966771;unknown;control;2023-03-30 18:15:00+00:00;0.14;;
966771;unknown;control;2023-03-30 18:30:00+00:00;0.148;;
966771;unknown;control;2023-03-30 18:45:00+00:00;0.391;;
966771;unknown;control;2023-03-30 19:00:00+00:00;0.303;;
966771;unknown;control;2023-03-30 19:15:00+00:00;0.174;;
966771;unknown;control;2023-03-30 19:30:00+00:00;0.287;;
966771;unknown;control;2023-03-30 19:45:00+00:00;0.266;;
966771;unknown;control;2023-03-30 20:00:00+00:00;0.179;;
966771;unknown;control;2023-03-30 20:15:00+00:00;0.235;;
966771;unknown;control;2023-03-30 20:30:00+00:00;0.224;;
966771;unknown;control;2023-03-30 20:45:00+00:00;0.238;;
966771;unknown;control;2023-03-30 21:00:00+00:00;0.231;;
966771;unknown;control;2023-03-30 21:15:00+00:00;0.102;;
966771;unknown;control;2023-03-30 21:30:00+00:00;0.222;;
966771;unknown;control;2023-03-30 21:45:00+00:00;0.172;;
966771;unknown;control;2023-03-30 22:00:00+00:00;0.231;;
966771;unknown;control;2023-03-30 22:15:00+00:00;0.232;;
966771;unknown;control;2023-03-30 22:30:00+00:00;0.185;;
966771;unknown;control;2023-03-30 22:45:00+00:00;0.174;;
966771;unknown;control;2023-03-30 23:00:00+00:00;0.221;;
966771;unknown;control;2023-03-30 23:15:00+00:00;0.217;;
966771;unknown;control;2023-03-30 23:30:00+00:00;0.22;;
966771;unknown;control;2023-03-30 23:45:00+00:00;0.205;;
966771;unknown;control;2023-03-31 00:00:00+00:00;0.219;;
966771;unknown;control;2023-03-31 00:15:00+00:00;0.124;;
966771;unknown;control;2023-03-31 00:30:00+00:00;1.482;;
966771;unknown;control;2023-03-31 00:45:00+00:00;1.525;;
966771;unknown;control;2023-03-31 01:00:00+00:00;1.436;;
966771;unknown;control;2023-03-31 01:15:00+00:00;1.442;;
966771;unknown;control;2023-03-31 01:30:00+00:00;1.441;;
966771;unknown;control;2023-03-31 01:45:00+00:00;0.519;;
966771;unknown;control;2023-03-31 02:00:00+00:00;0.235;;
966771;unknown;control;2023-03-31 02:15:00+00:00;0.256;;
966771;unknown;control;2023-03-31 02:30:00+00:00;0.282;;
966771;unknown;control;2023-03-31 02:45:00+00:00;0.223;;
966771;unknown;control;2023-03-31 03:00:00+00:00;0.31;;
966771;unknown;control;2023-03-31 03:15:00+00:00;0.209;;
966771;unknown;control;2023-03-31 03:30:00+00:00;0.246;;
966771;unknown;control;2023-03-31 03:45:00+00:00;0.274;;
966771;unknown;control;2023-03-31 04:00:00+00:00;0.865;;
966771;unknown;control;2023-03-31 04:15:00+00:00;0.393;;
966771;unknown;control;2023-03-31 04:30:00+00:00;0.945;;
966771;unknown;control;2023-03-31 04:45:00+00:00;1.52;;
966771;unknown;control;2023-03-31 05:00:00+00:00;0.256;;
966771;unknown;control;2023-03-31 05:15:00+00:00;0.242;;
966771;unknown;control;2023-03-31 05:30:00+00:00;0.218;;
966771;unknown;control;2023-03-31 05:45:00+00:00;0.417;;
966771;unknown;control;2023-03-31 06:00:00+00:00;0.233;;
966771;unknown;control;2023-03-31 06:15:00+00:00;0.252;;
966771;unknown;control;2023-03-31 06:30:00+00:00;0.264;;
966771;unknown;control;2023-03-31 06:45:00+00:00;0.115;;
966771;unknown;control;2023-03-31 07:00:00+00:00;0.12;;
966771;unknown;control;2023-03-31 07:15:00+00:00;0.117;;
966771;unknown;control;2023-03-31 07:30:00+00:00;0.111;;
966771;unknown;control;2023-03-31 07:45:00+00:00;0.124;;
966771;unknown;control;2023-03-31 08:00:00+00:00;0.116;;
966771;unknown;control;2023-03-31 08:15:00+00:00;0.099;;
966771;unknown;control;2023-03-31 08:30:00+00:00;0.107;;
966771;unknown;control;2023-03-31 08:45:00+00:00;0.097;;
966771;unknown;control;2023-03-31 09:00:00+00:00;0.097;;
966771;unknown;control;2023-03-31 09:15:00+00:00;0.108;;
966771;unknown;control;2023-03-31 09:30:00+00:00;0.099;;
966771;unknown;control;2023-03-31 09:45:00+00:00;0.414;;
966771;unknown;control;2023-03-31 10:00:00+00:00;0.111;;
966771;unknown;control;2023-03-31 10:15:00+00:00;0.109;;
966771;unknown;control;2023-03-31 10:30:00+00:00;0.1;;
966771;unknown;control;2023-03-31 10:45:00+00:00;0.225;;
966771;unknown;control;2023-03-31 11:00:00+00:00;0.109;;
966771;unknown;control;2023-03-31 11:15:00+00:00;0.243;;
966771;unknown;control;2023-03-31 11:30:00+00:00;0.129;;
966771;unknown;control;2023-03-31 11:45:00+00:00;0.122;;
966771;unknown;control;2023-03-31 12:00:00+00:00;0.13;;
966771;unknown;control;2023-03-31 12:15:00+00:00;0.118;;
966771;unknown;control;2023-03-31 12:30:00+00:00;0.124;;
966771;unknown;control;2023-03-31 12:45:00+00:00;0.139;;
966771;unknown;control;2023-03-31 13:00:00+00:00;0.118;;
966771;unknown;control;2023-03-31 13:15:00+00:00;0.122;;
966771;unknown;control;2023-03-31 13:30:00+00:00;0.127;;
966771;unknown;control;2023-03-31 13:45:00+00:00;0.112;;
966771;unknown;control;2023-03-31 14:00:00+00:00;0.124;;
966771;unknown;control;2023-03-31 14:15:00+00:00;0.125;;
966771;unknown;control;2023-03-31 14:30:00+00:00;0.122;;
966771;unknown;control;2023-03-31 14:45:00+00:00;0.248;;
966771;unknown;control;2023-03-31 15:00:00+00:00;0.33;;
966771;unknown;control;2023-03-31 15:15:00+00:00;0.154;;
966771;unknown;control;2023-03-31 15:30:00+00:00;0.118;;
966771;unknown;control;2023-03-31 15:45:00+00:00;0.498;;
966771;unknown;control;2023-03-31 16:00:00+00:00;1.032;;
966771;unknown;control;2023-03-31 16:15:00+00:00;0.227;;
966771;unknown;control;2023-03-31 16:30:00+00:00;0.255;;
966771;unknown;control;2023-03-31 16:45:00+00:00;0.256;;
966771;unknown;control;2023-03-31 17:00:00+00:00;0.298;;
966771;unknown;control;2023-03-31 17:15:00+00:00;0.291;;
966771;unknown;control;2023-03-31 17:30:00+00:00;0.296;;
966771;unknown;control;2023-03-31 17:45:00+00:00;0.347;;
966771;unknown;control;2023-03-31 18:00:00+00:00;0.336;;
966771;unknown;control;2023-03-31 18:15:00+00:00;0.551;;
966771;unknown;control;2023-03-31 18:30:00+00:00;0.486;;
966771;unknown;control;2023-03-31 18:45:00+00:00;0.461;;
966771;unknown;control;2023-03-31 19:00:00+00:00;1.1;;
966771;unknown;control;2023-03-31 19:15:00+00:00;0.727;;
966771;unknown;control;2023-03-31 19:30:00+00:00;0.459;;
966771;unknown;control;2023-03-31 19:45:00+00:00;0.356;;
966771;unknown;control;2023-03-31 20:00:00+00:00;0.314;;
966771;unknown;control;2023-03-31 20:15:00+00:00;0.328;;
966771;unknown;control;2023-03-31 20:30:00+00:00;0.278;;
966771;unknown;control;2023-03-31 20:45:00+00:00;0.266;;
966771;unknown;control;2023-03-31 21:00:00+00:00;0.507;;
966771;unknown;control;2023-03-31 21:15:00+00:00;0.962;;
966771;unknown;control;2023-03-31 21:30:00+00:00;0.35;;
966771;unknown;control;2023-03-31 21:45:00+00:00;0.358;;
966771;unknown;control;2023-03-31 22:00:00+00:00;0.332;;
966771;unknown;control;2023-03-31 22:15:00+00:00;0.334;;
966771;unknown;control;2023-03-31 22:30:00+00:00;0.333;;
966771;unknown;control;2023-03-31 22:45:00+00:00;0.321;;
966771;unknown;control;2023-03-31 23:00:00+00:00;0.358;;
966771;unknown;control;2023-03-31 23:15:00+00:00;0.409;;
966771;unknown;control;2023-03-31 23:30:00+00:00;1.613;;
966771;unknown;control;2023-03-31 23:45:00+00:00;1.652;;
966771;unknown;control;2023-04-01 00:00:00+00:00;1.631;;
966771;unknown;control;2023-04-01 00:15:00+00:00;1.545;;
966771;unknown;control;2023-04-01 00:30:00+00:00;1.611;;
966771;unknown;control;2023-04-01 00:45:00+00:00;1.569;;
966771;unknown;control;2023-04-01 01:00:00+00:00;1.607;;
966771;unknown;control;2023-04-01 01:15:00+00:00;1.642;;
966771;unknown;control;2023-04-01 01:30:00+00:00;0.905;;
966771;unknown;control;2023-04-01 01:45:00+00:00;1.168;;
966771;unknown;control;2023-04-01 02:00:00+00:00;0.492;;
966771;unknown;control;2023-04-01 02:15:00+00:00;0.395;;
966771;unknown;control;2023-04-01 02:30:00+00:00;0.438;;
966771;unknown;control;2023-04-01 02:45:00+00:00;0.513;;
966771;unknown;control;2023-04-01 03:00:00+00:00;0.429;;
966771;unknown;control;2023-04-01 03:15:00+00:00;0.436;;
966771;unknown;control;2023-04-01 03:30:00+00:00;0.377;;
966771;unknown;control;2023-04-01 03:45:00+00:00;0.383;;
966771;unknown;control;2023-04-01 04:00:00+00:00;1.263;;
966771;unknown;control;2023-04-01 04:15:00+00:00;0.684;;
966771;unknown;control;2023-04-01 04:30:00+00:00;0.475;;
966771;unknown;control;2023-04-01 04:45:00+00:00;0.446;;
966771;unknown;control;2023-04-01 05:00:00+00:00;0.397;;
966771;unknown;control;2023-04-01 05:15:00+00:00;0.381;;
966771;unknown;control;2023-04-01 05:30:00+00:00;0.427;;
966771;unknown;control;2023-04-01 05:45:00+00:00;0.359;;
966771;unknown;control;2023-04-01 06:00:00+00:00;0.746;;
966771;unknown;control;2023-04-01 06:15:00+00:00;0.706;;
966771;unknown;control;2023-04-01 06:30:00+00:00;0.236;;
966771;unknown;control;2023-04-01 06:45:00+00:00;0.322;;
966771;unknown;control;2023-04-01 07:00:00+00:00;0.407;;
966771;unknown;control;2023-04-01 07:15:00+00:00;0.515;;
966771;unknown;control;2023-04-01 07:30:00+00:00;0.504;;
966771;unknown;control;2023-04-01 07:45:00+00:00;0.48;;
966771;unknown;control;2023-04-01 08:00:00+00:00;0.725;;
966771;unknown;control;2023-04-01 08:15:00+00:00;1.243;;
966771;unknown;control;2023-04-01 08:30:00+00:00;1.016;;
966771;unknown;control;2023-04-01 08:45:00+00:00;0.511;;
966771;unknown;control;2023-04-01 09:00:00+00:00;0.538;;
966771;unknown;control;2023-04-01 09:15:00+00:00;0.308;;
966771;unknown;control;2023-04-01 09:30:00+00:00;0.198;;
966771;unknown;control;2023-04-01 09:45:00+00:00;0.109;;
966771;unknown;control;2023-04-01 10:00:00+00:00;0.207;;
966771;unknown;control;2023-04-01 10:15:00+00:00;0.115;;
966771;unknown;control;2023-04-01 10:30:00+00:00;0.124;;
966771;unknown;control;2023-04-01 10:45:00+00:00;0.113;;
966771;unknown;control;2023-04-01 11:00:00+00:00;0.109;;
966771;unknown;control;2023-04-01 11:15:00+00:00;0.104;;
966771;unknown;control;2023-04-01 11:30:00+00:00;0.109;;
966771;unknown;control;2023-04-01 11:45:00+00:00;0.137;;
966771;unknown;control;2023-04-01 12:00:00+00:00;0.256;;
966771;unknown;control;2023-04-01 12:15:00+00:00;0.112;;
966771;unknown;control;2023-04-01 12:30:00+00:00;0.231;;
966771;unknown;control;2023-04-01 12:45:00+00:00;0.107;;
966771;unknown;control;2023-04-01 13:00:00+00:00;0.116;;
966771;unknown;control;2023-04-01 13:15:00+00:00;0.101;;
966771;unknown;control;2023-04-01 13:30:00+00:00;0.106;;
966771;unknown;control;2023-04-01 13:45:00+00:00;0.115;;
966771;unknown;control;2023-04-01 14:00:00+00:00;0.093;;
966771;unknown;control;2023-04-01 14:15:00+00:00;0.09;;
966771;unknown;control;2023-04-01 14:30:00+00:00;0.21;;
966771;unknown;control;2023-04-01 14:45:00+00:00;0.088;;
966771;unknown;control;2023-04-01 15:00:00+00:00;0.183;;
966771;unknown;control;2023-04-01 15:15:00+00:00;0.395;;
966771;unknown;control;2023-04-01 15:30:00+00:00;0.304;;
966771;unknown;control;2023-04-01 15:45:00+00:00;0.135;;
966771;unknown;control;2023-04-01 16:00:00+00:00;0.117;;
966771;unknown;control;2023-04-01 16:15:00+00:00;0.57;;
966771;unknown;control;2023-04-01 16:30:00+00:00;0.148;;
966771;unknown;control;2023-04-01 16:45:00+00:00;0.249;;
966771;unknown;control;2023-04-01 17:00:00+00:00;0.241;;
966771;unknown;control;2023-04-01 17:15:00+00:00;0.221;;
966771;unknown;control;2023-04-01 17:30:00+00:00;0.31;;
966771;unknown;control;2023-04-01 17:45:00+00:00;0.338;;
966771;unknown;control;2023-04-01 18:00:00+00:00;0.869;;
966771;unknown;control;2023-04-01 18:15:00+00:00;1.112;;
966771;unknown;control;2023-04-01 18:30:00+00:00;0.425;;
966771;unknown;control;2023-04-01 18:45:00+00:00;0.337;;
966771;unknown;control;2023-04-01 19:00:00+00:00;0.323;;
966771;unknown;control;2023-04-01 19:15:00+00:00;0.97;;
966771;unknown;control;2023-04-01 19:30:00+00:00;0.681;;
966771;unknown;control;2023-04-01 19:45:00+00:00;0.481;;
966771;unknown;control;2023-04-01 20:00:00+00:00;0.387;;
966771;unknown;control;2023-04-01 20:15:00+00:00;0.601;;
966771;unknown;control;2023-04-01 20:30:00+00:00;0.605;;
966771;unknown;control;2023-04-01 20:45:00+00:00;0.364;;
966771;unknown;control;2023-04-01 21:00:00+00:00;1.067;;
966771;unknown;control;2023-04-01 21:15:00+00:00;0.886;;
966771;unknown;control;2023-04-01 21:30:00+00:00;0.41;;
966771;unknown;control;2023-04-01 21:45:00+00:00;0.417;;
966771;unknown;control;2023-04-01 22:00:00+00:00;0.362;;
966771;unknown;control;2023-04-01 22:15:00+00:00;0.268;;
966771;unknown;control;2023-04-01 22:30:00+00:00;0.319;;
966771;unknown;control;2023-04-01 22:45:00+00:00;0.341;;
966771;unknown;control;2023-04-01 23:00:00+00:00;0.303;;
966771;unknown;control;2023-04-01 23:15:00+00:00;0.29;;
966771;unknown;control;2023-04-01 23:30:00+00:00;1.532;;
966771;unknown;control;2023-04-01 23:45:00+00:00;1.455;;
966771;unknown;control;2023-04-02 00:00:00+00:00;1.845;;
966771;unknown;control;2023-04-02 00:15:00+00:00;2.239;;
966771;unknown;control;2023-04-02 00:30:00+00:00;1.523;;
966771;unknown;control;2023-04-02 00:45:00+00:00;1.504;;
966771;unknown;control;2023-04-02 01:00:00+00:00;0.843;;
966771;unknown;control;2023-04-02 01:15:00+00:00;0.696;;
966771;unknown;control;2023-04-02 01:30:00+00:00;1.116;;
966771;unknown;control;2023-04-02 01:45:00+00:00;0.745;;
966771;unknown;control;2023-04-02 02:00:00+00:00;0.348;;
966771;unknown;control;2023-04-02 02:15:00+00:00;0.319;;
966771;unknown;control;2023-04-02 02:30:00+00:00;0.312;;
966771;unknown;control;2023-04-02 02:45:00+00:00;0.362;;
966771;unknown;control;2023-04-02 03:00:00+00:00;0.352;;
966771;unknown;control;2023-04-02 03:15:00+00:00;0.371;;
966771;unknown;control;2023-04-02 03:30:00+00:00;0.3;;
966771;unknown;control;2023-04-02 03:45:00+00:00;0.911;;
966771;unknown;control;2023-04-02 04:00:00+00:00;0.727;;
966771;unknown;control;2023-04-02 04:15:00+00:00;0.345;;
966771;unknown;control;2023-04-02 04:30:00+00:00;0.332;;
966771;unknown;control;2023-04-02 04:45:00+00:00;0.471;;
966771;unknown;control;2023-04-02 05:00:00+00:00;1.045;;
966771;unknown;control;2023-04-02 05:15:00+00:00;1.004;;
966771;unknown;control;2023-04-02 05:30:00+00:00;0.658;;
966771;unknown;control;2023-04-02 05:45:00+00:00;0.321;;
966771;unknown;control;2023-04-02 06:00:00+00:00;0.275;;
966771;unknown;control;2023-04-02 06:15:00+00:00;0.276;;
966771;unknown;control;2023-04-02 06:30:00+00:00;0.738;;
966771;unknown;control;2023-04-02 06:45:00+00:00;0.666;;
966771;unknown;control;2023-04-02 07:00:00+00:00;0.355;;
966771;unknown;control;2023-04-02 07:15:00+00:00;0.313;;
966771;unknown;control;2023-04-02 07:30:00+00:00;0.327;;
966771;unknown;control;2023-04-02 07:45:00+00:00;0.295;;
966771;unknown;control;2023-04-02 08:00:00+00:00;0.298;;
966771;unknown;control;2023-04-02 08:15:00+00:00;0.121;;
966771;unknown;control;2023-04-02 08:30:00+00:00;0.124;;
966771;unknown;control;2023-04-02 08:45:00+00:00;0.628;;
966771;unknown;control;2023-04-02 09:00:00+00:00;0.525;;
966771;unknown;control;2023-04-02 09:15:00+00:00;0.35;;
966771;unknown;control;2023-04-02 09:30:00+00:00;0.324;;
966771;unknown;control;2023-04-02 09:45:00+00:00;0.34;;
966771;unknown;control;2023-04-02 10:00:00+00:00;0.425;;
966771;unknown;control;2023-04-02 10:15:00+00:00;0.876;;
966771;unknown;control;2023-04-02 10:30:00+00:00;0.318;;
966771;unknown;control;2023-04-02 10:45:00+00:00;0.279;;
966771;unknown;control;2023-04-02 11:00:00+00:00;0.281;;
966771;unknown;control;2023-04-02 11:15:00+00:00;0.283;;
966771;unknown;control;2023-04-02 11:30:00+00:00;0.155;;
966771;unknown;control;2023-04-02 11:45:00+00:00;0.103;;
966771;unknown;control;2023-04-02 12:00:00+00:00;0.097;;
966771;unknown;control;2023-04-02 12:15:00+00:00;0.098;;
966771;unknown;control;2023-04-02 12:30:00+00:00;0.09;;
966771;unknown;control;2023-04-02 12:45:00+00:00;0.14;;
966771;unknown;control;2023-04-02 13:00:00+00:00;0.089;;
966771;unknown;control;2023-04-02 13:15:00+00:00;0.097;;
966771;unknown;control;2023-04-02 13:30:00+00:00;0.105;;
966771;unknown;control;2023-04-02 13:45:00+00:00;0.105;;
966771;unknown;control;2023-04-02 14:00:00+00:00;0.116;;
966771;unknown;control;2023-04-02 14:15:00+00:00;0.109;;
966771;unknown;control;2023-04-02 14:30:00+00:00;0.231;;
966771;unknown;control;2023-04-02 14:45:00+00:00;0.537;;
966771;unknown;control;2023-04-02 15:00:00+00:00;0.16;;
966771;unknown;control;2023-04-02 15:15:00+00:00;0.397;;
966771;unknown;control;2023-04-02 15:30:00+00:00;0.116;;
966771;unknown;control;2023-04-02 15:45:00+00:00;0.102;;
966771;unknown;control;2023-04-02 16:00:00+00:00;0.218;;
966771;unknown;control;2023-04-02 16:15:00+00:00;0.244;;
966771;unknown;control;2023-04-02 16:30:00+00:00;0.345;;
966771;unknown;control;2023-04-02 16:45:00+00:00;0.162;;
966771;unknown;control;2023-04-02 17:00:00+00:00;0.091;;
966771;unknown;control;2023-04-02 17:15:00+00:00;0.086;;
966771;unknown;control;2023-04-02 17:30:00+00:00;0.137;;
966771;unknown;control;2023-04-02 17:45:00+00:00;0.644;;
966771;unknown;control;2023-04-02 18:00:00+00:00;0.16;;
966771;unknown;control;2023-04-02 18:15:00+00:00;0.313;;
966771;unknown;control;2023-04-02 18:30:00+00:00;0.203;;
966771;unknown;control;2023-04-02 18:45:00+00:00;0.305;;
966771;unknown;control;2023-04-02 19:00:00+00:00;0.318;;
966771;unknown;control;2023-04-02 19:15:00+00:00;0.292;;
966771;unknown;control;2023-04-02 19:30:00+00:00;0.386;;
966771;unknown;control;2023-04-02 19:45:00+00:00;0.331;;
966771;unknown;control;2023-04-02 20:00:00+00:00;0.388;;
966771;unknown;control;2023-04-02 20:15:00+00:00;0.304;;
966771;unknown;control;2023-04-02 20:30:00+00:00;0.354;;
966771;unknown;control;2023-04-02 20:45:00+00:00;0.315;;
966771;unknown;control;2023-04-02 21:00:00+00:00;0.432;;
966771;unknown;control;2023-04-02 21:15:00+00:00;0.822;;
966771;unknown;control;2023-04-02 21:30:00+00:00;0.273;;
966771;unknown;control;2023-04-02 21:45:00+00:00;0.338;;
966771;unknown;control;2023-04-02 22:00:00+00:00;0.358;;
966771;unknown;control;2023-04-02 22:15:00+00:00;0.365;;
966771;unknown;control;2023-04-02 22:30:00+00:00;0.377;;
966771;unknown;control;2023-04-02 22:45:00+00:00;0.393;;
966771;unknown;control;2023-04-02 23:00:00+00:00;0.431;;
966771;unknown;control;2023-04-02 23:15:00+00:00;0.374;;
966771;unknown;control;2023-04-02 23:30:00+00:00;2.09;;
966771;unknown;control;2023-04-02 23:45:00+00:00;2.297;;
966771;unknown;control;2023-04-03 00:00:00+00:00;1.683;;
966771;unknown;control;2023-04-03 00:15:00+00:00;1.595;;
966771;unknown;control;2023-04-03 00:30:00+00:00;1.754;;
966771;unknown;control;2023-04-03 00:45:00+00:00;2.349;;
966771;unknown;control;2023-04-03 01:00:00+00:00;1.825;;
966771;unknown;control;2023-04-03 01:15:00+00:00;0.621;;
966771;unknown;control;2023-04-03 01:30:00+00:00;0.995;;
966771;unknown;control;2023-04-03 01:45:00+00:00;1.247;;
966771;unknown;control;2023-04-03 02:00:00+00:00;0.517;;
966771;unknown;control;2023-04-03 02:15:00+00:00;0.452;;
966771;unknown;control;2023-04-03 02:30:00+00:00;0.512;;
966771;unknown;control;2023-04-03 02:45:00+00:00;0.982;;
966771;unknown;control;2023-04-03 03:00:00+00:00;1.2;;
966771;unknown;control;2023-04-03 03:15:00+00:00;0.64;;
966771;unknown;control;2023-04-03 03:30:00+00:00;0.418;;
966771;unknown;control;2023-04-03 03:45:00+00:00;0.408;;
966771;unknown;control;2023-04-03 04:00:00+00:00;0.495;;
966771;unknown;control;2023-04-03 04:15:00+00:00;0.737;;
966771;unknown;control;2023-04-03 04:30:00+00:00;1.199;;
966771;unknown;control;2023-04-03 04:45:00+00:00;1.113;;
966771;unknown;control;2023-04-03 05:00:00+00:00;0.472;;
966771;unknown;control;2023-04-03 05:15:00+00:00;0.512;;
966771;unknown;control;2023-04-03 05:30:00+00:00;0.738;;
966771;unknown;control;2023-04-03 05:45:00+00:00;1.306;;
966771;unknown;control;2023-04-03 06:00:00+00:00;1.264;;
966771;unknown;control;2023-04-03 06:15:00+00:00;0.599;;
966771;unknown;control;2023-04-03 06:30:00+00:00;0.47;;
966771;unknown;control;2023-04-03 06:45:00+00:00;0.794;;
966771;unknown;control;2023-04-03 07:00:00+00:00;0.489;;
966771;unknown;control;2023-04-03 07:15:00+00:00;0.32;;
966771;unknown;control;2023-04-03 07:30:00+00:00;0.31;;
966771;unknown;control;2023-04-03 07:45:00+00:00;0.257;;
966771;unknown;control;2023-04-03 08:00:00+00:00;0.839;;
966771;unknown;control;2023-04-03 08:15:00+00:00;0.743;;
966771;unknown;control;2023-04-03 08:30:00+00:00;0.105;;
966771;unknown;control;2023-04-03 08:45:00+00:00;0.11;;
966771;unknown;control;2023-04-03 09:00:00+00:00;0.121;;
966771;unknown;control;2023-04-03 09:15:00+00:00;0.22;;
966771;unknown;control;2023-04-03 09:30:00+00:00;0.138;;
966771;unknown;control;2023-04-03 09:45:00+00:00;0.129;;
966771;unknown;control;2023-04-03 10:00:00+00:00;0.399;;
966771;unknown;control;2023-04-03 10:15:00+00:00;0.204;;
966771;unknown;control;2023-04-03 10:30:00+00:00;0.111;;
966771;unknown;control;2023-04-03 10:45:00+00:00;0.284;;
966771;unknown;control;2023-04-03 11:00:00+00:00;0.434;;
966771;unknown;control;2023-04-03 11:15:00+00:00;1.319;;
966771;unknown;control;2023-04-03 11:30:00+00:00;1.13;;
966771;unknown;control;2023-04-03 11:45:00+00:00;0.241;;
966771;unknown;control;2023-04-03 12:00:00+00:00;0.138;;
966771;unknown;control;2023-04-03 12:15:00+00:00;0.16;;
966771;unknown;control;2023-04-03 12:30:00+00:00;0.107;;
966771;unknown;control;2023-04-03 12:45:00+00:00;0.12;;
966771;unknown;control;2023-04-03 13:00:00+00:00;0.543;;
966771;unknown;control;2023-04-03 13:15:00+00:00;1.099;;
966771;unknown;control;2023-04-03 13:30:00+00:00;0.672;;
966771;unknown;control;2023-04-03 13:45:00+00:00;0.301;;
966771;unknown;control;2023-04-03 14:00:00+00:00;0.5;;
966771;unknown;control;2023-04-03 14:15:00+00:00;0.93;;
966771;unknown;control;2023-04-03 14:30:00+00:00;0.445;;
966771;unknown;control;2023-04-03 14:45:00+00:00;0.403;;
966771;unknown;control;2023-04-03 15:00:00+00:00;0.335;;
966771;unknown;control;2023-04-03 15:15:00+00:00;0.516;;
966771;unknown;control;2023-04-03 15:30:00+00:00;0.524;;
966771;unknown;control;2023-04-03 15:45:00+00:00;0.492;;
966771;unknown;control;2023-04-03 16:00:00+00:00;0.494;;
966771;unknown;control;2023-04-03 16:15:00+00:00;0.745;;
966771;unknown;control;2023-04-03 16:30:00+00:00;1.177;;
966771;unknown;control;2023-04-03 16:45:00+00:00;0.421;;
966771;unknown;control;2023-04-03 17:00:00+00:00;0.413;;
966771;unknown;control;2023-04-03 17:15:00+00:00;0.731;;
966771;unknown;control;2023-04-03 17:30:00+00:00;1.132;;
966771;unknown;control;2023-04-03 17:45:00+00:00;0.844;;
966771;unknown;control;2023-04-03 18:00:00+00:00;0.453;;
966771;unknown;control;2023-04-03 18:15:00+00:00;0.486;;
966771;unknown;control;2023-04-03 18:30:00+00:00;0.582;;
966771;unknown;control;2023-04-03 18:45:00+00:00;0.723;;
966771;unknown;control;2023-04-03 19:00:00+00:00;1.317;;
966771;unknown;control;2023-04-03 19:15:00+00:00;1.037;;
966771;unknown;control;2023-04-03 19:30:00+00:00;0.653;;
966771;unknown;control;2023-04-03 19:45:00+00:00;0.616;;
966771;unknown;control;2023-04-03 20:00:00+00:00;0.956;;
966771;unknown;control;2023-04-03 20:15:00+00:00;1.363;;
966771;unknown;control;2023-04-03 20:30:00+00:00;0.86;;
966771;unknown;control;2023-04-03 20:45:00+00:00;0.633;;
966771;unknown;control;2023-04-03 21:00:00+00:00;0.627;;
966771;unknown;control;2023-04-03 21:15:00+00:00;1.019;;
966771;unknown;control;2023-04-03 21:30:00+00:00;1.301;;
966771;unknown;control;2023-04-03 21:45:00+00:00;1.249;;
966771;unknown;control;2023-04-03 22:00:00+00:00;1.301;;
966771;unknown;control;2023-04-03 22:15:00+00:00;0.582;;
966771;unknown;control;2023-04-03 22:30:00+00:00;0.553;;
966771;unknown;control;2023-04-03 22:45:00+00:00;0.757;;
966771;unknown;control;2023-04-03 23:00:00+00:00;1.275;;
966771;unknown;control;2023-04-03 23:15:00+00:00;1.282;;
966771;unknown;control;2023-04-03 23:30:00+00:00;2.408;;
966771;unknown;control;2023-04-03 23:45:00+00:00;1.618;;
966771;unknown;control;2023-04-04 00:00:00+00:00;1.629;;
966771;unknown;control;2023-04-04 00:15:00+00:00;2.246;;
966771;unknown;control;2023-04-04 00:30:00+00:00;2.412;;
966771;unknown;control;2023-04-04 00:45:00+00:00;2.437;;
966771;unknown;control;2023-04-04 01:00:00+00:00;2.472;;
966771;unknown;control;2023-04-04 01:15:00+00:00;1.308;;
966771;unknown;control;2023-04-04 01:30:00+00:00;1.301;;
966771;unknown;control;2023-04-04 01:45:00+00:00;0.848;;
966771;unknown;control;2023-04-04 02:00:00+00:00;0.535;;
966771;unknown;control;2023-04-04 02:15:00+00:00;0.582;;
966771;unknown;control;2023-04-04 02:30:00+00:00;1.27;;
966771;unknown;control;2023-04-04 02:45:00+00:00;1.293;;
966771;unknown;control;2023-04-04 03:00:00+00:00;1.3;;
966771;unknown;control;2023-04-04 03:15:00+00:00;0.738;;
966771;unknown;control;2023-04-04 03:30:00+00:00;0.543;;
966771;unknown;control;2023-04-04 03:45:00+00:00;0.554;;
966771;unknown;control;2023-04-04 04:00:00+00:00;1.192;;
966771;unknown;control;2023-04-04 04:15:00+00:00;1.279;;
966771;unknown;control;2023-04-04 04:30:00+00:00;1.308;;
966771;unknown;control;2023-04-04 04:45:00+00:00;1.298;;
966771;unknown;control;2023-04-04 05:00:00+00:00;1.318;;
966771;unknown;control;2023-04-04 05:15:00+00:00;1.227;;
966771;unknown;control;2023-04-04 05:30:00+00:00;0.534;;
966771;unknown;control;2023-04-04 05:45:00+00:00;0.536;;
966771;unknown;control;2023-04-04 06:00:00+00:00;0.549;;
966771;unknown;control;2023-04-04 06:15:00+00:00;0.536;;
966771;unknown;control;2023-04-04 06:30:00+00:00;0.444;;
966771;unknown;control;2023-04-04 06:45:00+00:00;0.225;;
966771;unknown;control;2023-04-04 07:00:00+00:00;0.219;;
966771;unknown;control;2023-04-04 07:15:00+00:00;0.109;;
966771;unknown;control;2023-04-04 07:30:00+00:00;0.107;;
966771;unknown;control;2023-04-04 07:45:00+00:00;0.098;;
966771;unknown;control;2023-04-04 08:00:00+00:00;0.762;;
966771;unknown;control;2023-04-04 08:15:00+00:00;0.838;;
966771;unknown;control;2023-04-04 08:30:00+00:00;0.099;;
966771;unknown;control;2023-04-04 08:45:00+00:00;0.112;;
966771;unknown;control;2023-04-04 09:00:00+00:00;0.111;;
966771;unknown;control;2023-04-04 09:15:00+00:00;0.102;;
966771;unknown;control;2023-04-04 09:30:00+00:00;0.111;;
966771;unknown;control;2023-04-04 09:45:00+00:00;0.107;;
966771;unknown;control;2023-04-04 10:00:00+00:00;0.103;;
966771;unknown;control;2023-04-04 10:15:00+00:00;0.113;;
966771;unknown;control;2023-04-04 10:30:00+00:00;0.115;;
966771;unknown;control;2023-04-04 10:45:00+00:00;0.117;;
966771;unknown;control;2023-04-04 11:00:00+00:00;0.114;;
966771;unknown;control;2023-04-04 11:15:00+00:00;0.104;;
966771;unknown;control;2023-04-04 11:30:00+00:00;0.112;;
966771;unknown;control;2023-04-04 11:45:00+00:00;0.114;;
966771;unknown;control;2023-04-04 12:00:00+00:00;0.109;;
966771;unknown;control;2023-04-04 12:15:00+00:00;0.11;;
966771;unknown;control;2023-04-04 12:30:00+00:00;0.116;;
966771;unknown;control;2023-04-04 12:45:00+00:00;0.125;;
966771;unknown;control;2023-04-04 13:00:00+00:00;0.113;;
966771;unknown;control;2023-04-04 13:15:00+00:00;0.126;;
966771;unknown;control;2023-04-04 13:30:00+00:00;0.16;;
966771;unknown;control;2023-04-04 13:45:00+00:00;0.119;;
966771;unknown;control;2023-04-04 14:00:00+00:00;0.116;;
966771;unknown;control;2023-04-04 14:15:00+00:00;0.111;;
966771;unknown;control;2023-04-04 14:30:00+00:00;0.098;;
966771;unknown;control;2023-04-04 14:45:00+00:00;1.144;;
966771;unknown;control;2023-04-04 15:00:00+00:00;0.473;;
966771;unknown;control;2023-04-04 15:15:00+00:00;0.628;;
966771;unknown;control;2023-04-04 15:30:00+00:00;0.208;;
966771;unknown;control;2023-04-04 15:45:00+00:00;0.217;;
966771;unknown;control;2023-04-04 16:00:00+00:00;0.344;;
966771;unknown;control;2023-04-04 16:15:00+00:00;0.251;;
966771;unknown;control;2023-04-04 16:30:00+00:00;0.328;;
966771;unknown;control;2023-04-04 16:45:00+00:00;0.675;;
966771;unknown;control;2023-04-04 17:00:00+00:00;1.118;;
966771;unknown;control;2023-04-04 17:15:00+00:00;0.518;;
966771;unknown;control;2023-04-04 17:30:00+00:00;0.416;;
966771;unknown;control;2023-04-04 17:45:00+00:00;0.473;;
966771;unknown;control;2023-04-04 18:00:00+00:00;1.082;;
966771;unknown;control;2023-04-04 18:15:00+00:00;1.707;;
966771;unknown;control;2023-04-04 18:30:00+00:00;1.638;;
966771;unknown;control;2023-04-04 18:45:00+00:00;1.21;;
966771;unknown;control;2023-04-04 19:00:00+00:00;0.657;;
966771;unknown;control;2023-04-04 19:15:00+00:00;0.819;;
966771;unknown;control;2023-04-04 19:30:00+00:00;1.047;;
966771;unknown;control;2023-04-04 19:45:00+00:00;1.398;;
966771;unknown;control;2023-04-04 20:00:00+00:00;1.349;;
966771;unknown;control;2023-04-04 20:15:00+00:00;1.236;;
966771;unknown;control;2023-04-04 20:30:00+00:00;0.631;;
966771;unknown;control;2023-04-04 20:45:00+00:00;0.66;;
966771;unknown;control;2023-04-04 21:00:00+00:00;1.289;;
966771;unknown;control;2023-04-04 21:15:00+00:00;1.263;;
966771;unknown;control;2023-04-04 21:30:00+00:00;1.315;;
966771;unknown;control;2023-04-04 21:45:00+00:00;1.25;;
966771;unknown;control;2023-04-04 22:00:00+00:00;1.315;;
966771;unknown;control;2023-04-04 22:15:00+00:00;0.815;;
966771;unknown;control;2023-04-04 22:30:00+00:00;0.506;;
966771;unknown;control;2023-04-04 22:45:00+00:00;0.556;;
966771;unknown;control;2023-04-04 23:00:00+00:00;1.235;;
966771;unknown;control;2023-04-04 23:15:00+00:00;1.296;;
966771;unknown;control;2023-04-04 23:30:00+00:00;2.488;;
966771;unknown;control;2023-04-04 23:45:00+00:00;2.412;;
966771;unknown;control;2023-04-05 00:00:00+00:00;2.388;;
966771;unknown;control;2023-04-05 00:15:00+00:00;2.379;;
966771;unknown;control;2023-04-05 00:30:00+00:00;1.941;;
966771;unknown;control;2023-04-05 00:45:00+00:00;1.302;;
966771;unknown;control;2023-04-05 01:00:00+00:00;1.211;;
966771;unknown;control;2023-04-05 01:15:00+00:00;0.525;;
966771;unknown;control;2023-04-05 01:30:00+00:00;0.534;;
966771;unknown;control;2023-04-05 01:45:00+00:00;0.541;;
966771;unknown;control;2023-04-05 02:00:00+00:00;0.932;;
966771;unknown;control;2023-04-05 02:15:00+00:00;1.306;;
966771;unknown;control;2023-04-05 02:30:00+00:00;1.32;;
966771;unknown;control;2023-04-05 02:45:00+00:00;1.134;;
966771;unknown;control;2023-04-05 03:00:00+00:00;0.521;;
966771;unknown;control;2023-04-05 03:15:00+00:00;0.52;;
966771;unknown;control;2023-04-05 03:30:00+00:00;0.525;;
966771;unknown;control;2023-04-05 03:45:00+00:00;0.632;;
966771;unknown;control;2023-04-05 04:00:00+00:00;1.261;;
966771;unknown;control;2023-04-05 04:15:00+00:00;1.293;;
966771;unknown;control;2023-04-05 04:30:00+00:00;1.337;;
966771;unknown;control;2023-04-05 04:45:00+00:00;1.289;;
966771;unknown;control;2023-04-05 05:00:00+00:00;1.299;;
966771;unknown;control;2023-04-05 05:15:00+00:00;1.256;;
966771;unknown;control;2023-04-05 05:30:00+00:00;0.516;;
966771;unknown;control;2023-04-05 05:45:00+00:00;0.54;;
966771;unknown;control;2023-04-05 06:00:00+00:00;0.468;;
966771;unknown;control;2023-04-05 06:15:00+00:00;0.393;;
966771;unknown;control;2023-04-05 06:30:00+00:00;0.162;;
966771;unknown;control;2023-04-05 06:45:00+00:00;0.105;;
966771;unknown;control;2023-04-05 07:00:00+00:00;0.217;;
966771;unknown;control;2023-04-05 07:15:00+00:00;0.112;;
966771;unknown;control;2023-04-05 07:30:00+00:00;0.106;;
966771;unknown;control;2023-04-05 07:45:00+00:00;0.102;;
966771;unknown;control;2023-04-05 08:00:00+00:00;0.112;;
966771;unknown;control;2023-04-05 08:15:00+00:00;0.107;;
966771;unknown;control;2023-04-05 08:30:00+00:00;0.104;;
966771;unknown;control;2023-04-05 08:45:00+00:00;0.332;;
966771;unknown;control;2023-04-05 09:00:00+00:00;0.126;;
966771;unknown;control;2023-04-05 09:15:00+00:00;0.113;;
966771;unknown;control;2023-04-05 09:30:00+00:00;0.129;;
966771;unknown;control;2023-04-05 09:45:00+00:00;0.101;;
966771;unknown;control;2023-04-05 10:00:00+00:00;0.113;;
966771;unknown;control;2023-04-05 10:15:00+00:00;0.111;;
966771;unknown;control;2023-04-05 10:30:00+00:00;0.105;;
966771;unknown;control;2023-04-05 10:45:00+00:00;0.111;;
966771;unknown;control;2023-04-05 11:00:00+00:00;0.111;;
966771;unknown;control;2023-04-05 11:15:00+00:00;0.11;;
966771;unknown;control;2023-04-05 11:30:00+00:00;0.121;;
966771;unknown;control;2023-04-05 11:45:00+00:00;0.11;;
966771;unknown;control;2023-04-05 12:00:00+00:00;0.109;;
966771;unknown;control;2023-04-05 12:15:00+00:00;0.115;;
966771;unknown;control;2023-04-05 12:30:00+00:00;0.223;;
966771;unknown;control;2023-04-05 12:45:00+00:00;0.145;;
966771;unknown;control;2023-04-05 13:00:00+00:00;0.114;;
966771;unknown;control;2023-04-05 13:15:00+00:00;0.119;;
966771;unknown;control;2023-04-05 13:30:00+00:00;0.113;;
966771;unknown;control;2023-04-05 13:45:00+00:00;0.114;;
966771;unknown;control;2023-04-05 14:00:00+00:00;0.097;;
966771;unknown;control;2023-04-05 14:15:00+00:00;0.09;;
966771;unknown;control;2023-04-05 14:30:00+00:00;0.101;;
966771;unknown;control;2023-04-05 14:45:00+00:00;0.089;;
966771;unknown;control;2023-04-05 15:00:00+00:00;0.412;;
966771;unknown;control;2023-04-05 15:15:00+00:00;0.387;;
966771;unknown;control;2023-04-05 15:30:00+00:00;0.111;;
966771;unknown;control;2023-04-05 15:45:00+00:00;0.115;;
966771;unknown;control;2023-04-05 16:00:00+00:00;0.173;;
966771;unknown;control;2023-04-05 16:15:00+00:00;0.198;;
966771;unknown;control;2023-04-05 16:30:00+00:00;0.186;;
966771;unknown;control;2023-04-05 16:45:00+00:00;0.226;;
966771;unknown;control;2023-04-05 17:00:00+00:00;0.238;;
966771;unknown;control;2023-04-05 17:15:00+00:00;0.323;;
966771;unknown;control;2023-04-05 17:30:00+00:00;0.493;;
966771;unknown;control;2023-04-05 17:45:00+00:00;1.091;;
966771;unknown;control;2023-04-05 18:00:00+00:00;1.162;;
966771;unknown;control;2023-04-05 18:15:00+00:00;0.37;;
966771;unknown;control;2023-04-05 18:30:00+00:00;0.519;;
966771;unknown;control;2023-04-05 18:45:00+00:00;1.094;;
966771;unknown;control;2023-04-05 19:00:00+00:00;1.125;;
966771;unknown;control;2023-04-05 19:15:00+00:00;0.514;;
966771;unknown;control;2023-04-05 19:30:00+00:00;0.382;;
966771;unknown;control;2023-04-05 19:45:00+00:00;0.563;;
966771;unknown;control;2023-04-05 20:00:00+00:00;1.203;;
966771;unknown;control;2023-04-05 20:15:00+00:00;1.22;;
966771;unknown;control;2023-04-05 20:30:00+00:00;0.662;;
966771;unknown;control;2023-04-05 20:45:00+00:00;0.419;;
966771;unknown;control;2023-04-05 21:00:00+00:00;0.833;;
966771;unknown;control;2023-04-05 21:15:00+00:00;1.122;;
966771;unknown;control;2023-04-05 21:30:00+00:00;0.706;;
966771;unknown;control;2023-04-05 21:45:00+00:00;0.402;;
966771;unknown;control;2023-04-05 22:00:00+00:00;0.437;;
966771;unknown;control;2023-04-05 22:15:00+00:00;0.826;;
966771;unknown;control;2023-04-05 22:30:00+00:00;1.205;;
966771;unknown;control;2023-04-05 22:45:00+00:00;1.241;;
966771;unknown;control;2023-04-05 23:00:00+00:00;1.108;;
966771;unknown;control;2023-04-05 23:15:00+00:00;0.417;;
966771;unknown;control;2023-04-05 23:30:00+00:00;1.584;;
966771;unknown;control;2023-04-05 23:45:00+00:00;1.57;;
966771;unknown;control;2023-04-06 00:00:00+00:00;2.016;;
966771;unknown;control;2023-04-06 00:15:00+00:00;2.398;;
966771;unknown;control;2023-04-06 00:30:00+00:00;2.375;;
966771;unknown;control;2023-04-06 00:45:00+00:00;1.867;;
966771;unknown;control;2023-04-06 01:00:00+00:00;1.266;;
966771;unknown;control;2023-04-06 01:15:00+00:00;1.03;;
966771;unknown;control;2023-04-06 01:30:00+00:00;1.267;;
966771;unknown;control;2023-04-06 01:45:00+00:00;1.276;;
966771;unknown;control;2023-04-06 02:00:00+00:00;0.741;;
966771;unknown;control;2023-04-06 02:15:00+00:00;0.518;;
966771;unknown;control;2023-04-06 02:30:00+00:00;0.515;;
966771;unknown;control;2023-04-06 02:45:00+00:00;1.1;;
966771;unknown;control;2023-04-06 03:00:00+00:00;1.285;;
966771;unknown;control;2023-04-06 03:15:00+00:00;0.69;;
966771;unknown;control;2023-04-06 03:30:00+00:00;0.523;;
966771;unknown;control;2023-04-06 03:45:00+00:00;0.808;;
966771;unknown;control;2023-04-06 04:00:00+00:00;1.21;;
966771;unknown;control;2023-04-06 04:15:00+00:00;1.158;;
966771;unknown;control;2023-04-06 04:30:00+00:00;1.297;;
966771;unknown;control;2023-04-06 04:45:00+00:00;1.298;;
966771;unknown;control;2023-04-06 05:00:00+00:00;1.299;;
966771;unknown;control;2023-04-06 05:15:00+00:00;1.248;;
966771;unknown;control;2023-04-06 05:30:00+00:00;1.087;;
966771;unknown;control;2023-04-06 05:45:00+00:00;0.472;;
966771;unknown;control;2023-04-06 06:00:00+00:00;0.407;;
966771;unknown;control;2023-04-06 06:15:00+00:00;0.205;;
966771;unknown;control;2023-04-06 06:30:00+00:00;0.155;;
966771;unknown;control;2023-04-06 06:45:00+00:00;0.236;;
966771;unknown;control;2023-04-06 07:00:00+00:00;0.258;;
966771;unknown;control;2023-04-06 07:15:00+00:00;0.289;;
966771;unknown;control;2023-04-06 07:30:00+00:00;0.244;;
966771;unknown;control;2023-04-06 07:45:00+00:00;0.116;;
966771;unknown;control;2023-04-06 08:00:00+00:00;0.112;;
966771;unknown;control;2023-04-06 08:15:00+00:00;0.103;;
966771;unknown;control;2023-04-06 08:30:00+00:00;0.108;;
966771;unknown;control;2023-04-06 08:45:00+00:00;0.116;;
966771;unknown;control;2023-04-06 09:00:00+00:00;0.206;;
966771;unknown;control;2023-04-06 09:15:00+00:00;0.27;;
966771;unknown;control;2023-04-06 09:30:00+00:00;0.121;;
966771;unknown;control;2023-04-06 09:45:00+00:00;0.107;;
966771;unknown;control;2023-04-06 10:00:00+00:00;0.109;;
966771;unknown;control;2023-04-06 10:15:00+00:00;0.111;;
966771;unknown;control;2023-04-06 10:30:00+00:00;0.196;;
966771;unknown;control;2023-04-06 10:45:00+00:00;0.602;;
966771;unknown;control;2023-04-06 11:00:00+00:00;0.154;;
966771;unknown;control;2023-04-06 11:15:00+00:00;0.161;;
966771;unknown;control;2023-04-06 11:30:00+00:00;0.187;;
966771;unknown;control;2023-04-06 11:45:00+00:00;0.677;;
966771;unknown;control;2023-04-06 12:00:00+00:00;0.3;;
966771;unknown;control;2023-04-06 12:15:00+00:00;0.325;;
966771;unknown;control;2023-04-06 12:30:00+00:00;0.335;;
966771;unknown;control;2023-04-06 12:45:00+00:00;0.337;;
966771;unknown;control;2023-04-06 13:00:00+00:00;0.259;;
966771;unknown;control;2023-04-06 13:15:00+00:00;0.112;;
966771;unknown;control;2023-04-06 13:30:00+00:00;0.113;;
966771;unknown;control;2023-04-06 13:45:00+00:00;0.104;;
966771;unknown;control;2023-04-06 14:00:00+00:00;0.158;;
966771;unknown;control;2023-04-06 14:15:00+00:00;0.277;;
966771;unknown;control;2023-04-06 14:30:00+00:00;0.269;;
966771;unknown;control;2023-04-06 14:45:00+00:00;0.279;;
966771;unknown;control;2023-04-06 15:00:00+00:00;0.292;;
966771;unknown;control;2023-04-06 15:15:00+00:00;0.139;;
966771;unknown;control;2023-04-06 15:30:00+00:00;0.129;;
966771;unknown;control;2023-04-06 15:45:00+00:00;0.123;;
966771;unknown;control;2023-04-06 16:00:00+00:00;0.117;;
966771;unknown;control;2023-04-06 16:15:00+00:00;0.128;;
966771;unknown;control;2023-04-06 16:30:00+00:00;0.124;;
966771;unknown;control;2023-04-06 16:45:00+00:00;0.325;;
966771;unknown;control;2023-04-06 17:00:00+00:00;0.351;;
966771;unknown;control;2023-04-06 17:15:00+00:00;0.086;;
966771;unknown;control;2023-04-06 17:30:00+00:00;0.714;;
966771;unknown;control;2023-04-06 17:45:00+00:00;0.321;;
966771;unknown;control;2023-04-06 18:00:00+00:00;0.215;;
966771;unknown;control;2023-04-06 18:15:00+00:00;0.284;;
966771;unknown;control;2023-04-06 18:30:00+00:00;0.368;;
966771;unknown;control;2023-04-06 18:45:00+00:00;0.275;;
966771;unknown;control;2023-04-06 19:00:00+00:00;0.345;;
966771;unknown;control;2023-04-06 19:15:00+00:00;0.276;;
966771;unknown;control;2023-04-06 19:30:00+00:00;0.355;;
966771;unknown;control;2023-04-06 19:45:00+00:00;0.35;;
966771;unknown;control;2023-04-06 20:00:00+00:00;0.34;;
966771;unknown;control;2023-04-06 20:15:00+00:00;0.337;;
966771;unknown;control;2023-04-06 20:30:00+00:00;0.328;;
966771;unknown;control;2023-04-06 20:45:00+00:00;0.301;;
966771;unknown;control;2023-04-06 21:00:00+00:00;0.31;;
966771;unknown;control;2023-04-06 21:15:00+00:00;0.84;;
966771;unknown;control;2023-04-06 21:30:00+00:00;0.647;;
966771;unknown;control;2023-04-06 21:45:00+00:00;0.337;;
966771;unknown;control;2023-04-06 22:00:00+00:00;0.369;;
966771;unknown;control;2023-04-06 22:15:00+00:00;0.347;;
966771;unknown;control;2023-04-06 22:30:00+00:00;0.265;;
966771;unknown;control;2023-04-06 22:45:00+00:00;0.254;;
966771;unknown;control;2023-04-06 23:00:00+00:00;0.244;;
966771;unknown;control;2023-04-06 23:15:00+00:00;0.252;;
966771;unknown;control;2023-04-06 23:30:00+00:00;1.502;;
966771;unknown;control;2023-04-06 23:45:00+00:00;1.404;;
966771;unknown;control;2023-04-07 00:00:00+00:00;1.904;;
966771;unknown;control;2023-04-07 00:15:00+00:00;1.877;;
966771;unknown;control;2023-04-07 00:30:00+00:00;1.431;;
966771;unknown;control;2023-04-07 00:45:00+00:00;1.265;;
966771;unknown;control;2023-04-07 01:00:00+00:00;0.259;;
966771;unknown;control;2023-04-07 01:15:00+00:00;0.305;;
966771;unknown;control;2023-04-07 01:30:00+00:00;0.251;;
966771;unknown;control;2023-04-07 01:45:00+00:00;0.274;;
966771;unknown;control;2023-04-07 02:00:00+00:00;0.276;;
966771;unknown;control;2023-04-07 02:15:00+00:00;0.281;;
966771;unknown;control;2023-04-07 02:30:00+00:00;0.961;;
966771;unknown;control;2023-04-07 02:45:00+00:00;0.983;;
966771;unknown;control;2023-04-07 03:00:00+00:00;0.307;;
966771;unknown;control;2023-04-07 03:15:00+00:00;0.317;;
966771;unknown;control;2023-04-07 03:30:00+00:00;0.394;;
966771;unknown;control;2023-04-07 03:45:00+00:00;1.025;;
966771;unknown;control;2023-04-07 04:00:00+00:00;0.583;;
966771;unknown;control;2023-04-07 04:15:00+00:00;0.32;;
966771;unknown;control;2023-04-07 04:30:00+00:00;0.338;;
966771;unknown;control;2023-04-07 04:45:00+00:00;0.327;;
966771;unknown;control;2023-04-07 05:00:00+00:00;0.311;;
966771;unknown;control;2023-04-07 05:15:00+00:00;0.307;;
966771;unknown;control;2023-04-07 05:30:00+00:00;0.994;;
966771;unknown;control;2023-04-07 05:45:00+00:00;0.347;;
966771;unknown;control;2023-04-07 06:00:00+00:00;0.297;;
966771;unknown;control;2023-04-07 06:15:00+00:00;0.257;;
966771;unknown;control;2023-04-07 06:30:00+00:00;0.151;;
966771;unknown;control;2023-04-07 06:45:00+00:00;0.112;;
966771;unknown;control;2023-04-07 07:00:00+00:00;0.117;;
966771;unknown;control;2023-04-07 07:15:00+00:00;0.112;;
966771;unknown;control;2023-04-07 07:30:00+00:00;0.227;;
966771;unknown;control;2023-04-07 07:45:00+00:00;0.245;;
966771;unknown;control;2023-04-07 08:00:00+00:00;0.108;;
966771;unknown;control;2023-04-07 08:15:00+00:00;0.123;;
966771;unknown;control;2023-04-07 08:30:00+00:00;0.142;;
966771;unknown;control;2023-04-07 08:45:00+00:00;0.173;;
966771;unknown;control;2023-04-07 09:00:00+00:00;0.136;;
966771;unknown;control;2023-04-07 09:15:00+00:00;0.13;;
966771;unknown;control;2023-04-07 09:30:00+00:00;0.411;;
966771;unknown;control;2023-04-07 09:45:00+00:00;0.43;;
966771;unknown;control;2023-04-07 10:00:00+00:00;0.427;;
966771;unknown;control;2023-04-07 10:15:00+00:00;0.28;;
966771;unknown;control;2023-04-07 10:30:00+00:00;0.352;;
966771;unknown;control;2023-04-07 10:45:00+00:00;0.22;;
966771;unknown;control;2023-04-07 11:00:00+00:00;0.23;;
966771;unknown;control;2023-04-07 11:15:00+00:00;0.252;;
966771;unknown;control;2023-04-07 11:30:00+00:00;0.115;;
966771;unknown;control;2023-04-07 11:45:00+00:00;0.11;;
966771;unknown;control;2023-04-07 12:00:00+00:00;0.371;;
966771;unknown;control;2023-04-07 12:15:00+00:00;0.285;;
966771;unknown;control;2023-04-07 12:30:00+00:00;0.329;;
966771;unknown;control;2023-04-07 12:45:00+00:00;0.129;;
966771;unknown;control;2023-04-07 13:00:00+00:00;0.116;;
966771;unknown;control;2023-04-07 13:15:00+00:00;0.116;;
966771;unknown;control;2023-04-07 13:30:00+00:00;0.118;;
966771;unknown;control;2023-04-07 13:45:00+00:00;0.169;;
966771;unknown;control;2023-04-07 14:00:00+00:00;0.1;;
966771;unknown;control;2023-04-07 14:15:00+00:00;0.088;;
966771;unknown;control;2023-04-07 14:30:00+00:00;0.084;;
966771;unknown;control;2023-04-07 14:45:00+00:00;0.097;;
966771;unknown;control;2023-04-07 15:00:00+00:00;0.092;;
966771;unknown;control;2023-04-07 15:15:00+00:00;0.086;;
966771;unknown;control;2023-04-07 15:30:00+00:00;0.393;;
966771;unknown;control;2023-04-07 15:45:00+00:00;0.285;;
966771;unknown;control;2023-04-07 16:00:00+00:00;0.675;;
966771;unknown;control;2023-04-07 16:15:00+00:00;0.381;;
966771;unknown;control;2023-04-07 16:30:00+00:00;0.22;;
966771;unknown;control;2023-04-07 16:45:00+00:00;0.234;;
966771;unknown;control;2023-04-07 17:00:00+00:00;0.235;;
966771;unknown;control;2023-04-07 17:15:00+00:00;0.61;;
966771;unknown;control;2023-04-07 17:30:00+00:00;0.527;;
966771;unknown;control;2023-04-07 17:45:00+00:00;0.35;;
966771;unknown;control;2023-04-07 18:00:00+00:00;0.43;;
966771;unknown;control;2023-04-07 18:15:00+00:00;0.724;;
966771;unknown;control;2023-04-07 18:30:00+00:00;0.388;;
966771;unknown;control;2023-04-07 18:45:00+00:00;0.422;;
966771;unknown;control;2023-04-07 19:00:00+00:00;0.352;;
966771;unknown;control;2023-04-07 19:15:00+00:00;0.349;;
966771;unknown;control;2023-04-07 19:30:00+00:00;0.409;;
966771;unknown;control;2023-04-07 19:45:00+00:00;1.099;;
966771;unknown;control;2023-04-07 20:00:00+00:00;0.741;;
966771;unknown;control;2023-04-07 20:15:00+00:00;0.343;;
966771;unknown;control;2023-04-07 20:30:00+00:00;0.406;;
966771;unknown;control;2023-04-07 20:45:00+00:00;0.322;;
966771;unknown;control;2023-04-07 21:00:00+00:00;0.331;;
966771;unknown;control;2023-04-07 21:15:00+00:00;0.893;;
966771;unknown;control;2023-04-07 21:30:00+00:00;0.69;;
966771;unknown;control;2023-04-07 21:45:00+00:00;0.251;;
966771;unknown;control;2023-04-07 22:00:00+00:00;0.282;;
966771;unknown;control;2023-04-07 22:15:00+00:00;0.272;;
966771;unknown;control;2023-04-07 22:30:00+00:00;0.257;;
966771;unknown;control;2023-04-07 22:45:00+00:00;0.262;;
966771;unknown;control;2023-04-07 23:00:00+00:00;0.305;;
966771;unknown;control;2023-04-07 23:15:00+00:00;0.919;;
966771;unknown;control;2023-04-07 23:30:00+00:00;1.758;;
966771;unknown;control;2023-04-07 23:45:00+00:00;1.421;;
966771;unknown;control;2023-04-08 00:00:00+00:00;1.474;;
966771;unknown;control;2023-04-08 00:15:00+00:00;1.416;;
966771;unknown;control;2023-04-08 00:30:00+00:00;2.137;;
966771;unknown;control;2023-04-08 00:45:00+00:00;1.999;;
966771;unknown;control;2023-04-08 01:00:00+00:00;1.5;;
966771;unknown;control;2023-04-08 01:15:00+00:00;0.329;;
966771;unknown;control;2023-04-08 01:30:00+00:00;0.286;;
966771;unknown;control;2023-04-08 01:45:00+00:00;0.392;;
966771;unknown;control;2023-04-08 02:00:00+00:00;1.001;;
966771;unknown;control;2023-04-08 02:15:00+00:00;0.509;;
966771;unknown;control;2023-04-08 02:30:00+00:00;0.245;;
966771;unknown;control;2023-04-08 02:45:00+00:00;0.306;;
966771;unknown;control;2023-04-08 03:00:00+00:00;0.242;;
966771;unknown;control;2023-04-08 03:15:00+00:00;0.305;;
966771;unknown;control;2023-04-08 03:30:00+00:00;0.239;;
966771;unknown;control;2023-04-08 03:45:00+00:00;0.567;;
966771;unknown;control;2023-04-08 04:00:00+00:00;1.061;;
966771;unknown;control;2023-04-08 04:15:00+00:00;0.452;;
966771;unknown;control;2023-04-08 04:30:00+00:00;0.331;;
966771;unknown;control;2023-04-08 04:45:00+00:00;0.31;;
966771;unknown;control;2023-04-08 05:00:00+00:00;0.646;;
966771;unknown;control;2023-04-08 05:15:00+00:00;0.302;;
966771;unknown;control;2023-04-08 05:30:00+00:00;0.5;;
966771;unknown;control;2023-04-08 05:45:00+00:00;1.039;;
966771;unknown;control;2023-04-08 06:00:00+00:00;0.426;;
966771;unknown;control;2023-04-08 06:15:00+00:00;0.618;;
966771;unknown;control;2023-04-08 06:30:00+00:00;0.203;;
966771;unknown;control;2023-04-08 06:45:00+00:00;0.22;;
966771;unknown;control;2023-04-08 07:00:00+00:00;0.169;;
966771;unknown;control;2023-04-08 07:15:00+00:00;0.171;;
966771;unknown;control;2023-04-08 07:30:00+00:00;0.181;;
966771;unknown;control;2023-04-08 07:45:00+00:00;0.129;;
966771;unknown;control;2023-04-08 08:00:00+00:00;0.198;;
966771;unknown;control;2023-04-08 08:15:00+00:00;0.113;;
966771;unknown;control;2023-04-08 08:30:00+00:00;0.109;;
966771;unknown;control;2023-04-08 08:45:00+00:00;0.154;;
966771;unknown;control;2023-04-08 09:00:00+00:00;0.11;;
966771;unknown;control;2023-04-08 09:15:00+00:00;0.115;;
966771;unknown;control;2023-04-08 09:30:00+00:00;0.129;;
966771;unknown;control;2023-04-08 09:45:00+00:00;0.133;;
966771;unknown;control;2023-04-08 10:00:00+00:00;0.114;;
966771;unknown;control;2023-04-08 10:15:00+00:00;0.125;;
966771;unknown;control;2023-04-08 10:30:00+00:00;0.128;;
966771;unknown;control;2023-04-08 10:45:00+00:00;0.099;;
966771;unknown;control;2023-04-08 11:00:00+00:00;0.096;;
966771;unknown;control;2023-04-08 11:15:00+00:00;0.102;;
966771;unknown;control;2023-04-08 11:30:00+00:00;0.101;;
966771;unknown;control;2023-04-08 11:45:00+00:00;0.11;;
966771;unknown;control;2023-04-08 12:00:00+00:00;0.106;;
966771;unknown;control;2023-04-08 12:15:00+00:00;0.11;;
966771;unknown;control;2023-04-08 12:30:00+00:00;0.111;;
966771;unknown;control;2023-04-08 12:45:00+00:00;0.103;;
966771;unknown;control;2023-04-08 13:00:00+00:00;0.11;;
966771;unknown;control;2023-04-08 13:15:00+00:00;0.114;;
966771;unknown;control;2023-04-08 13:30:00+00:00;0.103;;
966771;unknown;control;2023-04-08 13:45:00+00:00;0.161;;
966771;unknown;control;2023-04-08 14:00:00+00:00;0.099;;
966771;unknown;control;2023-04-08 14:15:00+00:00;0.091;;
966771;unknown;control;2023-04-08 14:30:00+00:00;0.107;;
966771;unknown;control;2023-04-08 14:45:00+00:00;0.088;;
966771;unknown;control;2023-04-08 15:00:00+00:00;0.084;;
966771;unknown;control;2023-04-08 15:15:00+00:00;0.092;;
966771;unknown;control;2023-04-08 15:30:00+00:00;0.089;;
966771;unknown;control;2023-04-08 15:45:00+00:00;0.09;;
966771;unknown;control;2023-04-08 16:00:00+00:00;0.1;;
966771;unknown;control;2023-04-08 16:15:00+00:00;0.099;;
966771;unknown;control;2023-04-08 16:30:00+00:00;0.11;;
966771;unknown;control;2023-04-08 16:45:00+00:00;0.112;;
966771;unknown;control;2023-04-08 17:00:00+00:00;0.103;;
966771;unknown;control;2023-04-08 17:15:00+00:00;0.173;;
966771;unknown;control;2023-04-08 17:30:00+00:00;0.152;;
966771;unknown;control;2023-04-08 17:45:00+00:00;0.212;;
966771;unknown;control;2023-04-08 18:00:00+00:00;0.21;;
966771;unknown;control;2023-04-08 18:15:00+00:00;0.186;;
966771;unknown;control;2023-04-08 18:30:00+00:00;0.229;;
966771;unknown;control;2023-04-08 18:45:00+00:00;0.225;;
966771;unknown;control;2023-04-08 19:00:00+00:00;0.191;;
966771;unknown;control;2023-04-08 19:15:00+00:00;0.27;;
966771;unknown;control;2023-04-08 19:30:00+00:00;0.261;;
966771;unknown;control;2023-04-08 19:45:00+00:00;0.254;;
966771;unknown;control;2023-04-08 20:00:00+00:00;0.209;;
966771;unknown;control;2023-04-08 20:15:00+00:00;0.216;;
966771;unknown;control;2023-04-08 20:30:00+00:00;0.239;;
966771;unknown;control;2023-04-08 20:45:00+00:00;0.251;;
966771;unknown;control;2023-04-08 21:00:00+00:00;0.353;;
966771;unknown;control;2023-04-08 21:15:00+00:00;0.833;;
966771;unknown;control;2023-04-08 21:30:00+00:00;0.473;;
966771;unknown;control;2023-04-08 21:45:00+00:00;0.367;;
966771;unknown;control;2023-04-08 22:00:00+00:00;0.349;;
966771;unknown;control;2023-04-08 22:15:00+00:00;0.363;;
966771;unknown;control;2023-04-08 22:30:00+00:00;0.993;;
966771;unknown;control;2023-04-08 22:45:00+00:00;0.737;;
966771;unknown;control;2023-04-08 23:00:00+00:00;0.359;;
966771;unknown;control;2023-04-08 23:15:00+00:00;0.643;;
966771;unknown;control;2023-04-08 23:30:00+00:00;2.307;;
966771;unknown;control;2023-04-08 23:45:00+00:00;1.767;;
966771;unknown;control;2023-04-09 00:00:00+00:00;1.47;;
966771;unknown;control;2023-04-09 00:15:00+00:00;1.519;;
966771;unknown;control;2023-04-09 00:30:00+00:00;1.372;;
966771;unknown;control;2023-04-09 00:45:00+00:00;1.076;;
966771;unknown;control;2023-04-09 01:00:00+00:00;0.523;;
966771;unknown;control;2023-04-09 01:15:00+00:00;0.292;;
966771;unknown;control;2023-04-09 01:30:00+00:00;0.332;;
966771;unknown;control;2023-04-09 01:45:00+00:00;0.32;;
966771;unknown;control;2023-04-09 02:00:00+00:00;0.506;;
966771;unknown;control;2023-04-09 02:15:00+00:00;1.121;;
966771;unknown;control;2023-04-09 02:30:00+00:00;0.627;;
966771;unknown;control;2023-04-09 02:45:00+00:00;0.387;;
966771;unknown;control;2023-04-09 03:00:00+00:00;0.393;;
966771;unknown;control;2023-04-09 03:15:00+00:00;0.598;;
966771;unknown;control;2023-04-09 03:30:00+00:00;0.395;;
966771;unknown;control;2023-04-09 03:45:00+00:00;0.712;;
966771;unknown;control;2023-04-09 04:00:00+00:00;1.11;;
966771;unknown;control;2023-04-09 04:15:00+00:00;0.809;;
966771;unknown;control;2023-04-09 04:30:00+00:00;0.366;;
966771;unknown;control;2023-04-09 04:45:00+00:00;0.339;;
966771;unknown;control;2023-04-09 05:00:00+00:00;0.323;;
966771;unknown;control;2023-04-09 05:15:00+00:00;0.35;;
966771;unknown;control;2023-04-09 05:30:00+00:00;0.28;;
966771;unknown;control;2023-04-09 05:45:00+00:00;0.274;;
966771;unknown;control;2023-04-09 06:00:00+00:00;0.176;;
966771;unknown;control;2023-04-09 06:15:00+00:00;0.222;;
966771;unknown;control;2023-04-09 06:30:00+00:00;0.121;;
966771;unknown;control;2023-04-09 06:45:00+00:00;0.335;;
966771;unknown;control;2023-04-09 07:00:00+00:00;0.24;;
966771;unknown;control;2023-04-09 07:15:00+00:00;0.126;;
966771;unknown;control;2023-04-09 07:30:00+00:00;0.231;;
966771;unknown;control;2023-04-09 07:45:00+00:00;0.131;;
966771;unknown;control;2023-04-09 08:00:00+00:00;0.122;;
966771;unknown;control;2023-04-09 08:15:00+00:00;0.127;;
966771;unknown;control;2023-04-09 08:30:00+00:00;0.109;;
966771;unknown;control;2023-04-09 08:45:00+00:00;0.158;;
966771;unknown;control;2023-04-09 09:00:00+00:00;0.363;;
966771;unknown;control;2023-04-09 09:15:00+00:00;0.278;;
966771;unknown;control;2023-04-09 09:30:00+00:00;0.368;;
966771;unknown;control;2023-04-09 09:45:00+00:00;0.249;;
966771;unknown;control;2023-04-09 10:00:00+00:00;0.189;;
966771;unknown;control;2023-04-09 10:15:00+00:00;0.12;;
966771;unknown;control;2023-04-09 10:30:00+00:00;0.11;;
966771;unknown;control;2023-04-09 10:45:00+00:00;0.142;;
966771;unknown;control;2023-04-09 11:00:00+00:00;0.125;;
966771;unknown;control;2023-04-09 11:15:00+00:00;0.104;;
966771;unknown;control;2023-04-09 11:30:00+00:00;0.111;;
966771;unknown;control;2023-04-09 11:45:00+00:00;0.107;;
966771;unknown;control;2023-04-09 12:00:00+00:00;0.108;;
966771;unknown;control;2023-04-09 12:15:00+00:00;0.116;;
966771;unknown;control;2023-04-09 12:30:00+00:00;0.104;;
966771;unknown;control;2023-04-09 12:45:00+00:00;0.106;;
966771;unknown;control;2023-04-09 13:00:00+00:00;0.115;;
966771;unknown;control;2023-04-09 13:15:00+00:00;0.107;;
966771;unknown;control;2023-04-09 13:30:00+00:00;0.109;;
966771;unknown;control;2023-04-09 13:45:00+00:00;0.11;;
966771;unknown;control;2023-04-09 14:00:00+00:00;0.104;;
966771;unknown;control;2023-04-09 14:15:00+00:00;0.115;;
966771;unknown;control;2023-04-09 14:30:00+00:00;0.102;;
966771;unknown;control;2023-04-09 14:45:00+00:00;0.084;;
966771;unknown;control;2023-04-09 15:00:00+00:00;0.093;;
966771;unknown;control;2023-04-09 15:15:00+00:00;0.095;;
966771;unknown;control;2023-04-09 15:30:00+00:00;0.417;;
966771;unknown;control;2023-04-09 15:45:00+00:00;1.111;;
966771;unknown;control;2023-04-09 16:00:00+00:00;0.344;;
966771;unknown;control;2023-04-09 16:15:00+00:00;0.323;;
966771;unknown;control;2023-04-09 16:30:00+00:00;0.203;;
966771;unknown;control;2023-04-09 16:45:00+00:00;0.101;;
966771;unknown;control;2023-04-09 17:00:00+00:00;0.108;;
966771;unknown;control;2023-04-09 17:15:00+00:00;0.11;;
966771;unknown;control;2023-04-09 17:30:00+00:00;0.22;;
966771;unknown;control;2023-04-09 17:45:00+00:00;0.239;;
966771;unknown;control;2023-04-09 18:00:00+00:00;0.314;;
966771;unknown;control;2023-04-09 18:15:00+00:00;0.305;;
966771;unknown;control;2023-04-09 18:30:00+00:00;0.352;;
966771;unknown;control;2023-04-09 18:45:00+00:00;0.457;;
966771;unknown;control;2023-04-09 19:00:00+00:00;1.122;;
966771;unknown;control;2023-04-09 19:15:00+00:00;0.804;;
966771;unknown;control;2023-04-09 19:30:00+00:00;0.373;;
966771;unknown;control;2023-04-09 19:45:00+00:00;0.56;;
966771;unknown;control;2023-04-09 20:00:00+00:00;0.613;;
966771;unknown;control;2023-04-09 20:15:00+00:00;1.138;;
966771;unknown;control;2023-04-09 20:30:00+00:00;0.622;;
966771;unknown;control;2023-04-09 20:45:00+00:00;0.393;;
966771;unknown;control;2023-04-09 21:00:00+00:00;0.378;;
966771;unknown;control;2023-04-09 21:15:00+00:00;0.405;;
966771;unknown;control;2023-04-09 21:30:00+00:00;0.579;;
966771;unknown;control;2023-04-09 21:45:00+00:00;1.127;;
966771;unknown;control;2023-04-09 22:00:00+00:00;0.821;;
966771;unknown;control;2023-04-09 22:15:00+00:00;0.387;;
966771;unknown;control;2023-04-09 22:30:00+00:00;0.373;;
966771;unknown;control;2023-04-09 22:45:00+00:00;0.392;;
966771;unknown;control;2023-04-09 23:00:00+00:00;1.107;;
966771;unknown;control;2023-04-09 23:15:00+00:00;1.172;;
966771;unknown;control;2023-04-09 23:30:00+00:00;1.845;;
966771;unknown;control;2023-04-09 23:45:00+00:00;1.568;;
966771;unknown;control;2023-04-10 00:00:00+00:00;2.236;;
966771;unknown;control;2023-04-10 00:15:00+00:00;2.311;;
966771;unknown;control;2023-04-10 00:30:00+00:00;1.539;;
966771;unknown;control;2023-04-10 00:45:00+00:00;0.406;;
966771;unknown;control;2023-04-10 01:00:00+00:00;0.457;;
966771;unknown;control;2023-04-10 01:15:00+00:00;1.105;;
966771;unknown;control;2023-04-10 01:30:00+00:00;1.176;;
966771;unknown;control;2023-04-10 01:45:00+00:00;1.033;;
966771;unknown;control;2023-04-10 02:00:00+00:00;1.19;;
966771;unknown;control;2023-04-10 02:15:00+00:00;0.68;;
966771;unknown;control;2023-04-10 02:30:00+00:00;0.42;;
966771;unknown;control;2023-04-10 02:45:00+00:00;0.58;;
966771;unknown;control;2023-04-10 03:00:00+00:00;1.174;;
966771;unknown;control;2023-04-10 03:15:00+00:00;0.606;;
966771;unknown;control;2023-04-10 03:30:00+00:00;0.409;;
966771;unknown;control;2023-04-10 03:45:00+00:00;0.876;;
966771;unknown;control;2023-04-10 04:00:00+00:00;1.185;;
966771;unknown;control;2023-04-10 04:15:00+00:00;1.185;;
966771;unknown;control;2023-04-10 04:30:00+00:00;0.428;;
966771;unknown;control;2023-04-10 04:45:00+00:00;0.42;;
966771;unknown;control;2023-04-10 05:00:00+00:00;0.616;;
966771;unknown;control;2023-04-10 05:15:00+00:00;1.137;;
966771;unknown;control;2023-04-10 05:30:00+00:00;0.773;;
966771;unknown;control;2023-04-10 05:45:00+00:00;0.367;;
966771;unknown;control;2023-04-10 06:00:00+00:00;0.31;;
966771;unknown;control;2023-04-10 06:15:00+00:00;0.292;;
966771;unknown;control;2023-04-10 06:30:00+00:00;0.175;;
966771;unknown;control;2023-04-10 06:45:00+00:00;0.12;;
966771;unknown;control;2023-04-10 07:00:00+00:00;0.304;;
966771;unknown;control;2023-04-10 07:15:00+00:00;0.328;;
966771;unknown;control;2023-04-10 07:30:00+00:00;0.152;;
966771;unknown;control;2023-04-10 07:45:00+00:00;0.395;;
966771;unknown;control;2023-04-10 08:00:00+00:00;0.11;;
966771;unknown;control;2023-04-10 08:15:00+00:00;0.102;;
966771;unknown;control;2023-04-10 08:30:00+00:00;0.138;;
966771;unknown;control;2023-04-10 08:45:00+00:00;0.463;;
966771;unknown;control;2023-04-10 09:00:00+00:00;0.385;;
966771;unknown;control;2023-04-10 09:15:00+00:00;0.169;;
966771;unknown;control;2023-04-10 09:30:00+00:00;0.342;;
966771;unknown;control;2023-04-10 09:45:00+00:00;0.125;;
966771;unknown;control;2023-04-10 10:00:00+00:00;0.128;;
966771;unknown;control;2023-04-10 10:15:00+00:00;0.122;;
966771;unknown;control;2023-04-10 10:30:00+00:00;0.138;;
966771;unknown;control;2023-04-10 10:45:00+00:00;0.116;;
966771;unknown;control;2023-04-10 11:00:00+00:00;0.084;;
966771;unknown;control;2023-04-10 11:15:00+00:00;0.093;;
966771;unknown;control;2023-04-10 11:30:00+00:00;0.096;;
966771;unknown;control;2023-04-10 11:45:00+00:00;0.084;;
966771;unknown;control;2023-04-10 12:00:00+00:00;0.094;;
966771;unknown;control;2023-04-10 12:15:00+00:00;0.095;;
966771;unknown;control;2023-04-10 12:30:00+00:00;0.087;;
966771;unknown;control;2023-04-10 12:45:00+00:00;0.093;;
966771;unknown;control;2023-04-10 13:00:00+00:00;0.092;;
966771;unknown;control;2023-04-10 13:15:00+00:00;0.119;;
966771;unknown;control;2023-04-10 13:30:00+00:00;0.095;;
966771;unknown;control;2023-04-10 13:45:00+00:00;0.25;;
966771;unknown;control;2023-04-10 14:00:00+00:00;0.15;;
966771;unknown;control;2023-04-10 14:15:00+00:00;0.16;;
966771;unknown;control;2023-04-10 14:30:00+00:00;0.156;;
966771;unknown;control;2023-04-10 14:45:00+00:00;0.255;;
966771;unknown;control;2023-04-10 15:00:00+00:00;0.168;;
966771;unknown;control;2023-04-10 15:15:00+00:00;0.159;;
966771;unknown;control;2023-04-10 15:30:00+00:00;0.173;;
966771;unknown;control;2023-04-10 15:45:00+00:00;0.168;;
966771;unknown;control;2023-04-10 16:00:00+00:00;0.341;;
966771;unknown;control;2023-04-10 16:15:00+00:00;0.571;;
966771;unknown;control;2023-04-10 16:30:00+00:00;0.323;;
966771;unknown;control;2023-04-10 16:45:00+00:00;0.093;;
966771;unknown;control;2023-04-10 17:00:00+00:00;0.099;;
966771;unknown;control;2023-04-10 17:15:00+00:00;0.129;;
966771;unknown;control;2023-04-10 17:30:00+00:00;0.129;;
966771;unknown;control;2023-04-10 17:45:00+00:00;0.436;;
966771;unknown;control;2023-04-10 18:00:00+00:00;0.174;;
966771;unknown;control;2023-04-10 18:15:00+00:00;0.159;;
966771;unknown;control;2023-04-10 18:30:00+00:00;0.166;;
966771;unknown;control;2023-04-10 18:45:00+00:00;0.153;;
966771;unknown;control;2023-04-10 19:00:00+00:00;0.161;;
966771;unknown;control;2023-04-10 19:15:00+00:00;0.162;;
966771;unknown;control;2023-04-10 19:30:00+00:00;0.155;;
966771;unknown;control;2023-04-10 19:45:00+00:00;0.148;;
966771;unknown;control;2023-04-10 20:00:00+00:00;0.116;;
966771;unknown;control;2023-04-10 20:15:00+00:00;0.111;;
966771;unknown;control;2023-04-10 20:30:00+00:00;0.104;;
966771;unknown;control;2023-04-10 20:45:00+00:00;0.095;;
966771;unknown;control;2023-04-10 21:00:00+00:00;0.103;;
966771;unknown;control;2023-04-10 21:15:00+00:00;0.098;;
966771;unknown;control;2023-04-10 21:30:00+00:00;0.098;;
966771;unknown;control;2023-04-10 21:45:00+00:00;0.103;;
966771;unknown;control;2023-04-10 22:00:00+00:00;0.151;;
966771;unknown;control;2023-04-10 22:15:00+00:00;0.143;;
966771;unknown;control;2023-04-10 22:30:00+00:00;0.127;;
966771;unknown;control;2023-04-10 22:45:00+00:00;0.126;;
966771;unknown;control;2023-04-10 23:00:00+00:00;0.121;;
966771;unknown;control;2023-04-10 23:15:00+00:00;0.115;;
966771;unknown;control;2023-04-10 23:30:00+00:00;1.366;;
966771;unknown;control;2023-04-10 23:45:00+00:00;1.32;;
966771;unknown;control;2023-04-11 00:00:00+00:00;1.326;;
966771;unknown;control;2023-04-11 00:15:00+00:00;1.333;;
966771;unknown;control;2023-04-11 00:30:00+00:00;1.344;;
966771;unknown;control;2023-04-11 00:45:00+00:00;1.36;;
966771;unknown;control;2023-04-11 01:00:00+00:00;1.374;;
966771;unknown;control;2023-04-11 01:15:00+00:00;0.535;;
966771;unknown;control;2023-04-11 01:30:00+00:00;0.107;;
966771;unknown;control;2023-04-11 01:45:00+00:00;0.113;;
966771;unknown;control;2023-04-11 02:00:00+00:00;0.12;;
966771;unknown;control;2023-04-11 02:15:00+00:00;0.105;;
966771;unknown;control;2023-04-11 02:30:00+00:00;0.124;;
966771;unknown;control;2023-04-11 02:45:00+00:00;0.115;;
966771;unknown;control;2023-04-11 03:00:00+00:00;0.104;;
966771;unknown;control;2023-04-11 03:15:00+00:00;0.101;;
966771;unknown;control;2023-04-11 03:30:00+00:00;0.095;;
966771;unknown;control;2023-04-11 03:45:00+00:00;0.088;;
966771;unknown;control;2023-04-11 04:00:00+00:00;0.095;;
966771;unknown;control;2023-04-11 04:15:00+00:00;0.094;;
966771;unknown;control;2023-04-11 04:30:00+00:00;0.119;;
966771;unknown;control;2023-04-11 04:45:00+00:00;0.351;;
966771;unknown;control;2023-04-11 05:00:00+00:00;0.302;;
966771;unknown;control;2023-04-11 05:15:00+00:00;0.161;;
966771;unknown;control;2023-04-11 05:30:00+00:00;0.175;;
966771;unknown;control;2023-04-11 05:45:00+00:00;0.169;;
966771;unknown;control;2023-04-11 06:00:00+00:00;0.134;;
966771;unknown;control;2023-04-11 06:15:00+00:00;0.142;;
966771;unknown;control;2023-04-11 06:30:00+00:00;0.115;;
966771;unknown;control;2023-04-11 06:45:00+00:00;0.116;;
966771;unknown;control;2023-04-11 07:00:00+00:00;0.115;;
966771;unknown;control;2023-04-11 07:15:00+00:00;0.11;;
966771;unknown;control;2023-04-11 07:30:00+00:00;0.51;;
966771;unknown;control;2023-04-11 07:45:00+00:00;0.136;;
966771;unknown;control;2023-04-11 08:00:00+00:00;0.14;;
966771;unknown;control;2023-04-11 08:15:00+00:00;0.162;;
966771;unknown;control;2023-04-11 08:30:00+00:00;0.2;;
966771;unknown;control;2023-04-11 08:45:00+00:00;0.133;;
966771;unknown;control;2023-04-11 09:00:00+00:00;0.117;;
966771;unknown;control;2023-04-11 09:15:00+00:00;0.102;;
966771;unknown;control;2023-04-11 09:30:00+00:00;0.112;;
966771;unknown;control;2023-04-11 09:45:00+00:00;0.118;;
966771;unknown;control;2023-04-11 10:00:00+00:00;0.175;;
966771;unknown;control;2023-04-11 10:15:00+00:00;0.137;;
966771;unknown;control;2023-04-11 10:30:00+00:00;0.118;;
966771;unknown;control;2023-04-11 10:45:00+00:00;0.115;;
966771;unknown;control;2023-04-11 11:00:00+00:00;0.121;;
966771;unknown;control;2023-04-11 11:15:00+00:00;0.119;;
966771;unknown;control;2023-04-11 11:30:00+00:00;0.721;;
966771;unknown;control;2023-04-11 11:45:00+00:00;0.73;;
966771;unknown;control;2023-04-11 12:00:00+00:00;0.141;;
966771;unknown;control;2023-04-11 12:15:00+00:00;0.149;;
966771;unknown;control;2023-04-11 12:30:00+00:00;0.186;;
966771;unknown;control;2023-04-11 12:45:00+00:00;0.126;;
966771;unknown;control;2023-04-11 13:00:00+00:00;0.104;;
966771;unknown;control;2023-04-11 13:15:00+00:00;0.092;;
966771;unknown;control;2023-04-11 13:30:00+00:00;0.089;;
966771;unknown;control;2023-04-11 13:45:00+00:00;0.101;;
966771;unknown;control;2023-04-11 14:00:00+00:00;0.093;;
966771;unknown;control;2023-04-11 14:15:00+00:00;0.089;;
966771;unknown;control;2023-04-11 14:30:00+00:00;0.255;;
966771;unknown;control;2023-04-11 14:45:00+00:00;0.375;;
966771;unknown;control;2023-04-11 15:00:00+00:00;0.254;;
966771;unknown;control;2023-04-11 15:15:00+00:00;0.284;;
966771;unknown;control;2023-04-11 15:30:00+00:00;0.276;;
966771;unknown;control;2023-04-11 15:45:00+00:00;0.273;;
966771;unknown;control;2023-04-11 16:00:00+00:00;0.301;;
966771;unknown;control;2023-04-11 16:15:00+00:00;0.138;;
966771;unknown;control;2023-04-11 16:30:00+00:00;0.103;;
966771;unknown;control;2023-04-11 16:45:00+00:00;0.14;;
966771;unknown;control;2023-04-11 17:00:00+00:00;0.139;;
966771;unknown;control;2023-04-11 17:15:00+00:00;0.16;;
966771;unknown;control;2023-04-11 17:30:00+00:00;0.144;;
966771;unknown;control;2023-04-11 17:45:00+00:00;0.279;;
966771;unknown;control;2023-04-11 18:00:00+00:00;0.32;;
966771;unknown;control;2023-04-11 18:15:00+00:00;0.203;;
966771;unknown;control;2023-04-11 18:30:00+00:00;0.285;;
966771;unknown;control;2023-04-11 18:45:00+00:00;0.302;;
966771;unknown;control;2023-04-11 19:00:00+00:00;0.262;;
966771;unknown;control;2023-04-11 19:15:00+00:00;0.268;;
966771;unknown;control;2023-04-11 19:30:00+00:00;0.263;;
966771;unknown;control;2023-04-11 19:45:00+00:00;0.221;;
966771;unknown;control;2023-04-11 20:00:00+00:00;0.682;;
966771;unknown;control;2023-04-11 20:15:00+00:00;0.495;;
966771;unknown;control;2023-04-11 20:30:00+00:00;0.348;;
966771;unknown;control;2023-04-11 20:45:00+00:00;0.433;;
966771;unknown;control;2023-04-11 21:00:00+00:00;0.252;;
966771;unknown;control;2023-04-11 21:15:00+00:00;0.253;;
966771;unknown;control;2023-04-11 21:30:00+00:00;0.345;;
966771;unknown;control;2023-04-11 21:45:00+00:00;0.244;;
966771;unknown;control;2023-04-11 22:00:00+00:00;0.331;;
966771;unknown;control;2023-04-11 22:15:00+00:00;0.288;;
966771;unknown;control;2023-04-11 22:30:00+00:00;0.268;;
966771;unknown;control;2023-04-11 22:45:00+00:00;0.34;;
966771;unknown;control;2023-04-11 23:00:00+00:00;0.238;;
966771;unknown;control;2023-04-11 23:15:00+00:00;0.34;;
966771;unknown;control;2023-04-11 23:30:00+00:00;1.566;;
966771;unknown;control;2023-04-11 23:45:00+00:00;1.481;;
966771;unknown;control;2023-04-12 00:00:00+00:00;1.44;;
966771;unknown;control;2023-04-12 00:15:00+00:00;1.517;;
966771;unknown;control;2023-04-12 00:30:00+00:00;1.482;;
966771;unknown;control;2023-04-12 00:45:00+00:00;1.493;;
966771;unknown;control;2023-04-12 01:00:00+00:00;0.51;;
966771;unknown;control;2023-04-12 01:15:00+00:00;0.283;;
966771;unknown;control;2023-04-12 01:30:00+00:00;0.299;;
966771;unknown;control;2023-04-12 01:45:00+00:00;0.359;;
966771;unknown;control;2023-04-12 02:00:00+00:00;0.271;;
966771;unknown;control;2023-04-12 02:15:00+00:00;0.302;;
966771;unknown;control;2023-04-12 02:30:00+00:00;0.303;;
966771;unknown;control;2023-04-12 02:45:00+00:00;0.321;;
966771;unknown;control;2023-04-12 03:00:00+00:00;0.24;;
966771;unknown;control;2023-04-12 03:15:00+00:00;0.293;;
966771;unknown;control;2023-04-12 03:30:00+00:00;0.295;;
966771;unknown;control;2023-04-12 03:45:00+00:00;0.306;;
966771;unknown;control;2023-04-12 04:00:00+00:00;0.807;;
966771;unknown;control;2023-04-12 04:15:00+00:00;0.685;;
966771;unknown;control;2023-04-12 04:30:00+00:00;0.345;;
966771;unknown;control;2023-04-12 04:45:00+00:00;0.242;;
966771;unknown;control;2023-04-12 05:00:00+00:00;0.123;;
966771;unknown;control;2023-04-12 05:15:00+00:00;0.119;;
966771;unknown;control;2023-04-12 05:30:00+00:00;0.113;;
966771;unknown;control;2023-04-12 05:45:00+00:00;0.118;;
966771;unknown;control;2023-04-12 06:00:00+00:00;0.117;;
966771;unknown;control;2023-04-12 06:15:00+00:00;0.12;;
966771;unknown;control;2023-04-12 06:30:00+00:00;0.114;;
966771;unknown;control;2023-04-12 06:45:00+00:00;0.102;;
966771;unknown;control;2023-04-12 07:00:00+00:00;0.108;;
966771;unknown;control;2023-04-12 07:15:00+00:00;0.113;;
966771;unknown;control;2023-04-12 07:30:00+00:00;0.103;;
966771;unknown;control;2023-04-12 07:45:00+00:00;0.11;;
966771;unknown;control;2023-04-12 08:00:00+00:00;0.107;;
966771;unknown;control;2023-04-12 08:15:00+00:00;0.11;;
966771;unknown;control;2023-04-12 08:30:00+00:00;0.153;;
966771;unknown;control;2023-04-12 08:45:00+00:00;0.21;;
966771;unknown;control;2023-04-12 09:00:00+00:00;0.216;;
966771;unknown;control;2023-04-12 09:15:00+00:00;0.286;;
966771;unknown;control;2023-04-12 09:30:00+00:00;0.251;;
966771;unknown;control;2023-04-12 09:45:00+00:00;0.099;;
966771;unknown;control;2023-04-12 10:00:00+00:00;0.098;;
966771;unknown;control;2023-04-12 10:15:00+00:00;0.088;;
966771;unknown;control;2023-04-12 10:30:00+00:00;0.1;;
966771;unknown;control;2023-04-12 10:45:00+00:00;0.101;;
966771;unknown;control;2023-04-12 11:00:00+00:00;0.084;;
966771;unknown;control;2023-04-12 11:15:00+00:00;0.094;;
966771;unknown;control;2023-04-12 11:30:00+00:00;0.091;;
966771;unknown;control;2023-04-12 11:45:00+00:00;0.096;;
966771;unknown;control;2023-04-12 12:00:00+00:00;0.092;;
966771;unknown;control;2023-04-12 12:15:00+00:00;0.087;;
966771;unknown;control;2023-04-12 12:30:00+00:00;0.1;;
966771;unknown;control;2023-04-12 12:45:00+00:00;0.105;;
966771;unknown;control;2023-04-12 13:00:00+00:00;0.092;;
966771;unknown;control;2023-04-12 13:15:00+00:00;0.137;;
966771;unknown;control;2023-04-12 13:30:00+00:00;0.15;;
966771;unknown;control;2023-04-12 13:45:00+00:00;0.096;;
966771;unknown;control;2023-04-12 14:00:00+00:00;0.1;;
966771;unknown;control;2023-04-12 14:15:00+00:00;0.099;;
966771;unknown;control;2023-04-12 14:30:00+00:00;0.096;;
966771;unknown;control;2023-04-12 14:45:00+00:00;0.103;;
966771;unknown;control;2023-04-12 15:00:00+00:00;0.091;;
966771;unknown;control;2023-04-12 15:15:00+00:00;0.091;;
966771;unknown;control;2023-04-12 15:30:00+00:00;0.101;;
966771;unknown;control;2023-04-12 15:45:00+00:00;0.102;;
966771;unknown;control;2023-04-12 16:00:00+00:00;0.11;;
966771;unknown;control;2023-04-12 16:15:00+00:00;0.243;;
966771;unknown;control;2023-04-12 16:30:00+00:00;0.417;;
966771;unknown;control;2023-04-12 16:45:00+00:00;0.369;;
966771;unknown;control;2023-04-12 17:00:00+00:00;0.238;;
966771;unknown;control;2023-04-12 17:15:00+00:00;0.196;;
966771;unknown;control;2023-04-12 17:30:00+00:00;0.258;;
966771;unknown;control;2023-04-12 17:45:00+00:00;0.35;;
966771;unknown;control;2023-04-12 18:00:00+00:00;0.44;;
966771;unknown;control;2023-04-12 18:15:00+00:00;0.449;;
966771;unknown;control;2023-04-12 18:30:00+00:00;0.474;;
966771;unknown;control;2023-04-12 18:45:00+00:00;0.434;;
966771;unknown;control;2023-04-12 19:00:00+00:00;0.389;;
966771;unknown;control;2023-04-12 19:15:00+00:00;0.43;;
966771;unknown;control;2023-04-12 19:30:00+00:00;0.429;;
966771;unknown;control;2023-04-12 19:45:00+00:00;0.351;;
966771;unknown;control;2023-04-12 20:00:00+00:00;0.287;;
966771;unknown;control;2023-04-12 20:15:00+00:00;0.254;;
966771;unknown;control;2023-04-12 20:30:00+00:00;0.288;;
966771;unknown;control;2023-04-12 20:45:00+00:00;0.285;;
966771;unknown;control;2023-04-12 21:00:00+00:00;0.516;;
966771;unknown;control;2023-04-12 21:15:00+00:00;1.188;;
966771;unknown;control;2023-04-12 21:30:00+00:00;0.665;;
966771;unknown;control;2023-04-12 21:45:00+00:00;0.351;;
966771;unknown;control;2023-04-12 22:00:00+00:00;0.353;;
966771;unknown;control;2023-04-12 22:15:00+00:00;0.703;;
966771;unknown;control;2023-04-12 22:30:00+00:00;0.993;;
966771;unknown;control;2023-04-12 22:45:00+00:00;0.362;;
966771;unknown;control;2023-04-12 23:00:00+00:00;0.31;;
966771;unknown;control;2023-04-12 23:15:00+00:00;0.356;;
966771;unknown;control;2023-04-12 23:30:00+00:00;1.589;;
966771;unknown;control;2023-04-12 23:45:00+00:00;1.473;;
966771;unknown;control;2023-04-13 00:00:00+00:00;1.513;;
966771;unknown;control;2023-04-13 00:15:00+00:00;1.759;;
966771;unknown;control;2023-04-13 00:30:00+00:00;2.283;;
966771;unknown;control;2023-04-13 00:45:00+00:00;0.875;;
966771;unknown;control;2023-04-13 01:00:00+00:00;0.455;;
966771;unknown;control;2023-04-13 01:15:00+00:00;0.439;;
966771;unknown;control;2023-04-13 01:30:00+00:00;0.712;;
966771;unknown;control;2023-04-13 01:45:00+00:00;1.091;;
966771;unknown;control;2023-04-13 02:00:00+00:00;0.378;;
966771;unknown;control;2023-04-13 02:15:00+00:00;0.365;;
966771;unknown;control;2023-04-13 02:30:00+00:00;0.854;;
966771;unknown;control;2023-04-13 02:45:00+00:00;1.057;;
966771;unknown;control;2023-04-13 03:00:00+00:00;0.33;;
966771;unknown;control;2023-04-13 03:15:00+00:00;0.317;;
966771;unknown;control;2023-04-13 03:30:00+00:00;0.352;;
966771;unknown;control;2023-04-13 03:45:00+00:00;0.379;;
966771;unknown;control;2023-04-13 04:00:00+00:00;0.39;;
966771;unknown;control;2023-04-13 04:15:00+00:00;0.351;;
966771;unknown;control;2023-04-13 04:30:00+00:00;0.346;;
966771;unknown;control;2023-04-13 04:45:00+00:00;0.36;;
966771;unknown;control;2023-04-13 05:00:00+00:00;0.473;;
966771;unknown;control;2023-04-13 05:15:00+00:00;1.094;;
966771;unknown;control;2023-04-13 05:30:00+00:00;0.504;;
966771;unknown;control;2023-04-13 05:45:00+00:00;0.286;;
966771;unknown;control;2023-04-13 06:00:00+00:00;0.299;;
966771;unknown;control;2023-04-13 06:15:00+00:00;0.126;;
966771;unknown;control;2023-04-13 06:30:00+00:00;0.172;;
966771;unknown;control;2023-04-13 06:45:00+00:00;0.134;;
966771;unknown;control;2023-04-13 07:00:00+00:00;0.11;;
966771;unknown;control;2023-04-13 07:15:00+00:00;0.102;;
966771;unknown;control;2023-04-13 07:30:00+00:00;0.123;;
966771;unknown;control;2023-04-13 07:45:00+00:00;0.108;;
966771;unknown;control;2023-04-13 08:00:00+00:00;0.106;;
966771;unknown;control;2023-04-13 08:15:00+00:00;0.125;;
966771;unknown;control;2023-04-13 08:30:00+00:00;0.254;;
966771;unknown;control;2023-04-13 08:45:00+00:00;0.132;;
966771;unknown;control;2023-04-13 09:00:00+00:00;0.128;;
966771;unknown;control;2023-04-13 09:15:00+00:00;0.425;;
966771;unknown;control;2023-04-13 09:30:00+00:00;0.656;;
966771;unknown;control;2023-04-13 09:45:00+00:00;0.366;;
966771;unknown;control;2023-04-13 10:00:00+00:00;0.197;;
966771;unknown;control;2023-04-13 10:15:00+00:00;0.172;;
966771;unknown;control;2023-04-13 10:30:00+00:00;0.139;;
966771;unknown;control;2023-04-13 10:45:00+00:00;0.136;;
966771;unknown;control;2023-04-13 11:00:00+00:00;0.125;;
966771;unknown;control;2023-04-13 11:15:00+00:00;0.107;;
966771;unknown;control;2023-04-13 11:30:00+00:00;0.111;;
966771;unknown;control;2023-04-13 11:45:00+00:00;0.117;;
966771;unknown;control;2023-04-13 12:00:00+00:00;0.251;;
966771;unknown;control;2023-04-13 12:15:00+00:00;0.227;;
966771;unknown;control;2023-04-13 12:30:00+00:00;0.113;;
966771;unknown;control;2023-04-13 12:45:00+00:00;0.109;;
966771;unknown;control;2023-04-13 13:00:00+00:00;0.127;;
966771;unknown;control;2023-04-13 13:15:00+00:00;0.409;;
966771;unknown;control;2023-04-13 13:30:00+00:00;0.305;;
966771;unknown;control;2023-04-13 13:45:00+00:00;0.176;;
966771;unknown;control;2023-04-13 14:00:00+00:00;0.4;;
966771;unknown;control;2023-04-13 14:15:00+00:00;0.255;;
966771;unknown;control;2023-04-13 14:30:00+00:00;0.284;;
966771;unknown;control;2023-04-13 14:45:00+00:00;0.545;;
966771;unknown;control;2023-04-13 15:00:00+00:00;0.58;;
966771;unknown;control;2023-04-13 15:15:00+00:00;0.66;;
966771;unknown;control;2023-04-13 15:30:00+00:00;1.449;;
966771;unknown;control;2023-04-13 15:45:00+00:00;0.769;;
966771;unknown;control;2023-04-13 16:00:00+00:00;0.558;;
966771;unknown;control;2023-04-13 16:15:00+00:00;0.562;;
966771;unknown;control;2023-04-13 16:30:00+00:00;1.241;;
966771;unknown;control;2023-04-13 16:45:00+00:00;0.545;;
966771;unknown;control;2023-04-13 17:00:00+00:00;0.334;;
966771;unknown;control;2023-04-13 17:15:00+00:00;0.426;;
966771;unknown;control;2023-04-13 17:30:00+00:00;0.532;;
966771;unknown;control;2023-04-13 17:45:00+00:00;1.167;;
966771;unknown;control;2023-04-13 18:00:00+00:00;0.481;;
966771;unknown;control;2023-04-13 18:15:00+00:00;0.385;;
966771;unknown;control;2023-04-13 18:30:00+00:00;0.71;;
966771;unknown;control;2023-04-13 18:45:00+00:00;1.233;;
966771;unknown;control;2023-04-13 19:00:00+00:00;0.764;;
966771;unknown;control;2023-04-13 19:15:00+00:00;0.475;;
966771;unknown;control;2023-04-13 19:30:00+00:00;0.451;;
966771;unknown;control;2023-04-13 19:45:00+00:00;0.388;;
966771;unknown;control;2023-04-13 20:00:00+00:00;0.746;;
966771;unknown;control;2023-04-13 20:15:00+00:00;1.116;;
966771;unknown;control;2023-04-13 20:30:00+00:00;0.486;;
966771;unknown;control;2023-04-13 20:45:00+00:00;0.36;;
966771;unknown;control;2023-04-13 21:00:00+00:00;0.359;;
966771;unknown;control;2023-04-13 21:15:00+00:00;0.397;;
966771;unknown;control;2023-04-13 21:30:00+00:00;0.716;;
966771;unknown;control;2023-04-13 21:45:00+00:00;1.195;;
966771;unknown;control;2023-04-13 22:00:00+00:00;1.027;;
966771;unknown;control;2023-04-13 22:15:00+00:00;0.491;;
966771;unknown;control;2023-04-13 22:30:00+00:00;0.396;;
966771;unknown;control;2023-04-13 22:45:00+00:00;0.459;;
966771;unknown;control;2023-04-13 23:00:00+00:00;0.641;;
966771;unknown;control;2023-04-13 23:15:00+00:00;1.203;;
966771;unknown;control;2023-04-13 23:30:00+00:00;2.395;;
966771;unknown;control;2023-04-13 23:45:00+00:00;2.132;;
966771;unknown;control;2023-04-14 00:00:00+00:00;2.35;;
966771;unknown;control;2023-04-14 00:15:00+00:00;2.329;;
966771;unknown;control;2023-04-14 00:30:00+00:00;1.617;;
966771;unknown;control;2023-04-14 00:45:00+00:00;1.605;;
966771;unknown;control;2023-04-14 01:00:00+00:00;1.34;;
966771;unknown;control;2023-04-14 01:15:00+00:00;1.054;;
966771;unknown;control;2023-04-14 01:30:00+00:00;1.236;;
966771;unknown;control;2023-04-14 01:45:00+00:00;1.256;;
966771;unknown;control;2023-04-14 02:00:00+00:00;0.553;;
966771;unknown;control;2023-04-14 02:15:00+00:00;0.503;;
966771;unknown;control;2023-04-14 02:30:00+00:00;0.797;;
966771;unknown;control;2023-04-14 02:45:00+00:00;1.262;;
966771;unknown;control;2023-04-14 03:00:00+00:00;1.307;;
966771;unknown;control;2023-04-14 03:15:00+00:00;0.735;;
966771;unknown;control;2023-04-14 03:30:00+00:00;0.534;;
966771;unknown;control;2023-04-14 03:45:00+00:00;0.587;;
966771;unknown;control;2023-04-14 04:00:00+00:00;1.128;;
966771;unknown;control;2023-04-14 04:15:00+00:00;1.289;;
966771;unknown;control;2023-04-14 04:30:00+00:00;1.241;;
966771;unknown;control;2023-04-14 04:45:00+00:00;1.26;;
966771;unknown;control;2023-04-14 05:00:00+00:00;0.599;;
966771;unknown;control;2023-04-14 05:15:00+00:00;0.504;;
966771;unknown;control;2023-04-14 05:30:00+00:00;0.404;;
966771;unknown;control;2023-04-14 05:45:00+00:00;0.387;;
966771;unknown;control;2023-04-14 06:00:00+00:00;0.353;;
966771;unknown;control;2023-04-14 06:15:00+00:00;0.297;;
966771;unknown;control;2023-04-14 06:30:00+00:00;0.136;;
966771;unknown;control;2023-04-14 06:45:00+00:00;0.105;;
966771;unknown;control;2023-04-14 07:00:00+00:00;0.122;;
966771;unknown;control;2023-04-14 07:15:00+00:00;0.117;;
966771;unknown;control;2023-04-14 07:30:00+00:00;0.103;;
966771;unknown;control;2023-04-14 07:45:00+00:00;0.112;;
966771;unknown;control;2023-04-14 08:00:00+00:00;0.112;;
966771;unknown;control;2023-04-14 08:15:00+00:00;0.107;;
966771;unknown;control;2023-04-14 08:30:00+00:00;0.111;;
966771;unknown;control;2023-04-14 08:45:00+00:00;0.111;;
966771;unknown;control;2023-04-14 09:00:00+00:00;0.119;;
966771;unknown;control;2023-04-14 09:15:00+00:00;0.287;;
966771;unknown;control;2023-04-14 09:30:00+00:00;0.293;;
966771;unknown;control;2023-04-14 09:45:00+00:00;0.299;;
966771;unknown;control;2023-04-14 10:00:00+00:00;0.296;;
966771;unknown;control;2023-04-14 10:15:00+00:00;0.17;;
966771;unknown;control;2023-04-14 10:30:00+00:00;0.124;;
966771;unknown;control;2023-04-14 10:45:00+00:00;0.095;;
966771;unknown;control;2023-04-14 11:00:00+00:00;0.098;;
966771;unknown;control;2023-04-14 11:15:00+00:00;0.443;;
966771;unknown;control;2023-04-14 11:30:00+00:00;0.373;;
966771;unknown;control;2023-04-14 11:45:00+00:00;0.109;;
966771;unknown;control;2023-04-14 12:00:00+00:00;0.111;;
966771;unknown;control;2023-04-14 12:15:00+00:00;0.485;;
966771;unknown;control;2023-04-14 12:30:00+00:00;0.092;;
966771;unknown;control;2023-04-14 12:45:00+00:00;0.099;;
966771;unknown;control;2023-04-14 13:00:00+00:00;0.111;;
966771;unknown;control;2023-04-14 13:15:00+00:00;0.097;;
966771;unknown;control;2023-04-14 13:30:00+00:00;0.09;;
966771;unknown;control;2023-04-14 13:45:00+00:00;0.086;;
966771;unknown;control;2023-04-14 14:00:00+00:00;0.166;;
966771;unknown;control;2023-04-14 14:15:00+00:00;0.112;;
966771;unknown;control;2023-04-14 14:30:00+00:00;0.089;;
966771;unknown;control;2023-04-14 14:45:00+00:00;0.095;;
966771;unknown;control;2023-04-14 15:00:00+00:00;0.087;;
966771;unknown;control;2023-04-14 15:15:00+00:00;0.092;;
966771;unknown;control;2023-04-14 15:30:00+00:00;0.097;;
966771;unknown;control;2023-04-14 15:45:00+00:00;0.084;;
966771;unknown;control;2023-04-14 16:00:00+00:00;0.094;;
966771;unknown;control;2023-04-14 16:15:00+00:00;0.388;;
966771;unknown;control;2023-04-14 16:30:00+00:00;0.403;;
966771;unknown;control;2023-04-14 16:45:00+00:00;0.449;;
966771;unknown;control;2023-04-14 17:00:00+00:00;0.098;;
966771;unknown;control;2023-04-14 17:15:00+00:00;0.09;;
966771;unknown;control;2023-04-14 17:30:00+00:00;0.509;;
966771;unknown;control;2023-04-14 17:45:00+00:00;0.14;;
966771;unknown;control;2023-04-14 18:00:00+00:00;0.151;;
966771;unknown;control;2023-04-14 18:15:00+00:00;0.265;;
966771;unknown;control;2023-04-14 18:30:00+00:00;0.502;;
966771;unknown;control;2023-04-14 18:45:00+00:00;0.418;;
966771;unknown;control;2023-04-14 19:00:00+00:00;0.446;;
966771;unknown;control;2023-04-14 19:15:00+00:00;0.425;;
966771;unknown;control;2023-04-14 19:30:00+00:00;0.52;;
966771;unknown;control;2023-04-14 19:45:00+00:00;0.71;;
966771;unknown;control;2023-04-14 20:00:00+00:00;1.161;;
966771;unknown;control;2023-04-14 20:15:00+00:00;0.816;;
966771;unknown;control;2023-04-14 20:30:00+00:00;0.402;;
966771;unknown;control;2023-04-14 20:45:00+00:00;0.355;;
966771;unknown;control;2023-04-14 21:00:00+00:00;0.398;;
966771;unknown;control;2023-04-14 21:15:00+00:00;0.865;;
966771;unknown;control;2023-04-14 21:30:00+00:00;1.143;;
966771;unknown;control;2023-04-14 21:45:00+00:00;0.685;;
966771;unknown;control;2023-04-14 22:00:00+00:00;0.391;;
966771;unknown;control;2023-04-14 22:15:00+00:00;0.432;;
966771;unknown;control;2023-04-14 22:30:00+00:00;0.561;;
966771;unknown;control;2023-04-14 22:45:00+00:00;1.135;;
966771;unknown;control;2023-04-14 23:00:00+00:00;1.173;;
966771;unknown;control;2023-04-14 23:15:00+00:00;1.03;;
966771;unknown;control;2023-04-14 23:30:00+00:00;2.306;;
966771;unknown;control;2023-04-14 23:45:00+00:00;1.596;;
966771;unknown;control;2023-04-15 00:00:00+00:00;1.66;;
966771;unknown;control;2023-04-15 00:15:00+00:00;2.324;;
966771;unknown;control;2023-04-15 00:30:00+00:00;2.362;;
966771;unknown;control;2023-04-15 00:45:00+00:00;2.02;;
966771;unknown;control;2023-04-15 01:00:00+00:00;0.923;;
966771;unknown;control;2023-04-15 01:15:00+00:00;0.446;;
966771;unknown;control;2023-04-15 01:30:00+00:00;1.028;;
966771;unknown;control;2023-04-15 01:45:00+00:00;1.003;;
966771;unknown;control;2023-04-15 02:00:00+00:00;0.368;;
966771;unknown;control;2023-04-15 02:15:00+00:00;0.343;;
966771;unknown;control;2023-04-15 02:30:00+00:00;0.36;;
966771;unknown;control;2023-04-15 02:45:00+00:00;0.377;;
966771;unknown;control;2023-04-15 03:00:00+00:00;1.041;;
966771;unknown;control;2023-04-15 03:15:00+00:00;0.518;;
966771;unknown;control;2023-04-15 03:30:00+00:00;0.321;;
966771;unknown;control;2023-04-15 03:45:00+00:00;0.357;;
966771;unknown;control;2023-04-15 04:00:00+00:00;0.347;;
966771;unknown;control;2023-04-15 04:15:00+00:00;0.345;;
966771;unknown;control;2023-04-15 04:30:00+00:00;0.372;;
966771;unknown;control;2023-04-15 04:45:00+00:00;0.336;;
966771;unknown;control;2023-04-15 05:00:00+00:00;0.312;;
966771;unknown;control;2023-04-15 05:15:00+00:00;0.298;;
966771;unknown;control;2023-04-15 05:30:00+00:00;0.285;;
966771;unknown;control;2023-04-15 05:45:00+00:00;0.43;;
966771;unknown;control;2023-04-15 06:00:00+00:00;1.009;;
966771;unknown;control;2023-04-15 06:15:00+00:00;0.232;;
966771;unknown;control;2023-04-15 06:30:00+00:00;0.158;;
966771;unknown;control;2023-04-15 06:45:00+00:00;0.18;;
966771;unknown;control;2023-04-15 07:00:00+00:00;0.163;;
966771;unknown;control;2023-04-15 07:15:00+00:00;0.166;;
966771;unknown;control;2023-04-15 07:30:00+00:00;0.643;;
966771;unknown;control;2023-04-15 07:45:00+00:00;0.354;;
966771;unknown;control;2023-04-15 08:00:00+00:00;0.325;;
966771;unknown;control;2023-04-15 08:15:00+00:00;0.366;;
966771;unknown;control;2023-04-15 08:30:00+00:00;0.557;;
966771;unknown;control;2023-04-15 08:45:00+00:00;0.163;;
966771;unknown;control;2023-04-15 09:00:00+00:00;0.354;;
966771;unknown;control;2023-04-15 09:15:00+00:00;0.444;;
966771;unknown;control;2023-04-15 09:30:00+00:00;0.136;;
966771;unknown;control;2023-04-15 09:45:00+00:00;0.164;;
966771;unknown;control;2023-04-15 10:00:00+00:00;0.161;;
966771;unknown;control;2023-04-15 10:15:00+00:00;0.118;;
966771;unknown;control;2023-04-15 10:30:00+00:00;0.117;;
966771;unknown;control;2023-04-15 10:45:00+00:00;0.1;;
966771;unknown;control;2023-04-15 11:00:00+00:00;0.105;;
966771;unknown;control;2023-04-15 11:15:00+00:00;0.127;;
966771;unknown;control;2023-04-15 11:30:00+00:00;0.094;;
966771;unknown;control;2023-04-15 11:45:00+00:00;0.1;;
966771;unknown;control;2023-04-15 12:00:00+00:00;0.09;;
966771;unknown;control;2023-04-15 12:15:00+00:00;0.099;;
966771;unknown;control;2023-04-15 12:30:00+00:00;0.103;;
966771;unknown;control;2023-04-15 12:45:00+00:00;0.09;;
966771;unknown;control;2023-04-15 13:00:00+00:00;0.112;;
966771;unknown;control;2023-04-15 13:15:00+00:00;0.102;;
966771;unknown;control;2023-04-15 13:30:00+00:00;0.093;;
966771;unknown;control;2023-04-15 13:45:00+00:00;0.114;;
966771;unknown;control;2023-04-15 14:00:00+00:00;0.101;;
966771;unknown;control;2023-04-15 14:15:00+00:00;0.171;;
966771;unknown;control;2023-04-15 14:30:00+00:00;0.099;;
966771;unknown;control;2023-04-15 14:45:00+00:00;0.091;;
966771;unknown;control;2023-04-15 15:00:00+00:00;0.119;;
966771;unknown;control;2023-04-15 15:15:00+00:00;0.128;;
966771;unknown;control;2023-04-15 15:30:00+00:00;0.28;;
966771;unknown;control;2023-04-15 15:45:00+00:00;0.519;;
966771;unknown;control;2023-04-15 16:00:00+00:00;0.373;;
966771;unknown;control;2023-04-15 16:15:00+00:00;0.231;;
966771;unknown;control;2023-04-15 16:30:00+00:00;0.336;;
966771;unknown;control;2023-04-15 16:45:00+00:00;0.338;;
966771;unknown;control;2023-04-15 17:00:00+00:00;0.22;;
966771;unknown;control;2023-04-15 17:15:00+00:00;0.259;;
966771;unknown;control;2023-04-15 17:30:00+00:00;0.259;;
966771;unknown;control;2023-04-15 17:45:00+00:00;0.309;;
966771;unknown;control;2023-04-15 18:00:00+00:00;0.34;;
966771;unknown;control;2023-04-15 18:15:00+00:00;0.333;;
966771;unknown;control;2023-04-15 18:30:00+00:00;0.326;;
966771;unknown;control;2023-04-15 18:45:00+00:00;0.303;;
966771;unknown;control;2023-04-15 19:00:00+00:00;0.291;;
966771;unknown;control;2023-04-15 19:15:00+00:00;0.33;;
966771;unknown;control;2023-04-15 19:30:00+00:00;0.595;;
966771;unknown;control;2023-04-15 19:45:00+00:00;0.888;;
966771;unknown;control;2023-04-15 20:00:00+00:00;0.307;;
966771;unknown;control;2023-04-15 20:15:00+00:00;0.356;;
966771;unknown;control;2023-04-15 20:30:00+00:00;0.333;;
966771;unknown;control;2023-04-15 20:45:00+00:00;0.24;;
966771;unknown;control;2023-04-15 21:00:00+00:00;0.228;;
966771;unknown;control;2023-04-15 21:15:00+00:00;0.292;;
966771;unknown;control;2023-04-15 21:30:00+00:00;0.372;;
966771;unknown;control;2023-04-15 21:45:00+00:00;0.245;;
966771;unknown;control;2023-04-15 22:00:00+00:00;0.305;;
966771;unknown;control;2023-04-15 22:15:00+00:00;0.256;;
966771;unknown;control;2023-04-15 22:30:00+00:00;0.303;;
966771;unknown;control;2023-04-15 22:45:00+00:00;0.245;;
966771;unknown;control;2023-04-15 23:00:00+00:00;0.29;;
966771;unknown;control;2023-04-15 23:15:00+00:00;0.412;;
966771;unknown;control;2023-04-15 23:30:00+00:00;2.183;;
966771;unknown;control;2023-04-15 23:45:00+00:00;1.527;;
966771;unknown;control;2023-04-16 00:00:00+00:00;1.458;;
966771;unknown;control;2023-04-16 00:15:00+00:00;1.422;;
966771;unknown;control;2023-04-16 00:30:00+00:00;1.472;;
966771;unknown;control;2023-04-16 00:45:00+00:00;1.493;;
966771;unknown;control;2023-04-16 01:00:00+00:00;1.497;;
966771;unknown;control;2023-04-16 01:15:00+00:00;0.78;;
966771;unknown;control;2023-04-16 01:30:00+00:00;0.3;;
966771;unknown;control;2023-04-16 01:45:00+00:00;0.239;;
966771;unknown;control;2023-04-16 02:00:00+00:00;0.301;;
966771;unknown;control;2023-04-16 02:15:00+00:00;0.257;;
966771;unknown;control;2023-04-16 02:30:00+00:00;0.279;;
966771;unknown;control;2023-04-16 02:45:00+00:00;0.288;;
966771;unknown;control;2023-04-16 03:00:00+00:00;0.265;;
966771;unknown;control;2023-04-16 03:15:00+00:00;0.397;;
966771;unknown;control;2023-04-16 03:30:00+00:00;0.227;;
966771;unknown;control;2023-04-16 03:45:00+00:00;0.286;;
966771;unknown;control;2023-04-16 04:00:00+00:00;1.022;;
966771;unknown;control;2023-04-16 04:15:00+00:00;0.496;;
966771;unknown;control;2023-04-16 04:30:00+00:00;0.273;;
966771;unknown;control;2023-04-16 04:45:00+00:00;0.336;;
966771;unknown;control;2023-04-16 05:00:00+00:00;0.367;;
966771;unknown;control;2023-04-16 05:15:00+00:00;0.549;;
966771;unknown;control;2023-04-16 05:30:00+00:00;0.289;;
966771;unknown;control;2023-04-16 05:45:00+00:00;0.297;;
966771;unknown;control;2023-04-16 06:00:00+00:00;0.402;;
966771;unknown;control;2023-04-16 06:15:00+00:00;0.234;;
966771;unknown;control;2023-04-16 06:30:00+00:00;0.208;;
966771;unknown;control;2023-04-16 06:45:00+00:00;0.196;;
966771;unknown;control;2023-04-16 07:00:00+00:00;0.258;;
966771;unknown;control;2023-04-16 07:15:00+00:00;0.599;;
966771;unknown;control;2023-04-16 07:30:00+00:00;0.31;;
966771;unknown;control;2023-04-16 07:45:00+00:00;0.338;;
966771;unknown;control;2023-04-16 08:00:00+00:00;0.18;;
966771;unknown;control;2023-04-16 08:15:00+00:00;0.18;;
966771;unknown;control;2023-04-16 08:30:00+00:00;0.485;;
966771;unknown;control;2023-04-16 08:45:00+00:00;0.393;;
966771;unknown;control;2023-04-16 09:00:00+00:00;0.463;;
966771;unknown;control;2023-04-16 09:15:00+00:00;0.39;;
966771;unknown;control;2023-04-16 09:30:00+00:00;0.294;;
966771;unknown;control;2023-04-16 09:45:00+00:00;0.189;;
966771;unknown;control;2023-04-16 10:00:00+00:00;0.183;;
966771;unknown;control;2023-04-16 10:15:00+00:00;0.118;;
966771;unknown;control;2023-04-16 10:30:00+00:00;0.11;;
966771;unknown;control;2023-04-16 10:45:00+00:00;0.12;;
966771;unknown;control;2023-04-16 11:00:00+00:00;0.115;;
966771;unknown;control;2023-04-16 11:15:00+00:00;0.111;;
966771;unknown;control;2023-04-16 11:30:00+00:00;0.117;;
966771;unknown;control;2023-04-16 11:45:00+00:00;0.119;;
966771;unknown;control;2023-04-16 12:00:00+00:00;0.125;;
966771;unknown;control;2023-04-16 12:15:00+00:00;0.122;;
966771;unknown;control;2023-04-16 12:30:00+00:00;0.114;;
966771;unknown;control;2023-04-16 12:45:00+00:00;0.11;;
966771;unknown;control;2023-04-16 13:00:00+00:00;0.131;;
966771;unknown;control;2023-04-16 13:15:00+00:00;0.226;;
966771;unknown;control;2023-04-16 13:30:00+00:00;0.115;;
966771;unknown;control;2023-04-16 13:45:00+00:00;0.113;;
966771;unknown;control;2023-04-16 14:00:00+00:00;0.238;;
966771;unknown;control;2023-04-16 14:15:00+00:00;1.061;;
966771;unknown;control;2023-04-16 14:30:00+00:00;0.287;;
966771;unknown;control;2023-04-16 14:45:00+00:00;0.214;;
966771;unknown;control;2023-04-16 15:00:00+00:00;0.704;;
966771;unknown;control;2023-04-16 15:15:00+00:00;0.539;;
966771;unknown;control;2023-04-16 15:30:00+00:00;0.8;;
966771;unknown;control;2023-04-16 15:45:00+00:00;0.935;;
966771;unknown;control;2023-04-16 16:00:00+00:00;0.24;;
966771;unknown;control;2023-04-16 16:15:00+00:00;0.268;;
966771;unknown;control;2023-04-16 16:30:00+00:00;0.236;;
966771;unknown;control;2023-04-16 16:45:00+00:00;0.588;;
966771;unknown;control;2023-04-16 17:00:00+00:00;0.615;;
966771;unknown;control;2023-04-16 17:15:00+00:00;0.44;;
966771;unknown;control;2023-04-16 17:30:00+00:00;0.379;;
966771;unknown;control;2023-04-16 17:45:00+00:00;0.412;;
966771;unknown;control;2023-04-16 18:00:00+00:00;0.375;;
966771;unknown;control;2023-04-16 18:15:00+00:00;0.345;;
966771;unknown;control;2023-04-16 18:30:00+00:00;0.394;;
966771;unknown;control;2023-04-16 18:45:00+00:00;0.386;;
966771;unknown;control;2023-04-16 19:00:00+00:00;0.382;;
966771;unknown;control;2023-04-16 19:15:00+00:00;0.385;;
966771;unknown;control;2023-04-16 19:30:00+00:00;0.364;;
966771;unknown;control;2023-04-16 19:45:00+00:00;0.387;;
966771;unknown;control;2023-04-16 20:00:00+00:00;0.532;;
966771;unknown;control;2023-04-16 20:15:00+00:00;1.041;;
966771;unknown;control;2023-04-16 20:30:00+00:00;0.319;;
966771;unknown;control;2023-04-16 20:45:00+00:00;0.287;;
966771;unknown;control;2023-04-16 21:00:00+00:00;0.267;;
966771;unknown;control;2023-04-16 21:15:00+00:00;0.258;;
966771;unknown;control;2023-04-16 21:30:00+00:00;0.25;;
966771;unknown;control;2023-04-16 21:45:00+00:00;0.239;;
966771;unknown;control;2023-04-16 22:00:00+00:00;0.25;;
966771;unknown;control;2023-04-16 22:15:00+00:00;0.232;;
966771;unknown;control;2023-04-16 22:30:00+00:00;0.24;;
966771;unknown;control;2023-04-16 22:45:00+00:00;0.256;;
966771;unknown;control;2023-04-16 23:00:00+00:00;0.239;;
966771;unknown;control;2023-04-16 23:15:00+00:00;0.253;;
966771;unknown;control;2023-04-16 23:30:00+00:00;1.465;;
966771;unknown;control;2023-04-16 23:45:00+00:00;1.924;;
966771;unknown;control;2023-04-17 00:00:00+00:00;1.938;;
966771;unknown;control;2023-04-17 00:15:00+00:00;1.453;;
966771;unknown;control;2023-04-17 00:30:00+00:00;1.451;;
966771;unknown;control;2023-04-17 00:45:00+00:00;1.472;;
966771;unknown;control;2023-04-17 01:00:00+00:00;1.249;;
966771;unknown;control;2023-04-17 01:15:00+00:00;0.239;;
966771;unknown;control;2023-04-17 01:30:00+00:00;0.436;;
966771;unknown;control;2023-04-17 01:45:00+00:00;0.931;;
966771;unknown;control;2023-04-17 02:00:00+00:00;0.241;;
966771;unknown;control;2023-04-17 02:15:00+00:00;0.236;;
966771;unknown;control;2023-04-17 02:30:00+00:00;0.267;;
966771;unknown;control;2023-04-17 02:45:00+00:00;0.294;;
966771;unknown;control;2023-04-17 03:00:00+00:00;0.25;;
966771;unknown;control;2023-04-17 03:15:00+00:00;0.231;;
966771;unknown;control;2023-04-17 03:30:00+00:00;0.228;;
966771;unknown;control;2023-04-17 03:45:00+00:00;0.268;;
966771;unknown;control;2023-04-17 04:00:00+00:00;1.009;;
966771;unknown;control;2023-04-17 04:15:00+00:00;0.362;;
966771;unknown;control;2023-04-17 04:30:00+00:00;0.242;;
966771;unknown;control;2023-04-17 04:45:00+00:00;0.25;;
966771;unknown;control;2023-04-17 05:00:00+00:00;0.256;;
966771;unknown;control;2023-04-17 05:15:00+00:00;0.664;;
966771;unknown;control;2023-04-17 05:30:00+00:00;0.311;;
966771;unknown;control;2023-04-17 05:45:00+00:00;0.284;;
966771;unknown;control;2023-04-17 06:00:00+00:00;0.274;;
966771;unknown;control;2023-04-17 06:15:00+00:00;0.276;;
966771;unknown;control;2023-04-17 06:30:00+00:00;0.337;;
966771;unknown;control;2023-04-17 06:45:00+00:00;0.124;;
966771;unknown;control;2023-04-17 07:00:00+00:00;0.232;;
966771;unknown;control;2023-04-17 07:15:00+00:00;0.15;;
966771;unknown;control;2023-04-17 07:30:00+00:00;0.11;;
966771;unknown;control;2023-04-17 07:45:00+00:00;0.112;;
966771;unknown;control;2023-04-17 08:00:00+00:00;0.106;;
966771;unknown;control;2023-04-17 08:15:00+00:00;0.114;;
966771;unknown;control;2023-04-17 08:30:00+00:00;0.132;;
966771;unknown;control;2023-04-17 08:45:00+00:00;0.104;;
966771;unknown;control;2023-04-17 09:00:00+00:00;0.11;;
966771;unknown;control;2023-04-17 09:15:00+00:00;0.12;;
966771;unknown;control;2023-04-17 09:30:00+00:00;0.409;;
966771;unknown;control;2023-04-17 09:45:00+00:00;0.133;;
966771;unknown;control;2023-04-17 10:00:00+00:00;0.141;;
966771;unknown;control;2023-04-17 10:15:00+00:00;0.127;;
966771;unknown;control;2023-04-17 10:30:00+00:00;0.121;;
966771;unknown;control;2023-04-17 10:45:00+00:00;0.11;;
966771;unknown;control;2023-04-17 11:00:00+00:00;0.115;;
966771;unknown;control;2023-04-17 11:15:00+00:00;0.112;;
966771;unknown;control;2023-04-17 11:30:00+00:00;0.1;;
966771;unknown;control;2023-04-17 11:45:00+00:00;0.113;;
966771;unknown;control;2023-04-17 12:00:00+00:00;0.112;;
966771;unknown;control;2023-04-17 12:15:00+00:00;0.102;;
966771;unknown;control;2023-04-17 12:30:00+00:00;0.109;;
966771;unknown;control;2023-04-17 12:45:00+00:00;0.107;;
966771;unknown;control;2023-04-17 13:00:00+00:00;0.117;;
966771;unknown;control;2023-04-17 13:15:00+00:00;0.111;;
966771;unknown;control;2023-04-17 13:30:00+00:00;0.103;;
966771;unknown;control;2023-04-17 13:45:00+00:00;0.107;;
966771;unknown;control;2023-04-17 14:00:00+00:00;0.098;;
966771;unknown;control;2023-04-17 14:15:00+00:00;0.091;;
966771;unknown;control;2023-04-17 14:30:00+00:00;0.098;;
966771;unknown;control;2023-04-17 14:45:00+00:00;0.1;;
966771;unknown;control;2023-04-17 15:00:00+00:00;0.09;;
966771;unknown;control;2023-04-17 15:15:00+00:00;0.104;;
966771;unknown;control;2023-04-17 15:30:00+00:00;0.095;;
966771;unknown;control;2023-04-17 15:45:00+00:00;0.111;;
966771;unknown;control;2023-04-17 16:00:00+00:00;0.133;;
966771;unknown;control;2023-04-17 16:15:00+00:00;0.091;;
966771;unknown;control;2023-04-17 16:30:00+00:00;0.456;;
966771;unknown;control;2023-04-17 16:45:00+00:00;0.11;;
966771;unknown;control;2023-04-17 17:00:00+00:00;0.115;;
966771;unknown;control;2023-04-17 17:15:00+00:00;0.109;;
966771;unknown;control;2023-04-17 17:30:00+00:00;0.113;;
966771;unknown;control;2023-04-17 17:45:00+00:00;0.101;;
966771;unknown;control;2023-04-17 18:00:00+00:00;0.119;;
966771;unknown;control;2023-04-17 18:15:00+00:00;0.124;;
966771;unknown;control;2023-04-17 18:30:00+00:00;0.114;;
966771;unknown;control;2023-04-17 18:45:00+00:00;0.232;;
966771;unknown;control;2023-04-17 19:00:00+00:00;0.188;;
966771;unknown;control;2023-04-17 19:15:00+00:00;0.178;;
966771;unknown;control;2023-04-17 19:30:00+00:00;0.196;;
966771;unknown;control;2023-04-17 19:45:00+00:00;0.185;;
966771;unknown;control;2023-04-17 20:00:00+00:00;0.17;;
966771;unknown;control;2023-04-17 20:15:00+00:00;0.174;;
966771;unknown;control;2023-04-17 20:30:00+00:00;0.138;;
966771;unknown;control;2023-04-17 20:45:00+00:00;0.101;;
966771;unknown;control;2023-04-17 21:00:00+00:00;0.307;;
966771;unknown;control;2023-04-17 21:15:00+00:00;0.832;;
966771;unknown;control;2023-04-17 21:30:00+00:00;0.243;;
966771;unknown;control;2023-04-17 21:45:00+00:00;0.109;;
966771;unknown;control;2023-04-17 22:00:00+00:00;0.105;;
966771;unknown;control;2023-04-17 22:15:00+00:00;0.108;;
966771;unknown;control;2023-04-17 22:30:00+00:00;0.112;;
966771;unknown;control;2023-04-17 22:45:00+00:00;0.104;;
966771;unknown;control;2023-04-17 23:00:00+00:00;0.111;;
966771;unknown;control;2023-04-17 23:15:00+00:00;0.122;;
966771;unknown;control;2023-04-17 23:30:00+00:00;2.034;;
966771;unknown;control;2023-04-17 23:45:00+00:00;1.463;;
966771;unknown;control;2023-04-18 00:00:00+00:00;1.285;;
966771;unknown;control;2023-04-18 00:15:00+00:00;1.303;;
966771;unknown;control;2023-04-18 00:30:00+00:00;1.337;;
966771;unknown;control;2023-04-18 00:45:00+00:00;0.96;;
966771;unknown;control;2023-04-18 01:00:00+00:00;0.109;;
966771;unknown;control;2023-04-18 01:15:00+00:00;0.112;;
966771;unknown;control;2023-04-18 01:30:00+00:00;0.102;;
966771;unknown;control;2023-04-18 01:45:00+00:00;0.112;;
966771;unknown;control;2023-04-18 02:00:00+00:00;0.11;;
966771;unknown;control;2023-04-18 02:15:00+00:00;0.102;;
966771;unknown;control;2023-04-18 02:30:00+00:00;0.113;;
966771;unknown;control;2023-04-18 02:45:00+00:00;0.107;;
966771;unknown;control;2023-04-18 03:00:00+00:00;0.105;;
966771;unknown;control;2023-04-18 03:15:00+00:00;0.102;;
966771;unknown;control;2023-04-18 03:30:00+00:00;0.087;;
966771;unknown;control;2023-04-18 03:45:00+00:00;0.172;;
966771;unknown;control;2023-04-18 04:00:00+00:00;0.811;;
966771;unknown;control;2023-04-18 04:15:00+00:00;0.102;;
966771;unknown;control;2023-04-18 04:30:00+00:00;0.122;;
966771;unknown;control;2023-04-18 04:45:00+00:00;0.136;;
966771;unknown;control;2023-04-18 05:00:00+00:00;0.115;;
966771;unknown;control;2023-04-18 05:15:00+00:00;0.122;;
966771;unknown;control;2023-04-18 05:30:00+00:00;0.116;;
966771;unknown;control;2023-04-18 05:45:00+00:00;0.397;;
966771;unknown;control;2023-04-18 06:00:00+00:00;0.567;;
966771;unknown;control;2023-04-18 06:15:00+00:00;0.139;;
966771;unknown;control;2023-04-18 06:30:00+00:00;0.135;;
966771;unknown;control;2023-04-18 06:45:00+00:00;0.146;;
966771;unknown;control;2023-04-18 07:00:00+00:00;0.115;;
966771;unknown;control;2023-04-18 07:15:00+00:00;0.109;;
966771;unknown;control;2023-04-18 07:30:00+00:00;0.107;;
966771;unknown;control;2023-04-18 07:45:00+00:00;0.106;;
966771;unknown;control;2023-04-18 08:00:00+00:00;0.11;;
966771;unknown;control;2023-04-18 08:15:00+00:00;0.107;;
966771;unknown;control;2023-04-18 08:30:00+00:00;0.163;;
966771;unknown;control;2023-04-18 08:45:00+00:00;0.158;;
966771;unknown;control;2023-04-18 09:00:00+00:00;0.106;;
966771;unknown;control;2023-04-18 09:15:00+00:00;0.111;;
966771;unknown;control;2023-04-18 09:30:00+00:00;0.11;;
966771;unknown;control;2023-04-18 09:45:00+00:00;0.105;;
966771;unknown;control;2023-04-18 10:00:00+00:00;0.473;;
966771;unknown;control;2023-04-18 10:15:00+00:00;0.275;;
966771;unknown;control;2023-04-18 10:30:00+00:00;0.108;;
966771;unknown;control;2023-04-18 10:45:00+00:00;0.213;;
966771;unknown;control;2023-04-18 11:00:00+00:00;0.255;;
966771;unknown;control;2023-04-18 11:15:00+00:00;0.246;;
966771;unknown;control;2023-04-18 11:30:00+00:00;0.112;;
966771;unknown;control;2023-04-18 11:45:00+00:00;0.109;;
966771;unknown;control;2023-04-18 12:00:00+00:00;0.104;;
966771;unknown;control;2023-04-18 12:15:00+00:00;0.116;;
966771;unknown;control;2023-04-18 12:30:00+00:00;0.108;;
966771;unknown;control;2023-04-18 12:45:00+00:00;0.106;;
966771;unknown;control;2023-04-18 13:00:00+00:00;0.125;;
966771;unknown;control;2023-04-18 13:15:00+00:00;0.113;;
966771;unknown;control;2023-04-18 13:30:00+00:00;0.114;;
966771;unknown;control;2023-04-18 13:45:00+00:00;0.109;;
966771;unknown;control;2023-04-18 14:00:00+00:00;0.093;;
966771;unknown;control;2023-04-18 14:15:00+00:00;0.097;;
966771;unknown;control;2023-04-18 14:30:00+00:00;0.271;;
966771;unknown;control;2023-04-18 14:45:00+00:00;0.175;;
966771;unknown;control;2023-04-18 15:00:00+00:00;0.134;;
966771;unknown;control;2023-04-18 15:15:00+00:00;0.122;;
966771;unknown;control;2023-04-18 15:30:00+00:00;0.119;;
966771;unknown;control;2023-04-18 15:45:00+00:00;0.121;;
966771;unknown;control;2023-04-18 16:00:00+00:00;0.129;;
966771;unknown;control;2023-04-18 16:15:00+00:00;0.147;;
966771;unknown;control;2023-04-18 16:30:00+00:00;0.15;;
966771;unknown;control;2023-04-18 16:45:00+00:00;0.161;;
966771;unknown;control;2023-04-18 17:00:00+00:00;0.1;;
966771;unknown;control;2023-04-18 17:15:00+00:00;0.094;;
966771;unknown;control;2023-04-18 17:30:00+00:00;0.453;;
966771;unknown;control;2023-04-18 17:45:00+00:00;0.546;;
966771;unknown;control;2023-04-18 18:00:00+00:00;0.465;;
966771;unknown;control;2023-04-18 18:15:00+00:00;0.441;;
966771;unknown;control;2023-04-18 18:30:00+00:00;0.408;;
966771;unknown;control;2023-04-18 18:45:00+00:00;0.208;;
966771;unknown;control;2023-04-18 19:00:00+00:00;0.228;;
966771;unknown;control;2023-04-18 19:15:00+00:00;0.198;;
966771;unknown;control;2023-04-18 19:30:00+00:00;0.183;;
966771;unknown;control;2023-04-18 19:45:00+00:00;0.173;;
966771;unknown;control;2023-04-18 20:00:00+00:00;0.126;;
966771;unknown;control;2023-04-18 20:15:00+00:00;0.111;;
966771;unknown;control;2023-04-18 20:30:00+00:00;0.099;;
966771;unknown;control;2023-04-18 20:45:00+00:00;0.095;;
966771;unknown;control;2023-04-18 21:00:00+00:00;0.09;;
966771;unknown;control;2023-04-18 21:15:00+00:00;0.094;;
966771;unknown;control;2023-04-18 21:30:00+00:00;0.112;;
966771;unknown;control;2023-04-18 21:45:00+00:00;0.121;;
966771;unknown;control;2023-04-18 22:00:00+00:00;0.142;;
966771;unknown;control;2023-04-18 22:15:00+00:00;0.165;;
966771;unknown;control;2023-04-18 22:30:00+00:00;0.119;;
966771;unknown;control;2023-04-18 22:45:00+00:00;0.122;;
966771;unknown;control;2023-04-18 23:00:00+00:00;0.123;;
966771;unknown;control;2023-04-18 23:15:00+00:00;0.119;;
966771;unknown;control;2023-04-18 23:30:00+00:00;1.334;;
966771;unknown;control;2023-04-18 23:45:00+00:00;1.297;;
966771;unknown;control;2023-04-19 00:00:00+00:00;1.303;;
966771;unknown;control;2023-04-19 00:15:00+00:00;1.298;;
966771;unknown;control;2023-04-19 00:30:00+00:00;1.312;;
966771;unknown;control;2023-04-19 00:45:00+00:00;0.885;;
966771;unknown;control;2023-04-19 01:00:00+00:00;0.113;;
966771;unknown;control;2023-04-19 01:15:00+00:00;0.114;;
966771;unknown;control;2023-04-19 01:30:00+00:00;0.108;;
966771;unknown;control;2023-04-19 01:45:00+00:00;0.105;;
966771;unknown;control;2023-04-19 02:00:00+00:00;0.116;;
966771;unknown;control;2023-04-19 02:15:00+00:00;0.107;;
966771;unknown;control;2023-04-19 02:30:00+00:00;0.108;;
966771;unknown;control;2023-04-19 02:45:00+00:00;0.114;;
966771;unknown;control;2023-04-19 03:00:00+00:00;0.101;;
966771;unknown;control;2023-04-19 03:15:00+00:00;0.099;;
966771;unknown;control;2023-04-19 03:30:00+00:00;0.093;;
966771;unknown;control;2023-04-19 03:45:00+00:00;0.204;;
966771;unknown;control;2023-04-19 04:00:00+00:00;0.751;;
966771;unknown;control;2023-04-19 04:15:00+00:00;0.11;;
966771;unknown;control;2023-04-19 04:30:00+00:00;0.127;;
966771;unknown;control;2023-04-19 04:45:00+00:00;0.115;;
966771;unknown;control;2023-04-19 05:00:00+00:00;0.128;;
966771;unknown;control;2023-04-19 05:15:00+00:00;0.112;;
966771;unknown;control;2023-04-19 05:30:00+00:00;0.113;;
966771;unknown;control;2023-04-19 05:45:00+00:00;0.113;;
966771;unknown;control;2023-04-19 06:00:00+00:00;0.107;;
966771;unknown;control;2023-04-19 06:15:00+00:00;0.117;;
966771;unknown;control;2023-04-19 06:30:00+00:00;0.104;;
966771;unknown;control;2023-04-19 06:45:00+00:00;0.107;;
966771;unknown;control;2023-04-19 07:00:00+00:00;0.107;;
966771;unknown;control;2023-04-19 07:15:00+00:00;0.105;;
966771;unknown;control;2023-04-19 07:30:00+00:00;0.11;;
966771;unknown;control;2023-04-19 07:45:00+00:00;0.108;;
966771;unknown;control;2023-04-19 08:00:00+00:00;0.107;;
966771;unknown;control;2023-04-19 08:15:00+00:00;0.111;;
966771;unknown;control;2023-04-19 08:30:00+00:00;0.126;;
966771;unknown;control;2023-04-19 08:45:00+00:00;0.118;;
966771;unknown;control;2023-04-19 09:00:00+00:00;0.214;;
966771;unknown;control;2023-04-19 09:15:00+00:00;0.466;;
966771;unknown;control;2023-04-19 09:30:00+00:00;0.176;;
966771;unknown;control;2023-04-19 09:45:00+00:00;0.123;;
966771;unknown;control;2023-04-19 10:00:00+00:00;0.115;;
966771;unknown;control;2023-04-19 10:15:00+00:00;0.128;;
966771;unknown;control;2023-04-19 10:30:00+00:00;0.117;;
966771;unknown;control;2023-04-19 10:45:00+00:00;0.113;;
966771;unknown;control;2023-04-19 11:00:00+00:00;0.13;;
966771;unknown;control;2023-04-19 11:15:00+00:00;0.125;;
966771;unknown;control;2023-04-19 11:30:00+00:00;0.118;;
966771;unknown;control;2023-04-19 11:45:00+00:00;0.119;;
966771;unknown;control;2023-04-19 12:00:00+00:00;0.106;;
966771;unknown;control;2023-04-19 12:15:00+00:00;0.109;;
966771;unknown;control;2023-04-19 12:30:00+00:00;0.114;;
966771;unknown;control;2023-04-19 12:45:00+00:00;0.104;;
966771;unknown;control;2023-04-19 13:00:00+00:00;0.109;;
966771;unknown;control;2023-04-19 13:15:00+00:00;0.189;;
966771;unknown;control;2023-04-19 13:30:00+00:00;0.21;;
966771;unknown;control;2023-04-19 13:45:00+00:00;0.321;;
966771;unknown;control;2023-04-19 14:00:00+00:00;0.45;;
966771;unknown;control;2023-04-19 14:15:00+00:00;0.372;;
966771;unknown;control;2023-04-19 14:30:00+00:00;0.164;;
966771;unknown;control;2023-04-19 14:45:00+00:00;0.089;;
966771;unknown;control;2023-04-19 15:00:00+00:00;0.092;;
966771;unknown;control;2023-04-19 15:15:00+00:00;0.094;;
966771;unknown;control;2023-04-19 15:30:00+00:00;0.094;;
966771;unknown;control;2023-04-19 15:45:00+00:00;0.1;;
966771;unknown;control;2023-04-19 16:00:00+00:00;0.1;;
966771;unknown;control;2023-04-19 16:15:00+00:00;0.104;;
966771;unknown;control;2023-04-19 16:30:00+00:00;0.197;;
966771;unknown;control;2023-04-19 16:45:00+00:00;0.126;;
966771;unknown;control;2023-04-19 17:00:00+00:00;0.12;;
966771;unknown;control;2023-04-19 17:15:00+00:00;0.13;;
966771;unknown;control;2023-04-19 17:30:00+00:00;0.746;;
966771;unknown;control;2023-04-19 17:45:00+00:00;0.355;;
966771;unknown;control;2023-04-19 18:00:00+00:00;0.464;;
966771;unknown;control;2023-04-19 18:15:00+00:00;0.462;;
966771;unknown;control;2023-04-19 18:30:00+00:00;0.631;;
966771;unknown;control;2023-04-19 18:45:00+00:00;0.63;;
966771;unknown;control;2023-04-19 19:00:00+00:00;0.544;;
966771;unknown;control;2023-04-19 19:15:00+00:00;0.932;;
966771;unknown;control;2023-04-19 19:30:00+00:00;1.092;;
966771;unknown;control;2023-04-19 19:45:00+00:00;0.511;;
966771;unknown;control;2023-04-19 20:00:00+00:00;0.524;;
966771;unknown;control;2023-04-19 20:15:00+00:00;0.581;;
966771;unknown;control;2023-04-19 20:30:00+00:00;0.616;;
966771;unknown;control;2023-04-19 20:45:00+00:00;0.547;;
966771;unknown;control;2023-04-19 21:00:00+00:00;0.818;;
966771;unknown;control;2023-04-19 21:15:00+00:00;1.331;;
966771;unknown;control;2023-04-19 21:30:00+00:00;0.794;;
966771;unknown;control;2023-04-19 21:45:00+00:00;0.468;;
966771;unknown;control;2023-04-19 22:00:00+00:00;0.482;;
966771;unknown;control;2023-04-19 22:15:00+00:00;0.989;;
966771;unknown;control;2023-04-19 22:30:00+00:00;1.026;;
966771;unknown;control;2023-04-19 22:45:00+00:00;0.438;;
966771;unknown;control;2023-04-19 23:00:00+00:00;0.419;;
966771;unknown;control;2023-04-19 23:15:00+00:00;0.401;;
966771;unknown;control;2023-04-19 23:30:00+00:00;1.665;;
966771;unknown;control;2023-04-19 23:45:00+00:00;1.997;;
966771;unknown;control;2023-04-20 00:00:00+00:00;2.316;;
966771;unknown;control;2023-04-20 00:15:00+00:00;1.812;;
966771;unknown;control;2023-04-20 00:30:00+00:00;1.577;;
966771;unknown;control;2023-04-20 00:45:00+00:00;1.025;;
966771;unknown;control;2023-04-20 01:00:00+00:00;0.766;;
966771;unknown;control;2023-04-20 01:15:00+00:00;1.198;;
966771;unknown;control;2023-04-20 01:30:00+00:00;0.488;;
966771;unknown;control;2023-04-20 01:45:00+00:00;0.436;;
966771;unknown;control;2023-04-20 02:00:00+00:00;0.404;;
966771;unknown;control;2023-04-20 02:15:00+00:00;0.402;;
966771;unknown;control;2023-04-20 02:30:00+00:00;0.945;;
966771;unknown;control;2023-04-20 02:45:00+00:00;0.957;;
966771;unknown;control;2023-04-20 03:00:00+00:00;0.392;;
966771;unknown;control;2023-04-20 03:15:00+00:00;0.385;;
966771;unknown;control;2023-04-20 03:30:00+00:00;0.423;;
966771;unknown;control;2023-04-20 03:45:00+00:00;0.411;;
966771;unknown;control;2023-04-20 04:00:00+00:00;0.381;;
966771;unknown;control;2023-04-20 04:15:00+00:00;0.408;;
966771;unknown;control;2023-04-20 04:30:00+00:00;0.387;;
966771;unknown;control;2023-04-20 04:45:00+00:00;0.631;;
966771;unknown;control;2023-04-20 05:00:00+00:00;0.542;;
966771;unknown;control;2023-04-20 05:15:00+00:00;0.433;;
966771;unknown;control;2023-04-20 05:30:00+00:00;0.406;;
966771;unknown;control;2023-04-20 05:45:00+00:00;0.85;;
966771;unknown;control;2023-04-20 06:00:00+00:00;1.218;;
966771;unknown;control;2023-04-20 06:15:00+00:00;1.138;;
966771;unknown;control;2023-04-20 06:30:00+00:00;0.484;;
966771;unknown;control;2023-04-20 06:45:00+00:00;0.593;;
966771;unknown;control;2023-04-20 07:00:00+00:00;0.914;;
966771;unknown;control;2023-04-20 07:15:00+00:00;1.011;;
966771;unknown;control;2023-04-20 07:30:00+00:00;1.291;;
966771;unknown;control;2023-04-20 07:45:00+00:00;0.528;;
966771;unknown;control;2023-04-20 08:00:00+00:00;0.425;;
966771;unknown;control;2023-04-20 08:15:00+00:00;0.456;;
966771;unknown;control;2023-04-20 08:30:00+00:00;0.41;;
966771;unknown;control;2023-04-20 08:45:00+00:00;0.868;;
966771;unknown;control;2023-04-20 09:00:00+00:00;0.884;;
966771;unknown;control;2023-04-20 09:15:00+00:00;0.14;;
966771;unknown;control;2023-04-20 09:30:00+00:00;0.328;;
966771;unknown;control;2023-04-20 09:45:00+00:00;0.236;;
966771;unknown;control;2023-04-20 10:00:00+00:00;0.219;;
966771;unknown;control;2023-04-20 10:15:00+00:00;0.264;;
966771;unknown;control;2023-04-20 10:30:00+00:00;0.269;;
966771;unknown;control;2023-04-20 10:45:00+00:00;0.812;;
966771;unknown;control;2023-04-20 11:00:00+00:00;0.85;;
966771;unknown;control;2023-04-20 11:15:00+00:00;0.266;;
966771;unknown;control;2023-04-20 11:30:00+00:00;0.298;;
966771;unknown;control;2023-04-20 11:45:00+00:00;0.29;;
966771;unknown;control;2023-04-20 12:00:00+00:00;0.278;;
966771;unknown;control;2023-04-20 12:15:00+00:00;0.249;;
966771;unknown;control;2023-04-20 12:30:00+00:00;0.265;;
966771;unknown;control;2023-04-20 12:45:00+00:00;0.246;;
966771;unknown;control;2023-04-20 13:00:00+00:00;0.209;;
966771;unknown;control;2023-04-20 13:15:00+00:00;0.195;;
966771;unknown;control;2023-04-20 13:30:00+00:00;0.238;;
966771;unknown;control;2023-04-20 13:45:00+00:00;0.296;;
966771;unknown;control;2023-04-20 14:00:00+00:00;0.219;;
966771;unknown;control;2023-04-20 14:15:00+00:00;0.235;;
966771;unknown;control;2023-04-20 14:30:00+00:00;0.257;;
966771;unknown;control;2023-04-20 14:45:00+00:00;1.005;;
966771;unknown;control;2023-04-20 15:00:00+00:00;0.508;;
966771;unknown;control;2023-04-20 15:15:00+00:00;0.437;;
966771;unknown;control;2023-04-20 15:30:00+00:00;0.382;;
966771;unknown;control;2023-04-20 15:45:00+00:00;0.28;;
966771;unknown;control;2023-04-20 16:00:00+00:00;0.247;;
966771;unknown;control;2023-04-20 16:15:00+00:00;0.241;;
966771;unknown;control;2023-04-20 16:30:00+00:00;0.321;;
966771;unknown;control;2023-04-20 16:45:00+00:00;0.303;;
966771;unknown;control;2023-04-20 17:00:00+00:00;0.268;;
966771;unknown;control;2023-04-20 17:15:00+00:00;0.143;;
966771;unknown;control;2023-04-20 17:30:00+00:00;0.299;;
966771;unknown;control;2023-04-20 17:45:00+00:00;0.287;;
966771;unknown;control;2023-04-20 18:00:00+00:00;0.692;;
966771;unknown;control;2023-04-20 18:15:00+00:00;0.909;;
966771;unknown;control;2023-04-20 18:30:00+00:00;0.372;;
966771;unknown;control;2023-04-20 18:45:00+00:00;0.294;;
966771;unknown;control;2023-04-20 19:00:00+00:00;0.651;;
966771;unknown;control;2023-04-20 19:15:00+00:00;1.046;;
966771;unknown;control;2023-04-20 19:30:00+00:00;0.463;;
966771;unknown;control;2023-04-20 19:45:00+00:00;0.297;;
966771;unknown;control;2023-04-20 20:00:00+00:00;0.35;;
966771;unknown;control;2023-04-20 20:15:00+00:00;0.454;;
966771;unknown;control;2023-04-20 20:30:00+00:00;0.534;;
966771;unknown;control;2023-04-20 20:45:00+00:00;0.376;;
966771;unknown;control;2023-04-20 21:00:00+00:00;0.711;;
966771;unknown;control;2023-04-20 21:15:00+00:00;1.158;;
966771;unknown;control;2023-04-20 21:30:00+00:00;1.177;;
966771;unknown;control;2023-04-20 21:45:00+00:00;0.966;;
966771;unknown;control;2023-04-20 22:00:00+00:00;1.124;;
966771;unknown;control;2023-04-20 22:15:00+00:00;0.452;;
966771;unknown;control;2023-04-20 22:30:00+00:00;0.418;;
966771;unknown;control;2023-04-20 22:45:00+00:00;0.617;;
966771;unknown;control;2023-04-20 23:00:00+00:00;1.129;;
966771;unknown;control;2023-04-20 23:15:00+00:00;0.951;;
966771;unknown;control;2023-04-20 23:30:00+00:00;1.538;;
966771;unknown;control;2023-04-20 23:45:00+00:00;1.512;;
966771;unknown;control;2023-04-21 00:00:00+00:00;1.7;;
966771;unknown;control;2023-04-21 00:15:00+00:00;2.236;;
966771;unknown;control;2023-04-21 00:30:00+00:00;2.194;;
966771;unknown;control;2023-04-21 00:45:00+00:00;1.543;;
966771;unknown;control;2023-04-21 01:00:00+00:00;1.025;;
966771;unknown;control;2023-04-21 01:15:00+00:00;0.321;;
966771;unknown;control;2023-04-21 01:30:00+00:00;0.334;;
966771;unknown;control;2023-04-21 01:45:00+00:00;0.304;;
966771;unknown;control;2023-04-21 02:00:00+00:00;0.314;;
966771;unknown;control;2023-04-21 02:15:00+00:00;0.292;;
966771;unknown;control;2023-04-21 02:30:00+00:00;0.305;;
966771;unknown;control;2023-04-21 02:45:00+00:00;0.855;;
966771;unknown;control;2023-04-21 03:00:00+00:00;1.063;;
966771;unknown;control;2023-04-21 03:15:00+00:00;0.35;;
966771;unknown;control;2023-04-21 03:30:00+00:00;0.294;;
966771;unknown;control;2023-04-21 03:45:00+00:00;0.316;;
966771;unknown;control;2023-04-21 04:00:00+00:00;0.306;;
966771;unknown;control;2023-04-21 04:15:00+00:00;0.332;;
966771;unknown;control;2023-04-21 04:30:00+00:00;0.439;;
966771;unknown;control;2023-04-21 04:45:00+00:00;1.057;;
966771;unknown;control;2023-04-21 05:00:00+00:00;0.684;;
966771;unknown;control;2023-04-21 05:15:00+00:00;0.305;;
966771;unknown;control;2023-04-21 05:30:00+00:00;0.238;;
966771;unknown;control;2023-04-21 05:45:00+00:00;0.394;;
966771;unknown;control;2023-04-21 06:00:00+00:00;0.676;;
966771;unknown;control;2023-04-21 06:15:00+00:00;0.203;;
966771;unknown;control;2023-04-21 06:30:00+00:00;0.195;;
966771;unknown;control;2023-04-21 06:45:00+00:00;0.396;;
966771;unknown;control;2023-04-21 07:00:00+00:00;0.242;;
966771;unknown;control;2023-04-21 07:15:00+00:00;0.101;;
966771;unknown;control;2023-04-21 07:30:00+00:00;0.112;;
966771;unknown;control;2023-04-21 07:45:00+00:00;0.11;;
966771;unknown;control;2023-04-21 08:00:00+00:00;0.106;;
966771;unknown;control;2023-04-21 08:15:00+00:00;0.11;;
966771;unknown;control;2023-04-21 08:30:00+00:00;0.099;;
966771;unknown;control;2023-04-21 08:45:00+00:00;0.107;;
966771;unknown;control;2023-04-21 09:00:00+00:00;0.111;;
966771;unknown;control;2023-04-21 09:15:00+00:00;0.185;;
966771;unknown;control;2023-04-21 09:30:00+00:00;0.117;;
966771;unknown;control;2023-04-21 09:45:00+00:00;0.118;;
966771;unknown;control;2023-04-21 10:00:00+00:00;0.118;;
966771;unknown;control;2023-04-21 10:15:00+00:00;0.115;;
966771;unknown;control;2023-04-21 10:30:00+00:00;0.109;;
966771;unknown;control;2023-04-21 10:45:00+00:00;0.108;;
966771;unknown;control;2023-04-21 11:00:00+00:00;0.116;;
966771;unknown;control;2023-04-21 11:15:00+00:00;0.105;;
966771;unknown;control;2023-04-21 11:30:00+00:00;0.106;;
966771;unknown;control;2023-04-21 11:45:00+00:00;0.115;;
966771;unknown;control;2023-04-21 12:00:00+00:00;0.111;;
966771;unknown;control;2023-04-21 12:15:00+00:00;0.112;;
966771;unknown;control;2023-04-21 12:30:00+00:00;0.11;;
966771;unknown;control;2023-04-21 12:45:00+00:00;0.083;;
966771;unknown;control;2023-04-21 13:00:00+00:00;0.09;;
966771;unknown;control;2023-04-21 13:15:00+00:00;0.105;;
966771;unknown;control;2023-04-21 13:30:00+00:00;0.106;;
966771;unknown;control;2023-04-21 13:45:00+00:00;0.121;;
966771;unknown;control;2023-04-21 14:00:00+00:00;0.121;;
966771;unknown;control;2023-04-21 14:15:00+00:00;0.112;;
966771;unknown;control;2023-04-21 14:30:00+00:00;0.217;;
966771;unknown;control;2023-04-21 14:45:00+00:00;0.111;;
966771;unknown;control;2023-04-21 15:00:00+00:00;0.095;;
966771;unknown;control;2023-04-21 15:15:00+00:00;0.099;;
966771;unknown;control;2023-04-21 15:30:00+00:00;0.087;;
966771;unknown;control;2023-04-21 15:45:00+00:00;0.098;;
966771;unknown;control;2023-04-21 16:00:00+00:00;0.091;;
966771;unknown;control;2023-04-21 16:15:00+00:00;0.083;;
966771;unknown;control;2023-04-21 16:30:00+00:00;0.094;;
966771;unknown;control;2023-04-21 16:45:00+00:00;0.087;;
966771;unknown;control;2023-04-21 17:00:00+00:00;0.08;;
966771;unknown;control;2023-04-21 17:15:00+00:00;0.091;;
966771;unknown;control;2023-04-21 17:30:00+00:00;0.102;;
966771;unknown;control;2023-04-21 17:45:00+00:00;0.101;;
966771;unknown;control;2023-04-21 18:00:00+00:00;0.109;;
966771;unknown;control;2023-04-21 18:15:00+00:00;0.106;;
966771;unknown;control;2023-04-21 18:30:00+00:00;0.12;;
966771;unknown;control;2023-04-21 18:45:00+00:00;0.122;;
966771;unknown;control;2023-04-21 19:00:00+00:00;0.121;;
966771;unknown;control;2023-04-21 19:15:00+00:00;0.148;;
966771;unknown;control;2023-04-21 19:30:00+00:00;0.152;;
966771;unknown;control;2023-04-21 19:45:00+00:00;0.144;;
966771;unknown;control;2023-04-21 20:00:00+00:00;0.147;;
966771;unknown;control;2023-04-21 20:15:00+00:00;0.147;;
966771;unknown;control;2023-04-21 20:30:00+00:00;0.133;;
966771;unknown;control;2023-04-21 20:45:00+00:00;0.118;;
966771;unknown;control;2023-04-21 21:00:00+00:00;0.091;;
966771;unknown;control;2023-04-21 21:15:00+00:00;0.606;;
966771;unknown;control;2023-04-21 21:30:00+00:00;0.577;;
966771;unknown;control;2023-04-21 21:45:00+00:00;0.109;;
966771;unknown;control;2023-04-21 22:00:00+00:00;0.109;;
966771;unknown;control;2023-04-21 22:15:00+00:00;0.114;;
966771;unknown;control;2023-04-21 22:30:00+00:00;0.109;;
966771;unknown;control;2023-04-21 22:45:00+00:00;0.117;;
966771;unknown;control;2023-04-21 23:00:00+00:00;0.113;;
966771;unknown;control;2023-04-21 23:15:00+00:00;0.102;;
966771;unknown;control;2023-04-21 23:30:00+00:00;1.328;;
966771;unknown;control;2023-04-21 23:45:00+00:00;1.724;;
966771;unknown;control;2023-04-22 00:00:00+00:00;1.924;;
966771;unknown;control;2023-04-22 00:15:00+00:00;1.293;;
966771;unknown;control;2023-04-22 00:30:00+00:00;1.411;;
966771;unknown;control;2023-04-22 00:45:00+00:00;2.024;;
966771;unknown;control;2023-04-22 01:00:00+00:00;0.737;;
966771;unknown;control;2023-04-22 01:15:00+00:00;0.104;;
966771;unknown;control;2023-04-22 01:30:00+00:00;0.112;;
966771;unknown;control;2023-04-22 01:45:00+00:00;0.322;;
966771;unknown;control;2023-04-22 02:00:00+00:00;0.852;;
966771;unknown;control;2023-04-22 02:15:00+00:00;0.752;;
966771;unknown;control;2023-04-22 02:30:00+00:00;0.163;;
966771;unknown;control;2023-04-22 02:45:00+00:00;0.136;;
966771;unknown;control;2023-04-22 03:00:00+00:00;0.197;;
966771;unknown;control;2023-04-22 03:15:00+00:00;0.303;;
966771;unknown;control;2023-04-22 03:30:00+00:00;0.195;;
966771;unknown;control;2023-04-22 03:45:00+00:00;0.759;;
966771;unknown;control;2023-04-22 04:00:00+00:00;0.867;;
966771;unknown;control;2023-04-22 04:15:00+00:00;0.149;;
966771;unknown;control;2023-04-22 04:30:00+00:00;0.117;;
966771;unknown;control;2023-04-22 04:45:00+00:00;0.109;;
966771;unknown;control;2023-04-22 05:00:00+00:00;0.115;;
966771;unknown;control;2023-04-22 05:15:00+00:00;0.738;;
966771;unknown;control;2023-04-22 05:30:00+00:00;0.6;;
966771;unknown;control;2023-04-22 05:45:00+00:00;0.114;;
966771;unknown;control;2023-04-22 06:00:00+00:00;0.112;;
966771;unknown;control;2023-04-22 06:15:00+00:00;0.106;;
966771;unknown;control;2023-04-22 06:30:00+00:00;0.423;;
966771;unknown;control;2023-04-22 06:45:00+00:00;0.737;;
966771;unknown;control;2023-04-22 07:00:00+00:00;0.173;;
966771;unknown;control;2023-04-22 07:15:00+00:00;0.142;;
966771;unknown;control;2023-04-22 07:30:00+00:00;0.169;;
966771;unknown;control;2023-04-22 07:45:00+00:00;0.152;;
966771;unknown;control;2023-04-22 08:00:00+00:00;0.63;;
966771;unknown;control;2023-04-22 08:15:00+00:00;0.177;;
966771;unknown;control;2023-04-22 08:30:00+00:00;0.158;;
966771;unknown;control;2023-04-22 08:45:00+00:00;0.154;;
966771;unknown;control;2023-04-22 09:00:00+00:00;0.136;;
966771;unknown;control;2023-04-22 09:15:00+00:00;0.117;;
966771;unknown;control;2023-04-22 09:30:00+00:00;0.097;;
966771;unknown;control;2023-04-22 09:45:00+00:00;0.102;;
966771;unknown;control;2023-04-22 10:00:00+00:00;0.258;;
966771;unknown;control;2023-04-22 10:15:00+00:00;0.534;;
966771;unknown;control;2023-04-22 10:30:00+00:00;0.51;;
966771;unknown;control;2023-04-22 10:45:00+00:00;0.418;;
966771;unknown;control;2023-04-22 11:00:00+00:00;0.257;;
966771;unknown;control;2023-04-22 11:15:00+00:00;0.264;;
966771;unknown;control;2023-04-22 11:30:00+00:00;0.507;;
966771;unknown;control;2023-04-22 11:45:00+00:00;0.252;;
966771;unknown;control;2023-04-22 12:00:00+00:00;0.124;;
966771;unknown;control;2023-04-22 12:15:00+00:00;0.098;;
966771;unknown;control;2023-04-22 12:30:00+00:00;0.103;;
966771;unknown;control;2023-04-22 12:45:00+00:00;0.098;;
966771;unknown;control;2023-04-22 13:00:00+00:00;0.085;;
966771;unknown;control;2023-04-22 13:15:00+00:00;0.096;;
966771;unknown;control;2023-04-22 13:30:00+00:00;0.105;;
966771;unknown;control;2023-04-22 13:45:00+00:00;0.17;;
966771;unknown;control;2023-04-22 14:00:00+00:00;0.131;;
966771;unknown;control;2023-04-22 14:15:00+00:00;0.122;;
966771;unknown;control;2023-04-22 14:30:00+00:00;0.135;;
966771;unknown;control;2023-04-22 14:45:00+00:00;0.216;;
966771;unknown;control;2023-04-22 15:00:00+00:00;0.132;;
966771;unknown;control;2023-04-22 15:15:00+00:00;0.164;;
966771;unknown;control;2023-04-22 15:30:00+00:00;0.317;;
966771;unknown;control;2023-04-22 15:45:00+00:00;0.144;;
966771;unknown;control;2023-04-22 16:00:00+00:00;0.105;;
966771;unknown;control;2023-04-22 16:15:00+00:00;0.094;;
966771;unknown;control;2023-04-22 16:30:00+00:00;0.094;;
966771;unknown;control;2023-04-22 16:45:00+00:00;0.102;;
966771;unknown;control;2023-04-22 17:00:00+00:00;0.104;;
966771;unknown;control;2023-04-22 17:15:00+00:00;0.097;;
966771;unknown;control;2023-04-22 17:30:00+00:00;0.098;;
966771;unknown;control;2023-04-22 17:45:00+00:00;0.084;;
966771;unknown;control;2023-04-22 18:00:00+00:00;0.097;;
966771;unknown;control;2023-04-22 18:15:00+00:00;0.099;;
966771;unknown;control;2023-04-22 18:30:00+00:00;0.097;;
966771;unknown;control;2023-04-22 18:45:00+00:00;0.433;;
966771;unknown;control;2023-04-22 19:00:00+00:00;0.12;;
966771;unknown;control;2023-04-22 19:15:00+00:00;0.118;;
966771;unknown;control;2023-04-22 19:30:00+00:00;0.123;;
966771;unknown;control;2023-04-22 19:45:00+00:00;0.131;;
966771;unknown;control;2023-04-22 20:00:00+00:00;0.148;;
966771;unknown;control;2023-04-22 20:15:00+00:00;0.15;;
966771;unknown;control;2023-04-22 20:30:00+00:00;0.146;;
966771;unknown;control;2023-04-22 20:45:00+00:00;0.123;;
966771;unknown;control;2023-04-22 21:00:00+00:00;0.126;;
966771;unknown;control;2023-04-22 21:15:00+00:00;0.118;;
966771;unknown;control;2023-04-22 21:30:00+00:00;0.133;;
966771;unknown;control;2023-04-22 21:45:00+00:00;0.153;;
966771;unknown;control;2023-04-22 22:00:00+00:00;0.143;;
966771;unknown;control;2023-04-22 22:15:00+00:00;0.137;;
966771;unknown;control;2023-04-22 22:30:00+00:00;0.115;;
966771;unknown;control;2023-04-22 22:45:00+00:00;0.101;;
966771;unknown;control;2023-04-22 23:00:00+00:00;0.111;;
966771;unknown;control;2023-04-22 23:15:00+00:00;0.108;;
966771;unknown;control;2023-04-22 23:30:00+00:00;1.357;;
966771;unknown;control;2023-04-22 23:45:00+00:00;1.315;;
966771;unknown;control;2023-04-23 00:00:00+00:00;1.313;;
966771;unknown;control;2023-04-23 00:15:00+00:00;1.324;;
966771;unknown;control;2023-04-23 00:30:00+00:00;1.335;;
966771;unknown;control;2023-04-23 00:45:00+00:00;1.342;;
966771;unknown;control;2023-04-23 01:00:00+00:00;1.362;;
966771;unknown;control;2023-04-23 01:15:00+00:00;1.081;;
966771;unknown;control;2023-04-23 01:30:00+00:00;0.098;;
966771;unknown;control;2023-04-23 01:45:00+00:00;0.106;;
966771;unknown;control;2023-04-23 02:00:00+00:00;0.106;;
966771;unknown;control;2023-04-23 02:15:00+00:00;0.108;;
966771;unknown;control;2023-04-23 02:30:00+00:00;0.115;;
966771;unknown;control;2023-04-23 02:45:00+00:00;0.102;;
966771;unknown;control;2023-04-23 03:00:00+00:00;0.104;;
966771;unknown;control;2023-04-23 03:15:00+00:00;0.101;;
966771;unknown;control;2023-04-23 03:30:00+00:00;0.082;;
966771;unknown;control;2023-04-23 03:45:00+00:00;0.087;;
966771;unknown;control;2023-04-23 04:00:00+00:00;0.102;;
966771;unknown;control;2023-04-23 04:15:00+00:00;0.085;;
966771;unknown;control;2023-04-23 04:30:00+00:00;0.11;;
966771;unknown;control;2023-04-23 04:45:00+00:00;0.104;;
966771;unknown;control;2023-04-23 05:00:00+00:00;0.1;;
966771;unknown;control;2023-04-23 05:15:00+00:00;0.113;;
966771;unknown;control;2023-04-23 05:30:00+00:00;0.106;;
966771;unknown;control;2023-04-23 05:45:00+00:00;0.1;;
966771;unknown;control;2023-04-23 06:00:00+00:00;0.123;;
966771;unknown;control;2023-04-23 06:15:00+00:00;0.105;;
966771;unknown;control;2023-04-23 06:30:00+00:00;0.113;;
966771;unknown;control;2023-04-23 06:45:00+00:00;0.377;;
966771;unknown;control;2023-04-23 07:00:00+00:00;0.195;;
966771;unknown;control;2023-04-23 07:15:00+00:00;0.122;;
966771;unknown;control;2023-04-23 07:30:00+00:00;0.118;;
966771;unknown;control;2023-04-23 07:45:00+00:00;0.131;;
966771;unknown;control;2023-04-23 08:00:00+00:00;0.25;;
966771;unknown;control;2023-04-23 08:15:00+00:00;0.09;;
966771;unknown;control;2023-04-23 08:30:00+00:00;0.09;;
966771;unknown;control;2023-04-23 08:45:00+00:00;0.146;;
966771;unknown;control;2023-04-23 09:00:00+00:00;0.127;;
966771;unknown;control;2023-04-23 09:15:00+00:00;0.127;;
966771;unknown;control;2023-04-23 09:30:00+00:00;0.129;;
966771;unknown;control;2023-04-23 09:45:00+00:00;0.134;;
966771;unknown;control;2023-04-23 10:00:00+00:00;0.098;;
966771;unknown;control;2023-04-23 10:15:00+00:00;0.296;;
966771;unknown;control;2023-04-23 10:30:00+00:00;0.508;;
966771;unknown;control;2023-04-23 10:45:00+00:00;0.13;;
966771;unknown;control;2023-04-23 11:00:00+00:00;0.36;;
966771;unknown;control;2023-04-23 11:15:00+00:00;0.102;;
966771;unknown;control;2023-04-23 11:30:00+00:00;0.122;;
966771;unknown;control;2023-04-23 11:45:00+00:00;0.101;;
966771;unknown;control;2023-04-23 12:00:00+00:00;0.099;;
966771;unknown;control;2023-04-23 12:15:00+00:00;0.1;;
966771;unknown;control;2023-04-23 12:30:00+00:00;0.1;;
966771;unknown;control;2023-04-23 12:45:00+00:00;0.101;;
966771;unknown;control;2023-04-23 13:00:00+00:00;0.105;;
966771;unknown;control;2023-04-23 13:15:00+00:00;0.086;;
966771;unknown;control;2023-04-23 13:30:00+00:00;0.09;;
966771;unknown;control;2023-04-23 13:45:00+00:00;0.093;;
966771;unknown;control;2023-04-23 14:00:00+00:00;0.103;;
966771;unknown;control;2023-04-23 14:15:00+00:00;0.355;;
966771;unknown;control;2023-04-23 14:30:00+00:00;0.469;;
966771;unknown;control;2023-04-23 14:45:00+00:00;0.119;;
966771;unknown;control;2023-04-23 15:00:00+00:00;0.122;;
966771;unknown;control;2023-04-23 15:15:00+00:00;0.154;;
966771;unknown;control;2023-04-23 15:30:00+00:00;0.468;;
966771;unknown;control;2023-04-23 15:45:00+00:00;0.117;;
966771;unknown;control;2023-04-23 16:00:00+00:00;0.104;;
966771;unknown;control;2023-04-23 16:15:00+00:00;0.103;;
966771;unknown;control;2023-04-23 16:30:00+00:00;0.154;;
966771;unknown;control;2023-04-23 16:45:00+00:00;0.16;;
966771;unknown;control;2023-04-23 17:00:00+00:00;0.108;;
966771;unknown;control;2023-04-23 17:15:00+00:00;0.399;;
966771;unknown;control;2023-04-23 17:30:00+00:00;0.479;;
966771;unknown;control;2023-04-23 17:45:00+00:00;0.109;;
966771;unknown;control;2023-04-23 18:00:00+00:00;0.108;;
966771;unknown;control;2023-04-23 18:15:00+00:00;0.161;;
966771;unknown;control;2023-04-23 18:30:00+00:00;0.173;;
966771;unknown;control;2023-04-23 18:45:00+00:00;0.166;;
966771;unknown;control;2023-04-23 19:00:00+00:00;0.168;;
966771;unknown;control;2023-04-23 19:15:00+00:00;0.172;;
966771;unknown;control;2023-04-23 19:30:00+00:00;0.167;;
966771;unknown;control;2023-04-23 19:45:00+00:00;0.176;;
966771;unknown;control;2023-04-23 20:00:00+00:00;0.163;;
966771;unknown;control;2023-04-23 20:15:00+00:00;0.109;;
966771;unknown;control;2023-04-23 20:30:00+00:00;0.097;;
966771;unknown;control;2023-04-23 20:45:00+00:00;0.095;;
966771;unknown;control;2023-04-23 21:00:00+00:00;0.093;;
966771;unknown;control;2023-04-23 21:15:00+00:00;0.098;;
966771;unknown;control;2023-04-23 21:30:00+00:00;0.093;;
966771;unknown;control;2023-04-23 21:45:00+00:00;0.093;;
966771;unknown;control;2023-04-23 22:00:00+00:00;0.096;;
966771;unknown;control;2023-04-23 22:15:00+00:00;0.096;;
966771;unknown;control;2023-04-23 22:30:00+00:00;0.091;;
966771;unknown;control;2023-04-23 22:45:00+00:00;0.099;;
966771;unknown;control;2023-04-23 23:00:00+00:00;0.091;;
966771;unknown;control;2023-04-23 23:15:00+00:00;0.091;;
966771;unknown;control;2023-04-23 23:30:00+00:00;1.338;;
966771;unknown;control;2023-04-23 23:45:00+00:00;1.278;;
966771;unknown;control;2023-04-24 00:00:00+00:00;1.295;;
966771;unknown;control;2023-04-24 00:15:00+00:00;1.302;;
966771;unknown;control;2023-04-24 00:30:00+00:00;1.305;;
966771;unknown;control;2023-04-24 00:45:00+00:00;1.254;;
966771;unknown;control;2023-04-24 01:00:00+00:00;0.09;;
966771;unknown;control;2023-04-24 01:15:00+00:00;0.089;;
966771;unknown;control;2023-04-24 01:30:00+00:00;0.097;;
966771;unknown;control;2023-04-24 01:45:00+00:00;0.088;;
966771;unknown;control;2023-04-24 02:00:00+00:00;0.093;;
966771;unknown;control;2023-04-24 02:15:00+00:00;0.093;;
966771;unknown;control;2023-04-24 02:30:00+00:00;0.086;;
966771;unknown;control;2023-04-24 02:45:00+00:00;0.093;;
966771;unknown;control;2023-04-24 03:00:00+00:00;0.093;;
966771;unknown;control;2023-04-24 03:15:00+00:00;0.087;;
966771;unknown;control;2023-04-24 03:30:00+00:00;0.094;;
966771;unknown;control;2023-04-24 03:45:00+00:00;0.092;;
966771;unknown;control;2023-04-24 04:00:00+00:00;0.085;;
966771;unknown;control;2023-04-24 04:15:00+00:00;0.092;;
966771;unknown;control;2023-04-24 04:30:00+00:00;0.089;;
966771;unknown;control;2023-04-24 04:45:00+00:00;0.123;;
966771;unknown;control;2023-04-24 05:00:00+00:00;0.101;;
966771;unknown;control;2023-04-24 05:15:00+00:00;0.093;;
966771;unknown;control;2023-04-24 05:30:00+00:00;0.092;;
966771;unknown;control;2023-04-24 05:45:00+00:00;0.426;;
966771;unknown;control;2023-04-24 06:00:00+00:00;0.109;;
966771;unknown;control;2023-04-24 06:15:00+00:00;0.129;;
966771;unknown;control;2023-04-24 06:30:00+00:00;0.138;;
966771;unknown;control;2023-04-24 06:45:00+00:00;0.103;;
966771;unknown;control;2023-04-24 07:00:00+00:00;0.104;;
966771;unknown;control;2023-04-24 07:15:00+00:00;0.086;;
966771;unknown;control;2023-04-24 07:30:00+00:00;0.087;;
966771;unknown;control;2023-04-24 07:45:00+00:00;0.528;;
966771;unknown;control;2023-04-24 08:00:00+00:00;0.659;;
966771;unknown;control;2023-04-24 08:15:00+00:00;0.127;;
966771;unknown;control;2023-04-24 08:30:00+00:00;0.128;;
966771;unknown;control;2023-04-24 08:45:00+00:00;0.145;;
966771;unknown;control;2023-04-24 09:00:00+00:00;0.096;;
966771;unknown;control;2023-04-24 09:15:00+00:00;0.255;;
966771;unknown;control;2023-04-24 09:30:00+00:00;0.108;;
966771;unknown;control;2023-04-24 09:45:00+00:00;0.114;;
966771;unknown;control;2023-04-24 10:00:00+00:00;0.111;;
966771;unknown;control;2023-04-24 10:15:00+00:00;0.099;;
966771;unknown;control;2023-04-24 10:30:00+00:00;0.107;;
966771;unknown;control;2023-04-24 10:45:00+00:00;0.101;;
966771;unknown;control;2023-04-24 11:00:00+00:00;0.086;;
966771;unknown;control;2023-04-24 11:15:00+00:00;0.103;;
966771;unknown;control;2023-04-24 11:30:00+00:00;0.098;;
966771;unknown;control;2023-04-24 11:45:00+00:00;0.13;;
966771;unknown;control;2023-04-24 12:00:00+00:00;0.232;;
966771;unknown;control;2023-04-24 12:15:00+00:00;0.258;;
966771;unknown;control;2023-04-24 12:30:00+00:00;0.369;;
966771;unknown;control;2023-04-24 12:45:00+00:00;0.285;;
966771;unknown;control;2023-04-24 13:00:00+00:00;0.146;;
966771;unknown;control;2023-04-24 13:15:00+00:00;0.102;;
966771;unknown;control;2023-04-24 13:30:00+00:00;0.115;;
966771;unknown;control;2023-04-24 13:45:00+00:00;0.112;;
966771;unknown;control;2023-04-24 14:00:00+00:00;0.095;;
966771;unknown;control;2023-04-24 14:15:00+00:00;0.114;;
966771;unknown;control;2023-04-24 14:30:00+00:00;0.094;;
966771;unknown;control;2023-04-24 14:45:00+00:00;0.102;;
966771;unknown;control;2023-04-24 15:00:00+00:00;0.108;;
966771;unknown;control;2023-04-24 15:15:00+00:00;0.122;;
966771;unknown;control;2023-04-24 15:30:00+00:00;0.129;;
966771;unknown;control;2023-04-24 15:45:00+00:00;0.131;;
966771;unknown;control;2023-04-24 16:00:00+00:00;0.128;;
966771;unknown;control;2023-04-24 16:15:00+00:00;0.134;;
966771;unknown;control;2023-04-24 16:30:00+00:00;0.125;;
966771;unknown;control;2023-04-24 16:45:00+00:00;0.097;;
966771;unknown;control;2023-04-24 17:00:00+00:00;0.092;;
966771;unknown;control;2023-04-24 17:15:00+00:00;0.089;;
966771;unknown;control;2023-04-24 17:30:00+00:00;0.098;;
966771;unknown;control;2023-04-24 17:45:00+00:00;0.091;;
966771;unknown;control;2023-04-24 18:00:00+00:00;0.086;;
966771;unknown;control;2023-04-24 18:15:00+00:00;0.1;;
966771;unknown;control;2023-04-24 18:30:00+00:00;0.106;;
966771;unknown;control;2023-04-24 18:45:00+00:00;0.099;;
966771;unknown;control;2023-04-24 19:00:00+00:00;0.114;;
966771;unknown;control;2023-04-24 19:15:00+00:00;0.12;;
966771;unknown;control;2023-04-24 19:30:00+00:00;0.166;;
966771;unknown;control;2023-04-24 19:45:00+00:00;0.17;;
966771;unknown;control;2023-04-24 20:00:00+00:00;0.163;;
966771;unknown;control;2023-04-24 20:15:00+00:00;0.154;;
966771;unknown;control;2023-04-24 20:30:00+00:00;0.122;;
966771;unknown;control;2023-04-24 20:45:00+00:00;0.095;;
966771;unknown;control;2023-04-24 21:00:00+00:00;0.097;;
966771;unknown;control;2023-04-24 21:15:00+00:00;0.097;;
966771;unknown;control;2023-04-24 21:30:00+00:00;0.089;;
966771;unknown;control;2023-04-24 21:45:00+00:00;0.096;;
966771;unknown;control;2023-04-24 22:00:00+00:00;0.093;;
966771;unknown;control;2023-04-24 22:15:00+00:00;0.096;;
966771;unknown;control;2023-04-24 22:30:00+00:00;0.097;;
966771;unknown;control;2023-04-24 22:45:00+00:00;0.088;;
966771;unknown;control;2023-04-24 23:00:00+00:00;0.095;;
966771;unknown;control;2023-04-24 23:15:00+00:00;0.096;;
966771;unknown;control;2023-04-24 23:30:00+00:00;1.329;;
966771;unknown;control;2023-04-24 23:45:00+00:00;1.294;;
966771;unknown;control;2023-04-25 00:00:00+00:00;1.308;;
966771;unknown;control;2023-04-25 00:15:00+00:00;1.294;;
966771;unknown;control;2023-04-25 00:30:00+00:00;1.307;;
966771;unknown;control;2023-04-25 00:45:00+00:00;1.312;;
966771;unknown;control;2023-04-25 01:00:00+00:00;0.146;;
966771;unknown;control;2023-04-25 01:15:00+00:00;0.102;;
966771;unknown;control;2023-04-25 01:30:00+00:00;0.289;;
966771;unknown;control;2023-04-25 01:45:00+00:00;0.814;;
966771;unknown;control;2023-04-25 02:00:00+00:00;0.608;;
966771;unknown;control;2023-04-25 02:15:00+00:00;0.108;;
966771;unknown;control;2023-04-25 02:30:00+00:00;0.433;;
966771;unknown;control;2023-04-25 02:45:00+00:00;0.866;;
966771;unknown;control;2023-04-25 03:00:00+00:00;0.21;;
966771;unknown;control;2023-04-25 03:15:00+00:00;0.098;;
966771;unknown;control;2023-04-25 03:30:00+00:00;0.088;;
966771;unknown;control;2023-04-25 03:45:00+00:00;0.431;;
966771;unknown;control;2023-04-25 04:00:00+00:00;0.863;;
966771;unknown;control;2023-04-25 04:15:00+00:00;0.64;;
966771;unknown;control;2023-04-25 04:30:00+00:00;0.103;;
966771;unknown;control;2023-04-25 04:45:00+00:00;0.118;;
966771;unknown;control;2023-04-25 05:00:00+00:00;0.113;;
966771;unknown;control;2023-04-25 05:15:00+00:00;0.11;;
966771;unknown;control;2023-04-25 05:30:00+00:00;0.109;;
966771;unknown;control;2023-04-25 05:45:00+00:00;0.103;;
966771;unknown;control;2023-04-25 06:00:00+00:00;0.109;;
966771;unknown;control;2023-04-25 06:15:00+00:00;0.113;;
966771;unknown;control;2023-04-25 06:30:00+00:00;0.11;;
966771;unknown;control;2023-04-25 06:45:00+00:00;0.114;;
966771;unknown;control;2023-04-25 07:00:00+00:00;0.176;;
966771;unknown;control;2023-04-25 07:15:00+00:00;0.138;;
966771;unknown;control;2023-04-25 07:30:00+00:00;0.122;;
966771;unknown;control;2023-04-25 07:45:00+00:00;0.118;;
966771;unknown;control;2023-04-25 08:00:00+00:00;0.117;;
966771;unknown;control;2023-04-25 08:15:00+00:00;0.11;;
966771;unknown;control;2023-04-25 08:30:00+00:00;0.108;;
966771;unknown;control;2023-04-25 08:45:00+00:00;0.109;;
966771;unknown;control;2023-04-25 09:00:00+00:00;0.105;;
966771;unknown;control;2023-04-25 09:15:00+00:00;0.11;;
966771;unknown;control;2023-04-25 09:30:00+00:00;0.115;;
966771;unknown;control;2023-04-25 09:45:00+00:00;0.106;;
966771;unknown;control;2023-04-25 10:00:00+00:00;0.108;;
966771;unknown;control;2023-04-25 10:15:00+00:00;0.167;;
966771;unknown;control;2023-04-25 10:30:00+00:00;0.107;;
966771;unknown;control;2023-04-25 10:45:00+00:00;0.114;;
966771;unknown;control;2023-04-25 11:00:00+00:00;0.112;;
966771;unknown;control;2023-04-25 11:15:00+00:00;0.104;;
966771;unknown;control;2023-04-25 11:30:00+00:00;0.107;;
966771;unknown;control;2023-04-25 11:45:00+00:00;0.106;;
966771;unknown;control;2023-04-25 12:00:00+00:00;0.106;;
966771;unknown;control;2023-04-25 12:15:00+00:00;0.118;;
966771;unknown;control;2023-04-25 12:30:00+00:00;0.116;;
966771;unknown;control;2023-04-25 12:45:00+00:00;0.11;;
966771;unknown;control;2023-04-25 13:00:00+00:00;0.12;;
966771;unknown;control;2023-04-25 13:15:00+00:00;0.111;;
966771;unknown;control;2023-04-25 13:30:00+00:00;0.115;;
966771;unknown;control;2023-04-25 13:45:00+00:00;0.114;;
966771;unknown;control;2023-04-25 14:00:00+00:00;0.116;;
966771;unknown;control;2023-04-25 14:15:00+00:00;0.246;;
966771;unknown;control;2023-04-25 14:30:00+00:00;0.1;;
966771;unknown;control;2023-04-25 14:45:00+00:00;0.086;;
966771;unknown;control;2023-04-25 15:00:00+00:00;0.095;;
966771;unknown;control;2023-04-25 15:15:00+00:00;0.098;;
966771;unknown;control;2023-04-25 15:30:00+00:00;0.15;;
966771;unknown;control;2023-04-25 15:45:00+00:00;0.182;;
966771;unknown;control;2023-04-25 16:00:00+00:00;0.183;;
966771;unknown;control;2023-04-25 16:15:00+00:00;0.184;;
966771;unknown;control;2023-04-25 16:30:00+00:00;0.506;;
966771;unknown;control;2023-04-25 16:45:00+00:00;0.249;;
966771;unknown;control;2023-04-25 17:00:00+00:00;0.203;;
966771;unknown;control;2023-04-25 17:15:00+00:00;0.119;;
966771;unknown;control;2023-04-25 17:30:00+00:00;0.112;;
966771;unknown;control;2023-04-25 17:45:00+00:00;0.135;;
966771;unknown;control;2023-04-25 18:00:00+00:00;0.521;;
966771;unknown;control;2023-04-25 18:15:00+00:00;0.254;;
966771;unknown;control;2023-04-25 18:30:00+00:00;0.447;;
966771;unknown;control;2023-04-25 18:45:00+00:00;0.264;;
966771;unknown;control;2023-04-25 19:00:00+00:00;0.151;;
966771;unknown;control;2023-04-25 19:15:00+00:00;0.147;;
966771;unknown;control;2023-04-25 19:30:00+00:00;0.13;;
966771;unknown;control;2023-04-25 19:45:00+00:00;0.125;;
966771;unknown;control;2023-04-25 20:00:00+00:00;0.115;;
966771;unknown;control;2023-04-25 20:15:00+00:00;0.101;;
966771;unknown;control;2023-04-25 20:30:00+00:00;0.101;;
966771;unknown;control;2023-04-25 20:45:00+00:00;0.096;;
966771;unknown;control;2023-04-25 21:00:00+00:00;0.083;;
966771;unknown;control;2023-04-25 21:15:00+00:00;0.77;;
966771;unknown;control;2023-04-25 21:30:00+00:00;0.608;;
966771;unknown;control;2023-04-25 21:45:00+00:00;0.105;;
966771;unknown;control;2023-04-25 22:00:00+00:00;0.11;;
966771;unknown;control;2023-04-25 22:15:00+00:00;0.109;;
966771;unknown;control;2023-04-25 22:30:00+00:00;0.408;;
966771;unknown;control;2023-04-25 22:45:00+00:00;0.773;;
966771;unknown;control;2023-04-25 23:00:00+00:00;0.104;;
966771;unknown;control;2023-04-25 23:15:00+00:00;0.112;;
966771;unknown;control;2023-04-25 23:30:00+00:00;1.615;;
966771;unknown;control;2023-04-25 23:45:00+00:00;1.994;;
966771;unknown;control;2023-04-26 00:00:00+00:00;1.273;;
966771;unknown;control;2023-04-26 00:15:00+00:00;1.301;;
966771;unknown;control;2023-04-26 00:30:00+00:00;1.901;;
966771;unknown;control;2023-04-26 00:45:00+00:00;1.946;;
966771;unknown;control;2023-04-26 01:00:00+00:00;1.001;;
966771;unknown;control;2023-04-26 01:15:00+00:00;0.107;;
966771;unknown;control;2023-04-26 01:30:00+00:00;0.113;;
966771;unknown;control;2023-04-26 01:45:00+00:00;0.836;;
966771;unknown;control;2023-04-26 02:00:00+00:00;0.497;;
966771;unknown;control;2023-04-26 02:15:00+00:00;0.112;;
966771;unknown;control;2023-04-26 02:30:00+00:00;0.1;;
966771;unknown;control;2023-04-26 02:45:00+00:00;0.108;;
966771;unknown;control;2023-04-26 03:00:00+00:00;0.235;;
966771;unknown;control;2023-04-26 03:15:00+00:00;0.27;;
966771;unknown;control;2023-04-26 03:30:00+00:00;0.094;;
966771;unknown;control;2023-04-26 03:45:00+00:00;0.118;;
966771;unknown;control;2023-04-26 04:00:00+00:00;0.105;;
966771;unknown;control;2023-04-26 04:15:00+00:00;0.112;;
966771;unknown;control;2023-04-26 04:30:00+00:00;0.105;;
966771;unknown;control;2023-04-26 04:45:00+00:00;0.104;;
966771;unknown;control;2023-04-26 05:00:00+00:00;0.127;;
966771;unknown;control;2023-04-26 05:15:00+00:00;0.121;;
966771;unknown;control;2023-04-26 05:30:00+00:00;0.565;;
966771;unknown;control;2023-04-26 05:45:00+00:00;0.607;;
966771;unknown;control;2023-04-26 06:00:00+00:00;0.11;;
966771;unknown;control;2023-04-26 06:15:00+00:00;0.427;;
966771;unknown;control;2023-04-26 06:30:00+00:00;0.265;;
966771;unknown;control;2023-04-26 06:45:00+00:00;0.166;;
966771;unknown;control;2023-04-26 07:00:00+00:00;0.202;;
966771;unknown;control;2023-04-26 07:15:00+00:00;0.171;;
966771;unknown;control;2023-04-26 07:30:00+00:00;0.187;;
966771;unknown;control;2023-04-26 07:45:00+00:00;0.152;;
966771;unknown;control;2023-04-26 08:00:00+00:00;0.141;;
966771;unknown;control;2023-04-26 08:15:00+00:00;0.115;;
966771;unknown;control;2023-04-26 08:30:00+00:00;0.123;;
966771;unknown;control;2023-04-26 08:45:00+00:00;0.114;;
966771;unknown;control;2023-04-26 09:00:00+00:00;0.113;;
966771;unknown;control;2023-04-26 09:15:00+00:00;0.209;;
966771;unknown;control;2023-04-26 09:30:00+00:00;0.503;;
966771;unknown;control;2023-04-26 09:45:00+00:00;0.196;;
966771;unknown;control;2023-04-26 10:00:00+00:00;0.127;;
966771;unknown;control;2023-04-26 10:15:00+00:00;0.114;;
966771;unknown;control;2023-04-26 10:30:00+00:00;0.114;;
966771;unknown;control;2023-04-26 10:45:00+00:00;0.11;;
966771;unknown;control;2023-04-26 11:00:00+00:00;0.11;;
966771;unknown;control;2023-04-26 11:15:00+00:00;0.105;;
966771;unknown;control;2023-04-26 11:30:00+00:00;0.097;;
966771;unknown;control;2023-04-26 11:45:00+00:00;0.101;;
966771;unknown;control;2023-04-26 12:00:00+00:00;0.107;;
966771;unknown;control;2023-04-26 12:15:00+00:00;0.094;;
966771;unknown;control;2023-04-26 12:30:00+00:00;0.1;;
966771;unknown;control;2023-04-26 12:45:00+00:00;0.108;;
966771;unknown;control;2023-04-26 13:00:00+00:00;0.099;;
966771;unknown;control;2023-04-26 13:15:00+00:00;0.106;;
966771;unknown;control;2023-04-26 13:30:00+00:00;0.1;;
966771;unknown;control;2023-04-26 13:45:00+00:00;0.094;;
966771;unknown;control;2023-04-26 14:00:00+00:00;0.101;;
966771;unknown;control;2023-04-26 14:15:00+00:00;0.093;;
966771;unknown;control;2023-04-26 14:30:00+00:00;0.093;;
966771;unknown;control;2023-04-26 14:45:00+00:00;0.107;;
966771;unknown;control;2023-04-26 15:00:00+00:00;0.119;;
966771;unknown;control;2023-04-26 15:15:00+00:00;0.103;;
966771;unknown;control;2023-04-26 15:30:00+00:00;0.1;;
966771;unknown;control;2023-04-26 15:45:00+00:00;0.091;;
966771;unknown;control;2023-04-26 16:00:00+00:00;0.116;;
966771;unknown;control;2023-04-26 16:15:00+00:00;0.131;;
966771;unknown;control;2023-04-26 16:30:00+00:00;0.126;;
966771;unknown;control;2023-04-26 16:45:00+00:00;0.135;;
966771;unknown;control;2023-04-26 17:00:00+00:00;0.263;;
966771;unknown;control;2023-04-26 17:15:00+00:00;0.132;;
966771;unknown;control;2023-04-26 17:30:00+00:00;0.134;;
966771;unknown;control;2023-04-26 17:45:00+00:00;0.133;;
966771;unknown;control;2023-04-26 18:00:00+00:00;0.138;;
966771;unknown;control;2023-04-26 18:15:00+00:00;0.173;;
966771;unknown;control;2023-04-26 18:30:00+00:00;0.163;;
966771;unknown;control;2023-04-26 18:45:00+00:00;0.163;;
966771;unknown;control;2023-04-26 19:00:00+00:00;0.166;;
966771;unknown;control;2023-04-26 19:15:00+00:00;0.173;;
966771;unknown;control;2023-04-26 19:30:00+00:00;0.154;;
966771;unknown;control;2023-04-26 19:45:00+00:00;0.149;;
966771;unknown;control;2023-04-26 20:00:00+00:00;0.113;;
966771;unknown;control;2023-04-26 20:15:00+00:00;0.117;;
966771;unknown;control;2023-04-26 20:30:00+00:00;0.108;;
966771;unknown;control;2023-04-26 20:45:00+00:00;0.095;;
966771;unknown;control;2023-04-26 21:00:00+00:00;0.1;;
966771;unknown;control;2023-04-26 21:15:00+00:00;0.092;;
966771;unknown;control;2023-04-26 21:30:00+00:00;0.102;;
966771;unknown;control;2023-04-26 21:45:00+00:00;0.119;;
966771;unknown;control;2023-04-26 22:00:00+00:00;0.11;;
966771;unknown;control;2023-04-26 22:15:00+00:00;0.109;;
966771;unknown;control;2023-04-26 22:30:00+00:00;0.12;;
966771;unknown;control;2023-04-26 22:45:00+00:00;0.112;;
966771;unknown;control;2023-04-26 23:00:00+00:00;0.111;;
966771;unknown;control;2023-04-26 23:15:00+00:00;0.114;;
966771;unknown;control;2023-04-26 23:30:00+00:00;1.351;;
966771;unknown;control;2023-04-26 23:45:00+00:00;1.309;;
966771;unknown;control;2023-04-27 00:00:00+00:00;1.305;;
966771;unknown;control;2023-04-27 00:15:00+00:00;1.314;;
966771;unknown;control;2023-04-27 00:30:00+00:00;1.34;;
966771;unknown;control;2023-04-27 00:45:00+00:00;1.161;;
966771;unknown;control;2023-04-27 01:00:00+00:00;0.108;;
966771;unknown;control;2023-04-27 01:15:00+00:00;0.126;;
966771;unknown;control;2023-04-27 01:30:00+00:00;0.112;;
966771;unknown;control;2023-04-27 01:45:00+00:00;0.115;;
966771;unknown;control;2023-04-27 02:00:00+00:00;0.117;;
966771;unknown;control;2023-04-27 02:15:00+00:00;0.108;;
966771;unknown;control;2023-04-27 02:30:00+00:00;0.115;;
966771;unknown;control;2023-04-27 02:45:00+00:00;0.117;;
966771;unknown;control;2023-04-27 03:00:00+00:00;0.106;;
966771;unknown;control;2023-04-27 03:15:00+00:00;0.105;;
966771;unknown;control;2023-04-27 03:30:00+00:00;0.106;;
966771;unknown;control;2023-04-27 03:45:00+00:00;0.097;;
966771;unknown;control;2023-04-27 04:00:00+00:00;0.677;;
966771;unknown;control;2023-04-27 04:15:00+00:00;0.287;;
966771;unknown;control;2023-04-27 04:30:00+00:00;0.108;;
966771;unknown;control;2023-04-27 04:45:00+00:00;0.137;;
966771;unknown;control;2023-04-27 05:00:00+00:00;0.111;;
966771;unknown;control;2023-04-27 05:15:00+00:00;0.123;;
966771;unknown;control;2023-04-27 05:30:00+00:00;0.111;;
966771;unknown;control;2023-04-27 05:45:00+00:00;0.107;;
966771;unknown;control;2023-04-27 06:00:00+00:00;0.128;;
966771;unknown;control;2023-04-27 06:15:00+00:00;0.11;;
966771;unknown;control;2023-04-27 06:30:00+00:00;0.1;;
966771;unknown;control;2023-04-27 06:45:00+00:00;0.389;;
966771;unknown;control;2023-04-27 07:00:00+00:00;0.112;;
966771;unknown;control;2023-04-27 07:15:00+00:00;0.093;;
966771;unknown;control;2023-04-27 07:30:00+00:00;0.099;;
966771;unknown;control;2023-04-27 07:45:00+00:00;0.103;;
966771;unknown;control;2023-04-27 08:00:00+00:00;0.098;;
966771;unknown;control;2023-04-27 08:15:00+00:00;0.103;;
966771;unknown;control;2023-04-27 08:30:00+00:00;0.092;;
966771;unknown;control;2023-04-27 08:45:00+00:00;0.093;;
966771;unknown;control;2023-04-27 09:00:00+00:00;0.113;;
966771;unknown;control;2023-04-27 09:15:00+00:00;0.097;;
966771;unknown;control;2023-04-27 09:30:00+00:00;0.368;;
966771;unknown;control;2023-04-27 09:45:00+00:00;0.108;;
966771;unknown;control;2023-04-27 10:00:00+00:00;0.111;;
966771;unknown;control;2023-04-27 10:15:00+00:00;0.107;;
966771;unknown;control;2023-04-27 10:30:00+00:00;0.107;;
966771;unknown;control;2023-04-27 10:45:00+00:00;0.095;;
966771;unknown;control;2023-04-27 11:00:00+00:00;0.1;;
966771;unknown;control;2023-04-27 11:15:00+00:00;0.095;;
966771;unknown;control;2023-04-27 11:30:00+00:00;0.097;;
966771;unknown;control;2023-04-27 11:45:00+00:00;0.101;;
966771;unknown;control;2023-04-27 12:00:00+00:00;0.093;;
966771;unknown;control;2023-04-27 12:15:00+00:00;0.098;;
966771;unknown;control;2023-04-27 12:30:00+00:00;0.101;;
966771;unknown;control;2023-04-27 12:45:00+00:00;0.09;;
966771;unknown;control;2023-04-27 13:00:00+00:00;0.097;;
966771;unknown;control;2023-04-27 13:15:00+00:00;0.102;;
966771;unknown;control;2023-04-27 13:30:00+00:00;0.09;;
966771;unknown;control;2023-04-27 13:45:00+00:00;0.096;;
966771;unknown;control;2023-04-27 14:00:00+00:00;0.101;;
966771;unknown;control;2023-04-27 14:15:00+00:00;0.092;;
966771;unknown;control;2023-04-27 14:30:00+00:00;0.099;;
966771;unknown;control;2023-04-27 14:45:00+00:00;0.094;;
966771;unknown;control;2023-04-27 15:00:00+00:00;0.096;;
966771;unknown;control;2023-04-27 15:15:00+00:00;0.101;;
966771;unknown;control;2023-04-27 15:30:00+00:00;0.091;;
966771;unknown;control;2023-04-27 15:45:00+00:00;0.095;;
966771;unknown;control;2023-04-27 16:00:00+00:00;0.108;;
966771;unknown;control;2023-04-27 16:15:00+00:00;0.093;;
966771;unknown;control;2023-04-27 16:30:00+00:00;0.093;;
966771;unknown;control;2023-04-27 16:45:00+00:00;0.097;;
966771;unknown;control;2023-04-27 17:00:00+00:00;0.089;;
966771;unknown;control;2023-04-27 17:15:00+00:00;0.096;;
966771;unknown;control;2023-04-27 17:30:00+00:00;0.109;;
966771;unknown;control;2023-04-27 17:45:00+00:00;0.101;;
966771;unknown;control;2023-04-27 18:00:00+00:00;0.118;;
966771;unknown;control;2023-04-27 18:15:00+00:00;0.124;;
966771;unknown;control;2023-04-27 18:30:00+00:00;0.129;;
966771;unknown;control;2023-04-27 18:45:00+00:00;0.143;;
966771;unknown;control;2023-04-27 19:00:00+00:00;0.125;;
966771;unknown;control;2023-04-27 19:15:00+00:00;0.125;;
966771;unknown;control;2023-04-27 19:30:00+00:00;0.131;;
966771;unknown;control;2023-04-27 19:45:00+00:00;0.221;;
966771;unknown;control;2023-04-27 20:00:00+00:00;0.124;;
966771;unknown;control;2023-04-27 20:15:00+00:00;0.124;;
966771;unknown;control;2023-04-27 20:30:00+00:00;0.096;;
966771;unknown;control;2023-04-27 20:45:00+00:00;0.094;;
966771;unknown;control;2023-04-27 21:00:00+00:00;0.096;;
966771;unknown;control;2023-04-27 21:15:00+00:00;0.083;;
966771;unknown;control;2023-04-27 21:30:00+00:00;0.094;;
966771;unknown;control;2023-04-27 21:45:00+00:00;0.093;;
966771;unknown;control;2023-04-27 22:00:00+00:00;0.085;;
966771;unknown;control;2023-04-27 22:15:00+00:00;0.094;;
966771;unknown;control;2023-04-27 22:30:00+00:00;0.092;;
966771;unknown;control;2023-04-27 22:45:00+00:00;0.09;;
966771;unknown;control;2023-04-27 23:00:00+00:00;0.092;;
966771;unknown;control;2023-04-27 23:15:00+00:00;0.087;;
966771;unknown;control;2023-04-27 23:30:00+00:00;1.329;;
966771;unknown;control;2023-04-27 23:45:00+00:00;1.29;;
966771;unknown;control;2023-04-28 00:00:00+00:00;1.284;;
966771;unknown;control;2023-04-28 00:15:00+00:00;1.303;;
966771;unknown;control;2023-04-28 00:30:00+00:00;1.313;;
966771;unknown;control;2023-04-28 00:45:00+00:00;1.329;;
966771;unknown;control;2023-04-28 01:00:00+00:00;1.213;;
966771;unknown;control;2023-04-28 01:15:00+00:00;0.092;;
966771;unknown;control;2023-04-28 01:30:00+00:00;0.084;;
966771;unknown;control;2023-04-28 01:45:00+00:00;0.093;;
966771;unknown;control;2023-04-28 02:00:00+00:00;0.093;;
966771;unknown;control;2023-04-28 02:15:00+00:00;0.091;;
966771;unknown;control;2023-04-28 02:30:00+00:00;0.107;;
966771;unknown;control;2023-04-28 02:45:00+00:00;0.088;;
966771;unknown;control;2023-04-28 03:00:00+00:00;0.094;;
966771;unknown;control;2023-04-28 03:15:00+00:00;0.094;;
966771;unknown;control;2023-04-28 03:30:00+00:00;0.083;;
966771;unknown;control;2023-04-28 03:45:00+00:00;0.093;;
966771;unknown;control;2023-04-28 04:00:00+00:00;0.095;;
966771;unknown;control;2023-04-28 04:15:00+00:00;0.082;;
966771;unknown;control;2023-04-28 04:30:00+00:00;0.091;;
966771;unknown;control;2023-04-28 04:45:00+00:00;0.095;;
966771;unknown;control;2023-04-28 05:00:00+00:00;0.105;;
966771;unknown;control;2023-04-28 05:15:00+00:00;0.101;;
966771;unknown;control;2023-04-28 05:30:00+00:00;0.093;;
966771;unknown;control;2023-04-28 05:45:00+00:00;0.092;;
966771;unknown;control;2023-04-28 06:00:00+00:00;0.11;;
966771;unknown;control;2023-04-28 06:15:00+00:00;0.09;;
966771;unknown;control;2023-04-28 06:30:00+00:00;0.088;;
966771;unknown;control;2023-04-28 06:45:00+00:00;0.092;;
966771;unknown;control;2023-04-28 07:00:00+00:00;0.087;;
966771;unknown;control;2023-04-28 07:15:00+00:00;0.095;;
966771;unknown;control;2023-04-28 07:30:00+00:00;0.099;;
966771;unknown;control;2023-04-28 07:45:00+00:00;0.087;;
966771;unknown;control;2023-04-28 08:00:00+00:00;0.096;;
966771;unknown;control;2023-04-28 08:15:00+00:00;0.101;;
966771;unknown;control;2023-04-28 08:30:00+00:00;0.093;;
966771;unknown;control;2023-04-28 08:45:00+00:00;0.097;;
966771;unknown;control;2023-04-28 09:00:00+00:00;0.093;;
966771;unknown;control;2023-04-28 09:15:00+00:00;0.094;;
966771;unknown;control;2023-04-28 09:30:00+00:00;0.1;;
966771;unknown;control;2023-04-28 09:45:00+00:00;0.088;;
966771;unknown;control;2023-04-28 10:00:00+00:00;0.093;;
966771;unknown;control;2023-04-28 10:15:00+00:00;0.107;;
966771;unknown;control;2023-04-28 10:30:00+00:00;0.32;;
966771;unknown;control;2023-04-28 10:45:00+00:00;0.105;;
966771;unknown;control;2023-04-28 11:00:00+00:00;0.106;;
966771;unknown;control;2023-04-28 11:15:00+00:00;0.1;;
966771;unknown;control;2023-04-28 11:30:00+00:00;0.1;;
966771;unknown;control;2023-04-28 11:45:00+00:00;0.153;;
966771;unknown;control;2023-04-28 12:00:00+00:00;0.121;;
966771;unknown;control;2023-04-28 12:15:00+00:00;0.132;;
966771;unknown;control;2023-04-28 12:30:00+00:00;0.134;;
966771;unknown;control;2023-04-28 12:45:00+00:00;0.123;;
966771;unknown;control;2023-04-28 13:00:00+00:00;0.169;;
966771;unknown;control;2023-04-28 13:15:00+00:00;0.358;;
966771;unknown;control;2023-04-28 13:30:00+00:00;0.224;;
966771;unknown;control;2023-04-28 13:45:00+00:00;0.342;;
966771;unknown;control;2023-04-28 14:00:00+00:00;0.239;;
966771;unknown;control;2023-04-28 14:15:00+00:00;0.325;;
966771;unknown;control;2023-04-28 14:30:00+00:00;0.218;;
966771;unknown;control;2023-04-28 14:45:00+00:00;0.295;;
966771;unknown;control;2023-04-28 15:00:00+00:00;0.242;;
966771;unknown;control;2023-04-28 15:15:00+00:00;0.107;;
966771;unknown;control;2023-04-28 15:30:00+00:00;0.12;;
966771;unknown;control;2023-04-28 15:45:00+00:00;0.242;;
966771;unknown;control;2023-04-28 16:00:00+00:00;0.35;;
966771;unknown;control;2023-04-28 16:15:00+00:00;0.105;;
966771;unknown;control;2023-04-28 16:30:00+00:00;0.111;;
966771;unknown;control;2023-04-28 16:45:00+00:00;0.095;;
966771;unknown;control;2023-04-28 17:00:00+00:00;0.092;;
966771;unknown;control;2023-04-28 17:15:00+00:00;0.087;;
966771;unknown;control;2023-04-28 17:30:00+00:00;0.09;;
966771;unknown;control;2023-04-28 17:45:00+00:00;0.102;;
966771;unknown;control;2023-04-28 18:00:00+00:00;0.114;;
966771;unknown;control;2023-04-28 18:15:00+00:00;0.325;;
966771;unknown;control;2023-04-28 18:30:00+00:00;0.181;;
966771;unknown;control;2023-04-28 18:45:00+00:00;0.176;;
966771;unknown;control;2023-04-28 19:00:00+00:00;0.203;;
966771;unknown;control;2023-04-28 19:15:00+00:00;0.171;;
966771;unknown;control;2023-04-28 19:30:00+00:00;0.17;;
966771;unknown;control;2023-04-28 19:45:00+00:00;0.172;;
966771;unknown;control;2023-04-28 20:00:00+00:00;0.222;;
966771;unknown;control;2023-04-28 20:15:00+00:00;0.155;;
966771;unknown;control;2023-04-28 20:30:00+00:00;0.16;;
966771;unknown;control;2023-04-28 20:45:00+00:00;0.122;;
966771;unknown;control;2023-04-28 21:00:00+00:00;0.092;;
966771;unknown;control;2023-04-28 21:15:00+00:00;0.098;;
966771;unknown;control;2023-04-28 21:30:00+00:00;0.093;;
966771;unknown;control;2023-04-28 21:45:00+00:00;0.096;;
966771;unknown;control;2023-04-28 22:00:00+00:00;0.094;;
966771;unknown;control;2023-04-28 22:15:00+00:00;0.097;;
966771;unknown;control;2023-04-28 22:30:00+00:00;0.099;;
966771;unknown;control;2023-04-28 22:45:00+00:00;0.096;;
966771;unknown;control;2023-04-28 23:00:00+00:00;0.094;;
966771;unknown;control;2023-04-28 23:15:00+00:00;0.101;;
966771;unknown;control;2023-04-28 23:30:00+00:00;1.344;;
966771;unknown;control;2023-04-28 23:45:00+00:00;1.289;;
966771;unknown;control;2023-04-29 00:00:00+00:00;1.288;;
966771;unknown;control;2023-04-29 00:15:00+00:00;0.297;;
966771;unknown;control;2023-04-29 00:30:00+00:00;0.092;;
966771;unknown;control;2023-04-29 00:45:00+00:00;0.099;;
966771;unknown;control;2023-04-29 01:00:00+00:00;0.089;;
966771;unknown;control;2023-04-29 01:15:00+00:00;0.098;;
966771;unknown;control;2023-04-29 01:30:00+00:00;0.096;;
966771;unknown;control;2023-04-29 01:45:00+00:00;0.091;;
966771;unknown;control;2023-04-29 02:00:00+00:00;0.097;;
966771;unknown;control;2023-04-29 02:15:00+00:00;0.094;;
966771;unknown;control;2023-04-29 02:30:00+00:00;0.096;;
966771;unknown;control;2023-04-29 02:45:00+00:00;0.105;;
966771;unknown;control;2023-04-29 03:00:00+00:00;0.1;;
966771;unknown;control;2023-04-29 03:15:00+00:00;0.107;;
966771;unknown;control;2023-04-29 03:30:00+00:00;0.103;;
966771;unknown;control;2023-04-29 03:45:00+00:00;0.104;;
966771;unknown;control;2023-04-29 04:00:00+00:00;0.098;;
966771;unknown;control;2023-04-29 04:15:00+00:00;0.098;;
966771;unknown;control;2023-04-29 04:30:00+00:00;0.087;;
966771;unknown;control;2023-04-29 04:45:00+00:00;0.098;;
966771;unknown;control;2023-04-29 05:00:00+00:00;0.097;;
966771;unknown;control;2023-04-29 05:15:00+00:00;0.09;;
966771;unknown;control;2023-04-29 05:30:00+00:00;0.097;;
966771;unknown;control;2023-04-29 05:45:00+00:00;0.095;;
966771;unknown;control;2023-04-29 06:00:00+00:00;0.094;;
966771;unknown;control;2023-04-29 06:15:00+00:00;0.097;;
966771;unknown;control;2023-04-29 06:30:00+00:00;0.101;;
966771;unknown;control;2023-04-29 06:45:00+00:00;0.096;;
966771;unknown;control;2023-04-29 07:00:00+00:00;0.108;;
966771;unknown;control;2023-04-29 07:15:00+00:00;0.191;;
966771;unknown;control;2023-04-29 07:30:00+00:00;0.177;;
966771;unknown;control;2023-04-29 07:45:00+00:00;0.113;;
966771;unknown;control;2023-04-29 08:00:00+00:00;0.113;;
966771;unknown;control;2023-04-29 08:15:00+00:00;0.261;;
966771;unknown;control;2023-04-29 08:30:00+00:00;0.61;;
966771;unknown;control;2023-04-29 08:45:00+00:00;0.136;;
966771;unknown;control;2023-04-29 09:00:00+00:00;0.124;;
966771;unknown;control;2023-04-29 09:15:00+00:00;0.387;;
966771;unknown;control;2023-04-29 09:30:00+00:00;0.235;;
966771;unknown;control;2023-04-29 09:45:00+00:00;0.107;;
966771;unknown;control;2023-04-29 10:00:00+00:00;0.104;;
966771;unknown;control;2023-04-29 10:15:00+00:00;0.117;;
966771;unknown;control;2023-04-29 10:30:00+00:00;0.269;;
966771;unknown;control;2023-04-29 10:45:00+00:00;0.363;;
966771;unknown;control;2023-04-29 11:00:00+00:00;0.283;;
966771;unknown;control;2023-04-29 11:15:00+00:00;0.44;;
966771;unknown;control;2023-04-29 11:30:00+00:00;0.476;;
966771;unknown;control;2023-04-29 11:45:00+00:00;0.531;;
966771;unknown;control;2023-04-29 12:00:00+00:00;0.359;;
966771;unknown;control;2023-04-29 12:15:00+00:00;0.363;;
966771;unknown;control;2023-04-29 12:30:00+00:00;0.524;;
966771;unknown;control;2023-04-29 12:45:00+00:00;0.658;;
966771;unknown;control;2023-04-29 13:00:00+00:00;0.306;;
966771;unknown;control;2023-04-29 13:15:00+00:00;0.417;;
966771;unknown;control;2023-04-29 13:30:00+00:00;0.209;;
966771;unknown;control;2023-04-29 13:45:00+00:00;0.143;;
966771;unknown;control;2023-04-29 14:00:00+00:00;0.575;;
966771;unknown;control;2023-04-29 14:15:00+00:00;0.188;;
966771;unknown;control;2023-04-29 14:30:00+00:00;0.171;;
966771;unknown;control;2023-04-29 14:45:00+00:00;0.146;;
966771;unknown;control;2023-04-29 15:00:00+00:00;0.133;;
966771;unknown;control;2023-04-29 15:15:00+00:00;0.139;;
966771;unknown;control;2023-04-29 15:30:00+00:00;0.321;;
966771;unknown;control;2023-04-29 15:45:00+00:00;0.104;;
966771;unknown;control;2023-04-29 16:00:00+00:00;0.118;;
966771;unknown;control;2023-04-29 16:15:00+00:00;0.112;;
966771;unknown;control;2023-04-29 16:30:00+00:00;0.109;;
966771;unknown;control;2023-04-29 16:45:00+00:00;0.114;;
966771;unknown;control;2023-04-29 17:00:00+00:00;0.11;;
966771;unknown;control;2023-04-29 17:15:00+00:00;0.289;;
966771;unknown;control;2023-04-29 17:30:00+00:00;0.157;;
966771;unknown;control;2023-04-29 17:45:00+00:00;0.144;;
966771;unknown;control;2023-04-29 18:00:00+00:00;0.173;;
966771;unknown;control;2023-04-29 18:15:00+00:00;0.135;;
966771;unknown;control;2023-04-29 18:30:00+00:00;0.147;;
966771;unknown;control;2023-04-29 18:45:00+00:00;0.152;;
966771;unknown;control;2023-04-29 19:00:00+00:00;0.138;;
966771;unknown;control;2023-04-29 19:15:00+00:00;0.125;;
966771;unknown;control;2023-04-29 19:30:00+00:00;0.164;;
966771;unknown;control;2023-04-29 19:45:00+00:00;0.233;;
966771;unknown;control;2023-04-29 20:00:00+00:00;0.157;;
966771;unknown;control;2023-04-29 20:15:00+00:00;0.167;;
966771;unknown;control;2023-04-29 20:30:00+00:00;0.146;;
966771;unknown;control;2023-04-29 20:45:00+00:00;0.158;;
966771;unknown;control;2023-04-29 21:00:00+00:00;0.156;;
966771;unknown;control;2023-04-29 21:15:00+00:00;0.161;;
966771;unknown;control;2023-04-29 21:30:00+00:00;0.156;;
966771;unknown;control;2023-04-29 21:45:00+00:00;0.148;;
966771;unknown;control;2023-04-29 22:00:00+00:00;0.096;;
966771;unknown;control;2023-04-29 22:15:00+00:00;0.103;;
966771;unknown;control;2023-04-29 22:30:00+00:00;0.09;;
966771;unknown;control;2023-04-29 22:45:00+00:00;0.092;;
966771;unknown;control;2023-04-29 23:00:00+00:00;0.101;;
966771;unknown;control;2023-04-29 23:15:00+00:00;0.091;;
966771;unknown;control;2023-04-29 23:30:00+00:00;1.353;;
966771;unknown;control;2023-04-29 23:45:00+00:00;1.313;;
966771;unknown;control;2023-04-30 00:00:00+00:00;1.305;;
966771;unknown;control;2023-04-30 00:15:00+00:00;1.328;;
966771;unknown;control;2023-04-30 00:30:00+00:00;1.333;;
966771;unknown;control;2023-04-30 00:45:00+00:00;1.328;;
966771;unknown;control;2023-04-30 01:00:00+00:00;1.051;;
966771;unknown;control;2023-04-30 01:15:00+00:00;0.093;;
966771;unknown;control;2023-04-30 01:30:00+00:00;0.09;;
966771;unknown;control;2023-04-30 01:45:00+00:00;0.096;;
966771;unknown;control;2023-04-30 02:00:00+00:00;0.093;;
966771;unknown;control;2023-04-30 02:15:00+00:00;0.1;;
966771;unknown;control;2023-04-30 02:30:00+00:00;0.097;;
966771;unknown;control;2023-04-30 02:45:00+00:00;0.087;;
966771;unknown;control;2023-04-30 03:00:00+00:00;0.099;;
966771;unknown;control;2023-04-30 03:15:00+00:00;0.097;;
966771;unknown;control;2023-04-30 03:30:00+00:00;0.088;;
966771;unknown;control;2023-04-30 03:45:00+00:00;0.107;;
966771;unknown;control;2023-04-30 04:00:00+00:00;0.094;;
966771;unknown;control;2023-04-30 04:15:00+00:00;0.093;;
966771;unknown;control;2023-04-30 04:30:00+00:00;0.097;;
966771;unknown;control;2023-04-30 04:45:00+00:00;0.088;;
966771;unknown;control;2023-04-30 05:00:00+00:00;0.093;;
966771;unknown;control;2023-04-30 05:15:00+00:00;0.101;;
966771;unknown;control;2023-04-30 05:30:00+00:00;0.088;;
966771;unknown;control;2023-04-30 05:45:00+00:00;0.093;;
966771;unknown;control;2023-04-30 06:00:00+00:00;0.096;;
966771;unknown;control;2023-04-30 06:15:00+00:00;0.092;;
966771;unknown;control;2023-04-30 06:30:00+00:00;0.11;;
966771;unknown;control;2023-04-30 06:45:00+00:00;0.093;;
966771;unknown;control;2023-04-30 07:00:00+00:00;0.409;;
966771;unknown;control;2023-04-30 07:15:00+00:00;0.199;;
966771;unknown;control;2023-04-30 07:30:00+00:00;0.101;;
966771;unknown;control;2023-04-30 07:45:00+00:00;0.101;;
966771;unknown;control;2023-04-30 08:00:00+00:00;0.143;;
966771;unknown;control;2023-04-30 08:15:00+00:00;0.248;;
966771;unknown;control;2023-04-30 08:30:00+00:00;0.096;;
966771;unknown;control;2023-04-30 08:45:00+00:00;0.117;;
966771;unknown;control;2023-04-30 09:00:00+00:00;0.097;;
966771;unknown;control;2023-04-30 09:15:00+00:00;0.106;;
966771;unknown;control;2023-04-30 09:30:00+00:00;0.122;;
966771;unknown;control;2023-04-30 09:45:00+00:00;0.092;;
966771;unknown;control;2023-04-30 10:00:00+00:00;0.099;;
966771;unknown;control;2023-04-30 10:15:00+00:00;0.094;;
966771;unknown;control;2023-04-30 10:30:00+00:00;0.091;;
966771;unknown;control;2023-04-30 10:45:00+00:00;0.097;;
966771;unknown;control;2023-04-30 11:00:00+00:00;0.091;;
966771;unknown;control;2023-04-30 11:15:00+00:00;0.099;;
966771;unknown;control;2023-04-30 11:30:00+00:00;0.099;;
966771;unknown;control;2023-04-30 11:45:00+00:00;0.082;;
966771;unknown;control;2023-04-30 12:00:00+00:00;0.09;;
966771;unknown;control;2023-04-30 12:15:00+00:00;0.097;;
966771;unknown;control;2023-04-30 12:30:00+00:00;0.186;;
966771;unknown;control;2023-04-30 12:45:00+00:00;0.109;;
966771;unknown;control;2023-04-30 13:00:00+00:00;0.153;;
966771;unknown;control;2023-04-30 13:15:00+00:00;0.14;;
966771;unknown;control;2023-04-30 13:30:00+00:00;0.157;;
966771;unknown;control;2023-04-30 13:45:00+00:00;0.292;;
966771;unknown;control;2023-04-30 14:00:00+00:00;0.275;;
966771;unknown;control;2023-04-30 14:15:00+00:00;0.481;;
966771;unknown;control;2023-04-30 14:30:00+00:00;0.398;;
966771;unknown;control;2023-04-30 14:45:00+00:00;0.187;;
966771;unknown;control;2023-04-30 15:00:00+00:00;0.197;;
966771;unknown;control;2023-04-30 15:15:00+00:00;0.105;;
966771;unknown;control;2023-04-30 15:30:00+00:00;0.127;;
966771;unknown;control;2023-04-30 15:45:00+00:00;0.429;;
966771;unknown;control;2023-04-30 16:00:00+00:00;0.382;;
966771;unknown;control;2023-04-30 16:15:00+00:00;0.32;;
966771;unknown;control;2023-04-30 16:30:00+00:00;0.1;;
966771;unknown;control;2023-04-30 16:45:00+00:00;0.108;;
966771;unknown;control;2023-04-30 17:00:00+00:00;0.16;;
966771;unknown;control;2023-04-30 17:15:00+00:00;0.126;;
966771;unknown;control;2023-04-30 17:30:00+00:00;0.131;;
966771;unknown;control;2023-04-30 17:45:00+00:00;0.131;;
966771;unknown;control;2023-04-30 18:00:00+00:00;0.121;;
966771;unknown;control;2023-04-30 18:15:00+00:00;0.127;;
966771;unknown;control;2023-04-30 18:30:00+00:00;0.143;;
966771;unknown;control;2023-04-30 18:45:00+00:00;0.138;;
966771;unknown;control;2023-04-30 19:00:00+00:00;0.148;;
966771;unknown;control;2023-04-30 19:15:00+00:00;0.143;;
966771;unknown;control;2023-04-30 19:30:00+00:00;0.142;;
966771;unknown;control;2023-04-30 19:45:00+00:00;0.145;;
966771;unknown;control;2023-04-30 20:00:00+00:00;0.132;;
966771;unknown;control;2023-04-30 20:15:00+00:00;0.122;;
966771;unknown;control;2023-04-30 20:30:00+00:00;0.102;;
966771;unknown;control;2023-04-30 20:45:00+00:00;0.092;;
966771;unknown;control;2023-04-30 21:00:00+00:00;0.095;;
966771;unknown;control;2023-04-30 21:15:00+00:00;0.099;;
966771;unknown;control;2023-04-30 21:30:00+00:00;0.094;;
966771;unknown;control;2023-04-30 21:45:00+00:00;0.1;;
966771;unknown;control;2023-04-30 22:00:00+00:00;0.096;;
966771;unknown;control;2023-04-30 22:15:00+00:00;0.089;;
966771;unknown;control;2023-04-30 22:30:00+00:00;0.111;;
966771;unknown;control;2023-04-30 22:45:00+00:00;0.094;;
966771;unknown;control;2023-04-30 23:00:00+00:00;0.09;;
966771;unknown;control;2023-04-30 23:15:00+00:00;0.094;;
966771;unknown;control;2023-04-30 23:30:00+00:00;1.358;;
966771;unknown;control;2023-04-30 23:45:00+00:00;1.315;;
966771;unknown;control;2023-05-01 00:00:00+00:00;1.318;;
966771;unknown;control;2023-05-01 00:15:00+00:00;1.306;;
966771;unknown;control;2023-05-01 00:30:00+00:00;1.313;;
966771;unknown;control;2023-05-01 00:45:00+00:00;1.336;;
966771;unknown;control;2023-05-01 01:00:00+00:00;1.337;;
966771;unknown;control;2023-05-01 01:15:00+00:00;1.339;;
966771;unknown;control;2023-05-01 01:30:00+00:00;0.845;;
966771;unknown;control;2023-05-01 01:45:00+00:00;0.092;;
966771;unknown;control;2023-05-01 02:00:00+00:00;0.097;;
966771;unknown;control;2023-05-01 02:15:00+00:00;0.091;;
966771;unknown;control;2023-05-01 02:30:00+00:00;0.094;;
966771;unknown;control;2023-05-01 02:45:00+00:00;0.1;;
966771;unknown;control;2023-05-01 03:00:00+00:00;0.09;;
966771;unknown;control;2023-05-01 03:15:00+00:00;0.094;;
966771;unknown;control;2023-05-01 03:30:00+00:00;0.111;;
966771;unknown;control;2023-05-01 03:45:00+00:00;0.09;;
966771;unknown;control;2023-05-01 04:00:00+00:00;0.092;;
966771;unknown;control;2023-05-01 04:15:00+00:00;0.096;;
966771;unknown;control;2023-05-01 04:30:00+00:00;0.091;;
966771;unknown;control;2023-05-01 04:45:00+00:00;0.097;;
966771;unknown;control;2023-05-01 05:00:00+00:00;0.092;;
966771;unknown;control;2023-05-01 05:15:00+00:00;0.087;;
966771;unknown;control;2023-05-01 05:30:00+00:00;0.102;;
966771;unknown;control;2023-05-01 05:45:00+00:00;0.09;;
966771;unknown;control;2023-05-01 06:00:00+00:00;0.088;;
966771;unknown;control;2023-05-01 06:15:00+00:00;0.096;;
966771;unknown;control;2023-05-01 06:30:00+00:00;0.105;;
966771;unknown;control;2023-05-01 06:45:00+00:00;0.114;;
966771;unknown;control;2023-05-01 07:00:00+00:00;0.117;;
966771;unknown;control;2023-05-01 07:15:00+00:00;0.112;;
966771;unknown;control;2023-05-01 07:30:00+00:00;0.321;;
966771;unknown;control;2023-05-01 07:45:00+00:00;0.196;;
966771;unknown;control;2023-05-01 08:00:00+00:00;0.097;;
966771;unknown;control;2023-05-01 08:15:00+00:00;0.117;;
966771;unknown;control;2023-05-01 08:30:00+00:00;0.107;;
966771;unknown;control;2023-05-01 08:45:00+00:00;0.121;;
966771;unknown;control;2023-05-01 09:00:00+00:00;0.113;;
966771;unknown;control;2023-05-01 09:15:00+00:00;0.097;;
966771;unknown;control;2023-05-01 09:30:00+00:00;0.108;;
966771;unknown;control;2023-05-01 09:45:00+00:00;0.596;;
966771;unknown;control;2023-05-01 10:00:00+00:00;0.399;;
966771;unknown;control;2023-05-01 10:15:00+00:00;0.325;;
966771;unknown;control;2023-05-01 10:30:00+00:00;0.274;;
966771;unknown;control;2023-05-01 10:45:00+00:00;0.128;;
966771;unknown;control;2023-05-01 11:00:00+00:00;0.135;;
966771;unknown;control;2023-05-01 11:15:00+00:00;0.124;;
966771;unknown;control;2023-05-01 11:30:00+00:00;0.111;;
966771;unknown;control;2023-05-01 11:45:00+00:00;0.143;;
966771;unknown;control;2023-05-01 12:00:00+00:00;0.188;;
966771;unknown;control;2023-05-01 12:15:00+00:00;0.118;;
966771;unknown;control;2023-05-01 12:30:00+00:00;0.12;;
966771;unknown;control;2023-05-01 12:45:00+00:00;0.126;;
966771;unknown;control;2023-05-01 13:00:00+00:00;0.106;;
966771;unknown;control;2023-05-01 13:15:00+00:00;0.095;;
966771;unknown;control;2023-05-01 13:30:00+00:00;0.33;;
966771;unknown;control;2023-05-01 13:45:00+00:00;0.19;;
966771;unknown;control;2023-05-01 14:00:00+00:00;0.504;;
966771;unknown;control;2023-05-01 14:15:00+00:00;0.855;;
966771;unknown;control;2023-05-01 14:30:00+00:00;0.678;;
966771;unknown;control;2023-05-01 14:45:00+00:00;0.419;;
966771;unknown;control;2023-05-01 15:00:00+00:00;0.374;;
966771;unknown;control;2023-05-01 15:15:00+00:00;0.307;;
966771;unknown;control;2023-05-01 15:30:00+00:00;0.302;;
966771;unknown;control;2023-05-01 15:45:00+00:00;0.271;;
966771;unknown;control;2023-05-01 16:00:00+00:00;0.285;;
966771;unknown;control;2023-05-01 16:15:00+00:00;0.338;;
966771;unknown;control;2023-05-01 16:30:00+00:00;0.317;;
966771;unknown;control;2023-05-01 16:45:00+00:00;0.315;;
966771;unknown;control;2023-05-01 17:00:00+00:00;0.254;;
966771;unknown;control;2023-05-01 17:15:00+00:00;0.137;;
966771;unknown;control;2023-05-01 17:30:00+00:00;0.218;;
966771;unknown;control;2023-05-01 17:45:00+00:00;0.188;;
966771;unknown;control;2023-05-01 18:00:00+00:00;0.151;;
966771;unknown;control;2023-05-01 18:15:00+00:00;0.122;;
966771;unknown;control;2023-05-01 18:30:00+00:00;0.139;;
966771;unknown;control;2023-05-01 18:45:00+00:00;0.134;;
966771;unknown;control;2023-05-01 19:00:00+00:00;0.13;;
966771;unknown;control;2023-05-01 19:15:00+00:00;0.241;;
966771;unknown;control;2023-05-01 19:30:00+00:00;0.132;;
966771;unknown;control;2023-05-01 19:45:00+00:00;0.13;;
966771;unknown;control;2023-05-01 20:00:00+00:00;0.13;;
966771;unknown;control;2023-05-01 20:15:00+00:00;0.114;;
966771;unknown;control;2023-05-01 20:30:00+00:00;0.097;;
966771;unknown;control;2023-05-01 20:45:00+00:00;0.096;;
966771;unknown;control;2023-05-01 21:00:00+00:00;0.083;;
966771;unknown;control;2023-05-01 21:15:00+00:00;0.104;;
966771;unknown;control;2023-05-01 21:30:00+00:00;0.094;;
966771;unknown;control;2023-05-01 21:45:00+00:00;0.085;;
966771;unknown;control;2023-05-01 22:00:00+00:00;0.103;;
966771;unknown;control;2023-05-01 22:15:00+00:00;0.092;;
966771;unknown;control;2023-05-01 22:30:00+00:00;0.087;;
966771;unknown;control;2023-05-01 22:45:00+00:00;0.094;;
966771;unknown;control;2023-05-01 23:00:00+00:00;0.089;;
966771;unknown;control;2023-05-01 23:15:00+00:00;0.088;;
966771;unknown;control;2023-05-01 23:30:00+00:00;1.34;;
966771;unknown;control;2023-05-01 23:45:00+00:00;1.288;;
966771;unknown;control;2023-05-02 00:00:00+00:00;1.29;;
966771;unknown;control;2023-05-02 00:15:00+00:00;1.3;;
966771;unknown;control;2023-05-02 00:30:00+00:00;1.306;;
966771;unknown;control;2023-05-02 00:45:00+00:00;1.326;;
966771;unknown;control;2023-05-02 01:00:00+00:00;1.329;;
966771;unknown;control;2023-05-02 01:15:00+00:00;1.077;;
966771;unknown;control;2023-05-02 01:30:00+00:00;0.091;;
966771;unknown;control;2023-05-02 01:45:00+00:00;0.097;;
966771;unknown;control;2023-05-02 02:00:00+00:00;0.086;;
966771;unknown;control;2023-05-02 02:15:00+00:00;0.093;;
966771;unknown;control;2023-05-02 02:30:00+00:00;0.09;;
966771;unknown;control;2023-05-02 02:45:00+00:00;0.091;;
966771;unknown;control;2023-05-02 03:00:00+00:00;0.087;;
966771;unknown;control;2023-05-02 03:15:00+00:00;0.082;;
966771;unknown;control;2023-05-02 03:30:00+00:00;0.091;;
966771;unknown;control;2023-05-02 03:45:00+00:00;0.088;;
966771;unknown;control;2023-05-02 04:00:00+00:00;0.085;;
966771;unknown;control;2023-05-02 04:15:00+00:00;0.095;;
966771;unknown;control;2023-05-02 04:30:00+00:00;0.084;;
966771;unknown;control;2023-05-02 04:45:00+00:00;0.096;;
966771;unknown;control;2023-05-02 05:00:00+00:00;0.095;;
966771;unknown;control;2023-05-02 05:15:00+00:00;0.091;;
966771;unknown;control;2023-05-02 05:30:00+00:00;0.085;;
966771;unknown;control;2023-05-02 05:45:00+00:00;0.093;;
966771;unknown;control;2023-05-02 06:00:00+00:00;0.097;;
966771;unknown;control;2023-05-02 06:15:00+00:00;0.107;;
966771;unknown;control;2023-05-02 06:30:00+00:00;0.105;;
966771;unknown;control;2023-05-02 06:45:00+00:00;0.102;;
966771;unknown;control;2023-05-02 07:00:00+00:00;0.102;;
966771;unknown;control;2023-05-02 07:15:00+00:00;0.093;;
966771;unknown;control;2023-05-02 07:30:00+00:00;0.091;;
966771;unknown;control;2023-05-02 07:45:00+00:00;0.102;;
966771;unknown;control;2023-05-02 08:00:00+00:00;0.094;;
966771;unknown;control;2023-05-02 08:15:00+00:00;0.094;;
966771;unknown;control;2023-05-02 08:30:00+00:00;0.107;;
966771;unknown;control;2023-05-02 08:45:00+00:00;0.093;;
966771;unknown;control;2023-05-02 09:00:00+00:00;0.096;;
966771;unknown;control;2023-05-02 09:15:00+00:00;0.095;;
966771;unknown;control;2023-05-02 09:30:00+00:00;0.095;;
966771;unknown;control;2023-05-02 09:45:00+00:00;0.1;;
966771;unknown;control;2023-05-02 10:00:00+00:00;0.111;;
966771;unknown;control;2023-05-02 10:15:00+00:00;0.095;;
966771;unknown;control;2023-05-02 10:30:00+00:00;0.1;;
966771;unknown;control;2023-05-02 10:45:00+00:00;0.099;;
966771;unknown;control;2023-05-02 11:00:00+00:00;0.094;;
966771;unknown;control;2023-05-02 11:15:00+00:00;0.098;;
966771;unknown;control;2023-05-02 11:30:00+00:00;0.099;;
966771;unknown;control;2023-05-02 11:45:00+00:00;0.098;;
966771;unknown;control;2023-05-02 12:00:00+00:00;0.098;;
966771;unknown;control;2023-05-02 12:15:00+00:00;0.089;;
966771;unknown;control;2023-05-02 12:30:00+00:00;0.101;;
966771;unknown;control;2023-05-02 12:45:00+00:00;0.093;;
966771;unknown;control;2023-05-02 13:00:00+00:00;0.11;;
966771;unknown;control;2023-05-02 13:15:00+00:00;0.109;;
966771;unknown;control;2023-05-02 13:30:00+00:00;0.102;;
966771;unknown;control;2023-05-02 13:45:00+00:00;0.096;;
966771;unknown;control;2023-05-02 14:00:00+00:00;0.108;;
966771;unknown;control;2023-05-02 14:15:00+00:00;0.098;;
966771;unknown;control;2023-05-02 14:30:00+00:00;0.096;;
966771;unknown;control;2023-05-02 14:45:00+00:00;0.101;;
966771;unknown;control;2023-05-02 15:00:00+00:00;0.113;;
966771;unknown;control;2023-05-02 15:15:00+00:00;0.101;;
966771;unknown;control;2023-05-02 15:30:00+00:00;0.1;;
966771;unknown;control;2023-05-02 15:45:00+00:00;0.093;;
966771;unknown;control;2023-05-02 16:00:00+00:00;0.101;;
966771;unknown;control;2023-05-02 16:15:00+00:00;0.098;;
966771;unknown;control;2023-05-02 16:30:00+00:00;0.095;;
966771;unknown;control;2023-05-02 16:45:00+00:00;0.111;;
966771;unknown;control;2023-05-02 17:00:00+00:00;0.094;;
966771;unknown;control;2023-05-02 17:15:00+00:00;0.104;;
966771;unknown;control;2023-05-02 17:30:00+00:00;0.145;;
966771;unknown;control;2023-05-02 17:45:00+00:00;0.143;;
966771;unknown;control;2023-05-02 18:00:00+00:00;0.127;;
966771;unknown;control;2023-05-02 18:15:00+00:00;0.104;;
966771;unknown;control;2023-05-02 18:30:00+00:00;0.126;;
966771;unknown;control;2023-05-02 18:45:00+00:00;0.14;;
966771;unknown;control;2023-05-02 19:00:00+00:00;0.128;;
966771;unknown;control;2023-05-02 19:15:00+00:00;0.105;;
966771;unknown;control;2023-05-02 19:30:00+00:00;0.111;;
966771;unknown;control;2023-05-02 19:45:00+00:00;0.103;;
966771;unknown;control;2023-05-02 20:00:00+00:00;0.106;;
966771;unknown;control;2023-05-02 20:15:00+00:00;0.101;;
966771;unknown;control;2023-05-02 20:30:00+00:00;0.094;;
966771;unknown;control;2023-05-02 20:45:00+00:00;0.096;;
966771;unknown;control;2023-05-02 21:00:00+00:00;0.094;;
966771;unknown;control;2023-05-02 21:15:00+00:00;0.084;;
966771;unknown;control;2023-05-02 21:30:00+00:00;0.096;;
966771;unknown;control;2023-05-02 21:45:00+00:00;0.097;;
966771;unknown;control;2023-05-02 22:00:00+00:00;0.086;;
966771;unknown;control;2023-05-02 22:15:00+00:00;0.095;;
966771;unknown;control;2023-05-02 22:30:00+00:00;0.093;;
966771;unknown;control;2023-05-02 22:45:00+00:00;0.091;;
966771;unknown;control;2023-05-02 23:00:00+00:00;0.097;;
966771;unknown;control;2023-05-02 23:15:00+00:00;0.088;;
966771;unknown;control;2023-05-02 23:30:00+00:00;1.316;;
966771;unknown;control;2023-05-02 23:45:00+00:00;1.27;;
966771;unknown;control;2023-05-03 00:00:00+00:00;1.286;;
966771;unknown;control;2023-05-03 00:15:00+00:00;1.299;;
966771;unknown;control;2023-05-03 00:30:00+00:00;1.151;;
966771;unknown;control;2023-05-03 00:45:00+00:00;0.089;;
966771;unknown;control;2023-05-03 01:00:00+00:00;0.095;;
966771;unknown;control;2023-05-03 01:15:00+00:00;0.091;;
966771;unknown;control;2023-05-03 01:30:00+00:00;0.086;;
966771;unknown;control;2023-05-03 01:45:00+00:00;0.1;;
966771;unknown;control;2023-05-03 02:00:00+00:00;0.092;;
966771;unknown;control;2023-05-03 02:15:00+00:00;0.087;;
966771;unknown;control;2023-05-03 02:30:00+00:00;0.095;;
966771;unknown;control;2023-05-03 02:45:00+00:00;0.095;;
966771;unknown;control;2023-05-03 03:00:00+00:00;0.094;;
966771;unknown;control;2023-05-03 03:15:00+00:00;0.095;;
966771;unknown;control;2023-05-03 03:30:00+00:00;0.087;;
966771;unknown;control;2023-05-03 03:45:00+00:00;0.096;;
966771;unknown;control;2023-05-03 04:00:00+00:00;0.443;;
966771;unknown;control;2023-05-03 04:15:00+00:00;0.185;;
966771;unknown;control;2023-05-03 04:30:00+00:00;0.147;;
966771;unknown;control;2023-05-03 04:45:00+00:00;0.118;;
966771;unknown;control;2023-05-03 05:00:00+00:00;0.141;;
966771;unknown;control;2023-05-03 05:15:00+00:00;0.55;;
966771;unknown;control;2023-05-03 05:30:00+00:00;0.323;;
966771;unknown;control;2023-05-03 05:45:00+00:00;0.125;;
966771;unknown;control;2023-05-03 06:00:00+00:00;0.134;;
966771;unknown;control;2023-05-03 06:15:00+00:00;0.112;;
966771;unknown;control;2023-05-03 06:30:00+00:00;0.09;;
966771;unknown;control;2023-05-03 06:45:00+00:00;0.269;;
966771;unknown;control;2023-05-03 07:00:00+00:00;0.216;;
966771;unknown;control;2023-05-03 07:15:00+00:00;0.125;;
966771;unknown;control;2023-05-03 07:30:00+00:00;0.252;;
966771;unknown;control;2023-05-03 07:45:00+00:00;0.146;;
966771;unknown;control;2023-05-03 08:00:00+00:00;0.529;;
966771;unknown;control;2023-05-03 08:15:00+00:00;0.476;;
966771;unknown;control;2023-05-03 08:30:00+00:00;0.122;;
966771;unknown;control;2023-05-03 08:45:00+00:00;0.264;;
966771;unknown;control;2023-05-03 09:00:00+00:00;0.671;;
966771;unknown;control;2023-05-03 09:15:00+00:00;0.151;;
966771;unknown;control;2023-05-03 09:30:00+00:00;0.373;;
966771;unknown;control;2023-05-03 09:45:00+00:00;0.094;;
966771;unknown;control;2023-05-03 10:00:00+00:00;0.1;;
966771;unknown;control;2023-05-03 10:15:00+00:00;0.106;;
966771;unknown;control;2023-05-03 10:30:00+00:00;0.094;;
966771;unknown;control;2023-05-03 10:45:00+00:00;0.146;;
966771;unknown;control;2023-05-03 11:00:00+00:00;0.239;;
966771;unknown;control;2023-05-03 11:15:00+00:00;0.263;;
966771;unknown;control;2023-05-03 11:30:00+00:00;0.268;;
966771;unknown;control;2023-05-03 11:45:00+00:00;0.266;;
966771;unknown;control;2023-05-03 12:00:00+00:00;0.121;;
966771;unknown;control;2023-05-03 12:15:00+00:00;0.17;;
966771;unknown;control;2023-05-03 12:30:00+00:00;0.106;;
966771;unknown;control;2023-05-03 12:45:00+00:00;0.312;;
966771;unknown;control;2023-05-03 13:00:00+00:00;0.53;;
966771;unknown;control;2023-05-03 13:15:00+00:00;0.248;;
966771;unknown;control;2023-05-03 13:30:00+00:00;0.255;;
966771;unknown;control;2023-05-03 13:45:00+00:00;0.124;;
966771;unknown;control;2023-05-03 14:00:00+00:00;0.099;;
966771;unknown;control;2023-05-03 14:15:00+00:00;0.11;;
966771;unknown;control;2023-05-03 14:30:00+00:00;0.104;;
966771;unknown;control;2023-05-03 14:45:00+00:00;0.105;;
966771;unknown;control;2023-05-03 15:00:00+00:00;0.12;;
966771;unknown;control;2023-05-03 15:15:00+00:00;0.101;;
966771;unknown;control;2023-05-03 15:30:00+00:00;0.099;;
966771;unknown;control;2023-05-03 15:45:00+00:00;0.104;;
966771;unknown;control;2023-05-03 16:00:00+00:00;0.098;;
966771;unknown;control;2023-05-03 16:15:00+00:00;0.099;;
966771;unknown;control;2023-05-03 16:30:00+00:00;0.103;;
966771;unknown;control;2023-05-03 16:45:00+00:00;0.089;;
966771;unknown;control;2023-05-03 17:00:00+00:00;0.112;;
966771;unknown;control;2023-05-03 17:15:00+00:00;0.142;;
966771;unknown;control;2023-05-03 17:30:00+00:00;0.133;;
966771;unknown;control;2023-05-03 17:45:00+00:00;0.13;;
966771;unknown;control;2023-05-03 18:00:00+00:00;0.13;;
966771;unknown;control;2023-05-03 18:15:00+00:00;0.124;;
966771;unknown;control;2023-05-03 18:30:00+00:00;0.138;;
966771;unknown;control;2023-05-03 18:45:00+00:00;0.143;;
966771;unknown;control;2023-05-03 19:00:00+00:00;0.138;;
966771;unknown;control;2023-05-03 19:15:00+00:00;0.146;;
966771;unknown;control;2023-05-03 19:30:00+00:00;0.159;;
966771;unknown;control;2023-05-03 19:45:00+00:00;0.135;;
966771;unknown;control;2023-05-03 20:00:00+00:00;0.129;;
966771;unknown;control;2023-05-03 20:15:00+00:00;0.139;;
966771;unknown;control;2023-05-03 20:30:00+00:00;0.115;;
966771;unknown;control;2023-05-03 20:45:00+00:00;0.098;;
966771;unknown;control;2023-05-03 21:00:00+00:00;0.094;;
966771;unknown;control;2023-05-03 21:15:00+00:00;0.094;;
966771;unknown;control;2023-05-03 21:30:00+00:00;0.094;;
966771;unknown;control;2023-05-03 21:45:00+00:00;0.086;;
966771;unknown;control;2023-05-03 22:00:00+00:00;0.095;;
966771;unknown;control;2023-05-03 22:15:00+00:00;0.096;;
966771;unknown;control;2023-05-03 22:30:00+00:00;0.087;;
966771;unknown;control;2023-05-03 22:45:00+00:00;0.092;;
966771;unknown;control;2023-05-03 23:00:00+00:00;0.094;;
966771;unknown;control;2023-05-03 23:15:00+00:00;0.088;;
966771;unknown;control;2023-05-03 23:30:00+00:00;1.337;;
966771;unknown;control;2023-05-03 23:45:00+00:00;1.274;;
966771;unknown;control;2023-05-04 00:00:00+00:00;1.281;;
966771;unknown;control;2023-05-04 00:15:00+00:00;1.299;;
966771;unknown;control;2023-05-04 00:30:00+00:00;1.228;;
966771;unknown;control;2023-05-04 00:45:00+00:00;0.092;;
966771;unknown;control;2023-05-04 01:00:00+00:00;0.098;;
966771;unknown;control;2023-05-04 01:15:00+00:00;0.085;;
966771;unknown;control;2023-05-04 01:30:00+00:00;0.094;;
966771;unknown;control;2023-05-04 01:45:00+00:00;0.095;;
966771;unknown;control;2023-05-04 02:00:00+00:00;0.088;;
966771;unknown;control;2023-05-04 02:15:00+00:00;0.093;;
966771;unknown;control;2023-05-04 02:30:00+00:00;0.086;;
966771;unknown;control;2023-05-04 02:45:00+00:00;0.089;;
966771;unknown;control;2023-05-04 03:00:00+00:00;0.101;;
966771;unknown;control;2023-05-04 03:15:00+00:00;0.087;;
966771;unknown;control;2023-05-04 03:30:00+00:00;0.089;;
966771;unknown;control;2023-05-04 03:45:00+00:00;0.093;;
966771;unknown;control;2023-05-04 04:00:00+00:00;0.088;;
966771;unknown;control;2023-05-04 04:15:00+00:00;0.094;;
966771;unknown;control;2023-05-04 04:30:00+00:00;0.1;;
966771;unknown;control;2023-05-04 04:45:00+00:00;0.094;;
966771;unknown;control;2023-05-04 05:00:00+00:00;0.108;;
966771;unknown;control;2023-05-04 05:15:00+00:00;0.096;;
966771;unknown;control;2023-05-04 05:30:00+00:00;0.111;;
966771;unknown;control;2023-05-04 05:45:00+00:00;0.103;;
966771;unknown;control;2023-05-04 06:00:00+00:00;0.098;;
966771;unknown;control;2023-05-04 06:15:00+00:00;0.093;;
966771;unknown;control;2023-05-04 06:30:00+00:00;0.098;;
966771;unknown;control;2023-05-04 06:45:00+00:00;0.083;;
966771;unknown;control;2023-05-04 07:00:00+00:00;0.094;;
966771;unknown;control;2023-05-04 07:15:00+00:00;0.099;;
966771;unknown;control;2023-05-04 07:30:00+00:00;0.091;;
966771;unknown;control;2023-05-04 07:45:00+00:00;0.096;;
966771;unknown;control;2023-05-04 08:00:00+00:00;0.093;;
966771;unknown;control;2023-05-04 08:15:00+00:00;0.092;;
966771;unknown;control;2023-05-04 08:30:00+00:00;0.1;;
966771;unknown;control;2023-05-04 08:45:00+00:00;0.102;;
966771;unknown;control;2023-05-04 09:00:00+00:00;0.089;;
966771;unknown;control;2023-05-04 09:15:00+00:00;0.222;;
966771;unknown;control;2023-05-04 09:30:00+00:00;0.253;;
966771;unknown;control;2023-05-04 09:45:00+00:00;0.153;;
966771;unknown;control;2023-05-04 10:00:00+00:00;0.118;;
966771;unknown;control;2023-05-04 10:15:00+00:00;0.089;;
966771;unknown;control;2023-05-04 10:30:00+00:00;0.096;;
966771;unknown;control;2023-05-04 10:45:00+00:00;0.105;;
966771;unknown;control;2023-05-04 11:00:00+00:00;0.101;;
966771;unknown;control;2023-05-04 11:15:00+00:00;0.109;;
966771;unknown;control;2023-05-04 11:30:00+00:00;0.102;;
966771;unknown;control;2023-05-04 11:45:00+00:00;0.098;;
966771;unknown;control;2023-05-04 12:00:00+00:00;0.122;;
966771;unknown;control;2023-05-04 12:15:00+00:00;0.118;;
966771;unknown;control;2023-05-04 12:30:00+00:00;0.114;;
966771;unknown;control;2023-05-04 12:45:00+00:00;0.116;;
966771;unknown;control;2023-05-04 13:00:00+00:00;0.107;;
966771;unknown;control;2023-05-04 13:15:00+00:00;0.106;;
966771;unknown;control;2023-05-04 13:30:00+00:00;0.105;;
966771;unknown;control;2023-05-04 13:45:00+00:00;0.108;;
966771;unknown;control;2023-05-04 14:00:00+00:00;0.102;;
966771;unknown;control;2023-05-04 14:15:00+00:00;0.1;;
966771;unknown;control;2023-05-04 14:30:00+00:00;0.094;;
966771;unknown;control;2023-05-04 14:45:00+00:00;0.103;;
966771;unknown;control;2023-05-04 15:00:00+00:00;0.102;;
966771;unknown;control;2023-05-04 15:15:00+00:00;0.096;;
966771;unknown;control;2023-05-04 15:30:00+00:00;0.287;;
966771;unknown;control;2023-05-04 15:45:00+00:00;0.186;;
966771;unknown;control;2023-05-04 16:00:00+00:00;0.137;;
966771;unknown;control;2023-05-04 16:15:00+00:00;0.171;;
966771;unknown;control;2023-05-04 16:30:00+00:00;0.131;;
966771;unknown;control;2023-05-04 16:45:00+00:00;0.12;;
966771;unknown;control;2023-05-04 17:00:00+00:00;0.105;;
966771;unknown;control;2023-05-04 17:15:00+00:00;0.103;;
966771;unknown;control;2023-05-04 17:30:00+00:00;0.098;;
966771;unknown;control;2023-05-04 17:45:00+00:00;0.108;;
966771;unknown;control;2023-05-04 18:00:00+00:00;0.135;;
966771;unknown;control;2023-05-04 18:15:00+00:00;0.133;;
966771;unknown;control;2023-05-04 18:30:00+00:00;0.141;;
966771;unknown;control;2023-05-04 18:45:00+00:00;0.178;;
966771;unknown;control;2023-05-04 19:00:00+00:00;0.14;;
966771;unknown;control;2023-05-04 19:15:00+00:00;0.139;;
966771;unknown;control;2023-05-04 19:30:00+00:00;0.158;;
966771;unknown;control;2023-05-04 19:45:00+00:00;0.154;;
966771;unknown;control;2023-05-04 20:00:00+00:00;0.156;;
966771;unknown;control;2023-05-04 20:15:00+00:00;0.155;;
966771;unknown;control;2023-05-04 20:30:00+00:00;0.144;;
966771;unknown;control;2023-05-04 20:45:00+00:00;0.129;;
966771;unknown;control;2023-05-04 21:00:00+00:00;0.118;;
966771;unknown;control;2023-05-04 21:15:00+00:00;0.11;;
966771;unknown;control;2023-05-04 21:30:00+00:00;0.123;;
966771;unknown;control;2023-05-04 21:45:00+00:00;0.123;;
966771;unknown;control;2023-05-04 22:00:00+00:00;0.115;;
966771;unknown;control;2023-05-04 22:15:00+00:00;0.12;;
966771;unknown;control;2023-05-04 22:30:00+00:00;0.114;;
966771;unknown;control;2023-05-04 22:45:00+00:00;0.116;;
966771;unknown;control;2023-05-04 23:00:00+00:00;0.131;;
966771;unknown;control;2023-05-04 23:15:00+00:00;0.087;;
966771;unknown;control;2023-05-04 23:30:00+00:00;1.344;;
966771;unknown;control;2023-05-04 23:45:00+00:00;1.301;;
966771;unknown;control;2023-05-05 00:00:00+00:00;1.305;;
966771;unknown;control;2023-05-05 00:15:00+00:00;1.32;;
966771;unknown;control;2023-05-05 00:30:00+00:00;1.341;;
966771;unknown;control;2023-05-05 00:45:00+00:00;1.36;;
966771;unknown;control;2023-05-05 01:00:00+00:00;0.363;;
966771;unknown;control;2023-05-05 01:15:00+00:00;0.089;;
966771;unknown;control;2023-05-05 01:30:00+00:00;0.087;;
966771;unknown;control;2023-05-05 01:45:00+00:00;0.096;;
966771;unknown;control;2023-05-05 02:00:00+00:00;0.09;;
966771;unknown;control;2023-05-05 02:15:00+00:00;0.094;;
966771;unknown;control;2023-05-05 02:30:00+00:00;0.095;;
966771;unknown;control;2023-05-05 02:45:00+00:00;0.084;;
966771;unknown;control;2023-05-05 03:00:00+00:00;0.089;;
966771;unknown;control;2023-05-05 03:15:00+00:00;0.093;;
966771;unknown;control;2023-05-05 03:30:00+00:00;0.088;;
966771;unknown;control;2023-05-05 03:45:00+00:00;0.098;;
966771;unknown;control;2023-05-05 04:00:00+00:00;0.089;;
966771;unknown;control;2023-05-05 04:15:00+00:00;0.085;;
966771;unknown;control;2023-05-05 04:30:00+00:00;0.1;;
966771;unknown;control;2023-05-05 04:45:00+00:00;0.104;;
966771;unknown;control;2023-05-05 05:00:00+00:00;0.089;;
966771;unknown;control;2023-05-05 05:15:00+00:00;0.096;;
966771;unknown;control;2023-05-05 05:30:00+00:00;0.09;;
966771;unknown;control;2023-05-05 05:45:00+00:00;0.088;;
966771;unknown;control;2023-05-05 06:00:00+00:00;0.089;;
966771;unknown;control;2023-05-05 06:15:00+00:00;0.087;;
966771;unknown;control;2023-05-05 06:30:00+00:00;0.096;;
966771;unknown;control;2023-05-05 06:45:00+00:00;0.092;;
966771;unknown;control;2023-05-05 07:00:00+00:00;0.089;;
966771;unknown;control;2023-05-05 07:15:00+00:00;0.098;;
966771;unknown;control;2023-05-05 07:30:00+00:00;0.092;;
966771;unknown;control;2023-05-05 07:45:00+00:00;0.104;;
966771;unknown;control;2023-05-05 08:00:00+00:00;0.109;;
966771;unknown;control;2023-05-05 08:15:00+00:00;0.094;;
966771;unknown;control;2023-05-05 08:30:00+00:00;0.098;;
966771;unknown;control;2023-05-05 08:45:00+00:00;0.107;;
966771;unknown;control;2023-05-05 09:00:00+00:00;0.104;;
966771;unknown;control;2023-05-05 09:15:00+00:00;0.298;;
966771;unknown;control;2023-05-05 09:30:00+00:00;0.141;;
966771;unknown;control;2023-05-05 09:45:00+00:00;0.12;;
966771;unknown;control;2023-05-05 10:00:00+00:00;0.122;;
966771;unknown;control;2023-05-05 10:15:00+00:00;0.113;;
966771;unknown;control;2023-05-05 10:30:00+00:00;0.114;;
966771;unknown;control;2023-05-05 10:45:00+00:00;0.113;;
966771;unknown;control;2023-05-05 11:00:00+00:00;0.116;;
966771;unknown;control;2023-05-05 11:15:00+00:00;0.103;;
966771;unknown;control;2023-05-05 11:30:00+00:00;0.102;;
966771;unknown;control;2023-05-05 11:45:00+00:00;0.092;;
966771;unknown;control;2023-05-05 12:00:00+00:00;0.095;;
966771;unknown;control;2023-05-05 12:15:00+00:00;0.099;;
966771;unknown;control;2023-05-05 12:30:00+00:00;0.093;;
966771;unknown;control;2023-05-05 12:45:00+00:00;0.104;;
966771;unknown;control;2023-05-05 13:00:00+00:00;0.094;;
966771;unknown;control;2023-05-05 13:15:00+00:00;0.094;;
966771;unknown;control;2023-05-05 13:30:00+00:00;0.104;;
966771;unknown;control;2023-05-05 13:45:00+00:00;0.095;;
966771;unknown;control;2023-05-05 14:00:00+00:00;0.094;;
966771;unknown;control;2023-05-05 14:15:00+00:00;0.1;;
966771;unknown;control;2023-05-05 14:30:00+00:00;0.14;;
966771;unknown;control;2023-05-05 14:45:00+00:00;0.318;;
966771;unknown;control;2023-05-05 15:00:00+00:00;0.109;;
966771;unknown;control;2023-05-05 15:15:00+00:00;0.121;;
966771;unknown;control;2023-05-05 15:30:00+00:00;0.182;;
966771;unknown;control;2023-05-05 15:45:00+00:00;0.596;;
966771;unknown;control;2023-05-05 16:00:00+00:00;0.359;;
966771;unknown;control;2023-05-05 16:15:00+00:00;0.344;;
966771;unknown;control;2023-05-05 16:30:00+00:00;0.394;;
966771;unknown;control;2023-05-05 16:45:00+00:00;0.378;;
966771;unknown;control;2023-05-05 17:00:00+00:00;0.417;;
966771;unknown;control;2023-05-05 17:15:00+00:00;0.14;;
966771;unknown;control;2023-05-05 17:30:00+00:00;0.152;;
966771;unknown;control;2023-05-05 17:45:00+00:00;0.166;;
966771;unknown;control;2023-05-05 18:00:00+00:00;0.173;;
966771;unknown;control;2023-05-05 18:15:00+00:00;0.177;;
966771;unknown;control;2023-05-05 18:30:00+00:00;0.172;;
966771;unknown;control;2023-05-05 18:45:00+00:00;0.267;;
966771;unknown;control;2023-05-05 19:00:00+00:00;0.314;;
966771;unknown;control;2023-05-05 19:15:00+00:00;0.198;;
966771;unknown;control;2023-05-05 19:30:00+00:00;0.192;;
966771;unknown;control;2023-05-05 19:45:00+00:00;0.214;;
966771;unknown;control;2023-05-05 20:00:00+00:00;0.207;;
966771;unknown;control;2023-05-05 20:15:00+00:00;0.225;;
966771;unknown;control;2023-05-05 20:30:00+00:00;0.203;;
966771;unknown;control;2023-05-05 20:45:00+00:00;0.185;;
966771;unknown;control;2023-05-05 21:00:00+00:00;0.139;;
966771;unknown;control;2023-05-05 21:15:00+00:00;0.109;;
966771;unknown;control;2023-05-05 21:30:00+00:00;0.089;;
966771;unknown;control;2023-05-05 21:45:00+00:00;0.1;;
966771;unknown;control;2023-05-05 22:00:00+00:00;0.098;;
966771;unknown;control;2023-05-05 22:15:00+00:00;0.094;;
966771;unknown;control;2023-05-05 22:30:00+00:00;0.101;;
966771;unknown;control;2023-05-05 22:45:00+00:00;0.089;;
966771;unknown;control;2023-05-05 23:00:00+00:00;0.093;;
966771;unknown;control;2023-05-05 23:15:00+00:00;0.1;;
966771;unknown;control;2023-05-05 23:30:00+00:00;1.338;;
966771;unknown;control;2023-05-05 23:45:00+00:00;1.292;;
966771;unknown;control;2023-05-06 00:00:00+00:00;1.296;;
966771;unknown;control;2023-05-06 00:15:00+00:00;1.268;;
966771;unknown;control;2023-05-06 00:30:00+00:00;0.093;;
966771;unknown;control;2023-05-06 00:45:00+00:00;0.094;;
966771;unknown;control;2023-05-06 01:00:00+00:00;0.093;;
966771;unknown;control;2023-05-06 01:15:00+00:00;0.1;;
966771;unknown;control;2023-05-06 01:30:00+00:00;0.09;;
966771;unknown;control;2023-05-06 01:45:00+00:00;0.093;;
966771;unknown;control;2023-05-06 02:00:00+00:00;0.104;;
966771;unknown;control;2023-05-06 02:15:00+00:00;0.091;;
966771;unknown;control;2023-05-06 02:30:00+00:00;0.108;;
966771;unknown;control;2023-05-06 02:45:00+00:00;0.104;;
966771;unknown;control;2023-05-06 03:00:00+00:00;0.09;;
966771;unknown;control;2023-05-06 03:15:00+00:00;0.092;;
966771;unknown;control;2023-05-06 03:30:00+00:00;0.097;;
966771;unknown;control;2023-05-06 03:45:00+00:00;0.091;;
966771;unknown;control;2023-05-06 04:00:00+00:00;0.098;;
966771;unknown;control;2023-05-06 04:15:00+00:00;0.09;;
966771;unknown;control;2023-05-06 04:30:00+00:00;0.092;;
966771;unknown;control;2023-05-06 04:45:00+00:00;0.113;;
966771;unknown;control;2023-05-06 05:00:00+00:00;0.085;;
966771;unknown;control;2023-05-06 05:15:00+00:00;0.1;;
966771;unknown;control;2023-05-06 05:30:00+00:00;0.106;;
966771;unknown;control;2023-05-06 05:45:00+00:00;0.094;;
966771;unknown;control;2023-05-06 06:00:00+00:00;0.135;;
966771;unknown;control;2023-05-06 06:15:00+00:00;0.096;;
966771;unknown;control;2023-05-06 06:30:00+00:00;0.124;;
966771;unknown;control;2023-05-06 06:45:00+00:00;0.447;;
966771;unknown;control;2023-05-06 07:00:00+00:00;0.421;;
966771;unknown;control;2023-05-06 07:15:00+00:00;0.118;;
966771;unknown;control;2023-05-06 07:30:00+00:00;0.222;;
966771;unknown;control;2023-05-06 07:45:00+00:00;0.415;;
966771;unknown;control;2023-05-06 08:00:00+00:00;0.102;;
966771;unknown;control;2023-05-06 08:15:00+00:00;0.107;;
966771;unknown;control;2023-05-06 08:30:00+00:00;0.109;;
966771;unknown;control;2023-05-06 08:45:00+00:00;0.102;;
966771;unknown;control;2023-05-06 09:00:00+00:00;0.105;;
966771;unknown;control;2023-05-06 09:15:00+00:00;0.093;;
966771;unknown;control;2023-05-06 09:30:00+00:00;0.098;;
966771;unknown;control;2023-05-06 09:45:00+00:00;0.103;;
966771;unknown;control;2023-05-06 10:00:00+00:00;0.096;;
966771;unknown;control;2023-05-06 10:15:00+00:00;0.1;;
966771;unknown;control;2023-05-06 10:30:00+00:00;0.108;;
966771;unknown;control;2023-05-06 10:45:00+00:00;0.098;;
966771;unknown;control;2023-05-06 11:00:00+00:00;0.104;;
966771;unknown;control;2023-05-06 11:15:00+00:00;0.093;;
966771;unknown;control;2023-05-06 11:30:00+00:00;0.098;;
966771;unknown;control;2023-05-06 11:45:00+00:00;0.106;;
966771;unknown;control;2023-05-06 12:00:00+00:00;0.092;;
966771;unknown;control;2023-05-06 12:15:00+00:00;0.099;;
966771;unknown;control;2023-05-06 12:30:00+00:00;0.106;;
966771;unknown;control;2023-05-06 12:45:00+00:00;0.136;;
966771;unknown;control;2023-05-06 13:00:00+00:00;0.134;;
966771;unknown;control;2023-05-06 13:15:00+00:00;0.132;;
966771;unknown;control;2023-05-06 13:30:00+00:00;0.121;;
966771;unknown;control;2023-05-06 13:45:00+00:00;0.12;;
966771;unknown;control;2023-05-06 14:00:00+00:00;0.101;;
966771;unknown;control;2023-05-06 14:15:00+00:00;0.112;;
966771;unknown;control;2023-05-06 14:30:00+00:00;0.104;;
966771;unknown;control;2023-05-06 14:45:00+00:00;0.093;;
966771;unknown;control;2023-05-06 15:00:00+00:00;0.091;;
966771;unknown;control;2023-05-06 15:15:00+00:00;0.097;;
966771;unknown;control;2023-05-06 15:30:00+00:00;0.091;;
966771;unknown;control;2023-05-06 15:45:00+00:00;0.095;;
966771;unknown;control;2023-05-06 16:00:00+00:00;0.435;;
966771;unknown;control;2023-05-06 16:15:00+00:00;0.317;;
966771;unknown;control;2023-05-06 16:30:00+00:00;0.121;;
966771;unknown;control;2023-05-06 16:45:00+00:00;0.098;;
966771;unknown;control;2023-05-06 17:00:00+00:00;0.094;;
966771;unknown;control;2023-05-06 17:15:00+00:00;0.097;;
966771;unknown;control;2023-05-06 17:30:00+00:00;0.111;;
966771;unknown;control;2023-05-06 17:45:00+00:00;0.098;;
966771;unknown;control;2023-05-06 18:00:00+00:00;0.148;;
966771;unknown;control;2023-05-06 18:15:00+00:00;0.121;;
966771;unknown;control;2023-05-06 18:30:00+00:00;0.123;;
966771;unknown;control;2023-05-06 18:45:00+00:00;0.129;;
966771;unknown;control;2023-05-06 19:00:00+00:00;0.132;;
966771;unknown;control;2023-05-06 19:15:00+00:00;0.135;;
966771;unknown;control;2023-05-06 19:30:00+00:00;0.139;;
966771;unknown;control;2023-05-06 19:45:00+00:00;0.129;;
966771;unknown;control;2023-05-06 20:00:00+00:00;0.1;;
966771;unknown;control;2023-05-06 20:15:00+00:00;0.093;;
966771;unknown;control;2023-05-06 20:30:00+00:00;0.087;;
966771;unknown;control;2023-05-06 20:45:00+00:00;0.099;;
966771;unknown;control;2023-05-06 21:00:00+00:00;0.096;;
966771;unknown;control;2023-05-06 21:15:00+00:00;0.092;;
966771;unknown;control;2023-05-06 21:30:00+00:00;0.094;;
966771;unknown;control;2023-05-06 21:45:00+00:00;0.089;;
966771;unknown;control;2023-05-06 22:00:00+00:00;0.088;;
966771;unknown;control;2023-05-06 22:15:00+00:00;0.103;;
966771;unknown;control;2023-05-06 22:30:00+00:00;0.084;;
966771;unknown;control;2023-05-06 22:45:00+00:00;0.095;;
966771;unknown;control;2023-05-06 23:00:00+00:00;0.097;;
966771;unknown;control;2023-05-06 23:15:00+00:00;0.086;;
966771;unknown;control;2023-05-06 23:30:00+00:00;1.348;;
966771;unknown;control;2023-05-06 23:45:00+00:00;1.307;;
966771;unknown;control;2023-05-07 00:00:00+00:00;1.303;;
966771;unknown;control;2023-05-07 00:15:00+00:00;1.328;;
966771;unknown;control;2023-05-07 00:30:00+00:00;1.336;;
966771;unknown;control;2023-05-07 00:45:00+00:00;0.569;;
966771;unknown;control;2023-05-07 01:00:00+00:00;0.099;;
966771;unknown;control;2023-05-07 01:15:00+00:00;0.088;;
966771;unknown;control;2023-05-07 01:30:00+00:00;0.092;;
966771;unknown;control;2023-05-07 01:45:00+00:00;0.101;;
966771;unknown;control;2023-05-07 02:00:00+00:00;0.086;;
966771;unknown;control;2023-05-07 02:15:00+00:00;0.098;;
966771;unknown;control;2023-05-07 02:30:00+00:00;0.095;;
966771;unknown;control;2023-05-07 02:45:00+00:00;0.085;;
966771;unknown;control;2023-05-07 03:00:00+00:00;0.105;;
966771;unknown;control;2023-05-07 03:15:00+00:00;0.097;;
966771;unknown;control;2023-05-07 03:30:00+00:00;0.089;;
966771;unknown;control;2023-05-07 03:45:00+00:00;0.1;;
966771;unknown;control;2023-05-07 04:00:00+00:00;0.101;;
966771;unknown;control;2023-05-07 04:15:00+00:00;0.093;;
966771;unknown;control;2023-05-07 04:30:00+00:00;0.098;;
966771;unknown;control;2023-05-07 04:45:00+00:00;0.1;;
966771;unknown;control;2023-05-07 05:00:00+00:00;0.094;;
966771;unknown;control;2023-05-07 05:15:00+00:00;0.096;;
966771;unknown;control;2023-05-07 05:30:00+00:00;0.084;;
966771;unknown;control;2023-05-07 05:45:00+00:00;0.104;;
966771;unknown;control;2023-05-07 06:00:00+00:00;0.115;;
966771;unknown;control;2023-05-07 06:15:00+00:00;0.244;;
966771;unknown;control;2023-05-07 06:30:00+00:00;0.328;;
966771;unknown;control;2023-05-07 06:45:00+00:00;0.121;;
966771;unknown;control;2023-05-07 07:00:00+00:00;0.103;;
966771;unknown;control;2023-05-07 07:15:00+00:00;0.232;;
966771;unknown;control;2023-05-07 07:30:00+00:00;0.111;;
966771;unknown;control;2023-05-07 07:45:00+00:00;0.116;;
966771;unknown;control;2023-05-07 08:00:00+00:00;0.109;;
966771;unknown;control;2023-05-07 08:15:00+00:00;0.095;;
966771;unknown;control;2023-05-07 08:30:00+00:00;0.108;;
966771;unknown;control;2023-05-07 08:45:00+00:00;0.107;;
966771;unknown;control;2023-05-07 09:00:00+00:00;0.103;;
966771;unknown;control;2023-05-07 09:15:00+00:00;0.115;;
966771;unknown;control;2023-05-07 09:30:00+00:00;0.103;;
966771;unknown;control;2023-05-07 09:45:00+00:00;0.104;;
966771;unknown;control;2023-05-07 10:00:00+00:00;0.118;;
966771;unknown;control;2023-05-07 10:15:00+00:00;0.107;;
966771;unknown;control;2023-05-07 10:30:00+00:00;0.106;;
966771;unknown;control;2023-05-07 10:45:00+00:00;0.108;;
966771;unknown;control;2023-05-07 11:00:00+00:00;0.102;;
966771;unknown;control;2023-05-07 11:15:00+00:00;0.102;;
966771;unknown;control;2023-05-07 11:30:00+00:00;0.103;;
966771;unknown;control;2023-05-07 11:45:00+00:00;0.095;;
966771;unknown;control;2023-05-07 12:00:00+00:00;0.095;;
966771;unknown;control;2023-05-07 12:15:00+00:00;0.103;;
966771;unknown;control;2023-05-07 12:30:00+00:00;0.111;;
966771;unknown;control;2023-05-07 12:45:00+00:00;0.098;;
966771;unknown;control;2023-05-07 13:00:00+00:00;0.113;;
966771;unknown;control;2023-05-07 13:15:00+00:00;0.094;;
966771;unknown;control;2023-05-07 13:30:00+00:00;0.147;;
966771;unknown;control;2023-05-07 13:45:00+00:00;0.157;;
966771;unknown;control;2023-05-07 14:00:00+00:00;0.124;;
966771;unknown;control;2023-05-07 14:15:00+00:00;0.134;;
966771;unknown;control;2023-05-07 14:30:00+00:00;0.126;;
966771;unknown;control;2023-05-07 14:45:00+00:00;0.128;;
966771;unknown;control;2023-05-07 15:00:00+00:00;0.154;;
966771;unknown;control;2023-05-07 15:15:00+00:00;0.158;;
966771;unknown;control;2023-05-07 15:30:00+00:00;0.098;;
966771;unknown;control;2023-05-07 15:45:00+00:00;0.102;;
966771;unknown;control;2023-05-07 16:00:00+00:00;0.517;;
966771;unknown;control;2023-05-07 16:15:00+00:00;0.756;;
966771;unknown;control;2023-05-07 16:30:00+00:00;0.222;;
966771;unknown;control;2023-05-07 16:45:00+00:00;0.099;;
966771;unknown;control;2023-05-07 17:00:00+00:00;0.139;;
966771;unknown;control;2023-05-07 17:15:00+00:00;0.376;;
966771;unknown;control;2023-05-07 17:30:00+00:00;0.48;;
966771;unknown;control;2023-05-07 17:45:00+00:00;0.175;;
966771;unknown;control;2023-05-07 18:00:00+00:00;0.135;;
966771;unknown;control;2023-05-07 18:15:00+00:00;0.454;;
966771;unknown;control;2023-05-07 18:30:00+00:00;0.263;;
966771;unknown;control;2023-05-07 18:45:00+00:00;0.125;;
966771;unknown;control;2023-05-07 19:00:00+00:00;0.136;;
966771;unknown;control;2023-05-07 19:15:00+00:00;0.157;;
966771;unknown;control;2023-05-07 19:30:00+00:00;0.13;;
966771;unknown;control;2023-05-07 19:45:00+00:00;0.124;;
966771;unknown;control;2023-05-07 20:00:00+00:00;0.129;;
966771;unknown;control;2023-05-07 20:15:00+00:00;0.125;;
966771;unknown;control;2023-05-07 20:30:00+00:00;0.108;;
966771;unknown;control;2023-05-07 20:45:00+00:00;0.147;;
966771;unknown;control;2023-05-07 21:00:00+00:00;0.101;;
966771;unknown;control;2023-05-07 21:15:00+00:00;0.113;;
966771;unknown;control;2023-05-07 21:30:00+00:00;0.104;;
966771;unknown;control;2023-05-07 21:45:00+00:00;0.098;;
966771;unknown;control;2023-05-07 22:00:00+00:00;0.086;;
966771;unknown;control;2023-05-07 22:15:00+00:00;0.105;;
966771;unknown;control;2023-05-07 22:30:00+00:00;0.097;;
966771;unknown;control;2023-05-07 22:45:00+00:00;0.085;;
966771;unknown;control;2023-05-07 23:00:00+00:00;0.091;;
966771;unknown;control;2023-05-07 23:15:00+00:00;0.092;;
966771;unknown;control;2023-05-07 23:30:00+00:00;1.343;;
966771;unknown;control;2023-05-07 23:45:00+00:00;1.302;;
966771;unknown;control;2023-05-08 00:00:00+00:00;1.302;;
966771;unknown;control;2023-05-08 00:15:00+00:00;1.329;;
966771;unknown;control;2023-05-08 00:30:00+00:00;1.327;;
966771;unknown;control;2023-05-08 00:45:00+00:00;1.08;;
966771;unknown;control;2023-05-08 01:00:00+00:00;0.087;;
966771;unknown;control;2023-05-08 01:15:00+00:00;0.1;;
966771;unknown;control;2023-05-08 01:30:00+00:00;0.089;;
966771;unknown;control;2023-05-08 01:45:00+00:00;0.088;;
966771;unknown;control;2023-05-08 02:00:00+00:00;0.098;;
966771;unknown;control;2023-05-08 02:15:00+00:00;0.085;;
966771;unknown;control;2023-05-08 02:30:00+00:00;0.092;;
966771;unknown;control;2023-05-08 02:45:00+00:00;0.108;;
966771;unknown;control;2023-05-08 03:00:00+00:00;0.083;;
966771;unknown;control;2023-05-08 03:15:00+00:00;0.095;;
966771;unknown;control;2023-05-08 03:30:00+00:00;0.095;;
966771;unknown;control;2023-05-08 03:45:00+00:00;0.086;;
966771;unknown;control;2023-05-08 04:00:00+00:00;0.112;;
966771;unknown;control;2023-05-08 04:15:00+00:00;0.091;;
966771;unknown;control;2023-05-08 04:30:00+00:00;0.086;;
966771;unknown;control;2023-05-08 04:45:00+00:00;0.118;;
966771;unknown;control;2023-05-08 05:00:00+00:00;0.094;;
966771;unknown;control;2023-05-08 05:15:00+00:00;0.098;;
966771;unknown;control;2023-05-08 05:30:00+00:00;0.115;;
966771;unknown;control;2023-05-08 05:45:00+00:00;0.091;;
966771;unknown;control;2023-05-08 06:00:00+00:00;0.092;;
966771;unknown;control;2023-05-08 06:15:00+00:00;0.128;;
966771;unknown;control;2023-05-08 06:30:00+00:00;0.419;;
966771;unknown;control;2023-05-08 06:45:00+00:00;0.14;;
966771;unknown;control;2023-05-08 07:00:00+00:00;0.152;;
966771;unknown;control;2023-05-08 07:15:00+00:00;0.167;;
966771;unknown;control;2023-05-08 07:30:00+00:00;0.16;;
966771;unknown;control;2023-05-08 07:45:00+00:00;0.441;;
966771;unknown;control;2023-05-08 08:00:00+00:00;0.897;;
966771;unknown;control;2023-05-08 08:15:00+00:00;0.406;;
966771;unknown;control;2023-05-08 08:30:00+00:00;0.157;;
966771;unknown;control;2023-05-08 08:45:00+00:00;0.156;;
966771;unknown;control;2023-05-08 09:00:00+00:00;0.335;;
966771;unknown;control;2023-05-08 09:15:00+00:00;0.246;;
966771;unknown;control;2023-05-08 09:30:00+00:00;0.102;;
966771;unknown;control;2023-05-08 09:45:00+00:00;0.124;;
966771;unknown;control;2023-05-08 10:00:00+00:00;0.102;;
966771;unknown;control;2023-05-08 10:15:00+00:00;0.107;;
966771;unknown;control;2023-05-08 10:30:00+00:00;0.101;;
966771;unknown;control;2023-05-08 10:45:00+00:00;0.092;;
966771;unknown;control;2023-05-08 11:00:00+00:00;0.205;;
966771;unknown;control;2023-05-08 11:15:00+00:00;0.244;;
966771;unknown;control;2023-05-08 11:30:00+00:00;0.27;;
966771;unknown;control;2023-05-08 11:45:00+00:00;0.285;;
966771;unknown;control;2023-05-08 12:00:00+00:00;0.276;;
966771;unknown;control;2023-05-08 12:15:00+00:00;0.26;;
966771;unknown;control;2023-05-08 12:30:00+00:00;0.116;;
966771;unknown;control;2023-05-08 12:45:00+00:00;0.091;;
966771;unknown;control;2023-05-08 13:00:00+00:00;0.108;;
966771;unknown;control;2023-05-08 13:15:00+00:00;0.267;;
966771;unknown;control;2023-05-08 13:30:00+00:00;0.133;;
966771;unknown;control;2023-05-08 13:45:00+00:00;0.117;;
966771;unknown;control;2023-05-08 14:00:00+00:00;0.101;;
966771;unknown;control;2023-05-08 14:15:00+00:00;0.097;;
966771;unknown;control;2023-05-08 14:30:00+00:00;0.128;;
966771;unknown;control;2023-05-08 14:45:00+00:00;0.125;;
966771;unknown;control;2023-05-08 15:00:00+00:00;0.117;;
966771;unknown;control;2023-05-08 15:15:00+00:00;0.125;;
966771;unknown;control;2023-05-08 15:30:00+00:00;0.1;;
966771;unknown;control;2023-05-08 15:45:00+00:00;0.089;;
966771;unknown;control;2023-05-08 16:00:00+00:00;0.105;;
966771;unknown;control;2023-05-08 16:15:00+00:00;0.088;;
966771;unknown;control;2023-05-08 16:30:00+00:00;0.093;;
966771;unknown;control;2023-05-08 16:45:00+00:00;0.093;;
966771;unknown;control;2023-05-08 17:00:00+00:00;0.084;;
966771;unknown;control;2023-05-08 17:15:00+00:00;0.096;;
966771;unknown;control;2023-05-08 17:30:00+00:00;0.096;;
966771;unknown;control;2023-05-08 17:45:00+00:00;0.087;;
966771;unknown;control;2023-05-08 18:00:00+00:00;0.091;;
966771;unknown;control;2023-05-08 18:15:00+00:00;0.091;;
966771;unknown;control;2023-05-08 18:30:00+00:00;0.095;;
966771;unknown;control;2023-05-08 18:45:00+00:00;0.123;;
966771;unknown;control;2023-05-08 19:00:00+00:00;0.125;;
966771;unknown;control;2023-05-08 19:15:00+00:00;0.139;;
966771;unknown;control;2023-05-08 19:30:00+00:00;0.169;;
966771;unknown;control;2023-05-08 19:45:00+00:00;0.167;;
966771;unknown;control;2023-05-08 20:00:00+00:00;0.16;;
966771;unknown;control;2023-05-08 20:15:00+00:00;0.171;;
966771;unknown;control;2023-05-08 20:30:00+00:00;0.15;;
966771;unknown;control;2023-05-08 20:45:00+00:00;0.157;;
966771;unknown;control;2023-05-08 21:00:00+00:00;0.16;;
966771;unknown;control;2023-05-08 21:15:00+00:00;0.154;;
966771;unknown;control;2023-05-08 21:30:00+00:00;0.141;;
966771;unknown;control;2023-05-08 21:45:00+00:00;0.091;;
966771;unknown;control;2023-05-08 22:00:00+00:00;0.09;;
966771;unknown;control;2023-05-08 22:15:00+00:00;0.094;;
966771;unknown;control;2023-05-08 22:30:00+00:00;0.088;;
966771;unknown;control;2023-05-08 22:45:00+00:00;0.089;;
966771;unknown;control;2023-05-08 23:00:00+00:00;0.092;;
966771;unknown;control;2023-05-08 23:15:00+00:00;0.084;;
966771;unknown;control;2023-05-08 23:30:00+00:00;1.339;;
966771;unknown;control;2023-05-08 23:45:00+00:00;1.293;;
966771;unknown;control;2023-05-09 00:00:00+00:00;1.283;;
966771;unknown;control;2023-05-09 00:15:00+00:00;1.299;;
966771;unknown;control;2023-05-09 00:30:00+00:00;1.328;;
966771;unknown;control;2023-05-09 00:45:00+00:00;1.347;;
966771;unknown;control;2023-05-09 01:00:00+00:00;1.064;;
966771;unknown;control;2023-05-09 01:15:00+00:00;0.094;;
966771;unknown;control;2023-05-09 01:30:00+00:00;0.092;;
966771;unknown;control;2023-05-09 01:45:00+00:00;0.098;;
966771;unknown;control;2023-05-09 02:00:00+00:00;0.086;;
966771;unknown;control;2023-05-09 02:15:00+00:00;0.085;;
966771;unknown;control;2023-05-09 02:30:00+00:00;0.097;;
966771;unknown;control;2023-05-09 02:45:00+00:00;0.087;;
966771;unknown;control;2023-05-09 03:00:00+00:00;0.089;;
966771;unknown;control;2023-05-09 03:15:00+00:00;0.089;;
966771;unknown;control;2023-05-09 03:30:00+00:00;0.084;;
966771;unknown;control;2023-05-09 03:45:00+00:00;0.098;;
966771;unknown;control;2023-05-09 04:00:00+00:00;0.101;;
966771;unknown;control;2023-05-09 04:15:00+00:00;0.101;;
966771;unknown;control;2023-05-09 04:30:00+00:00;0.101;;
966771;unknown;control;2023-05-09 04:45:00+00:00;0.105;;
966771;unknown;control;2023-05-09 05:00:00+00:00;0.093;;
966771;unknown;control;2023-05-09 05:15:00+00:00;0.092;;
966771;unknown;control;2023-05-09 05:30:00+00:00;0.082;;
966771;unknown;control;2023-05-09 05:45:00+00:00;0.089;;
966771;unknown;control;2023-05-09 06:00:00+00:00;0.097;;
966771;unknown;control;2023-05-09 06:15:00+00:00;0.105;;
966771;unknown;control;2023-05-09 06:30:00+00:00;0.089;;
966771;unknown;control;2023-05-09 06:45:00+00:00;0.092;;
966771;unknown;control;2023-05-09 07:00:00+00:00;0.089;;
966771;unknown;control;2023-05-09 07:15:00+00:00;0.094;;
966771;unknown;control;2023-05-09 07:30:00+00:00;0.091;;
966771;unknown;control;2023-05-09 07:45:00+00:00;0.088;;
966771;unknown;control;2023-05-09 08:00:00+00:00;0.099;;
966771;unknown;control;2023-05-09 08:15:00+00:00;0.095;;
966771;unknown;control;2023-05-09 08:30:00+00:00;0.087;;
966771;unknown;control;2023-05-09 08:45:00+00:00;0.094;;
966771;unknown;control;2023-05-09 09:00:00+00:00;0.102;;
966771;unknown;control;2023-05-09 09:15:00+00:00;0.526;;
966771;unknown;control;2023-05-09 09:30:00+00:00;0.211;;
966771;unknown;control;2023-05-09 09:45:00+00:00;0.09;;
966771;unknown;control;2023-05-09 10:00:00+00:00;0.11;;
966771;unknown;control;2023-05-09 10:15:00+00:00;0.098;;
966771;unknown;control;2023-05-09 10:30:00+00:00;0.09;;
966771;unknown;control;2023-05-09 10:45:00+00:00;0.098;;
966771;unknown;control;2023-05-09 11:00:00+00:00;0.11;;
966771;unknown;control;2023-05-09 11:15:00+00:00;0.106;;
966771;unknown;control;2023-05-09 11:30:00+00:00;0.114;;
966771;unknown;control;2023-05-09 11:45:00+00:00;0.101;;
966771;unknown;control;2023-05-09 12:00:00+00:00;0.101;;
966771;unknown;control;2023-05-09 12:15:00+00:00;0.102;;
966771;unknown;control;2023-05-09 12:30:00+00:00;0.095;;
966771;unknown;control;2023-05-09 12:45:00+00:00;0.093;;
966771;unknown;control;2023-05-09 13:00:00+00:00;0.098;;
966771;unknown;control;2023-05-09 13:15:00+00:00;0.092;;
966771;unknown;control;2023-05-09 13:30:00+00:00;0.091;;
966771;unknown;control;2023-05-09 13:45:00+00:00;0.098;;
966771;unknown;control;2023-05-09 14:00:00+00:00;0.086;;
966771;unknown;control;2023-05-09 14:15:00+00:00;0.092;;
966771;unknown;control;2023-05-09 14:30:00+00:00;0.11;;
966771;unknown;control;2023-05-09 14:45:00+00:00;0.084;;
966771;unknown;control;2023-05-09 15:00:00+00:00;0.099;;
966771;unknown;control;2023-05-09 15:15:00+00:00;0.135;;
966771;unknown;control;2023-05-09 15:30:00+00:00;0.555;;
966771;unknown;control;2023-05-09 15:45:00+00:00;0.178;;
966771;unknown;control;2023-05-09 16:00:00+00:00;0.456;;
966771;unknown;control;2023-05-09 16:15:00+00:00;0.092;;
966771;unknown;control;2023-05-09 16:30:00+00:00;0.098;;
966771;unknown;control;2023-05-09 16:45:00+00:00;0.085;;
966771;unknown;control;2023-05-09 17:00:00+00:00;0.086;;
966771;unknown;control;2023-05-09 17:15:00+00:00;0.111;;
966771;unknown;control;2023-05-09 17:30:00+00:00;0.114;;
966771;unknown;control;2023-05-09 17:45:00+00:00;0.147;;
966771;unknown;control;2023-05-09 18:00:00+00:00;0.128;;
966771;unknown;control;2023-05-09 18:15:00+00:00;0.117;;
966771;unknown;control;2023-05-09 18:30:00+00:00;0.127;;
966771;unknown;control;2023-05-09 18:45:00+00:00;0.121;;
966771;unknown;control;2023-05-09 19:00:00+00:00;0.133;;
966771;unknown;control;2023-05-09 19:15:00+00:00;0.137;;
966771;unknown;control;2023-05-09 19:30:00+00:00;0.105;;
966771;unknown;control;2023-05-09 19:45:00+00:00;0.094;;
966771;unknown;control;2023-05-09 20:00:00+00:00;0.101;;
966771;unknown;control;2023-05-09 20:15:00+00:00;0.105;;
966771;unknown;control;2023-05-09 20:30:00+00:00;0.093;;
966771;unknown;control;2023-05-09 20:45:00+00:00;0.098;;
966771;unknown;control;2023-05-09 21:00:00+00:00;0.09;;
966771;unknown;control;2023-05-09 21:15:00+00:00;0.096;;
966771;unknown;control;2023-05-09 21:30:00+00:00;0.1;;
966771;unknown;control;2023-05-09 21:45:00+00:00;0.084;;
966771;unknown;control;2023-05-09 22:00:00+00:00;0.096;;
966771;unknown;control;2023-05-09 22:15:00+00:00;0.088;;
966771;unknown;control;2023-05-09 22:30:00+00:00;0.088;;
966771;unknown;control;2023-05-09 22:45:00+00:00;0.093;;
966771;unknown;control;2023-05-09 23:00:00+00:00;0.089;;
966771;unknown;control;2023-05-09 23:15:00+00:00;0.087;;
966771;unknown;control;2023-05-09 23:30:00+00:00;1.329;;
966771;unknown;control;2023-05-09 23:45:00+00:00;1.277;;
966771;unknown;control;2023-05-10 00:00:00+00:00;1.284;;
966771;unknown;control;2023-05-10 00:15:00+00:00;1.3;;
966771;unknown;control;2023-05-10 00:30:00+00:00;0.461;;
966771;unknown;control;2023-05-10 00:45:00+00:00;0.088;;
966771;unknown;control;2023-05-10 01:00:00+00:00;0.092;;
966771;unknown;control;2023-05-10 01:15:00+00:00;0.083;;
966771;unknown;control;2023-05-10 01:30:00+00:00;0.093;;
966771;unknown;control;2023-05-10 01:45:00+00:00;0.089;;
966771;unknown;control;2023-05-10 02:00:00+00:00;0.09;;
966771;unknown;control;2023-05-10 02:15:00+00:00;0.097;;
966771;unknown;control;2023-05-10 02:30:00+00:00;0.088;;
966771;unknown;control;2023-05-10 02:45:00+00:00;0.087;;
966771;unknown;control;2023-05-10 03:00:00+00:00;0.095;;
966771;unknown;control;2023-05-10 03:15:00+00:00;0.099;;
966771;unknown;control;2023-05-10 03:30:00+00:00;0.092;;
966771;unknown;control;2023-05-10 03:45:00+00:00;0.094;;
966771;unknown;control;2023-05-10 04:00:00+00:00;0.091;;
966771;unknown;control;2023-05-10 04:15:00+00:00;0.089;;
966771;unknown;control;2023-05-10 04:30:00+00:00;0.109;;
966771;unknown;control;2023-05-10 04:45:00+00:00;0.082;;
966771;unknown;control;2023-05-10 05:00:00+00:00;0.111;;
966771;unknown;control;2023-05-10 05:15:00+00:00;0.099;;
966771;unknown;control;2023-05-10 05:30:00+00:00;0.093;;
966771;unknown;control;2023-05-10 05:45:00+00:00;0.104;;
966771;unknown;control;2023-05-10 06:00:00+00:00;0.108;;
966771;unknown;control;2023-05-10 06:15:00+00:00;0.1;;
966771;unknown;control;2023-05-10 06:30:00+00:00;0.129;;
966771;unknown;control;2023-05-10 06:45:00+00:00;0.087;;
966771;unknown;control;2023-05-10 07:00:00+00:00;0.093;;
966771;unknown;control;2023-05-10 07:15:00+00:00;0.436;;
966771;unknown;control;2023-05-10 07:30:00+00:00;0.123;;
966771;unknown;control;2023-05-10 07:45:00+00:00;0.126;;
966771;unknown;control;2023-05-10 08:00:00+00:00;0.142;;
966771;unknown;control;2023-05-10 08:15:00+00:00;0.108;;
966771;unknown;control;2023-05-10 08:30:00+00:00;0.195;;
966771;unknown;control;2023-05-10 08:45:00+00:00;0.19;;
966771;unknown;control;2023-05-10 09:00:00+00:00;0.179;;
966771;unknown;control;2023-05-10 09:15:00+00:00;0.19;;
966771;unknown;control;2023-05-10 09:30:00+00:00;0.114;;
966771;unknown;control;2023-05-10 09:45:00+00:00;0.094;;
966771;unknown;control;2023-05-10 10:00:00+00:00;0.102;;
966771;unknown;control;2023-05-10 10:15:00+00:00;0.109;;
966771;unknown;control;2023-05-10 10:30:00+00:00;0.111;;
966771;unknown;control;2023-05-10 10:45:00+00:00;0.117;;
966771;unknown;control;2023-05-10 11:00:00+00:00;0.105;;
966771;unknown;control;2023-05-10 11:15:00+00:00;0.107;;
966771;unknown;control;2023-05-10 11:30:00+00:00;0.442;;
966771;unknown;control;2023-05-10 11:45:00+00:00;0.121;;
966771;unknown;control;2023-05-10 12:00:00+00:00;0.121;;
966771;unknown;control;2023-05-10 12:15:00+00:00;0.14;;
966771;unknown;control;2023-05-10 12:30:00+00:00;0.104;;
966771;unknown;control;2023-05-10 12:45:00+00:00;0.109;;
966771;unknown;control;2023-05-10 13:00:00+00:00;0.097;;
966771;unknown;control;2023-05-10 13:15:00+00:00;0.105;;
966771;unknown;control;2023-05-10 13:30:00+00:00;0.107;;
966771;unknown;control;2023-05-10 13:45:00+00:00;0.1;;
966771;unknown;control;2023-05-10 14:00:00+00:00;0.095;;
966771;unknown;control;2023-05-10 14:15:00+00:00;0.112;;
966771;unknown;control;2023-05-10 14:30:00+00:00;0.195;;
966771;unknown;control;2023-05-10 14:45:00+00:00;0.11;;
966771;unknown;control;2023-05-10 15:00:00+00:00;0.105;;
966771;unknown;control;2023-05-10 15:15:00+00:00;0.156;;
966771;unknown;control;2023-05-10 15:30:00+00:00;0.096;;
966771;unknown;control;2023-05-10 15:45:00+00:00;0.107;;
966771;unknown;control;2023-05-10 16:00:00+00:00;0.093;;
966771;unknown;control;2023-05-10 16:15:00+00:00;0.097;;
966771;unknown;control;2023-05-10 16:30:00+00:00;0.101;;
966771;unknown;control;2023-05-10 16:45:00+00:00;0.094;;
966771;unknown;control;2023-05-10 17:00:00+00:00;0.099;;
966771;unknown;control;2023-05-10 17:15:00+00:00;0.099;;
966771;unknown;control;2023-05-10 17:30:00+00:00;0.25;;
966771;unknown;control;2023-05-10 17:45:00+00:00;0.289;;
966771;unknown;control;2023-05-10 18:00:00+00:00;0.187;;
966771;unknown;control;2023-05-10 18:15:00+00:00;0.334;;
966771;unknown;control;2023-05-10 18:30:00+00:00;0.322;;
966771;unknown;control;2023-05-10 18:45:00+00:00;0.309;;
966771;unknown;control;2023-05-10 19:00:00+00:00;0.271;;
966771;unknown;control;2023-05-10 19:15:00+00:00;0.181;;
966771;unknown;control;2023-05-10 19:30:00+00:00;0.114;;
966771;unknown;control;2023-05-10 19:45:00+00:00;0.127;;
966771;unknown;control;2023-05-10 20:00:00+00:00;0.132;;
966771;unknown;control;2023-05-10 20:15:00+00:00;0.122;;
966771;unknown;control;2023-05-10 20:30:00+00:00;0.136;;
966771;unknown;control;2023-05-10 20:45:00+00:00;0.11;;
966771;unknown;control;2023-05-10 21:00:00+00:00;0.087;;
966771;unknown;control;2023-05-10 21:15:00+00:00;0.1;;
966771;unknown;control;2023-05-10 21:30:00+00:00;0.096;;
966771;unknown;control;2023-05-10 21:45:00+00:00;0.087;;
966771;unknown;control;2023-05-10 22:00:00+00:00;0.099;;
966771;unknown;control;2023-05-10 22:15:00+00:00;0.093;;
966771;unknown;control;2023-05-10 22:30:00+00:00;0.09;;
966771;unknown;control;2023-05-10 22:45:00+00:00;0.1;;
966771;unknown;control;2023-05-10 23:00:00+00:00;0.091;;
966771;unknown;control;2023-05-10 23:15:00+00:00;0.091;;
966771;unknown;control;2023-05-10 23:30:00+00:00;1.337;;
966771;unknown;control;2023-05-10 23:45:00+00:00;1.279;;
966771;unknown;control;2023-05-11 00:00:00+00:00;1.288;;
966771;unknown;control;2023-05-11 00:15:00+00:00;1.319;;
966771;unknown;control;2023-05-11 00:30:00+00:00;1.321;;
966771;unknown;control;2023-05-11 00:45:00+00:00;1.353;;
966771;unknown;control;2023-05-11 01:00:00+00:00;0.568;;
966771;unknown;control;2023-05-11 01:15:00+00:00;0.106;;
966771;unknown;control;2023-05-11 01:30:00+00:00;0.115;;
966771;unknown;control;2023-05-11 01:45:00+00:00;0.105;;
966771;unknown;control;2023-05-11 02:00:00+00:00;0.102;;
966771;unknown;control;2023-05-11 02:15:00+00:00;0.087;;
966771;unknown;control;2023-05-11 02:30:00+00:00;0.095;;
966771;unknown;control;2023-05-11 02:45:00+00:00;0.094;;
966771;unknown;control;2023-05-11 03:00:00+00:00;0.089;;
966771;unknown;control;2023-05-11 03:15:00+00:00;0.101;;
966771;unknown;control;2023-05-11 03:30:00+00:00;0.099;;
966771;unknown;control;2023-05-11 03:45:00+00:00;0.086;;
966771;unknown;control;2023-05-11 04:00:00+00:00;0.097;;
966771;unknown;control;2023-05-11 04:15:00+00:00;0.095;;
966771;unknown;control;2023-05-11 04:30:00+00:00;0.09;;
966771;unknown;control;2023-05-11 04:45:00+00:00;0.119;;
966771;unknown;control;2023-05-11 05:00:00+00:00;0.106;;
966771;unknown;control;2023-05-11 05:15:00+00:00;0.097;;
966771;unknown;control;2023-05-11 05:30:00+00:00;0.56;;
966771;unknown;control;2023-05-11 05:45:00+00:00;0.524;;
966771;unknown;control;2023-05-11 06:00:00+00:00;0.126;;
966771;unknown;control;2023-05-11 06:15:00+00:00;0.135;;
966771;unknown;control;2023-05-11 06:30:00+00:00;0.141;;
966771;unknown;control;2023-05-11 06:45:00+00:00;0.192;;
966771;unknown;control;2023-05-11 07:00:00+00:00;0.518;;
966771;unknown;control;2023-05-11 07:15:00+00:00;0.289;;
966771;unknown;control;2023-05-11 07:30:00+00:00;0.304;;
966771;unknown;control;2023-05-11 07:45:00+00:00;0.234;;
966771;unknown;control;2023-05-11 08:00:00+00:00;0.106;;
966771;unknown;control;2023-05-11 08:15:00+00:00;0.112;;
966771;unknown;control;2023-05-11 08:30:00+00:00;0.107;;
966771;unknown;control;2023-05-11 08:45:00+00:00;0.094;;
966771;unknown;control;2023-05-11 09:00:00+00:00;0.104;;
966771;unknown;control;2023-05-11 09:15:00+00:00;0.109;;
966771;unknown;control;2023-05-11 09:30:00+00:00;0.094;;
966771;unknown;control;2023-05-11 09:45:00+00:00;0.095;;
966771;unknown;control;2023-05-11 10:00:00+00:00;0.092;;
966771;unknown;control;2023-05-11 10:15:00+00:00;0.097;;
966771;unknown;control;2023-05-11 10:30:00+00:00;0.11;;
966771;unknown;control;2023-05-11 10:45:00+00:00;0.491;;
966771;unknown;control;2023-05-11 11:00:00+00:00;0.292;;
966771;unknown;control;2023-05-11 11:15:00+00:00;0.279;;
966771;unknown;control;2023-05-11 11:30:00+00:00;0.294;;
966771;unknown;control;2023-05-11 11:45:00+00:00;0.102;;
966771;unknown;control;2023-05-11 12:00:00+00:00;0.095;;
966771;unknown;control;2023-05-11 12:15:00+00:00;0.102;;
966771;unknown;control;2023-05-11 12:30:00+00:00;0.1;;
966771;unknown;control;2023-05-11 12:45:00+00:00;0.091;;
966771;unknown;control;2023-05-11 13:00:00+00:00;0.1;;
966771;unknown;control;2023-05-11 13:15:00+00:00;0.096;;
966771;unknown;control;2023-05-11 13:30:00+00:00;0.09;;
966771;unknown;control;2023-05-11 13:45:00+00:00;0.103;;
966771;unknown;control;2023-05-11 14:00:00+00:00;0.094;;
966771;unknown;control;2023-05-11 14:15:00+00:00;0.093;;
966771;unknown;control;2023-05-11 14:30:00+00:00;0.115;;
966771;unknown;control;2023-05-11 14:45:00+00:00;0.184;;
966771;unknown;control;2023-05-11 15:00:00+00:00;0.622;;
966771;unknown;control;2023-05-11 15:15:00+00:00;0.322;;
966771;unknown;control;2023-05-11 15:30:00+00:00;0.293;;
966771;unknown;control;2023-05-11 15:45:00+00:00;0.134;;
966771;unknown;control;2023-05-11 16:00:00+00:00;0.094;;
966771;unknown;control;2023-05-11 16:15:00+00:00;0.094;;
966771;unknown;control;2023-05-11 16:30:00+00:00;0.109;;
966771;unknown;control;2023-05-11 16:45:00+00:00;0.228;;
966771;unknown;control;2023-05-11 17:00:00+00:00;0.344;;
966771;unknown;control;2023-05-11 17:15:00+00:00;0.385;;
966771;unknown;control;2023-05-11 17:30:00+00:00;0.191;;
966771;unknown;control;2023-05-11 17:45:00+00:00;0.185;;
966771;unknown;control;2023-05-11 18:00:00+00:00;0.184;;
966771;unknown;control;2023-05-11 18:15:00+00:00;0.162;;
966771;unknown;control;2023-05-11 18:30:00+00:00;0.148;;
966771;unknown;control;2023-05-11 18:45:00+00:00;0.133;;
966771;unknown;control;2023-05-11 19:00:00+00:00;0.303;;
966771;unknown;control;2023-05-11 19:15:00+00:00;0.131;;
966771;unknown;control;2023-05-11 19:30:00+00:00;0.102;;
966771;unknown;control;2023-05-11 19:45:00+00:00;0.117;;
966771;unknown;control;2023-05-11 20:00:00+00:00;0.128;;
966771;unknown;control;2023-05-11 20:15:00+00:00;0.117;;
966771;unknown;control;2023-05-11 20:30:00+00:00;0.122;;
966771;unknown;control;2023-05-11 20:45:00+00:00;0.12;;
966771;unknown;control;2023-05-11 21:00:00+00:00;0.095;;
966771;unknown;control;2023-05-11 21:15:00+00:00;0.097;;
966771;unknown;control;2023-05-11 21:30:00+00:00;0.095;;
966771;unknown;control;2023-05-11 21:45:00+00:00;0.09;;
966771;unknown;control;2023-05-11 22:00:00+00:00;0.095;;
966771;unknown;control;2023-05-11 22:15:00+00:00;0.095;;
966771;unknown;control;2023-05-11 22:30:00+00:00;0.09;;
966771;unknown;control;2023-05-11 22:45:00+00:00;0.097;;
966771;unknown;control;2023-05-11 23:00:00+00:00;0.09;;
966771;unknown;control;2023-05-11 23:15:00+00:00;0.093;;
966771;unknown;control;2023-05-11 23:30:00+00:00;1.328;;
966771;unknown;control;2023-05-11 23:45:00+00:00;1.265;;
966771;unknown;control;2023-05-12 00:00:00+00:00;1.264;;
966771;unknown;control;2023-05-12 00:15:00+00:00;1.275;;
966771;unknown;control;2023-05-12 00:30:00+00:00;1.286;;
966771;unknown;control;2023-05-12 00:45:00+00:00;0.898;;
966771;unknown;control;2023-05-12 01:00:00+00:00;0.086;;
966771;unknown;control;2023-05-12 01:15:00+00:00;0.094;;
966771;unknown;control;2023-05-12 01:30:00+00:00;0.097;;
966771;unknown;control;2023-05-12 01:45:00+00:00;0.104;;
966771;unknown;control;2023-05-12 02:00:00+00:00;0.097;;
966771;unknown;control;2023-05-12 02:15:00+00:00;0.104;;
966771;unknown;control;2023-05-12 02:30:00+00:00;0.09;;
966771;unknown;control;2023-05-12 02:45:00+00:00;0.099;;
966771;unknown;control;2023-05-12 03:00:00+00:00;0.093;;
966771;unknown;control;2023-05-12 03:15:00+00:00;0.088;;
966771;unknown;control;2023-05-12 03:30:00+00:00;0.095;;
966771;unknown;control;2023-05-12 03:45:00+00:00;0.093;;
966771;unknown;control;2023-05-12 04:00:00+00:00;0.095;;
966771;unknown;control;2023-05-12 04:15:00+00:00;0.097;;
966771;unknown;control;2023-05-12 04:30:00+00:00;0.096;;
966771;unknown;control;2023-05-12 04:45:00+00:00;0.11;;
966771;unknown;control;2023-05-12 05:00:00+00:00;0.106;;
966771;unknown;control;2023-05-12 05:15:00+00:00;0.088;;
966771;unknown;control;2023-05-12 05:30:00+00:00;0.101;;
966771;unknown;control;2023-05-12 05:45:00+00:00;0.093;;
966771;unknown;control;2023-05-12 06:00:00+00:00;0.086;;
966771;unknown;control;2023-05-12 06:15:00+00:00;0.096;;
966771;unknown;control;2023-05-12 06:30:00+00:00;0.089;;
966771;unknown;control;2023-05-12 06:45:00+00:00;0.089;;
966771;unknown;control;2023-05-12 07:00:00+00:00;0.102;;
966771;unknown;control;2023-05-12 07:15:00+00:00;0.096;;
966771;unknown;control;2023-05-12 07:30:00+00:00;0.096;;
966771;unknown;control;2023-05-12 07:45:00+00:00;0.099;;
966771;unknown;control;2023-05-12 08:00:00+00:00;0.096;;
966771;unknown;control;2023-05-12 08:15:00+00:00;0.101;;
966771;unknown;control;2023-05-12 08:30:00+00:00;0.103;;
966771;unknown;control;2023-05-12 08:45:00+00:00;0.102;;
966771;unknown;control;2023-05-12 09:00:00+00:00;0.106;;
966771;unknown;control;2023-05-12 09:15:00+00:00;0.1;;
966771;unknown;control;2023-05-12 09:30:00+00:00;0.101;;
966771;unknown;control;2023-05-12 09:45:00+00:00;0.104;;
966771;unknown;control;2023-05-12 10:00:00+00:00;0.097;;
966771;unknown;control;2023-05-12 10:15:00+00:00;0.113;;
966771;unknown;control;2023-05-12 10:30:00+00:00;0.118;;
966771;unknown;control;2023-05-12 10:45:00+00:00;0.467;;
966771;unknown;control;2023-05-12 11:00:00+00:00;0.333;;
966771;unknown;control;2023-05-12 11:15:00+00:00;0.117;;
966771;unknown;control;2023-05-12 11:30:00+00:00;0.102;;
966771;unknown;control;2023-05-12 11:45:00+00:00;0.555;;
966771;unknown;control;2023-05-12 12:00:00+00:00;0.1;;
966771;unknown;control;2023-05-12 12:15:00+00:00;0.1;;
966771;unknown;control;2023-05-12 12:30:00+00:00;0.107;;
966771;unknown;control;2023-05-12 12:45:00+00:00;0.1;;
966771;unknown;control;2023-05-12 13:00:00+00:00;0.101;;
966771;unknown;control;2023-05-12 13:15:00+00:00;0.105;;
966771;unknown;control;2023-05-12 13:30:00+00:00;0.121;;
966771;unknown;control;2023-05-12 13:45:00+00:00;0.1;;
966771;unknown;control;2023-05-12 14:00:00+00:00;0.17;;
966771;unknown;control;2023-05-12 14:15:00+00:00;0.103;;
966771;unknown;control;2023-05-12 14:30:00+00:00;0.103;;
966771;unknown;control;2023-05-12 14:45:00+00:00;0.093;;
966771;unknown;control;2023-05-12 15:00:00+00:00;0.096;;
966771;unknown;control;2023-05-12 15:15:00+00:00;0.432;;
966771;unknown;control;2023-05-12 15:30:00+00:00;0.276;;
966771;unknown;control;2023-05-12 15:45:00+00:00;0.343;;
966771;unknown;control;2023-05-12 16:00:00+00:00;0.469;;
966771;unknown;control;2023-05-12 16:15:00+00:00;0.291;;
966771;unknown;control;2023-05-12 16:30:00+00:00;0.26;;
966771;unknown;control;2023-05-12 16:45:00+00:00;0.151;;
966771;unknown;control;2023-05-12 17:00:00+00:00;0.095;;
966771;unknown;control;2023-05-12 17:15:00+00:00;0.102;;
966771;unknown;control;2023-05-12 17:30:00+00:00;0.092;;
966771;unknown;control;2023-05-12 17:45:00+00:00;0.095;;
966771;unknown;control;2023-05-12 18:00:00+00:00;0.101;;
966771;unknown;control;2023-05-12 18:15:00+00:00;0.091;;
966771;unknown;control;2023-05-12 18:30:00+00:00;0.094;;
966771;unknown;control;2023-05-12 18:45:00+00:00;0.103;;
966771;unknown;control;2023-05-12 19:00:00+00:00;0.163;;
966771;unknown;control;2023-05-12 19:15:00+00:00;0.188;;
966771;unknown;control;2023-05-12 19:30:00+00:00;0.182;;
966771;unknown;control;2023-05-12 19:45:00+00:00;0.176;;
966771;unknown;control;2023-05-12 20:00:00+00:00;0.176;;
966771;unknown;control;2023-05-12 20:15:00+00:00;0.182;;
966771;unknown;control;2023-05-12 20:30:00+00:00;0.165;;
966771;unknown;control;2023-05-12 20:45:00+00:00;0.164;;
966771;unknown;control;2023-05-12 21:00:00+00:00;0.094;;
966771;unknown;control;2023-05-12 21:15:00+00:00;0.092;;
966771;unknown;control;2023-05-12 21:30:00+00:00;0.099;;
966771;unknown;control;2023-05-12 21:45:00+00:00;0.085;;
966771;unknown;control;2023-05-12 22:00:00+00:00;0.092;;
966771;unknown;control;2023-05-12 22:15:00+00:00;0.097;;
966771;unknown;control;2023-05-12 22:30:00+00:00;0.082;;
966771;unknown;control;2023-05-12 22:45:00+00:00;0.099;;
966771;unknown;control;2023-05-12 23:00:00+00:00;0.096;;
966771;unknown;control;2023-05-12 23:15:00+00:00;0.084;;
966771;unknown;control;2023-05-12 23:30:00+00:00;1.339;;
966771;unknown;control;2023-05-12 23:45:00+00:00;1.285;;
966771;unknown;control;2023-05-13 00:00:00+00:00;1.285;;
966771;unknown;control;2023-05-13 00:15:00+00:00;1.316;;
966771;unknown;control;2023-05-13 00:30:00+00:00;1.325;;
966771;unknown;control;2023-05-13 00:45:00+00:00;1.33;;
966771;unknown;control;2023-05-13 01:00:00+00:00;0.745;;
966771;unknown;control;2023-05-13 01:15:00+00:00;0.09;;
966771;unknown;control;2023-05-13 01:30:00+00:00;0.092;;
966771;unknown;control;2023-05-13 01:45:00+00:00;0.092;;
966771;unknown;control;2023-05-13 02:00:00+00:00;0.086;;
966771;unknown;control;2023-05-13 02:15:00+00:00;0.095;;
966771;unknown;control;2023-05-13 02:30:00+00:00;0.091;;
966771;unknown;control;2023-05-13 02:45:00+00:00;0.084;;
966771;unknown;control;2023-05-13 03:00:00+00:00;0.099;;
966771;unknown;control;2023-05-13 03:15:00+00:00;0.095;;
966771;unknown;control;2023-05-13 03:30:00+00:00;0.084;;
966771;unknown;control;2023-05-13 03:45:00+00:00;0.105;;
966771;unknown;control;2023-05-13 04:00:00+00:00;0.087;;
966771;unknown;control;2023-05-13 04:15:00+00:00;0.1;;
966771;unknown;control;2023-05-13 04:30:00+00:00;0.095;;
966771;unknown;control;2023-05-13 04:45:00+00:00;0.084;;
966771;unknown;control;2023-05-13 05:00:00+00:00;0.094;;
966771;unknown;control;2023-05-13 05:15:00+00:00;0.117;;
966771;unknown;control;2023-05-13 05:30:00+00:00;0.088;;
966771;unknown;control;2023-05-13 05:45:00+00:00;0.092;;
966771;unknown;control;2023-05-13 06:00:00+00:00;0.108;;
966771;unknown;control;2023-05-13 06:15:00+00:00;0.091;;
966771;unknown;control;2023-05-13 06:30:00+00:00;0.103;;
966771;unknown;control;2023-05-13 06:45:00+00:00;0.11;;
966771;unknown;control;2023-05-13 07:00:00+00:00;0.121;;
966771;unknown;control;2023-05-13 07:15:00+00:00;0.119;;
966771;unknown;control;2023-05-13 07:30:00+00:00;0.101;;
966771;unknown;control;2023-05-13 07:45:00+00:00;0.323;;
966771;unknown;control;2023-05-13 08:00:00+00:00;0.175;;
966771;unknown;control;2023-05-13 08:15:00+00:00;0.113;;
966771;unknown;control;2023-05-13 08:30:00+00:00;0.13;;
966771;unknown;control;2023-05-13 08:45:00+00:00;0.107;;
966771;unknown;control;2023-05-13 09:00:00+00:00;0.111;;
966771;unknown;control;2023-05-13 09:15:00+00:00;0.107;;
966771;unknown;control;2023-05-13 09:30:00+00:00;0.105;;
966771;unknown;control;2023-05-13 09:45:00+00:00;0.095;;
966771;unknown;control;2023-05-13 10:00:00+00:00;0.101;;
966771;unknown;control;2023-05-13 10:15:00+00:00;0.103;;
966771;unknown;control;2023-05-13 10:30:00+00:00;0.131;;
966771;unknown;control;2023-05-13 10:45:00+00:00;0.388;;
966771;unknown;control;2023-05-13 11:00:00+00:00;0.136;;
966771;unknown;control;2023-05-13 11:15:00+00:00;0.127;;
966771;unknown;control;2023-05-13 11:30:00+00:00;0.128;;
966771;unknown;control;2023-05-13 11:45:00+00:00;0.097;;
966771;unknown;control;2023-05-13 12:00:00+00:00;0.097;;
966771;unknown;control;2023-05-13 12:15:00+00:00;0.106;;
966771;unknown;control;2023-05-13 12:30:00+00:00;0.097;;
966771;unknown;control;2023-05-13 12:45:00+00:00;0.096;;
966771;unknown;control;2023-05-13 13:00:00+00:00;0.105;;
966771;unknown;control;2023-05-13 13:15:00+00:00;0.097;;
966771;unknown;control;2023-05-13 13:30:00+00:00;0.1;;
966771;unknown;control;2023-05-13 13:45:00+00:00;0.099;;
966771;unknown;control;2023-05-13 14:00:00+00:00;0.097;;
966771;unknown;control;2023-05-13 14:15:00+00:00;0.104;;
966771;unknown;control;2023-05-13 14:30:00+00:00;0.096;;
966771;unknown;control;2023-05-13 14:45:00+00:00;0.097;;
966771;unknown;control;2023-05-13 15:00:00+00:00;0.105;;
966771;unknown;control;2023-05-13 15:15:00+00:00;0.094;;
966771;unknown;control;2023-05-13 15:30:00+00:00;0.097;;
966771;unknown;control;2023-05-13 15:45:00+00:00;0.106;;
966771;unknown;control;2023-05-13 16:00:00+00:00;0.095;;
966771;unknown;control;2023-05-13 16:15:00+00:00;0.096;;
966771;unknown;control;2023-05-13 16:30:00+00:00;0.106;;
966771;unknown;control;2023-05-13 16:45:00+00:00;0.102;;
966771;unknown;control;2023-05-13 17:00:00+00:00;0.107;;
966771;unknown;control;2023-05-13 17:15:00+00:00;0.11;;
966771;unknown;control;2023-05-13 17:30:00+00:00;0.105;;
966771;unknown;control;2023-05-13 17:45:00+00:00;0.109;;
966771;unknown;control;2023-05-13 18:00:00+00:00;0.107;;
966771;unknown;control;2023-05-13 18:15:00+00:00;0.108;;
966771;unknown;control;2023-05-13 18:30:00+00:00;0.11;;
966771;unknown;control;2023-05-13 18:45:00+00:00;0.103;;
966771;unknown;control;2023-05-13 19:00:00+00:00;0.131;;
966771;unknown;control;2023-05-13 19:15:00+00:00;0.184;;
966771;unknown;control;2023-05-13 19:30:00+00:00;0.169;;
966771;unknown;control;2023-05-13 19:45:00+00:00;0.174;;
966771;unknown;control;2023-05-13 20:00:00+00:00;0.179;;
966771;unknown;control;2023-05-13 20:15:00+00:00;0.166;;
966771;unknown;control;2023-05-13 20:30:00+00:00;0.173;;
966771;unknown;control;2023-05-13 20:45:00+00:00;0.196;;
966771;unknown;control;2023-05-13 21:00:00+00:00;0.156;;
966771;unknown;control;2023-05-13 21:15:00+00:00;0.098;;
966771;unknown;control;2023-05-13 21:30:00+00:00;0.095;;
966771;unknown;control;2023-05-13 21:45:00+00:00;0.088;;
966771;unknown;control;2023-05-13 22:00:00+00:00;0.096;;
966771;unknown;control;2023-05-13 22:15:00+00:00;0.094;;
966771;unknown;control;2023-05-13 22:30:00+00:00;0.091;;
966771;unknown;control;2023-05-13 22:45:00+00:00;0.098;;
966771;unknown;control;2023-05-13 23:00:00+00:00;0.095;;
966771;unknown;control;2023-05-13 23:15:00+00:00;0.094;;
966771;unknown;control;2023-05-13 23:30:00+00:00;1.344;;
966771;unknown;control;2023-05-13 23:45:00+00:00;1.279;;
966771;unknown;control;2023-05-14 00:00:00+00:00;1.281;;
966771;unknown;control;2023-05-14 00:15:00+00:00;1.284;;
966771;unknown;control;2023-05-14 00:30:00+00:00;1.298;;
966771;unknown;control;2023-05-14 00:45:00+00:00;0.441;;
966771;unknown;control;2023-05-14 01:00:00+00:00;0.103;;
966771;unknown;control;2023-05-14 01:15:00+00:00;0.086;;
966771;unknown;control;2023-05-14 01:30:00+00:00;0.1;;
966771;unknown;control;2023-05-14 01:45:00+00:00;0.088;;
966771;unknown;control;2023-05-14 02:00:00+00:00;0.088;;
966771;unknown;control;2023-05-14 02:15:00+00:00;0.111;;
966771;unknown;control;2023-05-14 02:30:00+00:00;0.09;;
966771;unknown;control;2023-05-14 02:45:00+00:00;0.09;;
966771;unknown;control;2023-05-14 03:00:00+00:00;0.1;;
966771;unknown;control;2023-05-14 03:15:00+00:00;0.085;;
966771;unknown;control;2023-05-14 03:30:00+00:00;0.091;;
966771;unknown;control;2023-05-14 03:45:00+00:00;0.098;;
966771;unknown;control;2023-05-14 04:00:00+00:00;0.106;;
966771;unknown;control;2023-05-14 04:15:00+00:00;0.097;;
966771;unknown;control;2023-05-14 04:30:00+00:00;0.094;;
966771;unknown;control;2023-05-14 04:45:00+00:00;0.094;;
966771;unknown;control;2023-05-14 05:00:00+00:00;0.118;;
966771;unknown;control;2023-05-14 05:15:00+00:00;0.137;;
966771;unknown;control;2023-05-14 05:30:00+00:00;0.101;;
966771;unknown;control;2023-05-14 05:45:00+00:00;0.107;;
966771;unknown;control;2023-05-14 06:00:00+00:00;0.101;;
966771;unknown;control;2023-05-14 06:15:00+00:00;0.109;;
966771;unknown;control;2023-05-14 06:30:00+00:00;0.091;;
966771;unknown;control;2023-05-14 06:45:00+00:00;0.096;;
966771;unknown;control;2023-05-14 07:00:00+00:00;0.154;;
966771;unknown;control;2023-05-14 07:15:00+00:00;0.421;;
966771;unknown;control;2023-05-14 07:30:00+00:00;0.108;;
966771;unknown;control;2023-05-14 07:45:00+00:00;0.098;;
966771;unknown;control;2023-05-14 08:00:00+00:00;0.097;;
966771;unknown;control;2023-05-14 08:15:00+00:00;0.234;;
966771;unknown;control;2023-05-14 08:30:00+00:00;0.208;;
966771;unknown;control;2023-05-14 08:45:00+00:00;0.112;;
966771;unknown;control;2023-05-14 09:00:00+00:00;0.113;;
966771;unknown;control;2023-05-14 09:15:00+00:00;0.439;;
966771;unknown;control;2023-05-14 09:30:00+00:00;0.405;;
966771;unknown;control;2023-05-14 09:45:00+00:00;0.169;;
966771;unknown;control;2023-05-14 10:00:00+00:00;0.313;;
966771;unknown;control;2023-05-14 10:15:00+00:00;0.102;;
966771;unknown;control;2023-05-14 10:30:00+00:00;0.108;;
966771;unknown;control;2023-05-14 10:45:00+00:00;0.114;;
966771;unknown;control;2023-05-14 11:00:00+00:00;0.111;;
966771;unknown;control;2023-05-14 11:15:00+00:00;0.103;;
966771;unknown;control;2023-05-14 11:30:00+00:00;0.097;;
966771;unknown;control;2023-05-14 11:45:00+00:00;0.109;;
966771;unknown;control;2023-05-14 12:00:00+00:00;0.328;;
966771;unknown;control;2023-05-14 12:15:00+00:00;0.136;;
966771;unknown;control;2023-05-14 12:30:00+00:00;0.126;;
966771;unknown;control;2023-05-14 12:45:00+00:00;0.137;;
966771;unknown;control;2023-05-14 13:00:00+00:00;0.122;;
966771;unknown;control;2023-05-14 13:15:00+00:00;0.141;;
966771;unknown;control;2023-05-14 13:30:00+00:00;0.136;;
966771;unknown;control;2023-05-14 13:45:00+00:00;0.142;;
966771;unknown;control;2023-05-14 14:00:00+00:00;0.186;;
966771;unknown;control;2023-05-14 14:15:00+00:00;0.328;;
966771;unknown;control;2023-05-14 14:30:00+00:00;0.258;;
966771;unknown;control;2023-05-14 14:45:00+00:00;0.175;;
966771;unknown;control;2023-05-14 15:00:00+00:00;0.143;;
966771;unknown;control;2023-05-14 15:15:00+00:00;0.15;;
966771;unknown;control;2023-05-14 15:30:00+00:00;0.124;;
966771;unknown;control;2023-05-14 15:45:00+00:00;0.118;;
966771;unknown;control;2023-05-14 16:00:00+00:00;0.564;;
966771;unknown;control;2023-05-14 16:15:00+00:00;0.423;;
966771;unknown;control;2023-05-14 16:30:00+00:00;0.13;;
966771;unknown;control;2023-05-14 16:45:00+00:00;0.099;;
966771;unknown;control;2023-05-14 17:00:00+00:00;0.092;;
966771;unknown;control;2023-05-14 17:15:00+00:00;0.094;;
966771;unknown;control;2023-05-14 17:30:00+00:00;0.095;;
966771;unknown;control;2023-05-14 17:45:00+00:00;0.101;;
966771;unknown;control;2023-05-14 18:00:00+00:00;0.122;;
966771;unknown;control;2023-05-14 18:15:00+00:00;0.101;;
966771;unknown;control;2023-05-14 18:30:00+00:00;0.098;;
966771;unknown;control;2023-05-14 18:45:00+00:00;0.121;;
966771;unknown;control;2023-05-14 19:00:00+00:00;0.152;;
966771;unknown;control;2023-05-14 19:15:00+00:00;0.167;;
966771;unknown;control;2023-05-14 19:30:00+00:00;0.167;;
966771;unknown;control;2023-05-14 19:45:00+00:00;0.173;;
966771;unknown;control;2023-05-14 20:00:00+00:00;0.153;;
966771;unknown;control;2023-05-14 20:15:00+00:00;0.141;;
966771;unknown;control;2023-05-14 20:30:00+00:00;0.135;;
966771;unknown;control;2023-05-14 20:45:00+00:00;0.138;;
966771;unknown;control;2023-05-14 21:00:00+00:00;0.142;;
966771;unknown;control;2023-05-14 21:15:00+00:00;0.104;;
966771;unknown;control;2023-05-14 21:30:00+00:00;0.095;;
966771;unknown;control;2023-05-14 21:45:00+00:00;0.093;;
966771;unknown;control;2023-05-14 22:00:00+00:00;0.082;;
966771;unknown;control;2023-05-14 22:15:00+00:00;0.095;;
966771;unknown;control;2023-05-14 22:30:00+00:00;0.089;;
966771;unknown;control;2023-05-14 22:45:00+00:00;0.082;;
966771;unknown;control;2023-05-14 23:00:00+00:00;0.095;;
966771;unknown;control;2023-05-14 23:15:00+00:00;0.089;;
966771;unknown;control;2023-05-14 23:30:00+00:00;1.34;;
966771;unknown;control;2023-05-14 23:45:00+00:00;1.297;;
966771;unknown;control;2023-05-15 00:00:00+00:00;1.284;;
966771;unknown;control;2023-05-15 00:15:00+00:00;1.297;;
966771;unknown;control;2023-05-15 00:30:00+00:00;1.298;;
966771;unknown;control;2023-05-15 00:45:00+00:00;1.303;;
966771;unknown;control;2023-05-15 01:00:00+00:00;0.649;;
966771;unknown;control;2023-05-15 01:15:00+00:00;0.088;;
966771;unknown;control;2023-05-15 01:30:00+00:00;0.088;;
966771;unknown;control;2023-05-15 01:45:00+00:00;0.094;;
966771;unknown;control;2023-05-15 02:00:00+00:00;0.089;;
966771;unknown;control;2023-05-15 02:15:00+00:00;0.085;;
966771;unknown;control;2023-05-15 02:30:00+00:00;0.1;;
966771;unknown;control;2023-05-15 02:45:00+00:00;0.087;;
966771;unknown;control;2023-05-15 03:00:00+00:00;0.087;;
966771;unknown;control;2023-05-15 03:15:00+00:00;0.095;;
966771;unknown;control;2023-05-15 03:30:00+00:00;0.084;;
966771;unknown;control;2023-05-15 03:45:00+00:00;0.085;;
966771;unknown;control;2023-05-15 04:00:00+00:00;0.093;;
966771;unknown;control;2023-05-15 04:15:00+00:00;0.084;;
966771;unknown;control;2023-05-15 04:30:00+00:00;0.098;;
966771;unknown;control;2023-05-15 04:45:00+00:00;0.096;;
966771;unknown;control;2023-05-15 05:00:00+00:00;0.115;;
966771;unknown;control;2023-05-15 05:15:00+00:00;0.105;;
966771;unknown;control;2023-05-15 05:30:00+00:00;0.097;;
966771;unknown;control;2023-05-15 05:45:00+00:00;0.19;;
966771;unknown;control;2023-05-15 06:00:00+00:00;0.589;;
966771;unknown;control;2023-05-15 06:15:00+00:00;0.14;;
966771;unknown;control;2023-05-15 06:30:00+00:00;0.145;;
966771;unknown;control;2023-05-15 06:45:00+00:00;0.172;;
966771;unknown;control;2023-05-15 07:00:00+00:00;0.141;;
966771;unknown;control;2023-05-15 07:15:00+00:00;0.14;;
966771;unknown;control;2023-05-15 07:30:00+00:00;0.182;;
966771;unknown;control;2023-05-15 07:45:00+00:00;0.232;;
966771;unknown;control;2023-05-15 08:00:00+00:00;0.265;;
966771;unknown;control;2023-05-15 08:15:00+00:00;0.42;;
966771;unknown;control;2023-05-15 08:30:00+00:00;0.195;;
966771;unknown;control;2023-05-15 08:45:00+00:00;0.116;;
966771;unknown;control;2023-05-15 09:00:00+00:00;0.1;;
966771;unknown;control;2023-05-15 09:15:00+00:00;0.093;;
966771;unknown;control;2023-05-15 09:30:00+00:00;0.093;;
966771;unknown;control;2023-05-15 09:45:00+00:00;0.088;;
966771;unknown;control;2023-05-15 10:00:00+00:00;0.088;;
966771;unknown;control;2023-05-15 10:15:00+00:00;0.09;;
966771;unknown;control;2023-05-15 10:30:00+00:00;0.084;;
966771;unknown;control;2023-05-15 10:45:00+00:00;0.092;;
966771;unknown;control;2023-05-15 11:00:00+00:00;0.091;;
966771;unknown;control;2023-05-15 11:15:00+00:00;0.33;;
966771;unknown;control;2023-05-15 11:30:00+00:00;0.824;;
966771;unknown;control;2023-05-15 11:45:00+00:00;0.115;;
966771;unknown;control;2023-05-15 12:00:00+00:00;0.114;;
966771;unknown;control;2023-05-15 12:15:00+00:00;0.133;;
966771;unknown;control;2023-05-15 12:30:00+00:00;0.175;;
966771;unknown;control;2023-05-15 12:45:00+00:00;0.223;;
966771;unknown;control;2023-05-15 13:00:00+00:00;0.255;;
966771;unknown;control;2023-05-15 13:15:00+00:00;0.459;;
966771;unknown;control;2023-05-15 13:30:00+00:00;0.526;;
966771;unknown;control;2023-05-15 13:45:00+00:00;0.474;;
966771;unknown;control;2023-05-15 14:00:00+00:00;0.307;;
966771;unknown;control;2023-05-15 14:15:00+00:00;0.396;;
966771;unknown;control;2023-05-15 14:30:00+00:00;0.347;;
966771;unknown;control;2023-05-15 14:45:00+00:00;0.189;;
966771;unknown;control;2023-05-15 15:00:00+00:00;0.133;;
966771;unknown;control;2023-05-15 15:15:00+00:00;0.157;;
966771;unknown;control;2023-05-15 15:30:00+00:00;0.122;;
966771;unknown;control;2023-05-15 15:45:00+00:00;0.122;;
966771;unknown;control;2023-05-15 16:00:00+00:00;0.112;;
966771;unknown;control;2023-05-15 16:15:00+00:00;0.084;;
966771;unknown;control;2023-05-15 16:30:00+00:00;0.091;;
966771;unknown;control;2023-05-15 16:45:00+00:00;0.078;;
966771;unknown;control;2023-05-15 17:00:00+00:00;0.21;;
966771;unknown;control;2023-05-15 17:15:00+00:00;0.12;;
966771;unknown;control;2023-05-15 17:30:00+00:00;0.125;;
966771;unknown;control;2023-05-15 17:45:00+00:00;0.112;;
966771;unknown;control;2023-05-15 18:00:00+00:00;0.102;;
966771;unknown;control;2023-05-15 18:15:00+00:00;0.095;;
966771;unknown;control;2023-05-15 18:30:00+00:00;0.107;;
966771;unknown;control;2023-05-15 18:45:00+00:00;0.088;;
966771;unknown;control;2023-05-15 19:00:00+00:00;0.103;;
966771;unknown;control;2023-05-15 19:15:00+00:00;0.104;;
966771;unknown;control;2023-05-15 19:30:00+00:00;0.103;;
966771;unknown;control;2023-05-15 19:45:00+00:00;0.122;;
966771;unknown;control;2023-05-15 20:00:00+00:00;0.102;;
966771;unknown;control;2023-05-15 20:15:00+00:00;0.096;;
966771;unknown;control;2023-05-15 20:30:00+00:00;0.103;;
966771;unknown;control;2023-05-15 20:45:00+00:00;0.112;;
966771;unknown;control;2023-05-15 21:00:00+00:00;0.102;;
966771;unknown;control;2023-05-15 21:15:00+00:00;0.088;;
966771;unknown;control;2023-05-15 21:30:00+00:00;0.092;;
966771;unknown;control;2023-05-15 21:45:00+00:00;0.083;;
966771;unknown;control;2023-05-15 22:00:00+00:00;0.097;;
966771;unknown;control;2023-05-15 22:15:00+00:00;0.09;;
966771;unknown;control;2023-05-15 22:30:00+00:00;0.085;;
966771;unknown;control;2023-05-15 22:45:00+00:00;0.09;;
966771;unknown;control;2023-05-15 23:00:00+00:00;0.085;;
966771;unknown;control;2023-05-15 23:15:00+00:00;0.087;;
966771;unknown;control;2023-05-15 23:30:00+00:00;1.318;;
966771;unknown;control;2023-05-15 23:45:00+00:00;1.258;;
966771;unknown;control;2023-05-16 00:00:00+00:00;1.295;;
966771;unknown;control;2023-05-16 00:15:00+00:00;1.291;;
966771;unknown;control;2023-05-16 00:30:00+00:00;1.283;;
966771;unknown;control;2023-05-16 00:45:00+00:00;1.324;;
966771;unknown;control;2023-05-16 01:00:00+00:00;0.453;;
966771;unknown;control;2023-05-16 01:15:00+00:00;0.075;;
966771;unknown;control;2023-05-16 01:30:00+00:00;0.087;;
966771;unknown;control;2023-05-16 01:45:00+00:00;0.09;;
966771;unknown;control;2023-05-16 02:00:00+00:00;0.081;;
966771;unknown;control;2023-05-16 02:15:00+00:00;0.09;;
966771;unknown;control;2023-05-16 02:30:00+00:00;0.087;;
966771;unknown;control;2023-05-16 02:45:00+00:00;0.083;;
966771;unknown;control;2023-05-16 03:00:00+00:00;0.09;;
966771;unknown;control;2023-05-16 03:15:00+00:00;0.083;;
966771;unknown;control;2023-05-16 03:30:00+00:00;0.088;;
966771;unknown;control;2023-05-16 03:45:00+00:00;0.089;;
966771;unknown;control;2023-05-16 04:00:00+00:00;0.083;;
966771;unknown;control;2023-05-16 04:15:00+00:00;0.09;;
966771;unknown;control;2023-05-16 04:30:00+00:00;0.093;;
966771;unknown;control;2023-05-16 04:45:00+00:00;0.092;;
966771;unknown;control;2023-05-16 05:00:00+00:00;0.109;;
966771;unknown;control;2023-05-16 05:15:00+00:00;0.105;;
966771;unknown;control;2023-05-16 05:30:00+00:00;0.105;;
966771;unknown;control;2023-05-16 05:45:00+00:00;0.104;;
966771;unknown;control;2023-05-16 06:00:00+00:00;0.084;;
966771;unknown;control;2023-05-16 06:15:00+00:00;0.1;;
966771;unknown;control;2023-05-16 06:30:00+00:00;0.092;;
966771;unknown;control;2023-05-16 06:45:00+00:00;0.085;;
966771;unknown;control;2023-05-16 07:00:00+00:00;0.092;;
966771;unknown;control;2023-05-16 07:15:00+00:00;0.441;;
966771;unknown;control;2023-05-16 07:30:00+00:00;0.111;;
966771;unknown;control;2023-05-16 07:45:00+00:00;0.126;;
966771;unknown;control;2023-05-16 08:00:00+00:00;0.137;;
966771;unknown;control;2023-05-16 08:15:00+00:00;0.101;;
966771;unknown;control;2023-05-16 08:30:00+00:00;0.116;;
966771;unknown;control;2023-05-16 08:45:00+00:00;0.177;;
966771;unknown;control;2023-05-16 09:00:00+00:00;0.096;;
966771;unknown;control;2023-05-16 09:15:00+00:00;0.097;;
966771;unknown;control;2023-05-16 09:30:00+00:00;0.093;;
966771;unknown;control;2023-05-16 09:45:00+00:00;0.092;;
966771;unknown;control;2023-05-16 10:00:00+00:00;0.146;;
966771;unknown;control;2023-05-16 10:15:00+00:00;0.647;;
966771;unknown;control;2023-05-16 10:30:00+00:00;0.117;;
966771;unknown;control;2023-05-16 10:45:00+00:00;0.108;;
966771;unknown;control;2023-05-16 11:00:00+00:00;0.098;;
966771;unknown;control;2023-05-16 11:15:00+00:00;0.094;;
966771;unknown;control;2023-05-16 11:30:00+00:00;0.096;;
966771;unknown;control;2023-05-16 11:45:00+00:00;0.097;;
966771;unknown;control;2023-05-16 12:00:00+00:00;0.096;;
966771;unknown;control;2023-05-16 12:15:00+00:00;0.097;;
966771;unknown;control;2023-05-16 12:30:00+00:00;0.088;;
966771;unknown;control;2023-05-16 12:45:00+00:00;0.097;;
966771;unknown;control;2023-05-16 13:00:00+00:00;0.092;;
966771;unknown;control;2023-05-16 13:15:00+00:00;0.09;;
966771;unknown;control;2023-05-16 13:30:00+00:00;0.096;;
966771;unknown;control;2023-05-16 13:45:00+00:00;0.088;;
966771;unknown;control;2023-05-16 14:00:00+00:00;0.084;;
966771;unknown;control;2023-05-16 14:15:00+00:00;0.092;;
966771;unknown;control;2023-05-16 14:30:00+00:00;0.086;;
966771;unknown;control;2023-05-16 14:45:00+00:00;0.088;;
966771;unknown;control;2023-05-16 15:00:00+00:00;0.2;;
966771;unknown;control;2023-05-16 15:15:00+00:00;0.083;;
966771;unknown;control;2023-05-16 15:30:00+00:00;0.118;;
966771;unknown;control;2023-05-16 15:45:00+00:00;0.328;;
966771;unknown;control;2023-05-16 16:00:00+00:00;0.555;;
966771;unknown;control;2023-05-16 16:15:00+00:00;0.152;;
966771;unknown;control;2023-05-16 16:30:00+00:00;0.238;;
966771;unknown;control;2023-05-16 16:45:00+00:00;0.474;;
966771;unknown;control;2023-05-16 17:00:00+00:00;0.228;;
966771;unknown;control;2023-05-16 17:15:00+00:00;0.161;;
966771;unknown;control;2023-05-16 17:30:00+00:00;0.16;;
966771;unknown;control;2023-05-16 17:45:00+00:00;0.171;;
966771;unknown;control;2023-05-16 18:00:00+00:00;0.159;;
966771;unknown;control;2023-05-16 18:15:00+00:00;0.161;;
966771;unknown;control;2023-05-16 18:30:00+00:00;0.254;;
966771;unknown;control;2023-05-16 18:45:00+00:00;0.265;;
966771;unknown;control;2023-05-16 19:00:00+00:00;0.268;;
966771;unknown;control;2023-05-16 19:15:00+00:00;0.247;;
966771;unknown;control;2023-05-16 19:30:00+00:00;0.126;;
966771;unknown;control;2023-05-16 19:45:00+00:00;0.095;;
966771;unknown;control;2023-05-16 20:00:00+00:00;0.089;;
966771;unknown;control;2023-05-16 20:15:00+00:00;0.089;;
966771;unknown;control;2023-05-16 20:30:00+00:00;0.094;;
966771;unknown;control;2023-05-16 20:45:00+00:00;0.089;;
966771;unknown;control;2023-05-16 21:00:00+00:00;0.087;;
966771;unknown;control;2023-05-16 21:15:00+00:00;0.094;;
966771;unknown;control;2023-05-16 21:30:00+00:00;0.099;;
966771;unknown;control;2023-05-16 21:45:00+00:00;0.107;;
966771;unknown;control;2023-05-16 22:00:00+00:00;0.117;;
966771;unknown;control;2023-05-16 22:15:00+00:00;0.092;;
966771;unknown;control;2023-05-16 22:30:00+00:00;0.092;;
966771;unknown;control;2023-05-16 22:45:00+00:00;0.088;;
966771;unknown;control;2023-05-16 23:00:00+00:00;0.086;;
966771;unknown;control;2023-05-16 23:15:00+00:00;0.092;;
966771;unknown;control;2023-05-16 23:30:00+00:00;1.315;;
966771;unknown;control;2023-05-16 23:45:00+00:00;1.263;;
966771;unknown;control;2023-05-17 00:00:00+00:00;1.276;;
966771;unknown;control;2023-05-17 00:15:00+00:00;1.273;;
966771;unknown;control;2023-05-17 00:30:00+00:00;1.281;;
966771;unknown;control;2023-05-17 00:45:00+00:00;0.132;;
966771;unknown;control;2023-05-17 01:00:00+00:00;0.09;;
966771;unknown;control;2023-05-17 01:15:00+00:00;0.086;;
966771;unknown;control;2023-05-17 01:30:00+00:00;0.094;;
966771;unknown;control;2023-05-17 01:45:00+00:00;0.089;;
966771;unknown;control;2023-05-17 02:00:00+00:00;0.096;;
966771;unknown;control;2023-05-17 02:15:00+00:00;0.431;;
966771;unknown;control;2023-05-17 02:30:00+00:00;0.571;;
966771;unknown;control;2023-05-17 02:45:00+00:00;0.116;;
966771;unknown;control;2023-05-17 03:00:00+00:00;0.115;;
966771;unknown;control;2023-05-17 03:15:00+00:00;0.093;;
966771;unknown;control;2023-05-17 03:30:00+00:00;0.095;;
966771;unknown;control;2023-05-17 03:45:00+00:00;0.097;;
966771;unknown;control;2023-05-17 04:00:00+00:00;0.109;;
966771;unknown;control;2023-05-17 04:15:00+00:00;0.111;;
966771;unknown;control;2023-05-17 04:30:00+00:00;0.111;;
966771;unknown;control;2023-05-17 04:45:00+00:00;0.268;;
966771;unknown;control;2023-05-17 05:00:00+00:00;0.306;;
966771;unknown;control;2023-05-17 05:15:00+00:00;0.135;;
966771;unknown;control;2023-05-17 05:30:00+00:00;0.128;;
966771;unknown;control;2023-05-17 05:45:00+00:00;0.121;;
966771;unknown;control;2023-05-17 06:00:00+00:00;0.118;;
966771;unknown;control;2023-05-17 06:15:00+00:00;0.131;;
966771;unknown;control;2023-05-17 06:30:00+00:00;0.11;;
966771;unknown;control;2023-05-17 06:45:00+00:00;0.101;;
966771;unknown;control;2023-05-17 07:00:00+00:00;0.114;;
966771;unknown;control;2023-05-17 07:15:00+00:00;0.109;;
966771;unknown;control;2023-05-17 07:30:00+00:00;0.487;;
966771;unknown;control;2023-05-17 07:45:00+00:00;0.144;;
966771;unknown;control;2023-05-17 08:00:00+00:00;0.141;;
966771;unknown;control;2023-05-17 08:15:00+00:00;0.165;;
966771;unknown;control;2023-05-17 08:30:00+00:00;0.18;;
966771;unknown;control;2023-05-17 08:45:00+00:00;0.188;;
966771;unknown;control;2023-05-17 09:00:00+00:00;0.131;;
966771;unknown;control;2023-05-17 09:15:00+00:00;0.184;;
966771;unknown;control;2023-05-17 09:30:00+00:00;0.196;;
966771;unknown;control;2023-05-17 09:45:00+00:00;0.306;;
966771;unknown;control;2023-05-17 10:00:00+00:00;0.143;;
966771;unknown;control;2023-05-17 10:15:00+00:00;0.388;;
966771;unknown;control;2023-05-17 10:30:00+00:00;0.128;;
966771;unknown;control;2023-05-17 10:45:00+00:00;0.111;;
966771;unknown;control;2023-05-17 11:00:00+00:00;0.237;;
966771;unknown;control;2023-05-17 11:15:00+00:00;0.234;;
966771;unknown;control;2023-05-17 11:30:00+00:00;0.107;;
966771;unknown;control;2023-05-17 11:45:00+00:00;0.122;;
966771;unknown;control;2023-05-17 12:00:00+00:00;0.118;;
966771;unknown;control;2023-05-17 12:15:00+00:00;0.09;;
966771;unknown;control;2023-05-17 12:30:00+00:00;0.087;;
966771;unknown;control;2023-05-17 12:45:00+00:00;0.085;;
966771;unknown;control;2023-05-17 13:00:00+00:00;0.14;;
966771;unknown;control;2023-05-17 13:15:00+00:00;0.152;;
966771;unknown;control;2023-05-17 13:30:00+00:00;0.32;;
966771;unknown;control;2023-05-17 13:45:00+00:00;0.148;;
966771;unknown;control;2023-05-17 14:00:00+00:00;0.119;;
966771;unknown;control;2023-05-17 14:15:00+00:00;0.118;;
966771;unknown;control;2023-05-17 14:30:00+00:00;0.159;;
966771;unknown;control;2023-05-17 14:45:00+00:00;0.097;;
966771;unknown;control;2023-05-17 15:00:00+00:00;0.102;;
966771;unknown;control;2023-05-17 15:15:00+00:00;0.115;;
966771;unknown;control;2023-05-17 15:30:00+00:00;0.257;;
966771;unknown;control;2023-05-17 15:45:00+00:00;0.102;;
966771;unknown;control;2023-05-17 16:00:00+00:00;0.096;;
966771;unknown;control;2023-05-17 16:15:00+00:00;0.088;;
966771;unknown;control;2023-05-17 16:30:00+00:00;0.095;;
966771;unknown;control;2023-05-17 16:45:00+00:00;0.093;;
966771;unknown;control;2023-05-17 17:00:00+00:00;0.106;;
966771;unknown;control;2023-05-17 17:15:00+00:00;0.168;;
966771;unknown;control;2023-05-17 17:30:00+00:00;0.138;;
966771;unknown;control;2023-05-17 17:45:00+00:00;0.123;;
966771;unknown;control;2023-05-17 18:00:00+00:00;0.129;;
966771;unknown;control;2023-05-17 18:15:00+00:00;0.128;;
966771;unknown;control;2023-05-17 18:30:00+00:00;0.153;;
966771;unknown;control;2023-05-17 18:45:00+00:00;0.149;;
966771;unknown;control;2023-05-17 19:00:00+00:00;0.154;;
966771;unknown;control;2023-05-17 19:15:00+00:00;0.156;;
966771;unknown;control;2023-05-17 19:30:00+00:00;0.173;;
966771;unknown;control;2023-05-17 19:45:00+00:00;0.153;;
966771;unknown;control;2023-05-17 20:00:00+00:00;0.15;;
966771;unknown;control;2023-05-17 20:15:00+00:00;0.137;;
966771;unknown;control;2023-05-17 20:30:00+00:00;0.116;;
966771;unknown;control;2023-05-17 20:45:00+00:00;0.103;;
966771;unknown;control;2023-05-17 21:00:00+00:00;0.087;;
966771;unknown;control;2023-05-17 21:15:00+00:00;0.09;;
966771;unknown;control;2023-05-17 21:30:00+00:00;0.11;;
966771;unknown;control;2023-05-17 21:45:00+00:00;0.105;;
966771;unknown;control;2023-05-17 22:00:00+00:00;0.108;;
966771;unknown;control;2023-05-17 22:15:00+00:00;0.109;;
966771;unknown;control;2023-05-17 22:30:00+00:00;0.11;;
966771;unknown;control;2023-05-17 22:45:00+00:00;0.113;;
966771;unknown;control;2023-05-17 23:00:00+00:00;0.104;;
966771;unknown;control;2023-05-17 23:15:00+00:00;0.107;;
966771;unknown;control;2023-05-17 23:30:00+00:00;1.461;;
966771;unknown;control;2023-05-17 23:45:00+00:00;1.967;;
966771;unknown;control;2023-05-18 00:00:00+00:00;1.41;;
966771;unknown;control;2023-05-18 00:15:00+00:00;1.287;;
966771;unknown;control;2023-05-18 00:30:00+00:00;1.299;;
966771;unknown;control;2023-05-18 00:45:00+00:00;1.09;;
966771;unknown;control;2023-05-18 01:00:00+00:00;0.479;;
966771;unknown;control;2023-05-18 01:15:00+00:00;0.105;;
966771;unknown;control;2023-05-18 01:30:00+00:00;0.108;;
966771;unknown;control;2023-05-18 01:45:00+00:00;0.108;;
966771;unknown;control;2023-05-18 02:00:00+00:00;0.146;;
966771;unknown;control;2023-05-18 02:15:00+00:00;0.833;;
966771;unknown;control;2023-05-18 02:30:00+00:00;0.45;;
966771;unknown;control;2023-05-18 02:45:00+00:00;0.109;;
966771;unknown;control;2023-05-18 03:00:00+00:00;0.118;;
966771;unknown;control;2023-05-18 03:15:00+00:00;0.103;;
966771;unknown;control;2023-05-18 03:30:00+00:00;0.09;;
966771;unknown;control;2023-05-18 03:45:00+00:00;0.115;;
966771;unknown;control;2023-05-18 04:00:00+00:00;0.104;;
966771;unknown;control;2023-05-18 04:15:00+00:00;0.107;;
966771;unknown;control;2023-05-18 04:30:00+00:00;0.111;;
966771;unknown;control;2023-05-18 04:45:00+00:00;0.12;;
966771;unknown;control;2023-05-18 05:00:00+00:00;0.104;;
966771;unknown;control;2023-05-18 05:15:00+00:00;0.09;;
966771;unknown;control;2023-05-18 05:30:00+00:00;0.09;;
966771;unknown;control;2023-05-18 05:45:00+00:00;0.098;;
966771;unknown;control;2023-05-18 06:00:00+00:00;0.1;;
966771;unknown;control;2023-05-18 06:15:00+00:00;0.086;;
966771;unknown;control;2023-05-18 06:30:00+00:00;0.101;;
966771;unknown;control;2023-05-18 06:45:00+00:00;0.106;;
966771;unknown;control;2023-05-18 07:00:00+00:00;0.297;;
966771;unknown;control;2023-05-18 07:15:00+00:00;0.1;;
966771;unknown;control;2023-05-18 07:30:00+00:00;0.129;;
966771;unknown;control;2023-05-18 07:45:00+00:00;0.106;;
966771;unknown;control;2023-05-18 08:00:00+00:00;0.116;;
966771;unknown;control;2023-05-18 08:15:00+00:00;0.201;;
966771;unknown;control;2023-05-18 08:30:00+00:00;0.944;;
966771;unknown;control;2023-05-18 08:45:00+00:00;0.198;;
966771;unknown;control;2023-05-18 09:00:00+00:00;0.469;;
966771;unknown;control;2023-05-18 09:15:00+00:00;0.493;;
966771;unknown;control;2023-05-18 09:30:00+00:00;0.113;;
966771;unknown;control;2023-05-18 09:45:00+00:00;0.117;;
966771;unknown;control;2023-05-18 10:00:00+00:00;0.135;;
966771;unknown;control;2023-05-18 10:15:00+00:00;0.091;;
966771;unknown;control;2023-05-18 10:30:00+00:00;0.092;;
966771;unknown;control;2023-05-18 10:45:00+00:00;0.101;;
966771;unknown;control;2023-05-18 11:00:00+00:00;0.093;;
966771;unknown;control;2023-05-18 11:15:00+00:00;0.096;;
966771;unknown;control;2023-05-18 11:30:00+00:00;0.096;;
966771;unknown;control;2023-05-18 11:45:00+00:00;0.093;;
966771;unknown;control;2023-05-18 12:00:00+00:00;0.101;;
966771;unknown;control;2023-05-18 12:15:00+00:00;0.128;;
966771;unknown;control;2023-05-18 12:30:00+00:00;0.105;;
966771;unknown;control;2023-05-18 12:45:00+00:00;0.115;;
966771;unknown;control;2023-05-18 13:00:00+00:00;0.322;;
966771;unknown;control;2023-05-18 13:15:00+00:00;0.513;;
966771;unknown;control;2023-05-18 13:30:00+00:00;0.259;;
966771;unknown;control;2023-05-18 13:45:00+00:00;0.175;;
966771;unknown;control;2023-05-18 14:00:00+00:00;0.103;;
966771;unknown;control;2023-05-18 14:15:00+00:00;0.106;;
966771;unknown;control;2023-05-18 14:30:00+00:00;0.1;;
966771;unknown;control;2023-05-18 14:45:00+00:00;0.12;;
966771;unknown;control;2023-05-18 15:00:00+00:00;0.107;;
966771;unknown;control;2023-05-18 15:15:00+00:00;0.112;;
966771;unknown;control;2023-05-18 15:30:00+00:00;0.124;;
966771;unknown;control;2023-05-18 15:45:00+00:00;0.21;;
966771;unknown;control;2023-05-18 16:00:00+00:00;0.133;;
966771;unknown;control;2023-05-18 16:15:00+00:00;0.102;;
966771;unknown;control;2023-05-18 16:30:00+00:00;0.165;;
966771;unknown;control;2023-05-18 16:45:00+00:00;0.277;;
966771;unknown;control;2023-05-18 17:00:00+00:00;0.762;;
966771;unknown;control;2023-05-18 17:15:00+00:00;0.579;;
966771;unknown;control;2023-05-18 17:30:00+00:00;0.357;;
966771;unknown;control;2023-05-18 17:45:00+00:00;0.433;;
966771;unknown;control;2023-05-18 18:00:00+00:00;0.674;;
966771;unknown;control;2023-05-18 18:15:00+00:00;0.207;;
966771;unknown;control;2023-05-18 18:30:00+00:00;0.19;;
966771;unknown;control;2023-05-18 18:45:00+00:00;0.179;;
966771;unknown;control;2023-05-18 19:00:00+00:00;0.198;;
966771;unknown;control;2023-05-18 19:15:00+00:00;0.187;;
966771;unknown;control;2023-05-18 19:30:00+00:00;0.183;;
966771;unknown;control;2023-05-18 19:45:00+00:00;0.189;;
966771;unknown;control;2023-05-18 20:00:00+00:00;0.116;;
966771;unknown;control;2023-05-18 20:15:00+00:00;0.096;;
966771;unknown;control;2023-05-18 20:30:00+00:00;0.097;;
966771;unknown;control;2023-05-18 20:45:00+00:00;0.084;;
966771;unknown;control;2023-05-18 21:00:00+00:00;0.092;;
966771;unknown;control;2023-05-18 21:15:00+00:00;0.096;;
966771;unknown;control;2023-05-18 21:30:00+00:00;0.085;;
966771;unknown;control;2023-05-18 21:45:00+00:00;0.092;;
966771;unknown;control;2023-05-18 22:00:00+00:00;0.098;;
966771;unknown;control;2023-05-18 22:15:00+00:00;0.087;;
966771;unknown;control;2023-05-18 22:30:00+00:00;0.094;;
966771;unknown;control;2023-05-18 22:45:00+00:00;0.093;;
966771;unknown;control;2023-05-18 23:00:00+00:00;0.089;;
966771;unknown;control;2023-05-18 23:15:00+00:00;0.093;;
966771;unknown;control;2023-05-18 23:30:00+00:00;1.337;;
966771;unknown;control;2023-05-18 23:45:00+00:00;1.294;;
966771;unknown;control;2023-05-19 00:00:00+00:00;1.308;;
966771;unknown;control;2023-05-19 00:15:00+00:00;1.325;;
966771;unknown;control;2023-05-19 00:30:00+00:00;1.327;;
966771;unknown;control;2023-05-19 00:45:00+00:00;0.576;;
966771;unknown;control;2023-05-19 01:00:00+00:00;0.088;;
966771;unknown;control;2023-05-19 01:15:00+00:00;0.098;;
966771;unknown;control;2023-05-19 01:30:00+00:00;0.088;;
966771;unknown;control;2023-05-19 01:45:00+00:00;0.09;;
966771;unknown;control;2023-05-19 02:00:00+00:00;0.1;;
966771;unknown;control;2023-05-19 02:15:00+00:00;0.089;;
966771;unknown;control;2023-05-19 02:30:00+00:00;0.091;;
966771;unknown;control;2023-05-19 02:45:00+00:00;0.1;;
966771;unknown;control;2023-05-19 03:00:00+00:00;0.086;;
966771;unknown;control;2023-05-19 03:15:00+00:00;0.09;;
966771;unknown;control;2023-05-19 03:30:00+00:00;0.095;;
966771;unknown;control;2023-05-19 03:45:00+00:00;0.087;;
966771;unknown;control;2023-05-19 04:00:00+00:00;0.092;;
966771;unknown;control;2023-05-19 04:15:00+00:00;0.106;;
966771;unknown;control;2023-05-19 04:30:00+00:00;0.087;;
966771;unknown;control;2023-05-19 04:45:00+00:00;0.106;;
966771;unknown;control;2023-05-19 05:00:00+00:00;0.088;;
966771;unknown;control;2023-05-19 05:15:00+00:00;0.093;;
966771;unknown;control;2023-05-19 05:30:00+00:00;0.114;;
966771;unknown;control;2023-05-19 05:45:00+00:00;0.09;;
966771;unknown;control;2023-05-19 06:00:00+00:00;0.09;;
966771;unknown;control;2023-05-19 06:15:00+00:00;0.09;;
966771;unknown;control;2023-05-19 06:30:00+00:00;0.083;;
966771;unknown;control;2023-05-19 06:45:00+00:00;0.101;;
966771;unknown;control;2023-05-19 07:00:00+00:00;0.103;;
966771;unknown;control;2023-05-19 07:15:00+00:00;0.088;;
966771;unknown;control;2023-05-19 07:30:00+00:00;0.097;;
966771;unknown;control;2023-05-19 07:45:00+00:00;0.097;;
966771;unknown;control;2023-05-19 08:00:00+00:00;0.097;;
966771;unknown;control;2023-05-19 08:15:00+00:00;0.11;;
966771;unknown;control;2023-05-19 08:30:00+00:00;0.226;;
966771;unknown;control;2023-05-19 08:45:00+00:00;0.123;;
966771;unknown;control;2023-05-19 09:00:00+00:00;0.132;;
966771;unknown;control;2023-05-19 09:15:00+00:00;0.129;;
966771;unknown;control;2023-05-19 09:30:00+00:00;0.123;;
966771;unknown;control;2023-05-19 09:45:00+00:00;0.133;;
966771;unknown;control;2023-05-19 10:00:00+00:00;0.097;;
966771;unknown;control;2023-05-19 10:15:00+00:00;0.108;;
966771;unknown;control;2023-05-19 10:30:00+00:00;0.1;;
966771;unknown;control;2023-05-19 10:45:00+00:00;0.089;;
966771;unknown;control;2023-05-19 11:00:00+00:00;0.103;;
966771;unknown;control;2023-05-19 11:15:00+00:00;0.096;;
966771;unknown;control;2023-05-19 11:30:00+00:00;0.091;;
966771;unknown;control;2023-05-19 11:45:00+00:00;0.101;;
966771;unknown;control;2023-05-19 12:00:00+00:00;0.097;;
966771;unknown;control;2023-05-19 12:15:00+00:00;0.092;;
966771;unknown;control;2023-05-19 12:30:00+00:00;0.1;;
966771;unknown;control;2023-05-19 12:45:00+00:00;0.095;;
966771;unknown;control;2023-05-19 13:00:00+00:00;0.096;;
966771;unknown;control;2023-05-19 13:15:00+00:00;0.098;;
966771;unknown;control;2023-05-19 13:30:00+00:00;0.094;;
966771;unknown;control;2023-05-19 13:45:00+00:00;0.097;;
966771;unknown;control;2023-05-19 14:00:00+00:00;0.096;;
966771;unknown;control;2023-05-19 14:15:00+00:00;0.093;;
966771;unknown;control;2023-05-19 14:30:00+00:00;0.103;;
966771;unknown;control;2023-05-19 14:45:00+00:00;0.094;;
966771;unknown;control;2023-05-19 15:00:00+00:00;0.092;;
966771;unknown;control;2023-05-19 15:15:00+00:00;0.103;;
966771;unknown;control;2023-05-19 15:30:00+00:00;0.091;;
966771;unknown;control;2023-05-19 15:45:00+00:00;0.099;;
966771;unknown;control;2023-05-19 16:00:00+00:00;0.107;;
966771;unknown;control;2023-05-19 16:15:00+00:00;0.097;;
966771;unknown;control;2023-05-19 16:30:00+00:00;0.095;;
966771;unknown;control;2023-05-19 16:45:00+00:00;0.101;;
966771;unknown;control;2023-05-19 17:00:00+00:00;0.095;;
966771;unknown;control;2023-05-19 17:15:00+00:00;0.141;;
966771;unknown;control;2023-05-19 17:30:00+00:00;0.138;;
966771;unknown;control;2023-05-19 17:45:00+00:00;0.125;;
966771;unknown;control;2023-05-19 18:00:00+00:00;0.125;;
966771;unknown;control;2023-05-19 18:15:00+00:00;0.119;;
966771;unknown;control;2023-05-19 18:30:00+00:00;0.114;;
966771;unknown;control;2023-05-19 18:45:00+00:00;0.136;;
966771;unknown;control;2023-05-19 19:00:00+00:00;0.142;;
966771;unknown;control;2023-05-19 19:15:00+00:00;0.147;;
966771;unknown;control;2023-05-19 19:30:00+00:00;0.143;;
966771;unknown;control;2023-05-19 19:45:00+00:00;0.134;;
966771;unknown;control;2023-05-19 20:00:00+00:00;0.117;;
966771;unknown;control;2023-05-19 20:15:00+00:00;0.119;;
966771;unknown;control;2023-05-19 20:30:00+00:00;0.091;;
966771;unknown;control;2023-05-19 20:45:00+00:00;0.098;;
966771;unknown;control;2023-05-19 21:00:00+00:00;0.097;;
966771;unknown;control;2023-05-19 21:15:00+00:00;0.094;;
966771;unknown;control;2023-05-19 21:30:00+00:00;0.099;;
966771;unknown;control;2023-05-19 21:45:00+00:00;0.09;;
966771;unknown;control;2023-05-19 22:00:00+00:00;0.093;;
966771;unknown;control;2023-05-19 22:15:00+00:00;0.1;;
966771;unknown;control;2023-05-19 22:30:00+00:00;0.088;;
966771;unknown;control;2023-05-19 22:45:00+00:00;0.088;;
966771;unknown;control;2023-05-19 23:00:00+00:00;0.099;;
966771;unknown;control;2023-05-19 23:15:00+00:00;0.086;;
966771;unknown;control;2023-05-19 23:30:00+00:00;1.331;;
966771;unknown;control;2023-05-19 23:45:00+00:00;1.292;;
966771;unknown;control;2023-05-20 00:00:00+00:00;1.281;;
966771;unknown;control;2023-05-20 00:15:00+00:00;1.287;;
966771;unknown;control;2023-05-20 00:30:00+00:00;1.306;;
966771;unknown;control;2023-05-20 00:45:00+00:00;1.056;;
966771;unknown;control;2023-05-20 01:00:00+00:00;0.095;;
966771;unknown;control;2023-05-20 01:15:00+00:00;0.089;;
966771;unknown;control;2023-05-20 01:30:00+00:00;0.089;;
966771;unknown;control;2023-05-20 01:45:00+00:00;0.099;;
966771;unknown;control;2023-05-20 02:00:00+00:00;0.087;;
966771;unknown;control;2023-05-20 02:15:00+00:00;0.088;;
966771;unknown;control;2023-05-20 02:30:00+00:00;0.101;;
966771;unknown;control;2023-05-20 02:45:00+00:00;0.105;;
966771;unknown;control;2023-05-20 03:00:00+00:00;0.091;;
966771;unknown;control;2023-05-20 03:15:00+00:00;0.096;;
966771;unknown;control;2023-05-20 03:30:00+00:00;0.09;;
966771;unknown;control;2023-05-20 03:45:00+00:00;0.091;;
966771;unknown;control;2023-05-20 04:00:00+00:00;0.112;;
966771;unknown;control;2023-05-20 04:15:00+00:00;0.114;;
966771;unknown;control;2023-05-20 04:30:00+00:00;0.107;;
966771;unknown;control;2023-05-20 04:45:00+00:00;0.088;;
966771;unknown;control;2023-05-20 05:00:00+00:00;0.088;;
966771;unknown;control;2023-05-20 05:15:00+00:00;0.114;;
966771;unknown;control;2023-05-20 05:30:00+00:00;0.086;;
966771;unknown;control;2023-05-20 05:45:00+00:00;0.087;;
966771;unknown;control;2023-05-20 06:00:00+00:00;0.096;;
966771;unknown;control;2023-05-20 06:15:00+00:00;0.094;;
966771;unknown;control;2023-05-20 06:30:00+00:00;0.087;;
966771;unknown;control;2023-05-20 06:45:00+00:00;0.096;;
966771;unknown;control;2023-05-20 07:00:00+00:00;0.103;;
966771;unknown;control;2023-05-20 07:15:00+00:00;0.124;;
966771;unknown;control;2023-05-20 07:30:00+00:00;0.124;;
966771;unknown;control;2023-05-20 07:45:00+00:00;0.093;;
966771;unknown;control;2023-05-20 08:00:00+00:00;0.104;;
966771;unknown;control;2023-05-20 08:15:00+00:00;0.093;;
966771;unknown;control;2023-05-20 08:30:00+00:00;0.086;;
966771;unknown;control;2023-05-20 08:45:00+00:00;0.1;;
966771;unknown;control;2023-05-20 09:00:00+00:00;0.093;;
966771;unknown;control;2023-05-20 09:15:00+00:00;0.088;;
966771;unknown;control;2023-05-20 09:30:00+00:00;0.095;;
966771;unknown;control;2023-05-20 09:45:00+00:00;0.092;;
966771;unknown;control;2023-05-20 10:00:00+00:00;0.095;;
966771;unknown;control;2023-05-20 10:15:00+00:00;0.094;;
966771;unknown;control;2023-05-20 10:30:00+00:00;0.088;;
966771;unknown;control;2023-05-20 10:45:00+00:00;0.098;;
966771;unknown;control;2023-05-20 11:00:00+00:00;0.095;;
966771;unknown;control;2023-05-20 11:15:00+00:00;0.086;;
966771;unknown;control;2023-05-20 11:30:00+00:00;0.099;;
966771;unknown;control;2023-05-20 11:45:00+00:00;0.096;;
966771;unknown;control;2023-05-20 12:00:00+00:00;0.087;;
966771;unknown;control;2023-05-20 12:15:00+00:00;0.097;;
966771;unknown;control;2023-05-20 12:30:00+00:00;0.095;;
966771;unknown;control;2023-05-20 12:45:00+00:00;0.09;;
966771;unknown;control;2023-05-20 13:00:00+00:00;0.095;;
966771;unknown;control;2023-05-20 13:15:00+00:00;0.098;;
966771;unknown;control;2023-05-20 13:30:00+00:00;0.098;;
966771;unknown;control;2023-05-20 13:45:00+00:00;0.143;;
966771;unknown;control;2023-05-20 14:00:00+00:00;0.118;;
966771;unknown;control;2023-05-20 14:15:00+00:00;0.108;;
966771;unknown;control;2023-05-20 14:30:00+00:00;0.108;;
966771;unknown;control;2023-05-20 14:45:00+00:00;0.101;;
966771;unknown;control;2023-05-20 15:00:00+00:00;0.092;;
966771;unknown;control;2023-05-20 15:15:00+00:00;0.095;;
966771;unknown;control;2023-05-20 15:30:00+00:00;0.1;;
966771;unknown;control;2023-05-20 15:45:00+00:00;0.09;;
966771;unknown;control;2023-05-20 16:00:00+00:00;0.09;;
966771;unknown;control;2023-05-20 16:15:00+00:00;0.112;;
966771;unknown;control;2023-05-20 16:30:00+00:00;0.283;;
966771;unknown;control;2023-05-20 16:45:00+00:00;0.283;;
966771;unknown;control;2023-05-20 17:00:00+00:00;0.276;;
966771;unknown;control;2023-05-20 17:15:00+00:00;0.336;;
966771;unknown;control;2023-05-20 17:30:00+00:00;0.118;;
966771;unknown;control;2023-05-20 17:45:00+00:00;0.119;;
966771;unknown;control;2023-05-20 18:00:00+00:00;0.146;;
966771;unknown;control;2023-05-20 18:15:00+00:00;0.188;;
966771;unknown;control;2023-05-20 18:30:00+00:00;0.204;;
966771;unknown;control;2023-05-20 18:45:00+00:00;0.19;;
966771;unknown;control;2023-05-20 19:00:00+00:00;0.226;;
966771;unknown;control;2023-05-20 19:15:00+00:00;0.216;;
966771;unknown;control;2023-05-20 19:30:00+00:00;0.181;;
966771;unknown;control;2023-05-20 19:45:00+00:00;0.158;;
966771;unknown;control;2023-05-20 20:00:00+00:00;0.094;;
966771;unknown;control;2023-05-20 20:15:00+00:00;0.084;;
966771;unknown;control;2023-05-20 20:30:00+00:00;0.099;;
966771;unknown;control;2023-05-20 20:45:00+00:00;0.091;;
966771;unknown;control;2023-05-20 21:00:00+00:00;0.086;;
966771;unknown;control;2023-05-20 21:15:00+00:00;0.098;;
966771;unknown;control;2023-05-20 21:30:00+00:00;0.09;;
966771;unknown;control;2023-05-20 21:45:00+00:00;0.092;;
966771;unknown;control;2023-05-20 22:00:00+00:00;0.098;;
966771;unknown;control;2023-05-20 22:15:00+00:00;0.088;;
966771;unknown;control;2023-05-20 22:30:00+00:00;0.09;;
966771;unknown;control;2023-05-20 22:45:00+00:00;0.095;;
966771;unknown;control;2023-05-20 23:00:00+00:00;0.089;;
966771;unknown;control;2023-05-20 23:15:00+00:00;0.109;;
966771;unknown;control;2023-05-20 23:30:00+00:00;1.354;;
966771;unknown;control;2023-05-20 23:45:00+00:00;1.292;;
966771;unknown;control;2023-05-21 00:00:00+00:00;1.304;;
966771;unknown;control;2023-05-21 00:15:00+00:00;1.312;;
966771;unknown;control;2023-05-21 00:30:00+00:00;0.301;;
966771;unknown;control;2023-05-21 00:45:00+00:00;0.092;;
966771;unknown;control;2023-05-21 01:00:00+00:00;0.087;;
966771;unknown;control;2023-05-21 01:15:00+00:00;0.094;;
966771;unknown;control;2023-05-21 01:30:00+00:00;0.094;;
966771;unknown;control;2023-05-21 01:45:00+00:00;0.101;;
966771;unknown;control;2023-05-21 02:00:00+00:00;0.097;;
966771;unknown;control;2023-05-21 02:15:00+00:00;0.094;;
966771;unknown;control;2023-05-21 02:30:00+00:00;0.086;;
966771;unknown;control;2023-05-21 02:45:00+00:00;0.099;;
966771;unknown;control;2023-05-21 03:00:00+00:00;0.093;;
966771;unknown;control;2023-05-21 03:15:00+00:00;0.086;;
966771;unknown;control;2023-05-21 03:30:00+00:00;0.099;;
966771;unknown;control;2023-05-21 03:45:00+00:00;0.09;;
966771;unknown;control;2023-05-21 04:00:00+00:00;0.086;;
966771;unknown;control;2023-05-21 04:15:00+00:00;0.108;;
966771;unknown;control;2023-05-21 04:30:00+00:00;0.123;;
966771;unknown;control;2023-05-21 04:45:00+00:00;0.093;;
966771;unknown;control;2023-05-21 05:00:00+00:00;0.099;;
966771;unknown;control;2023-05-21 05:15:00+00:00;0.097;;
966771;unknown;control;2023-05-21 05:30:00+00:00;0.093;;
966771;unknown;control;2023-05-21 05:45:00+00:00;0.096;;
966771;unknown;control;2023-05-21 06:00:00+00:00;0.091;;
966771;unknown;control;2023-05-21 06:15:00+00:00;0.094;;
966771;unknown;control;2023-05-21 06:30:00+00:00;0.102;;
966771;unknown;control;2023-05-21 06:45:00+00:00;0.089;;
966771;unknown;control;2023-05-21 07:00:00+00:00;0.099;;
966771;unknown;control;2023-05-21 07:15:00+00:00;0.092;;
966771;unknown;control;2023-05-21 07:30:00+00:00;0.117;;
966771;unknown;control;2023-05-21 07:45:00+00:00;0.109;;
966771;unknown;control;2023-05-21 08:00:00+00:00;0.093;;
966771;unknown;control;2023-05-21 08:15:00+00:00;0.097;;
966771;unknown;control;2023-05-21 08:30:00+00:00;0.098;;
966771;unknown;control;2023-05-21 08:45:00+00:00;0.091;;
966771;unknown;control;2023-05-21 09:00:00+00:00;0.104;;
966771;unknown;control;2023-05-21 09:15:00+00:00;0.101;;
966771;unknown;control;2023-05-21 09:30:00+00:00;0.091;;
966771;unknown;control;2023-05-21 09:45:00+00:00;0.109;;
966771;unknown;control;2023-05-21 10:00:00+00:00;0.114;;
966771;unknown;control;2023-05-21 10:15:00+00:00;0.104;;
966771;unknown;control;2023-05-21 10:30:00+00:00;0.117;;
966771;unknown;control;2023-05-21 10:45:00+00:00;0.108;;
966771;unknown;control;2023-05-21 11:00:00+00:00;0.103;;
966771;unknown;control;2023-05-21 11:15:00+00:00;0.115;;
966771;unknown;control;2023-05-21 11:30:00+00:00;0.104;;
966771;unknown;control;2023-05-21 11:45:00+00:00;0.107;;
966771;unknown;control;2023-05-21 12:00:00+00:00;0.117;;
966771;unknown;control;2023-05-21 12:15:00+00:00;0.126;;
966771;unknown;control;2023-05-21 12:30:00+00:00;0.115;;
966771;unknown;control;2023-05-21 12:45:00+00:00;0.125;;
966771;unknown;control;2023-05-21 13:00:00+00:00;0.108;;
966771;unknown;control;2023-05-21 13:15:00+00:00;0.105;;
966771;unknown;control;2023-05-21 13:30:00+00:00;0.103;;
966771;unknown;control;2023-05-21 13:45:00+00:00;0.097;;
966771;unknown;control;2023-05-21 14:00:00+00:00;0.103;;
966771;unknown;control;2023-05-21 14:15:00+00:00;0.096;;
966771;unknown;control;2023-05-21 14:30:00+00:00;0.096;;
966771;unknown;control;2023-05-21 14:45:00+00:00;0.101;;
966771;unknown;control;2023-05-21 15:00:00+00:00;0.089;;
966771;unknown;control;2023-05-21 15:15:00+00:00;0.094;;
966771;unknown;control;2023-05-21 15:30:00+00:00;0.101;;
966771;unknown;control;2023-05-21 15:45:00+00:00;0.11;;
966771;unknown;control;2023-05-21 16:00:00+00:00;0.297;;
966771;unknown;control;2023-05-21 16:15:00+00:00;0.847;;
966771;unknown;control;2023-05-21 16:30:00+00:00;0.128;;
966771;unknown;control;2023-05-21 16:45:00+00:00;0.139;;
966771;unknown;control;2023-05-21 17:00:00+00:00;0.182;;
966771;unknown;control;2023-05-21 17:15:00+00:00;0.594;;
966771;unknown;control;2023-05-21 17:30:00+00:00;0.177;;
966771;unknown;control;2023-05-21 17:45:00+00:00;0.142;;
966771;unknown;control;2023-05-21 18:00:00+00:00;0.163;;
966771;unknown;control;2023-05-21 18:15:00+00:00;0.21;;
966771;unknown;control;2023-05-21 18:30:00+00:00;0.168;;
966771;unknown;control;2023-05-21 18:45:00+00:00;0.136;;
966771;unknown;control;2023-05-21 19:00:00+00:00;0.149;;
966771;unknown;control;2023-05-21 19:15:00+00:00;0.138;;
966771;unknown;control;2023-05-21 19:30:00+00:00;0.146;;
966771;unknown;control;2023-05-21 19:45:00+00:00;0.139;;
966771;unknown;control;2023-05-21 20:00:00+00:00;0.125;;
966771;unknown;control;2023-05-21 20:15:00+00:00;0.134;;
966771;unknown;control;2023-05-21 20:30:00+00:00;0.102;;
966771;unknown;control;2023-05-21 20:45:00+00:00;0.097;;
966771;unknown;control;2023-05-21 21:00:00+00:00;0.102;;
966771;unknown;control;2023-05-21 21:15:00+00:00;0.09;;
966771;unknown;control;2023-05-21 21:30:00+00:00;0.094;;
966771;unknown;control;2023-05-21 21:45:00+00:00;0.099;;
966771;unknown;control;2023-05-21 22:00:00+00:00;0.098;;
966771;unknown;control;2023-05-21 22:15:00+00:00;0.096;;
966771;unknown;control;2023-05-21 22:30:00+00:00;0.103;;
966771;unknown;control;2023-05-21 22:45:00+00:00;0.086;;
966771;unknown;control;2023-05-21 23:00:00+00:00;0.096;;
966771;unknown;control;2023-05-21 23:15:00+00:00;0.097;;
966771;unknown;control;2023-05-21 23:30:00+00:00;1.349;;
966771;unknown;control;2023-05-21 23:45:00+00:00;1.299;;
966771;unknown;control;2023-05-22 00:00:00+00:00;1.303;;
966771;unknown;control;2023-05-22 00:15:00+00:00;1.314;;
966771;unknown;control;2023-05-22 00:30:00+00:00;1.073;;
966771;unknown;control;2023-05-22 00:45:00+00:00;0.09;;
966771;unknown;control;2023-05-22 01:00:00+00:00;0.087;;
966771;unknown;control;2023-05-22 01:15:00+00:00;0.098;;
966771;unknown;control;2023-05-22 01:30:00+00:00;0.09;;
966771;unknown;control;2023-05-22 01:45:00+00:00;0.09;;
966771;unknown;control;2023-05-22 02:00:00+00:00;0.096;;
966771;unknown;control;2023-05-22 02:15:00+00:00;0.089;;
966771;unknown;control;2023-05-22 02:30:00+00:00;0.092;;
966771;unknown;control;2023-05-22 02:45:00+00:00;0.096;;
966771;unknown;control;2023-05-22 03:00:00+00:00;0.089;;
966771;unknown;control;2023-05-22 03:15:00+00:00;0.095;;
966771;unknown;control;2023-05-22 03:30:00+00:00;0.104;;
966771;unknown;control;2023-05-22 03:45:00+00:00;0.088;;
966771;unknown;control;2023-05-22 04:00:00+00:00;0.106;;
966771;unknown;control;2023-05-22 04:15:00+00:00;0.089;;
966771;unknown;control;2023-05-22 04:30:00+00:00;0.086;;
966771;unknown;control;2023-05-22 04:45:00+00:00;0.222;;
966771;unknown;control;2023-05-22 05:00:00+00:00;0.798;;
966771;unknown;control;2023-05-22 05:15:00+00:00;0.23;;
966771;unknown;control;2023-05-22 05:30:00+00:00;0.123;;
966771;unknown;control;2023-05-22 05:45:00+00:00;0.127;;
966771;unknown;control;2023-05-22 06:00:00+00:00;0.166;;
966771;unknown;control;2023-05-22 06:15:00+00:00;0.985;;
966771;unknown;control;2023-05-22 06:30:00+00:00;0.355;;
966771;unknown;control;2023-05-22 06:45:00+00:00;0.219;;
966771;unknown;control;2023-05-22 07:00:00+00:00;0.344;;
966771;unknown;control;2023-05-22 07:15:00+00:00;0.325;;
966771;unknown;control;2023-05-22 07:30:00+00:00;0.485;;
966771;unknown;control;2023-05-22 07:45:00+00:00;0.169;;
966771;unknown;control;2023-05-22 08:00:00+00:00;0.129;;
966771;unknown;control;2023-05-22 08:15:00+00:00;0.126;;
966771;unknown;control;2023-05-22 08:30:00+00:00;0.099;;
966771;unknown;control;2023-05-22 08:45:00+00:00;0.095;;
966771;unknown;control;2023-05-22 09:00:00+00:00;0.096;;
966771;unknown;control;2023-05-22 09:15:00+00:00;0.573;;
966771;unknown;control;2023-05-22 09:30:00+00:00;0.43;;
966771;unknown;control;2023-05-22 09:45:00+00:00;0.15;;
966771;unknown;control;2023-05-22 10:00:00+00:00;0.103;;
966771;unknown;control;2023-05-22 10:15:00+00:00;0.098;;
966771;unknown;control;2023-05-22 10:30:00+00:00;0.098;;
966771;unknown;control;2023-05-22 10:45:00+00:00;0.104;;
966771;unknown;control;2023-05-22 11:00:00+00:00;0.104;;
966771;unknown;control;2023-05-22 11:15:00+00:00;0.091;;
966771;unknown;control;2023-05-22 11:30:00+00:00;0.104;;
966771;unknown;control;2023-05-22 11:45:00+00:00;0.127;;
966771;unknown;control;2023-05-22 12:00:00+00:00;0.191;;
966771;unknown;control;2023-05-22 12:15:00+00:00;0.159;;
966771;unknown;control;2023-05-22 12:30:00+00:00;0.102;;
966771;unknown;control;2023-05-22 12:45:00+00:00;0.092;;
966771;unknown;control;2023-05-22 13:00:00+00:00;0.099;;
966771;unknown;control;2023-05-22 13:15:00+00:00;0.114;;
966771;unknown;control;2023-05-22 13:30:00+00:00;0.108;;
966771;unknown;control;2023-05-22 13:45:00+00:00;0.108;;
966771;unknown;control;2023-05-22 14:00:00+00:00;0.106;;
966771;unknown;control;2023-05-22 14:15:00+00:00;0.104;;
966771;unknown;control;2023-05-22 14:30:00+00:00;0.099;;
966771;unknown;control;2023-05-22 14:45:00+00:00;0.099;;
966771;unknown;control;2023-05-22 15:00:00+00:00;0.098;;
966771;unknown;control;2023-05-22 15:15:00+00:00;0.099;;
966771;unknown;control;2023-05-22 15:30:00+00:00;0.093;;
966771;unknown;control;2023-05-22 15:45:00+00:00;0.105;;
966771;unknown;control;2023-05-22 16:00:00+00:00;0.096;;
966771;unknown;control;2023-05-22 16:15:00+00:00;0.09;;
966771;unknown;control;2023-05-22 16:30:00+00:00;0.113;;
966771;unknown;control;2023-05-22 16:45:00+00:00;0.106;;
966771;unknown;control;2023-05-22 17:00:00+00:00;0.093;;
966771;unknown;control;2023-05-22 17:15:00+00:00;0.098;;
966771;unknown;control;2023-05-22 17:30:00+00:00;0.094;;
966771;unknown;control;2023-05-22 17:45:00+00:00;0.092;;
966771;unknown;control;2023-05-22 18:00:00+00:00;0.1;;
966771;unknown;control;2023-05-22 18:15:00+00:00;0.116;;
966771;unknown;control;2023-05-22 18:30:00+00:00;0.097;;
966771;unknown;control;2023-05-22 18:45:00+00:00;0.106;;
966771;unknown;control;2023-05-22 19:00:00+00:00;0.104;;
966771;unknown;control;2023-05-22 19:15:00+00:00;0.106;;
966771;unknown;control;2023-05-22 19:30:00+00:00;0.112;;
966771;unknown;control;2023-05-22 19:45:00+00:00;0.111;;
966771;unknown;control;2023-05-22 20:00:00+00:00;0.114;;
966771;unknown;control;2023-05-22 20:15:00+00:00;0.095;;
966771;unknown;control;2023-05-22 20:30:00+00:00;0.089;;
966771;unknown;control;2023-05-22 20:45:00+00:00;0.094;;
966771;unknown;control;2023-05-22 21:00:00+00:00;0.09;;
966771;unknown;control;2023-05-22 21:15:00+00:00;0.089;;
966771;unknown;control;2023-05-22 21:30:00+00:00;0.094;;
966771;unknown;control;2023-05-22 21:45:00+00:00;0.091;;
966771;unknown;control;2023-05-22 22:00:00+00:00;0.091;;
966771;unknown;control;2023-05-22 22:15:00+00:00;0.094;;
966771;unknown;control;2023-05-22 22:30:00+00:00;0.085;;
966771;unknown;control;2023-05-22 22:45:00+00:00;0.093;;
966771;unknown;control;2023-05-22 23:00:00+00:00;0.095;;
966771;unknown;control;2023-05-22 23:15:00+00:00;0.083;;
966771;unknown;control;2023-05-22 23:30:00+00:00;1.357;;
966771;unknown;control;2023-05-22 23:45:00+00:00;1.306;;
966771;unknown;control;2023-05-23 00:00:00+00:00;1.302;;
966771;unknown;control;2023-05-23 00:15:00+00:00;1.333;;
966771;unknown;control;2023-05-23 00:30:00+00:00;1.329;;
966771;unknown;control;2023-05-23 00:45:00+00:00;1.091;;
966771;unknown;control;2023-05-23 01:00:00+00:00;0.097;;
966771;unknown;control;2023-05-23 01:15:00+00:00;0.103;;
966771;unknown;control;2023-05-23 01:30:00+00:00;0.089;;
966771;unknown;control;2023-05-23 01:45:00+00:00;0.095;;
966771;unknown;control;2023-05-23 02:00:00+00:00;0.091;;
966771;unknown;control;2023-05-23 02:15:00+00:00;0.094;;
966771;unknown;control;2023-05-23 02:30:00+00:00;0.094;;
966771;unknown;control;2023-05-23 02:45:00+00:00;0.089;;
966771;unknown;control;2023-05-23 03:00:00+00:00;0.093;;
966771;unknown;control;2023-05-23 03:15:00+00:00;0.093;;
966771;unknown;control;2023-05-23 03:30:00+00:00;0.085;;
966771;unknown;control;2023-05-23 03:45:00+00:00;0.096;;
966771;unknown;control;2023-05-23 04:00:00+00:00;0.091;;
966771;unknown;control;2023-05-23 04:15:00+00:00;0.085;;
966771;unknown;control;2023-05-23 04:30:00+00:00;0.105;;
966771;unknown;control;2023-05-23 04:45:00+00:00;0.099;;
966771;unknown;control;2023-05-23 05:00:00+00:00;0.111;;
966771;unknown;control;2023-05-23 05:15:00+00:00;0.124;;
966771;unknown;control;2023-05-23 05:30:00+00:00;0.119;;
966771;unknown;control;2023-05-23 05:45:00+00:00;0.153;;
966771;unknown;control;2023-05-23 06:00:00+00:00;0.107;;
966771;unknown;control;2023-05-23 06:15:00+00:00;0.104;;
966771;unknown;control;2023-05-23 06:30:00+00:00;0.091;;
966771;unknown;control;2023-05-23 06:45:00+00:00;0.093;;
966771;unknown;control;2023-05-23 07:00:00+00:00;0.092;;
966771;unknown;control;2023-05-23 07:15:00+00:00;0.096;;
966771;unknown;control;2023-05-23 07:30:00+00:00;0.095;;
966771;unknown;control;2023-05-23 07:45:00+00:00;0.09;;
966771;unknown;control;2023-05-23 08:00:00+00:00;0.099;;
966771;unknown;control;2023-05-23 08:15:00+00:00;0.094;;
966771;unknown;control;2023-05-23 08:30:00+00:00;0.103;;
966771;unknown;control;2023-05-23 08:45:00+00:00;0.107;;
966771;unknown;control;2023-05-23 09:00:00+00:00;0.103;;
966771;unknown;control;2023-05-23 09:15:00+00:00;0.092;;
966771;unknown;control;2023-05-23 09:30:00+00:00;0.195;;
966771;unknown;control;2023-05-23 09:45:00+00:00;0.305;;
966771;unknown;control;2023-05-23 10:00:00+00:00;0.438;;
966771;unknown;control;2023-05-23 10:15:00+00:00;0.112;;
966771;unknown;control;2023-05-23 10:30:00+00:00;0.113;;
966771;unknown;control;2023-05-23 10:45:00+00:00;0.106;;
966771;unknown;control;2023-05-23 11:00:00+00:00;0.103;;
966771;unknown;control;2023-05-23 11:15:00+00:00;0.09;;
966771;unknown;control;2023-05-23 11:30:00+00:00;0.111;;
966771;unknown;control;2023-05-23 11:45:00+00:00;0.102;;
966771;unknown;control;2023-05-23 12:00:00+00:00;0.088;;
966771;unknown;control;2023-05-23 12:15:00+00:00;0.111;;
966771;unknown;control;2023-05-23 12:30:00+00:00;0.098;;
966771;unknown;control;2023-05-23 12:45:00+00:00;0.101;;
966771;unknown;control;2023-05-23 13:00:00+00:00;0.116;;
966771;unknown;control;2023-05-23 13:15:00+00:00;0.11;;
966771;unknown;control;2023-05-23 13:30:00+00:00;0.282;;
966771;unknown;control;2023-05-23 13:45:00+00:00;0.871;;
966771;unknown;control;2023-05-23 14:00:00+00:00;0.425;;
966771;unknown;control;2023-05-23 14:15:00+00:00;0.163;;
966771;unknown;control;2023-05-23 14:30:00+00:00;0.172;;
966771;unknown;control;2023-05-23 14:45:00+00:00;0.171;;
966771;unknown;control;2023-05-23 15:00:00+00:00;0.244;;
966771;unknown;control;2023-05-23 15:15:00+00:00;0.277;;
966771;unknown;control;2023-05-23 15:30:00+00:00;0.289;;
966771;unknown;control;2023-05-23 15:45:00+00:00;0.31;;
966771;unknown;control;2023-05-23 16:00:00+00:00;0.305;;
966771;unknown;control;2023-05-23 16:15:00+00:00;0.258;;
966771;unknown;control;2023-05-23 16:30:00+00:00;0.149;;
966771;unknown;control;2023-05-23 16:45:00+00:00;0.246;;
966771;unknown;control;2023-05-23 17:00:00+00:00;0.3;;
966771;unknown;control;2023-05-23 17:15:00+00:00;0.301;;
966771;unknown;control;2023-05-23 17:30:00+00:00;0.154;;
966771;unknown;control;2023-05-23 17:45:00+00:00;0.142;;
966771;unknown;control;2023-05-23 18:00:00+00:00;0.147;;
966771;unknown;control;2023-05-23 18:15:00+00:00;0.489;;
966771;unknown;control;2023-05-23 18:30:00+00:00;0.365;;
966771;unknown;control;2023-05-23 18:45:00+00:00;0.312;;
966771;unknown;control;2023-05-23 19:00:00+00:00;0.37;;
966771;unknown;control;2023-05-23 19:15:00+00:00;0.162;;
966771;unknown;control;2023-05-23 19:30:00+00:00;0.13;;
966771;unknown;control;2023-05-23 19:45:00+00:00;0.125;;
966771;unknown;control;2023-05-23 20:00:00+00:00;0.104;;
966771;unknown;control;2023-05-23 20:15:00+00:00;0.089;;
966771;unknown;control;2023-05-23 20:30:00+00:00;0.101;;
966771;unknown;control;2023-05-23 20:45:00+00:00;0.098;;
966771;unknown;control;2023-05-23 21:00:00+00:00;0.09;;
966771;unknown;control;2023-05-23 21:15:00+00:00;0.097;;
966771;unknown;control;2023-05-23 21:30:00+00:00;0.098;;
966771;unknown;control;2023-05-23 21:45:00+00:00;0.09;;
966771;unknown;control;2023-05-23 22:00:00+00:00;0.096;;
966771;unknown;control;2023-05-23 22:15:00+00:00;0.093;;
966771;unknown;control;2023-05-23 22:30:00+00:00;0.093;;
966771;unknown;control;2023-05-23 22:45:00+00:00;0.095;;
966771;unknown;control;2023-05-23 23:00:00+00:00;0.09;;
966771;unknown;control;2023-05-23 23:15:00+00:00;0.092;;
966771;unknown;control;2023-05-23 23:30:00+00:00;1.348;;
966771;unknown;control;2023-05-23 23:45:00+00:00;1.294;;
966771;unknown;control;2023-05-24 00:00:00+00:00;1.306;;
966771;unknown;control;2023-05-24 00:15:00+00:00;1.31;;
966771;unknown;control;2023-05-24 00:30:00+00:00;1.322;;
966771;unknown;control;2023-05-24 00:45:00+00:00;0.744;;
966771;unknown;control;2023-05-24 01:00:00+00:00;0.09;;
966771;unknown;control;2023-05-24 01:15:00+00:00;0.102;;
966771;unknown;control;2023-05-24 01:30:00+00:00;0.112;;
966771;unknown;control;2023-05-24 01:45:00+00:00;1.406;;
966771;unknown;control;2023-05-24 02:00:00+00:00;1.291;;
966771;unknown;control;2023-05-24 02:15:00+00:00;0.092;;
966771;unknown;control;2023-05-24 02:30:00+00:00;0.083;;
966771;unknown;control;2023-05-24 02:45:00+00:00;0.092;;
966771;unknown;control;2023-05-24 03:00:00+00:00;0.111;;
966771;unknown;control;2023-05-24 03:15:00+00:00;0.105;;
966771;unknown;control;2023-05-24 03:30:00+00:00;0.117;;
966771;unknown;control;2023-05-24 03:45:00+00:00;0.097;;
966771;unknown;control;2023-05-24 04:00:00+00:00;0.082;;
966771;unknown;control;2023-05-24 04:15:00+00:00;0.097;;
966771;unknown;control;2023-05-24 04:30:00+00:00;0.09;;
966771;unknown;control;2023-05-24 04:45:00+00:00;0.082;;
966771;unknown;control;2023-05-24 05:00:00+00:00;0.096;;
966771;unknown;control;2023-05-24 05:15:00+00:00;0.088;;
966771;unknown;control;2023-05-24 05:30:00+00:00;0.084;;
966771;unknown;control;2023-05-24 05:45:00+00:00;0.095;;
966771;unknown;control;2023-05-24 06:00:00+00:00;0.087;;
966771;unknown;control;2023-05-24 06:15:00+00:00;0.087;;
966771;unknown;control;2023-05-24 06:30:00+00:00;0.096;;
966771;unknown;control;2023-05-24 06:45:00+00:00;0.084;;
966771;unknown;control;2023-05-24 07:00:00+00:00;0.089;;
966771;unknown;control;2023-05-24 07:15:00+00:00;0.095;;
966771;unknown;control;2023-05-24 07:30:00+00:00;0.084;;
966771;unknown;control;2023-05-24 07:45:00+00:00;0.09;;
966771;unknown;control;2023-05-24 08:00:00+00:00;0.093;;
966771;unknown;control;2023-05-24 08:15:00+00:00;0.083;;
966771;unknown;control;2023-05-24 08:30:00+00:00;0.093;;
966771;unknown;control;2023-05-24 08:45:00+00:00;0.092;;
966771;unknown;control;2023-05-24 09:00:00+00:00;0.088;;
966771;unknown;control;2023-05-24 09:15:00+00:00;0.101;;
966771;unknown;control;2023-05-24 09:30:00+00:00;0.091;;
966771;unknown;control;2023-05-24 09:45:00+00:00;0.107;;
966771;unknown;control;2023-05-24 10:00:00+00:00;0.546;;
966771;unknown;control;2023-05-24 10:15:00+00:00;0.088;;
966771;unknown;control;2023-05-24 10:30:00+00:00;0.093;;
966771;unknown;control;2023-05-24 10:45:00+00:00;0.093;;
966771;unknown;control;2023-05-24 11:00:00+00:00;0.088;;
966771;unknown;control;2023-05-24 11:15:00+00:00;0.097;;
966771;unknown;control;2023-05-24 11:30:00+00:00;0.096;;
966771;unknown;control;2023-05-24 11:45:00+00:00;0.088;;
966771;unknown;control;2023-05-24 12:00:00+00:00;0.092;;
966771;unknown;control;2023-05-24 12:15:00+00:00;0.093;;
966771;unknown;control;2023-05-24 12:30:00+00:00;0.091;;
966771;unknown;control;2023-05-24 12:45:00+00:00;0.155;;
966771;unknown;control;2023-05-24 13:00:00+00:00;0.108;;
966771;unknown;control;2023-05-24 13:15:00+00:00;0.107;;
966771;unknown;control;2023-05-24 13:30:00+00:00;0.108;;
966771;unknown;control;2023-05-24 13:45:00+00:00;0.214;;
966771;unknown;control;2023-05-24 14:00:00+00:00;0.164;;
966771;unknown;control;2023-05-24 14:15:00+00:00;0.133;;
966771;unknown;control;2023-05-24 14:30:00+00:00;0.101;;
966771;unknown;control;2023-05-24 14:45:00+00:00;0.113;;
966771;unknown;control;2023-05-24 15:00:00+00:00;0.107;;
966771;unknown;control;2023-05-24 15:15:00+00:00;0.103;;
966771;unknown;control;2023-05-24 15:30:00+00:00;0.321;;
966771;unknown;control;2023-05-24 15:45:00+00:00;0.248;;
966771;unknown;control;2023-05-24 16:00:00+00:00;0.176;;
966771;unknown;control;2023-05-24 16:15:00+00:00;0.2;;
966771;unknown;control;2023-05-24 16:30:00+00:00;0.095;;
966771;unknown;control;2023-05-24 16:45:00+00:00;0.091;;
966771;unknown;control;2023-05-24 17:00:00+00:00;0.091;;
966771;unknown;control;2023-05-24 17:15:00+00:00;0.085;;
966771;unknown;control;2023-05-24 17:30:00+00:00;0.093;;
966771;unknown;control;2023-05-24 17:45:00+00:00;0.09;;
966771;unknown;control;2023-05-24 18:00:00+00:00;0.085;;
966771;unknown;control;2023-05-24 18:15:00+00:00;0.094;;
966771;unknown;control;2023-05-24 18:30:00+00:00;0.089;;
966771;unknown;control;2023-05-24 18:45:00+00:00;0.085;;
966771;unknown;control;2023-05-24 19:00:00+00:00;0.106;;
966771;unknown;control;2023-05-24 19:15:00+00:00;0.099;;
966771;unknown;control;2023-05-24 19:30:00+00:00;0.1;;
966771;unknown;control;2023-05-24 19:45:00+00:00;0.109;;
966771;unknown;control;2023-05-24 20:00:00+00:00;0.084;;
966771;unknown;control;2023-05-24 20:15:00+00:00;0.09;;
966771;unknown;control;2023-05-24 20:30:00+00:00;0.094;;
966771;unknown;control;2023-05-24 20:45:00+00:00;0.084;;
966771;unknown;control;2023-05-24 21:00:00+00:00;0.093;;
966771;unknown;control;2023-05-24 21:15:00+00:00;0.093;;
966771;unknown;control;2023-05-24 21:30:00+00:00;0.083;;
966771;unknown;control;2023-05-24 21:45:00+00:00;0.094;;
966771;unknown;control;2023-05-24 22:00:00+00:00;0.091;;
966771;unknown;control;2023-05-24 22:15:00+00:00;0.083;;
966771;unknown;control;2023-05-24 22:30:00+00:00;0.095;;
966771;unknown;control;2023-05-24 22:45:00+00:00;0.089;;
966771;unknown;control;2023-05-24 23:00:00+00:00;0.085;;
966771;unknown;control;2023-05-24 23:15:00+00:00;0.097;;
966771;unknown;control;2023-05-24 23:30:00+00:00;1.335;;
966771;unknown;control;2023-05-24 23:45:00+00:00;1.291;;
966771;unknown;control;2023-05-25 00:00:00+00:00;0.429;;
966771;unknown;control;2023-05-25 00:15:00+00:00;0.082;;
966771;unknown;control;2023-05-25 00:30:00+00:00;0.09;;
966771;unknown;control;2023-05-25 00:45:00+00:00;0.098;;
966771;unknown;control;2023-05-25 01:00:00+00:00;0.084;;
966771;unknown;control;2023-05-25 01:15:00+00:00;0.093;;
966771;unknown;control;2023-05-25 01:30:00+00:00;0.095;;
966771;unknown;control;2023-05-25 01:45:00+00:00;0.083;;
966771;unknown;control;2023-05-25 02:00:00+00:00;0.093;;
966771;unknown;control;2023-05-25 02:15:00+00:00;0.093;;
966771;unknown;control;2023-05-25 02:30:00+00:00;0.082;;
966771;unknown;control;2023-05-25 02:45:00+00:00;0.095;;
966771;unknown;control;2023-05-25 03:00:00+00:00;0.09;;
966771;unknown;control;2023-05-25 03:15:00+00:00;0.083;;
966771;unknown;control;2023-05-25 03:30:00+00:00;0.096;;
966771;unknown;control;2023-05-25 03:45:00+00:00;0.088;;
966771;unknown;control;2023-05-25 04:00:00+00:00;0.086;;
966771;unknown;control;2023-05-25 04:15:00+00:00;0.097;;
966771;unknown;control;2023-05-25 04:30:00+00:00;0.087;;
966771;unknown;control;2023-05-25 04:45:00+00:00;0.091;;
966771;unknown;control;2023-05-25 05:00:00+00:00;0.095;;
966771;unknown;control;2023-05-25 05:15:00+00:00;0.084;;
966771;unknown;control;2023-05-25 05:30:00+00:00;0.091;;
966771;unknown;control;2023-05-25 05:45:00+00:00;0.093;;
966771;unknown;control;2023-05-25 06:00:00+00:00;0.087;;
966771;unknown;control;2023-05-25 06:15:00+00:00;0.093;;
966771;unknown;control;2023-05-25 06:30:00+00:00;0.092;;
966771;unknown;control;2023-05-25 06:45:00+00:00;0.088;;
966771;unknown;control;2023-05-25 07:00:00+00:00;0.091;;
966771;unknown;control;2023-05-25 07:15:00+00:00;0.09;;
966771;unknown;control;2023-05-25 07:30:00+00:00;0.089;;
966771;unknown;control;2023-05-25 07:45:00+00:00;0.092;;
966771;unknown;control;2023-05-25 08:00:00+00:00;0.089;;
966771;unknown;control;2023-05-25 08:15:00+00:00;0.091;;
966771;unknown;control;2023-05-25 08:30:00+00:00;0.091;;
966771;unknown;control;2023-05-25 08:45:00+00:00;0.088;;
966771;unknown;control;2023-05-25 09:00:00+00:00;0.093;;
966771;unknown;control;2023-05-25 09:15:00+00:00;0.089;;
966771;unknown;control;2023-05-25 09:30:00+00:00;0.088;;
966771;unknown;control;2023-05-25 09:45:00+00:00;0.095;;
966771;unknown;control;2023-05-25 10:00:00+00:00;0.088;;
966771;unknown;control;2023-05-25 10:15:00+00:00;0.089;;
966771;unknown;control;2023-05-25 10:30:00+00:00;0.103;;
966771;unknown;control;2023-05-25 10:45:00+00:00;0.087;;
966771;unknown;control;2023-05-25 11:00:00+00:00;0.086;;
966771;unknown;control;2023-05-25 11:15:00+00:00;0.093;;
966771;unknown;control;2023-05-25 11:30:00+00:00;0.085;;
966771;unknown;control;2023-05-25 11:45:00+00:00;0.088;;
966771;unknown;control;2023-05-25 12:00:00+00:00;0.099;;
966771;unknown;control;2023-05-25 12:15:00+00:00;0.089;;
966771;unknown;control;2023-05-25 12:30:00+00:00;0.09;;
966771;unknown;control;2023-05-25 12:45:00+00:00;0.091;;
966771;unknown;control;2023-05-25 13:00:00+00:00;0.088;;
966771;unknown;control;2023-05-25 13:15:00+00:00;0.095;;
966771;unknown;control;2023-05-25 13:30:00+00:00;0.09;;
966771;unknown;control;2023-05-25 13:45:00+00:00;0.088;;
966771;unknown;control;2023-05-25 14:00:00+00:00;0.096;;
966771;unknown;control;2023-05-25 14:15:00+00:00;0.087;;
966771;unknown;control;2023-05-25 14:30:00+00:00;0.09;;
966771;unknown;control;2023-05-25 14:45:00+00:00;0.096;;
966771;unknown;control;2023-05-25 15:00:00+00:00;0.086;;
966771;unknown;control;2023-05-25 15:15:00+00:00;0.091;;
966771;unknown;control;2023-05-25 15:30:00+00:00;0.094;;
966771;unknown;control;2023-05-25 15:45:00+00:00;0.084;;
966771;unknown;control;2023-05-25 16:00:00+00:00;0.093;;
966771;unknown;control;2023-05-25 16:15:00+00:00;0.094;;
966771;unknown;control;2023-05-25 16:30:00+00:00;0.089;;
966771;unknown;control;2023-05-25 16:45:00+00:00;0.104;;
966771;unknown;control;2023-05-25 17:00:00+00:00;0.097;;
966771;unknown;control;2023-05-25 17:15:00+00:00;0.085;;
966771;unknown;control;2023-05-25 17:30:00+00:00;0.096;;
966771;unknown;control;2023-05-25 17:45:00+00:00;0.089;;
966771;unknown;control;2023-05-25 18:00:00+00:00;0.087;;
966771;unknown;control;2023-05-25 18:15:00+00:00;0.106;;
966771;unknown;control;2023-05-25 18:30:00+00:00;0.095;;
966771;unknown;control;2023-05-25 18:45:00+00:00;0.098;;
966771;unknown;control;2023-05-25 19:00:00+00:00;0.111;;
966771;unknown;control;2023-05-25 19:15:00+00:00;0.097;;
966771;unknown;control;2023-05-25 19:30:00+00:00;0.104;;
966771;unknown;control;2023-05-25 19:45:00+00:00;0.105;;
966771;unknown;control;2023-05-25 20:00:00+00:00;0.083;;
966771;unknown;control;2023-05-25 20:15:00+00:00;0.094;;
966771;unknown;control;2023-05-25 20:30:00+00:00;0.093;;
966771;unknown;control;2023-05-25 20:45:00+00:00;0.083;;
966771;unknown;control;2023-05-25 21:00:00+00:00;0.096;;
966771;unknown;control;2023-05-25 21:15:00+00:00;0.09;;
966771;unknown;control;2023-05-25 21:30:00+00:00;0.084;;
966771;unknown;control;2023-05-25 21:45:00+00:00;0.097;;
966771;unknown;control;2023-05-25 22:00:00+00:00;0.088;;
966771;unknown;control;2023-05-25 22:15:00+00:00;0.084;;
966771;unknown;control;2023-05-25 22:30:00+00:00;0.096;;
966771;unknown;control;2023-05-25 22:45:00+00:00;0.087;;
966771;unknown;control;2023-05-25 23:00:00+00:00;0.087;;
966771;unknown;control;2023-05-25 23:15:00+00:00;0.098;;
966771;unknown;control;2023-05-25 23:30:00+00:00;1.327;;
966771;unknown;control;2023-05-25 23:45:00+00:00;1.281;;
966771;unknown;control;2023-05-26 00:00:00+00:00;0.991;;
966771;unknown;control;2023-05-26 00:15:00+00:00;0.081;;
966771;unknown;control;2023-05-26 00:30:00+00:00;0.089;;
966771;unknown;control;2023-05-26 00:45:00+00:00;0.094;;
966771;unknown;control;2023-05-26 01:00:00+00:00;0.083;;
966771;unknown;control;2023-05-26 01:15:00+00:00;0.093;;
966771;unknown;control;2023-05-26 01:30:00+00:00;0.093;;
966771;unknown;control;2023-05-26 01:45:00+00:00;0.084;;
966771;unknown;control;2023-05-26 02:00:00+00:00;0.095;;
966771;unknown;control;2023-05-26 02:15:00+00:00;0.092;;
966771;unknown;control;2023-05-26 02:30:00+00:00;0.087;;
966771;unknown;control;2023-05-26 02:45:00+00:00;0.095;;
966771;unknown;control;2023-05-26 03:00:00+00:00;0.09;;
966771;unknown;control;2023-05-26 03:15:00+00:00;0.086;;
966771;unknown;control;2023-05-26 03:30:00+00:00;0.095;;
966771;unknown;control;2023-05-26 03:45:00+00:00;0.087;;
966771;unknown;control;2023-05-26 04:00:00+00:00;0.088;;
966771;unknown;control;2023-05-26 04:15:00+00:00;0.094;;
966771;unknown;control;2023-05-26 04:30:00+00:00;0.087;;
966771;unknown;control;2023-05-26 04:45:00+00:00;0.09;;
966771;unknown;control;2023-05-26 05:00:00+00:00;0.092;;
966771;unknown;control;2023-05-26 05:15:00+00:00;0.087;;
966771;unknown;control;2023-05-26 05:30:00+00:00;0.092;;
966771;unknown;control;2023-05-26 05:45:00+00:00;0.091;;
966771;unknown;control;2023-05-26 06:00:00+00:00;0.091;;
966771;unknown;control;2023-05-26 06:15:00+00:00;0.102;;
966771;unknown;control;2023-05-26 06:30:00+00:00;0.09;;
966771;unknown;control;2023-05-26 06:45:00+00:00;0.089;;
966771;unknown;control;2023-05-26 07:00:00+00:00;0.093;;
966771;unknown;control;2023-05-26 07:15:00+00:00;0.103;;
966771;unknown;control;2023-05-26 07:30:00+00:00;0.096;;
966771;unknown;control;2023-05-26 07:45:00+00:00;0.096;;
966771;unknown;control;2023-05-26 08:00:00+00:00;0.083;;
966771;unknown;control;2023-05-26 08:15:00+00:00;0.095;;
966771;unknown;control;2023-05-26 08:30:00+00:00;0.092;;
966771;unknown;control;2023-05-26 08:45:00+00:00;0.082;;
966771;unknown;control;2023-05-26 09:00:00+00:00;0.097;;
966771;unknown;control;2023-05-26 09:15:00+00:00;0.091;;
966771;unknown;control;2023-05-26 09:30:00+00:00;0.083;;
966771;unknown;control;2023-05-26 09:45:00+00:00;0.098;;
966771;unknown;control;2023-05-26 10:00:00+00:00;0.09;;
966771;unknown;control;2023-05-26 10:15:00+00:00;0.09;;
966771;unknown;control;2023-05-26 10:30:00+00:00;0.097;;
966771;unknown;control;2023-05-26 10:45:00+00:00;0.091;;
966771;unknown;control;2023-05-26 11:00:00+00:00;0.098;;
966771;unknown;control;2023-05-26 11:15:00+00:00;0.098;;
966771;unknown;control;2023-05-26 11:30:00+00:00;0.084;;
966771;unknown;control;2023-05-26 11:45:00+00:00;0.09;;
966771;unknown;control;2023-05-26 12:00:00+00:00;0.092;;
966771;unknown;control;2023-05-26 12:15:00+00:00;0.083;;
966771;unknown;control;2023-05-26 12:30:00+00:00;0.099;;
966771;unknown;control;2023-05-26 12:45:00+00:00;0.102;;
966771;unknown;control;2023-05-26 13:00:00+00:00;0.088;;
966771;unknown;control;2023-05-26 13:15:00+00:00;0.093;;
966771;unknown;control;2023-05-26 13:30:00+00:00;0.089;;
966771;unknown;control;2023-05-26 13:45:00+00:00;0.089;;
966771;unknown;control;2023-05-26 14:00:00+00:00;0.094;;
966771;unknown;control;2023-05-26 14:15:00+00:00;0.086;;
966771;unknown;control;2023-05-26 14:30:00+00:00;0.091;;
966771;unknown;control;2023-05-26 14:45:00+00:00;0.095;;
966771;unknown;control;2023-05-26 15:00:00+00:00;0.084;;
966771;unknown;control;2023-05-26 15:15:00+00:00;0.092;;
966771;unknown;control;2023-05-26 15:30:00+00:00;0.095;;
966771;unknown;control;2023-05-26 15:45:00+00:00;0.083;;
966771;unknown;control;2023-05-26 16:00:00+00:00;0.093;;
966771;unknown;control;2023-05-26 16:15:00+00:00;0.095;;
966771;unknown;control;2023-05-26 16:30:00+00:00;0.082;;
966771;unknown;control;2023-05-26 16:45:00+00:00;0.094;;
966771;unknown;control;2023-05-26 17:00:00+00:00;0.093;;
966771;unknown;control;2023-05-26 17:15:00+00:00;0.082;;
966771;unknown;control;2023-05-26 17:30:00+00:00;0.094;;
966771;unknown;control;2023-05-26 17:45:00+00:00;0.092;;
966771;unknown;control;2023-05-26 18:00:00+00:00;0.084;;
966771;unknown;control;2023-05-26 18:15:00+00:00;0.094;;
966771;unknown;control;2023-05-26 18:30:00+00:00;0.09;;
966771;unknown;control;2023-05-26 18:45:00+00:00;0.087;;
966771;unknown;control;2023-05-26 19:00:00+00:00;0.106;;
966771;unknown;control;2023-05-26 19:15:00+00:00;0.101;;
966771;unknown;control;2023-05-26 19:30:00+00:00;0.102;;
966771;unknown;control;2023-05-26 19:45:00+00:00;0.107;;
966771;unknown;control;2023-05-26 20:00:00+00:00;0.087;;
966771;unknown;control;2023-05-26 20:15:00+00:00;0.09;;
966771;unknown;control;2023-05-26 20:30:00+00:00;0.09;;
966771;unknown;control;2023-05-26 20:45:00+00:00;0.088;;
966771;unknown;control;2023-05-26 21:00:00+00:00;0.093;;
966771;unknown;control;2023-05-26 21:15:00+00:00;0.086;;
966771;unknown;control;2023-05-26 21:30:00+00:00;0.084;;
966771;unknown;control;2023-05-26 21:45:00+00:00;0.093;;
966771;unknown;control;2023-05-26 22:00:00+00:00;0.09;;
966771;unknown;control;2023-05-26 22:15:00+00:00;0.093;;
966771;unknown;control;2023-05-26 22:30:00+00:00;0.111;;
966771;unknown;control;2023-05-26 22:45:00+00:00;0.139;;
966771;unknown;control;2023-05-26 23:00:00+00:00;0.096;;
966771;unknown;control;2023-05-26 23:15:00+00:00;0.103;;
966771;unknown;control;2023-05-26 23:30:00+00:00;1.364;;
966771;unknown;control;2023-05-26 23:45:00+00:00;1.292;;
966771;unknown;control;2023-05-27 00:00:00+00:00;0.16;;
966771;unknown;control;2023-05-27 00:15:00+00:00;0.087;;
966771;unknown;control;2023-05-27 00:30:00+00:00;0.089;;
966771;unknown;control;2023-05-27 00:45:00+00:00;0.083;;
966771;unknown;control;2023-05-27 01:00:00+00:00;0.089;;
966771;unknown;control;2023-05-27 01:15:00+00:00;0.09;;
966771;unknown;control;2023-05-27 01:30:00+00:00;0.086;;
966771;unknown;control;2023-05-27 01:45:00+00:00;0.093;;
966771;unknown;control;2023-05-27 02:00:00+00:00;0.086;;
966771;unknown;control;2023-05-27 02:15:00+00:00;0.086;;
966771;unknown;control;2023-05-27 02:30:00+00:00;0.092;;
966771;unknown;control;2023-05-27 02:45:00+00:00;0.084;;
966771;unknown;control;2023-05-27 03:00:00+00:00;0.087;;
966771;unknown;control;2023-05-27 03:15:00+00:00;0.092;;
966771;unknown;control;2023-05-27 03:30:00+00:00;0.082;;
966771;unknown;control;2023-05-27 03:45:00+00:00;0.089;;
966771;unknown;control;2023-05-27 04:00:00+00:00;0.093;;
966771;unknown;control;2023-05-27 04:15:00+00:00;0.079;;
966771;unknown;control;2023-05-27 04:30:00+00:00;0.091;;
966771;unknown;control;2023-05-27 04:45:00+00:00;0.092;;
966771;unknown;control;2023-05-27 05:00:00+00:00;0.08;;
966771;unknown;control;2023-05-27 05:15:00+00:00;0.092;;
966771;unknown;control;2023-05-27 05:30:00+00:00;0.091;;
966771;unknown;control;2023-05-27 05:45:00+00:00;0.081;;
966771;unknown;control;2023-05-27 06:00:00+00:00;0.093;;
966771;unknown;control;2023-05-27 06:15:00+00:00;0.091;;
966771;unknown;control;2023-05-27 06:30:00+00:00;0.088;;
966771;unknown;control;2023-05-27 06:45:00+00:00;0.091;;
966771;unknown;control;2023-05-27 07:00:00+00:00;0.084;;
966771;unknown;control;2023-05-27 07:15:00+00:00;0.09;;
966771;unknown;control;2023-05-27 07:30:00+00:00;0.091;;
966771;unknown;control;2023-05-27 07:45:00+00:00;0.082;;
966771;unknown;control;2023-05-27 08:00:00+00:00;0.092;;
966771;unknown;control;2023-05-27 08:15:00+00:00;0.089;;
966771;unknown;control;2023-05-27 08:30:00+00:00;0.082;;
966771;unknown;control;2023-05-27 08:45:00+00:00;0.094;;
966771;unknown;control;2023-05-27 09:00:00+00:00;0.087;;
966771;unknown;control;2023-05-27 09:15:00+00:00;0.083;;
966771;unknown;control;2023-05-27 09:30:00+00:00;0.095;;
966771;unknown;control;2023-05-27 09:45:00+00:00;0.085;;
966771;unknown;control;2023-05-27 10:00:00+00:00;0.085;;
966771;unknown;control;2023-05-27 10:15:00+00:00;0.095;;
966771;unknown;control;2023-05-27 10:30:00+00:00;0.083;;
966771;unknown;control;2023-05-27 10:45:00+00:00;0.087;;
966771;unknown;control;2023-05-27 11:00:00+00:00;0.095;;
966771;unknown;control;2023-05-27 11:15:00+00:00;0.082;;
966771;unknown;control;2023-05-27 11:30:00+00:00;0.089;;
966771;unknown;control;2023-05-27 11:45:00+00:00;0.096;;
966771;unknown;control;2023-05-27 12:00:00+00:00;0.086;;
966771;unknown;control;2023-05-27 12:15:00+00:00;0.089;;
966771;unknown;control;2023-05-27 12:30:00+00:00;0.086;;
966771;unknown;control;2023-05-27 12:45:00+00:00;0.081;;
966771;unknown;control;2023-05-27 13:00:00+00:00;0.09;;
966771;unknown;control;2023-05-27 13:15:00+00:00;0.086;;
966771;unknown;control;2023-05-27 13:30:00+00:00;0.091;;
966771;unknown;control;2023-05-27 13:45:00+00:00;0.096;;
966771;unknown;control;2023-05-27 14:00:00+00:00;0.083;;
966771;unknown;control;2023-05-27 14:15:00+00:00;0.085;;
966771;unknown;control;2023-05-27 14:30:00+00:00;0.095;;
966771;unknown;control;2023-05-27 14:45:00+00:00;0.082;;
966771;unknown;control;2023-05-27 15:00:00+00:00;0.089;;
966771;unknown;control;2023-05-27 15:15:00+00:00;0.1;;
966771;unknown;control;2023-05-27 15:30:00+00:00;0.089;;
966771;unknown;control;2023-05-27 15:45:00+00:00;0.097;;
966771;unknown;control;2023-05-27 16:00:00+00:00;0.095;;
966771;unknown;control;2023-05-27 16:15:00+00:00;0.085;;
966771;unknown;control;2023-05-27 16:30:00+00:00;0.092;;
966771;unknown;control;2023-05-27 16:45:00+00:00;0.084;;
966771;unknown;control;2023-05-27 17:00:00+00:00;0.089;;
966771;unknown;control;2023-05-27 17:15:00+00:00;0.089;;
966771;unknown;control;2023-05-27 17:30:00+00:00;0.084;;
966771;unknown;control;2023-05-27 17:45:00+00:00;0.089;;
966771;unknown;control;2023-05-27 18:00:00+00:00;0.088;;
966771;unknown;control;2023-05-27 18:15:00+00:00;0.084;;
966771;unknown;control;2023-05-27 18:30:00+00:00;0.091;;
966771;unknown;control;2023-05-27 18:45:00+00:00;0.086;;
966771;unknown;control;2023-05-27 19:00:00+00:00;0.097;;
966771;unknown;control;2023-05-27 19:15:00+00:00;0.103;;
966771;unknown;control;2023-05-27 19:30:00+00:00;0.099;;
966771;unknown;control;2023-05-27 19:45:00+00:00;0.098;;
966771;unknown;control;2023-05-27 20:00:00+00:00;0.092;;
966771;unknown;control;2023-05-27 20:15:00+00:00;0.084;;
966771;unknown;control;2023-05-27 20:30:00+00:00;0.088;;
966771;unknown;control;2023-05-27 20:45:00+00:00;0.091;;
966771;unknown;control;2023-05-27 21:00:00+00:00;0.082;;
966771;unknown;control;2023-05-27 21:15:00+00:00;0.09;;
966771;unknown;control;2023-05-27 21:30:00+00:00;0.091;;
966771;unknown;control;2023-05-27 21:45:00+00:00;0.082;;
966771;unknown;control;2023-05-27 22:00:00+00:00;0.091;;
966771;unknown;control;2023-05-27 22:15:00+00:00;0.087;;
966771;unknown;control;2023-05-27 22:30:00+00:00;0.083;;
966771;unknown;control;2023-05-27 22:45:00+00:00;0.092;;
966771;unknown;control;2023-05-27 23:00:00+00:00;0.086;;
966771;unknown;control;2023-05-27 23:15:00+00:00;0.085;;
966771;unknown;control;2023-05-27 23:30:00+00:00;1.359;;
966771;unknown;control;2023-05-27 23:45:00+00:00;1.298;;
966771;unknown;control;2023-05-28 00:00:00+00:00;0.486;;
966771;unknown;control;2023-05-28 00:15:00+00:00;0.09;;
966771;unknown;control;2023-05-28 00:30:00+00:00;0.079;;
966771;unknown;control;2023-05-28 00:45:00+00:00;0.089;;
966771;unknown;control;2023-05-28 01:00:00+00:00;0.091;;
966771;unknown;control;2023-05-28 01:15:00+00:00;0.08;;
966771;unknown;control;2023-05-28 01:30:00+00:00;0.092;;
966771;unknown;control;2023-05-28 01:45:00+00:00;0.093;;
966771;unknown;control;2023-05-28 02:00:00+00:00;0.083;;
966771;unknown;control;2023-05-28 02:15:00+00:00;0.097;;
966771;unknown;control;2023-05-28 02:30:00+00:00;0.088;;
966771;unknown;control;2023-05-28 02:45:00+00:00;0.082;;
966771;unknown;control;2023-05-28 03:00:00+00:00;0.095;;
966771;unknown;control;2023-05-28 03:15:00+00:00;0.084;;
966771;unknown;control;2023-05-28 03:30:00+00:00;0.084;;
966771;unknown;control;2023-05-28 03:45:00+00:00;0.094;;
966771;unknown;control;2023-05-28 04:00:00+00:00;0.082;;
966771;unknown;control;2023-05-28 04:15:00+00:00;0.086;;
966771;unknown;control;2023-05-28 04:30:00+00:00;0.094;;
966771;unknown;control;2023-05-28 04:45:00+00:00;0.081;;
966771;unknown;control;2023-05-28 05:00:00+00:00;0.089;;
966771;unknown;control;2023-05-28 05:15:00+00:00;0.093;;
966771;unknown;control;2023-05-28 05:30:00+00:00;0.079;;
966771;unknown;control;2023-05-28 05:45:00+00:00;0.092;;
966771;unknown;control;2023-05-28 06:00:00+00:00;0.09;;
966771;unknown;control;2023-05-28 06:15:00+00:00;0.08;;
966771;unknown;control;2023-05-28 06:30:00+00:00;0.093;;
966771;unknown;control;2023-05-28 06:45:00+00:00;0.088;;
966771;unknown;control;2023-05-28 07:00:00+00:00;0.084;;
966771;unknown;control;2023-05-28 07:15:00+00:00;0.095;;
966771;unknown;control;2023-05-28 07:30:00+00:00;0.087;;
966771;unknown;control;2023-05-28 07:45:00+00:00;0.087;;
966771;unknown;control;2023-05-28 08:00:00+00:00;0.097;;
966771;unknown;control;2023-05-28 08:15:00+00:00;0.087;;
966771;unknown;control;2023-05-28 08:30:00+00:00;0.088;;
966771;unknown;control;2023-05-28 08:45:00+00:00;0.089;;
966771;unknown;control;2023-05-28 09:00:00+00:00;0.085;;
966771;unknown;control;2023-05-28 09:15:00+00:00;0.09;;
966771;unknown;control;2023-05-28 09:30:00+00:00;0.089;;
966771;unknown;control;2023-05-28 09:45:00+00:00;0.085;;
966771;unknown;control;2023-05-28 10:00:00+00:00;0.092;;
966771;unknown;control;2023-05-28 10:15:00+00:00;0.087;;
966771;unknown;control;2023-05-28 10:30:00+00:00;0.087;;
966771;unknown;control;2023-05-28 10:45:00+00:00;0.091;;
966771;unknown;control;2023-05-28 11:00:00+00:00;0.086;;
966771;unknown;control;2023-05-28 11:15:00+00:00;0.088;;
966771;unknown;control;2023-05-28 11:30:00+00:00;0.09;;
966771;unknown;control;2023-05-28 11:45:00+00:00;0.084;;
966771;unknown;control;2023-05-28 12:00:00+00:00;0.089;;
966771;unknown;control;2023-05-28 12:15:00+00:00;0.089;;
966771;unknown;control;2023-05-28 12:30:00+00:00;0.083;;
966771;unknown;control;2023-05-28 12:45:00+00:00;0.096;;
966771;unknown;control;2023-05-28 13:00:00+00:00;0.093;;
966771;unknown;control;2023-05-28 13:15:00+00:00;0.08;;
966771;unknown;control;2023-05-28 13:30:00+00:00;0.088;;
966771;unknown;control;2023-05-28 13:45:00+00:00;0.087;;
966771;unknown;control;2023-05-28 14:00:00+00:00;0.08;;
966771;unknown;control;2023-05-28 14:15:00+00:00;0.091;;
966771;unknown;control;2023-05-28 14:30:00+00:00;0.091;;
966771;unknown;control;2023-05-28 14:45:00+00:00;0.087;;
966771;unknown;control;2023-05-28 15:00:00+00:00;0.092;;
966771;unknown;control;2023-05-28 15:15:00+00:00;0.082;;
966771;unknown;control;2023-05-28 15:30:00+00:00;0.09;;
966771;unknown;control;2023-05-28 15:45:00+00:00;0.091;;
966771;unknown;control;2023-05-28 16:00:00+00:00;0.081;;
966771;unknown;control;2023-05-28 16:15:00+00:00;0.09;;
966771;unknown;control;2023-05-28 16:30:00+00:00;0.09;;
966771;unknown;control;2023-05-28 16:45:00+00:00;0.081;;
966771;unknown;control;2023-05-28 17:00:00+00:00;0.093;;
966771;unknown;control;2023-05-28 17:15:00+00:00;0.088;;
966771;unknown;control;2023-05-28 17:30:00+00:00;0.083;;
966771;unknown;control;2023-05-28 17:45:00+00:00;0.093;;
966771;unknown;control;2023-05-28 18:00:00+00:00;0.085;;
966771;unknown;control;2023-05-28 18:15:00+00:00;0.085;;
966771;unknown;control;2023-05-28 18:30:00+00:00;0.094;;
966771;unknown;control;2023-05-28 18:45:00+00:00;0.083;;
966771;unknown;control;2023-05-28 19:00:00+00:00;0.1;;
966771;unknown;control;2023-05-28 19:15:00+00:00;0.104;;
966771;unknown;control;2023-05-28 19:30:00+00:00;0.094;;
966771;unknown;control;2023-05-28 19:45:00+00:00;0.101;;
966771;unknown;control;2023-05-28 20:00:00+00:00;0.092;;
966771;unknown;control;2023-05-28 20:15:00+00:00;0.08;;
966771;unknown;control;2023-05-28 20:30:00+00:00;0.092;;
966771;unknown;control;2023-05-28 20:45:00+00:00;0.089;;
966771;unknown;control;2023-05-28 21:00:00+00:00;0.081;;
966771;unknown;control;2023-05-28 21:15:00+00:00;0.094;;
966771;unknown;control;2023-05-28 21:30:00+00:00;0.086;;
966771;unknown;control;2023-05-28 21:45:00+00:00;0.081;;
966771;unknown;control;2023-05-28 22:00:00+00:00;0.094;;
966771;unknown;control;2023-05-28 22:15:00+00:00;0.084;;
966771;unknown;control;2023-05-28 22:30:00+00:00;0.084;;
966771;unknown;control;2023-05-28 22:45:00+00:00;0.093;;
966771;unknown;control;2023-05-28 23:00:00+00:00;0.083;;
966771;unknown;control;2023-05-28 23:15:00+00:00;0.087;;
966771;unknown;control;2023-05-28 23:30:00+00:00;1.352;;
966771;unknown;control;2023-05-28 23:45:00+00:00;1.291;;
966771;unknown;control;2023-05-29 00:00:00+00:00;0.151;;
966771;unknown;control;2023-05-29 00:15:00+00:00;0.091;;
966771;unknown;control;2023-05-29 00:30:00+00:00;0.08;;
966771;unknown;control;2023-05-29 00:45:00+00:00;0.092;;
966771;unknown;control;2023-05-29 01:00:00+00:00;0.09;;
966771;unknown;control;2023-05-29 01:15:00+00:00;0.081;;
966771;unknown;control;2023-05-29 01:30:00+00:00;0.094;;
966771;unknown;control;2023-05-29 01:45:00+00:00;0.087;;
966771;unknown;control;2023-05-29 02:00:00+00:00;0.083;;
966771;unknown;control;2023-05-29 02:15:00+00:00;0.094;;
966771;unknown;control;2023-05-29 02:30:00+00:00;0.084;;
966771;unknown;control;2023-05-29 02:45:00+00:00;0.085;;
966771;unknown;control;2023-05-29 03:00:00+00:00;0.094;;
966771;unknown;control;2023-05-29 03:15:00+00:00;0.081;;
966771;unknown;control;2023-05-29 03:30:00+00:00;0.086;;
966771;unknown;control;2023-05-29 03:45:00+00:00;0.093;;
966771;unknown;control;2023-05-29 04:00:00+00:00;0.081;;
966771;unknown;control;2023-05-29 04:15:00+00:00;0.089;;
966771;unknown;control;2023-05-29 04:30:00+00:00;0.093;;
966771;unknown;control;2023-05-29 04:45:00+00:00;0.08;;
966771;unknown;control;2023-05-29 05:00:00+00:00;0.091;;
966771;unknown;control;2023-05-29 05:15:00+00:00;0.091;;
966771;unknown;control;2023-05-29 05:30:00+00:00;0.079;;
966771;unknown;control;2023-05-29 05:45:00+00:00;0.093;;
966771;unknown;control;2023-05-29 06:00:00+00:00;0.089;;
966771;unknown;control;2023-05-29 06:15:00+00:00;0.081;;
966771;unknown;control;2023-05-29 06:30:00+00:00;0.094;;
966771;unknown;control;2023-05-29 06:45:00+00:00;0.086;;
966771;unknown;control;2023-05-29 07:00:00+00:00;0.083;;
966771;unknown;control;2023-05-29 07:15:00+00:00;0.094;;
966771;unknown;control;2023-05-29 07:30:00+00:00;0.085;;
966771;unknown;control;2023-05-29 07:45:00+00:00;0.084;;
966771;unknown;control;2023-05-29 08:00:00+00:00;0.094;;
966771;unknown;control;2023-05-29 08:15:00+00:00;0.084;;
966771;unknown;control;2023-05-29 08:30:00+00:00;0.086;;
966771;unknown;control;2023-05-29 08:45:00+00:00;0.094;;
966771;unknown;control;2023-05-29 09:00:00+00:00;0.082;;
966771;unknown;control;2023-05-29 09:15:00+00:00;0.088;;
966771;unknown;control;2023-05-29 09:30:00+00:00;0.093;;
966771;unknown;control;2023-05-29 09:45:00+00:00;0.082;;
966771;unknown;control;2023-05-29 10:00:00+00:00;0.09;;
966771;unknown;control;2023-05-29 10:15:00+00:00;0.092;;
966771;unknown;control;2023-05-29 10:30:00+00:00;0.081;;
966771;unknown;control;2023-05-29 10:45:00+00:00;0.092;;
966771;unknown;control;2023-05-29 11:00:00+00:00;0.09;;
966771;unknown;control;2023-05-29 11:15:00+00:00;0.082;;
966771;unknown;control;2023-05-29 11:30:00+00:00;0.092;;
966771;unknown;control;2023-05-29 11:45:00+00:00;0.089;;
966771;unknown;control;2023-05-29 12:00:00+00:00;0.084;;
966771;unknown;control;2023-05-29 12:15:00+00:00;0.093;;
966771;unknown;control;2023-05-29 12:30:00+00:00;0.087;;
966771;unknown;control;2023-05-29 12:45:00+00:00;0.086;;
966771;unknown;control;2023-05-29 13:00:00+00:00;0.093;;
966771;unknown;control;2023-05-29 13:15:00+00:00;0.085;;
966771;unknown;control;2023-05-29 13:30:00+00:00;0.096;;
966771;unknown;control;2023-05-29 13:45:00+00:00;0.091;;
966771;unknown;control;2023-05-29 14:00:00+00:00;0.079;;
966771;unknown;control;2023-05-29 14:15:00+00:00;0.088;;
966771;unknown;control;2023-05-29 14:30:00+00:00;0.087;;
966771;unknown;control;2023-05-29 14:45:00+00:00;0.079;;
966771;unknown;control;2023-05-29 15:00:00+00:00;0.094;;
966771;unknown;control;2023-05-29 15:15:00+00:00;0.09;;
966771;unknown;control;2023-05-29 15:30:00+00:00;0.084;;
966771;unknown;control;2023-05-29 15:45:00+00:00;0.089;;
966771;unknown;control;2023-05-29 16:00:00+00:00;0.089;;
966771;unknown;control;2023-05-29 16:15:00+00:00;0.084;;
966771;unknown;control;2023-05-29 16:30:00+00:00;0.089;;
966771;unknown;control;2023-05-29 16:45:00+00:00;0.087;;
966771;unknown;control;2023-05-29 17:00:00+00:00;0.085;;
966771;unknown;control;2023-05-29 17:15:00+00:00;0.091;;
966771;unknown;control;2023-05-29 17:30:00+00:00;0.085;;
966771;unknown;control;2023-05-29 17:45:00+00:00;0.085;;
966771;unknown;control;2023-05-29 18:00:00+00:00;0.091;;
966771;unknown;control;2023-05-29 18:15:00+00:00;0.084;;
966771;unknown;control;2023-05-29 18:30:00+00:00;0.087;;
966771;unknown;control;2023-05-29 18:45:00+00:00;0.09;;
966771;unknown;control;2023-05-29 19:00:00+00:00;0.096;;
966771;unknown;control;2023-05-29 19:15:00+00:00;0.101;;
966771;unknown;control;2023-05-29 19:30:00+00:00;0.103;;
966771;unknown;control;2023-05-29 19:45:00+00:00;0.098;;
966771;unknown;control;2023-05-29 20:00:00+00:00;0.089;;
966771;unknown;control;2023-05-29 20:15:00+00:00;0.089;;
966771;unknown;control;2023-05-29 20:30:00+00:00;0.085;;
966771;unknown;control;2023-05-29 20:45:00+00:00;0.091;;
966771;unknown;control;2023-05-29 21:00:00+00:00;0.087;;
966771;unknown;control;2023-05-29 21:15:00+00:00;0.085;;
966771;unknown;control;2023-05-29 21:30:00+00:00;0.09;;
966771;unknown;control;2023-05-29 21:45:00+00:00;0.086;;
966771;unknown;control;2023-05-29 22:00:00+00:00;0.085;;
966771;unknown;control;2023-05-29 22:15:00+00:00;0.091;;
966771;unknown;control;2023-05-29 22:30:00+00:00;0.092;;
966771;unknown;control;2023-05-29 22:45:00+00:00;0.087;;
966771;unknown;control;2023-05-29 23:00:00+00:00;0.091;;
966771;unknown;control;2023-05-29 23:15:00+00:00;0.084;;
966771;unknown;control;2023-05-29 23:30:00+00:00;1.343;;
966771;unknown;control;2023-05-29 23:45:00+00:00;1.293;;
966771;unknown;control;2023-05-30 00:00:00+00:00;0.229;;
966771;unknown;control;2023-05-30 00:15:00+00:00;0.086;;
966771;unknown;control;2023-05-30 00:30:00+00:00;0.087;;
966771;unknown;control;2023-05-30 00:45:00+00:00;0.085;;
966771;unknown;control;2023-05-30 01:00:00+00:00;0.091;;
966771;unknown;control;2023-05-30 01:15:00+00:00;0.088;;
966771;unknown;control;2023-05-30 01:30:00+00:00;0.089;;
966771;unknown;control;2023-05-30 01:45:00+00:00;0.09;;
966771;unknown;control;2023-05-30 02:00:00+00:00;0.095;;
966771;unknown;control;2023-05-30 02:15:00+00:00;0.092;;
966771;unknown;control;2023-05-30 02:30:00+00:00;0.114;;
966771;unknown;control;2023-05-30 02:45:00+00:00;0.138;;
966771;unknown;control;2023-05-30 03:00:00+00:00;0.096;;
966771;unknown;control;2023-05-30 03:15:00+00:00;0.098;;
966771;unknown;control;2023-05-30 03:30:00+00:00;0.101;;
966771;unknown;control;2023-05-30 03:45:00+00:00;0.093;;
966771;unknown;control;2023-05-30 04:00:00+00:00;0.08;;
966771;unknown;control;2023-05-30 04:15:00+00:00;0.095;;
966771;unknown;control;2023-05-30 04:30:00+00:00;0.091;;
966771;unknown;control;2023-05-30 04:45:00+00:00;0.081;;
966771;unknown;control;2023-05-30 05:00:00+00:00;0.093;;
966771;unknown;control;2023-05-30 05:15:00+00:00;0.089;;
966771;unknown;control;2023-05-30 05:30:00+00:00;0.082;;
966771;unknown;control;2023-05-30 05:45:00+00:00;0.093;;
966771;unknown;control;2023-05-30 06:00:00+00:00;0.087;;
966771;unknown;control;2023-05-30 06:15:00+00:00;0.083;;
966771;unknown;control;2023-05-30 06:30:00+00:00;0.094;;
966771;unknown;control;2023-05-30 06:45:00+00:00;0.084;;
966771;unknown;control;2023-05-30 07:00:00+00:00;0.086;;
966771;unknown;control;2023-05-30 07:15:00+00:00;0.093;;
966771;unknown;control;2023-05-30 07:30:00+00:00;0.083;;
966771;unknown;control;2023-05-30 07:45:00+00:00;0.087;;
966771;unknown;control;2023-05-30 08:00:00+00:00;0.093;;
966771;unknown;control;2023-05-30 08:15:00+00:00;0.082;;
966771;unknown;control;2023-05-30 08:30:00+00:00;0.09;;
966771;unknown;control;2023-05-30 08:45:00+00:00;0.092;;
966771;unknown;control;2023-05-30 09:00:00+00:00;0.081;;
966771;unknown;control;2023-05-30 09:15:00+00:00;0.092;;
966771;unknown;control;2023-05-30 09:30:00+00:00;0.089;;
966771;unknown;control;2023-05-30 09:45:00+00:00;0.082;;
966771;unknown;control;2023-05-30 10:00:00+00:00;0.092;;
966771;unknown;control;2023-05-30 10:15:00+00:00;0.088;;
966771;unknown;control;2023-05-30 10:30:00+00:00;0.083;;
966771;unknown;control;2023-05-30 10:45:00+00:00;0.095;;
966771;unknown;control;2023-05-30 11:00:00+00:00;0.085;;
966771;unknown;control;2023-05-30 11:15:00+00:00;0.085;;
966771;unknown;control;2023-05-30 11:30:00+00:00;0.093;;
966771;unknown;control;2023-05-30 11:45:00+00:00;0.083;;
966771;unknown;control;2023-05-30 12:00:00+00:00;0.088;;
966771;unknown;control;2023-05-30 12:15:00+00:00;0.093;;
966771;unknown;control;2023-05-30 12:30:00+00:00;0.081;;
966771;unknown;control;2023-05-30 12:45:00+00:00;0.089;;
966771;unknown;control;2023-05-30 13:00:00+00:00;0.093;;
966771;unknown;control;2023-05-30 13:15:00+00:00;0.08;;
966771;unknown;control;2023-05-30 13:30:00+00:00;0.09;;
966771;unknown;control;2023-05-30 13:45:00+00:00;0.091;;
966771;unknown;control;2023-05-30 14:00:00+00:00;0.079;;
966771;unknown;control;2023-05-30 14:15:00+00:00;0.178;;
966771;unknown;control;2023-05-30 14:30:00+00:00;0.125;;
966771;unknown;control;2023-05-30 14:45:00+00:00;0.08;;
966771;unknown;control;2023-05-30 15:00:00+00:00;0.089;;
966771;unknown;control;2023-05-30 15:15:00+00:00;0.084;;
966771;unknown;control;2023-05-30 15:30:00+00:00;0.081;;
966771;unknown;control;2023-05-30 15:45:00+00:00;0.09;;
966771;unknown;control;2023-05-30 16:00:00+00:00;0.089;;
966771;unknown;control;2023-05-30 16:15:00+00:00;0.088;;
966771;unknown;control;2023-05-30 16:30:00+00:00;0.091;;
966771;unknown;control;2023-05-30 16:45:00+00:00;0.079;;
966771;unknown;control;2023-05-30 17:00:00+00:00;0.09;;
966771;unknown;control;2023-05-30 17:15:00+00:00;0.091;;
966771;unknown;control;2023-05-30 17:30:00+00:00;0.079;;
966771;unknown;control;2023-05-30 17:45:00+00:00;0.092;;
966771;unknown;control;2023-05-30 18:00:00+00:00;0.087;;
966771;unknown;control;2023-05-30 18:15:00+00:00;0.082;;
966771;unknown;control;2023-05-30 18:30:00+00:00;0.093;;
966771;unknown;control;2023-05-30 18:45:00+00:00;0.085;;
966771;unknown;control;2023-05-30 19:00:00+00:00;0.096;;
966771;unknown;control;2023-05-30 19:15:00+00:00;0.107;;
966771;unknown;control;2023-05-30 19:30:00+00:00;0.096;;
966771;unknown;control;2023-05-30 19:45:00+00:00;0.098;;
966771;unknown;control;2023-05-30 20:00:00+00:00;0.094;;
966771;unknown;control;2023-05-30 20:15:00+00:00;0.082;;
966771;unknown;control;2023-05-30 20:30:00+00:00;0.087;;
966771;unknown;control;2023-05-30 20:45:00+00:00;0.092;;
966771;unknown;control;2023-05-30 21:00:00+00:00;0.082;;
966771;unknown;control;2023-05-30 21:15:00+00:00;0.094;;
966771;unknown;control;2023-05-30 21:30:00+00:00;0.09;;
966771;unknown;control;2023-05-30 21:45:00+00:00;0.081;;
966771;unknown;control;2023-05-30 22:00:00+00:00;0.092;;
966771;unknown;control;2023-05-30 22:15:00+00:00;0.088;;
966771;unknown;control;2023-05-30 22:30:00+00:00;0.081;;
966771;unknown;control;2023-05-30 22:45:00+00:00;0.093;;
966771;unknown;control;2023-05-30 23:00:00+00:00;0.085;;
966771;unknown;control;2023-05-30 23:15:00+00:00;0.084;;
966771;unknown;control;2023-05-30 23:30:00+00:00;1.358;;
966771;unknown;control;2023-05-30 23:45:00+00:00;1.302;;
966771;unknown;control;2023-05-31 00:00:00+00:00;0.195;;
966771;unknown;control;2023-05-31 00:15:00+00:00;0.091;;
966771;unknown;control;2023-05-31 00:30:00+00:00;0.08;;
966771;unknown;control;2023-05-31 00:45:00+00:00;0.087;;
966771;unknown;control;2023-05-31 01:00:00+00:00;0.092;;
966771;unknown;control;2023-05-31 01:15:00+00:00;0.081;;
966771;unknown;control;2023-05-31 01:30:00+00:00;0.093;;
966771;unknown;control;2023-05-31 01:45:00+00:00;0.091;;
966771;unknown;control;2023-05-31 02:00:00+00:00;0.081;;
966771;unknown;control;2023-05-31 02:15:00+00:00;0.092;;
966771;unknown;control;2023-05-31 02:30:00+00:00;0.088;;
966771;unknown;control;2023-05-31 02:45:00+00:00;0.083;;
966771;unknown;control;2023-05-31 03:00:00+00:00;0.094;;
966771;unknown;control;2023-05-31 03:15:00+00:00;0.086;;
966771;unknown;control;2023-05-31 03:30:00+00:00;0.084;;
966771;unknown;control;2023-05-31 03:45:00+00:00;0.093;;
966771;unknown;control;2023-05-31 04:00:00+00:00;0.084;;
966771;unknown;control;2023-05-31 04:15:00+00:00;0.087;;
966771;unknown;control;2023-05-31 04:30:00+00:00;0.092;;
966771;unknown;control;2023-05-31 04:45:00+00:00;0.081;;
966771;unknown;control;2023-05-31 05:00:00+00:00;0.089;;
966771;unknown;control;2023-05-31 05:15:00+00:00;0.09;;
966771;unknown;control;2023-05-31 05:30:00+00:00;0.081;;
966771;unknown;control;2023-05-31 05:45:00+00:00;0.09;;
966771;unknown;control;2023-05-31 06:00:00+00:00;0.089;;
966771;unknown;control;2023-05-31 06:15:00+00:00;0.08;;
966771;unknown;control;2023-05-31 06:30:00+00:00;0.092;;
966771;unknown;control;2023-05-31 06:45:00+00:00;0.088;;
966771;unknown;control;2023-05-31 07:00:00+00:00;0.082;;
966771;unknown;control;2023-05-31 07:15:00+00:00;0.094;;
966771;unknown;control;2023-05-31 07:30:00+00:00;0.085;;
966771;unknown;control;2023-05-31 07:45:00+00:00;0.084;;
966771;unknown;control;2023-05-31 08:00:00+00:00;0.093;;
966771;unknown;control;2023-05-31 08:15:00+00:00;0.084;;
966771;unknown;control;2023-05-31 08:30:00+00:00;0.086;;
966771;unknown;control;2023-05-31 08:45:00+00:00;0.092;;
966771;unknown;control;2023-05-31 09:00:00+00:00;0.082;;
966771;unknown;control;2023-05-31 09:15:00+00:00;0.089;;
966771;unknown;control;2023-05-31 09:30:00+00:00;0.091;;
966771;unknown;control;2023-05-31 09:45:00+00:00;0.081;;
966771;unknown;control;2023-05-31 10:00:00+00:00;0.091;;
966771;unknown;control;2023-05-31 10:15:00+00:00;0.091;;
966771;unknown;control;2023-05-31 10:30:00+00:00;0.081;;
966771;unknown;control;2023-05-31 10:45:00+00:00;0.093;;
966771;unknown;control;2023-05-31 11:00:00+00:00;0.088;;
966771;unknown;control;2023-05-31 11:15:00+00:00;0.082;;
966771;unknown;control;2023-05-31 11:30:00+00:00;0.094;;
966771;unknown;control;2023-05-31 11:45:00+00:00;0.085;;
966771;unknown;control;2023-05-31 12:00:00+00:00;0.084;;
966771;unknown;control;2023-05-31 12:15:00+00:00;0.094;;
966771;unknown;control;2023-05-31 12:30:00+00:00;0.083;;
966771;unknown;control;2023-05-31 12:45:00+00:00;0.086;;
966771;unknown;control;2023-05-31 13:00:00+00:00;0.094;;
966771;unknown;control;2023-05-31 13:15:00+00:00;0.081;;
966771;unknown;control;2023-05-31 13:30:00+00:00;0.09;;
966771;unknown;control;2023-05-31 13:45:00+00:00;0.093;;
966771;unknown;control;2023-05-31 14:00:00+00:00;0.079;;
966771;unknown;control;2023-05-31 14:15:00+00:00;0.091;;
966771;unknown;control;2023-05-31 14:30:00+00:00;0.09;;
966771;unknown;control;2023-05-31 14:45:00+00:00;0.079;;
966771;unknown;control;2023-05-31 15:00:00+00:00;0.093;;
966771;unknown;control;2023-05-31 15:15:00+00:00;0.095;;
966771;unknown;control;2023-05-31 15:30:00+00:00;0.079;;
966771;unknown;control;2023-05-31 15:45:00+00:00;0.087;;
966771;unknown;control;2023-05-31 16:00:00+00:00;0.083;;
966771;unknown;control;2023-05-31 16:15:00+00:00;0.081;;
966771;unknown;control;2023-05-31 16:30:00+00:00;0.09;;
966771;unknown;control;2023-05-31 16:45:00+00:00;0.089;;
966771;unknown;control;2023-05-31 17:00:00+00:00;0.086;;
966771;unknown;control;2023-05-31 17:15:00+00:00;0.09;;
966771;unknown;control;2023-05-31 17:30:00+00:00;0.081;;
966771;unknown;control;2023-05-31 17:45:00+00:00;0.088;;
966771;unknown;control;2023-05-31 18:00:00+00:00;0.089;;
966771;unknown;control;2023-05-31 18:15:00+00:00;0.081;;
966771;unknown;control;2023-05-31 18:30:00+00:00;0.09;;
966771;unknown;control;2023-05-31 18:45:00+00:00;0.087;;
966771;unknown;control;2023-05-31 19:00:00+00:00;0.094;;
966771;unknown;control;2023-05-31 19:15:00+00:00;0.106;;
966771;unknown;control;2023-05-31 19:30:00+00:00;0.097;;
966771;unknown;control;2023-05-31 19:45:00+00:00;0.094;;
966771;unknown;control;2023-05-31 20:00:00+00:00;0.093;;
966771;unknown;control;2023-05-31 20:15:00+00:00;0.084;;
966771;unknown;control;2023-05-31 20:30:00+00:00;0.084;;
966771;unknown;control;2023-05-31 20:45:00+00:00;0.091;;
966771;unknown;control;2023-05-31 21:00:00+00:00;0.082;;
966771;unknown;control;2023-05-31 21:15:00+00:00;0.088;;
966771;unknown;control;2023-05-31 21:30:00+00:00;0.091;;
966771;unknown;control;2023-05-31 21:45:00+00:00;0.081;;
966771;unknown;control;2023-05-31 22:00:00+00:00;0.088;;
966771;unknown;control;2023-05-31 22:15:00+00:00;0.09;;
966771;unknown;control;2023-05-31 22:30:00+00:00;0.081;;
966771;unknown;control;2023-05-31 22:45:00+00:00;0.09;;
966771;unknown;control;2023-05-31 23:00:00+00:00;0.088;;
966771;unknown;control;2023-05-31 23:15:00+00:00;0.083;;
966771;unknown;control;2023-05-31 23:30:00+00:00;1.356;;
966771;unknown;control;2023-05-31 23:45:00+00:00;1.308;;
966771;unknown;control;2023-06-01 00:00:00+00:00;0.641;;
966771;unknown;control;2023-06-01 00:15:00+00:00;0.09;;
966771;unknown;control;2023-06-01 00:30:00+00:00;0.085;;
966771;unknown;control;2023-06-01 00:45:00+00:00;0.083;;
966771;unknown;control;2023-06-01 01:00:00+00:00;0.092;;
966771;unknown;control;2023-06-01 01:15:00+00:00;0.084;;
966771;unknown;control;2023-06-01 01:30:00+00:00;0.086;;
966771;unknown;control;2023-06-01 01:45:00+00:00;0.091;;
966771;unknown;control;2023-06-01 02:00:00+00:00;0.084;;
966771;unknown;control;2023-06-01 02:15:00+00:00;0.088;;
966771;unknown;control;2023-06-01 02:30:00+00:00;0.09;;
966771;unknown;control;2023-06-01 02:45:00+00:00;0.083;;
966771;unknown;control;2023-06-01 03:00:00+00:00;0.089;;
966771;unknown;control;2023-06-01 03:15:00+00:00;0.088;;
966771;unknown;control;2023-06-01 03:30:00+00:00;0.081;;
966771;unknown;control;2023-06-01 03:45:00+00:00;0.091;;
966771;unknown;control;2023-06-01 04:00:00+00:00;0.087;;
966771;unknown;control;2023-06-01 04:15:00+00:00;0.083;;
966771;unknown;control;2023-06-01 04:30:00+00:00;0.091;;
966771;unknown;control;2023-06-01 04:45:00+00:00;0.085;;
966771;unknown;control;2023-06-01 05:00:00+00:00;0.083;;
966771;unknown;control;2023-06-01 05:15:00+00:00;0.092;;
966771;unknown;control;2023-06-01 05:30:00+00:00;0.084;;
966771;unknown;control;2023-06-01 05:45:00+00:00;0.086;;
966771;unknown;control;2023-06-01 06:00:00+00:00;0.091;;
966771;unknown;control;2023-06-01 06:15:00+00:00;0.084;;
966771;unknown;control;2023-06-01 06:30:00+00:00;0.087;;
966771;unknown;control;2023-06-01 06:45:00+00:00;0.09;;
966771;unknown;control;2023-06-01 07:00:00+00:00;0.082;;
966771;unknown;control;2023-06-01 07:15:00+00:00;0.089;;
966771;unknown;control;2023-06-01 07:30:00+00:00;0.09;;
966771;unknown;control;2023-06-01 07:45:00+00:00;0.081;;
966771;unknown;control;2023-06-01 08:00:00+00:00;0.09;;
966771;unknown;control;2023-06-01 08:15:00+00:00;0.088;;
966771;unknown;control;2023-06-01 08:30:00+00:00;0.081;;
966771;unknown;control;2023-06-01 08:45:00+00:00;0.092;;
966771;unknown;control;2023-06-01 09:00:00+00:00;0.086;;
966771;unknown;control;2023-06-01 09:15:00+00:00;0.083;;
966771;unknown;control;2023-06-01 09:30:00+00:00;0.093;;
966771;unknown;control;2023-06-01 09:45:00+00:00;0.084;;
966771;unknown;control;2023-06-01 10:00:00+00:00;0.085;;
966771;unknown;control;2023-06-01 10:15:00+00:00;0.093;;
966771;unknown;control;2023-06-01 10:30:00+00:00;0.084;;
966771;unknown;control;2023-06-01 10:45:00+00:00;0.086;;
966771;unknown;control;2023-06-01 11:00:00+00:00;0.092;;
966771;unknown;control;2023-06-01 11:15:00+00:00;0.082;;
966771;unknown;control;2023-06-01 11:30:00+00:00;0.088;;
966771;unknown;control;2023-06-01 11:45:00+00:00;0.091;;
966771;unknown;control;2023-06-01 12:00:00+00:00;0.08;;
966771;unknown;control;2023-06-01 12:15:00+00:00;0.089;;
966771;unknown;control;2023-06-01 12:30:00+00:00;0.09;;
966771;unknown;control;2023-06-01 12:45:00+00:00;0.08;;
966771;unknown;control;2023-06-01 13:00:00+00:00;0.091;;
966771;unknown;control;2023-06-01 13:15:00+00:00;0.089;;
966771;unknown;control;2023-06-01 13:30:00+00:00;0.08;;
966771;unknown;control;2023-06-01 13:45:00+00:00;0.092;;
966771;unknown;control;2023-06-01 14:00:00+00:00;0.087;;
966771;unknown;control;2023-06-01 14:15:00+00:00;0.081;;
966771;unknown;control;2023-06-01 14:30:00+00:00;0.093;;
966771;unknown;control;2023-06-01 14:45:00+00:00;0.083;;
966771;unknown;control;2023-06-01 15:00:00+00:00;0.084;;
966771;unknown;control;2023-06-01 15:15:00+00:00;0.093;;
966771;unknown;control;2023-06-01 15:30:00+00:00;0.083;;
966771;unknown;control;2023-06-01 15:45:00+00:00;0.086;;
966771;unknown;control;2023-06-01 16:00:00+00:00;0.098;;
966771;unknown;control;2023-06-01 16:15:00+00:00;0.106;;
966771;unknown;control;2023-06-01 16:30:00+00:00;0.087;;
966771;unknown;control;2023-06-01 16:45:00+00:00;0.089;;
966771;unknown;control;2023-06-01 17:00:00+00:00;0.082;;
966771;unknown;control;2023-06-01 17:15:00+00:00;0.091;;
966771;unknown;control;2023-06-01 17:30:00+00:00;0.095;;
966771;unknown;control;2023-06-01 17:45:00+00:00;0.083;;
966771;unknown;control;2023-06-01 18:00:00+00:00;0.085;;
966771;unknown;control;2023-06-01 18:15:00+00:00;0.089;;
966771;unknown;control;2023-06-01 18:30:00+00:00;0.084;;
966771;unknown;control;2023-06-01 18:45:00+00:00;0.089;;
966771;unknown;control;2023-06-01 19:00:00+00:00;0.099;;
966771;unknown;control;2023-06-01 19:15:00+00:00;0.096;;
966771;unknown;control;2023-06-01 19:30:00+00:00;0.102;;
966771;unknown;control;2023-06-01 19:45:00+00:00;0.097;;
966771;unknown;control;2023-06-01 20:00:00+00:00;0.085;;
966771;unknown;control;2023-06-01 20:15:00+00:00;0.091;;
966771;unknown;control;2023-06-01 20:30:00+00:00;0.088;;
966771;unknown;control;2023-06-01 20:45:00+00:00;0.086;;
966771;unknown;control;2023-06-01 21:00:00+00:00;0.088;;
966771;unknown;control;2023-06-01 21:15:00+00:00;0.085;;
966771;unknown;control;2023-06-01 21:30:00+00:00;0.088;;
966771;unknown;control;2023-06-01 21:45:00+00:00;0.087;;
966771;unknown;control;2023-06-01 22:00:00+00:00;0.084;;
966771;unknown;control;2023-06-01 22:15:00+00:00;0.088;;
966771;unknown;control;2023-06-01 22:30:00+00:00;0.087;;
966771;unknown;control;2023-06-01 22:45:00+00:00;0.084;;
966771;unknown;control;2023-06-01 23:00:00+00:00;0.089;;
966771;unknown;control;2023-06-01 23:15:00+00:00;0.09;;
966771;unknown;control;2023-06-01 23:30:00+00:00;1.357;;
966771;unknown;control;2023-06-01 23:45:00+00:00;1.314;;
966771;unknown;control;2023-06-02 00:00:00+00:00;0.326;;
966771;unknown;control;2023-06-02 00:15:00+00:00;0.082;;
966771;unknown;control;2023-06-02 00:30:00+00:00;0.09;;
966771;unknown;control;2023-06-02 00:45:00+00:00;0.087;;
966771;unknown;control;2023-06-02 01:00:00+00:00;0.086;;
966771;unknown;control;2023-06-02 01:15:00+00:00;0.09;;
966771;unknown;control;2023-06-02 01:30:00+00:00;0.088;;
966771;unknown;control;2023-06-02 01:45:00+00:00;0.086;;
966771;unknown;control;2023-06-02 02:00:00+00:00;0.088;;
966771;unknown;control;2023-06-02 02:15:00+00:00;0.086;;
966771;unknown;control;2023-06-02 02:30:00+00:00;0.087;;
966771;unknown;control;2023-06-02 02:45:00+00:00;0.088;;
966771;unknown;control;2023-06-02 03:00:00+00:00;0.085;;
966771;unknown;control;2023-06-02 03:15:00+00:00;0.087;;
966771;unknown;control;2023-06-02 03:30:00+00:00;0.087;;
966771;unknown;control;2023-06-02 03:45:00+00:00;0.083;;
966771;unknown;control;2023-06-02 04:00:00+00:00;0.087;;
966771;unknown;control;2023-06-02 04:15:00+00:00;0.089;;
966771;unknown;control;2023-06-02 04:30:00+00:00;0.085;;
966771;unknown;control;2023-06-02 04:45:00+00:00;0.088;;
966771;unknown;control;2023-06-02 05:00:00+00:00;0.088;;
966771;unknown;control;2023-06-02 05:15:00+00:00;0.084;;
966771;unknown;control;2023-06-02 05:30:00+00:00;0.088;;
966771;unknown;control;2023-06-02 05:45:00+00:00;0.087;;
966771;unknown;control;2023-06-02 06:00:00+00:00;0.083;;
966771;unknown;control;2023-06-02 06:15:00+00:00;0.088;;
966771;unknown;control;2023-06-02 06:30:00+00:00;0.093;;
966771;unknown;control;2023-06-02 06:45:00+00:00;0.091;;
966771;unknown;control;2023-06-02 07:00:00+00:00;0.098;;
966771;unknown;control;2023-06-02 07:15:00+00:00;0.146;;
966771;unknown;control;2023-06-02 07:30:00+00:00;0.1;;
966771;unknown;control;2023-06-02 07:45:00+00:00;0.101;;
966771;unknown;control;2023-06-02 08:00:00+00:00;0.101;;
966771;unknown;control;2023-06-02 08:15:00+00:00;0.096;;
966771;unknown;control;2023-06-02 08:30:00+00:00;0.083;;
966771;unknown;control;2023-06-02 08:45:00+00:00;0.092;;
966771;unknown;control;2023-06-02 09:00:00+00:00;0.089;;
966771;unknown;control;2023-06-02 09:15:00+00:00;0.086;;
966771;unknown;control;2023-06-02 09:30:00+00:00;0.089;;
966771;unknown;control;2023-06-02 09:45:00+00:00;0.088;;
966771;unknown;control;2023-06-02 10:00:00+00:00;0.084;;
966771;unknown;control;2023-06-02 10:15:00+00:00;0.09;;
966771;unknown;control;2023-06-02 10:30:00+00:00;0.087;;
966771;unknown;control;2023-06-02 10:45:00+00:00;0.083;;
966771;unknown;control;2023-06-02 11:00:00+00:00;0.09;;
966771;unknown;control;2023-06-02 11:15:00+00:00;0.087;;
966771;unknown;control;2023-06-02 11:30:00+00:00;0.084;;
966771;unknown;control;2023-06-02 11:45:00+00:00;0.092;;
966771;unknown;control;2023-06-02 12:00:00+00:00;0.085;;
966771;unknown;control;2023-06-02 12:15:00+00:00;0.085;;
966771;unknown;control;2023-06-02 12:30:00+00:00;0.091;;
966771;unknown;control;2023-06-02 12:45:00+00:00;0.085;;
966771;unknown;control;2023-06-02 13:00:00+00:00;0.086;;
966771;unknown;control;2023-06-02 13:15:00+00:00;0.091;;
966771;unknown;control;2023-06-02 13:30:00+00:00;0.084;;
966771;unknown;control;2023-06-02 13:45:00+00:00;0.088;;
966771;unknown;control;2023-06-02 14:00:00+00:00;0.089;;
966771;unknown;control;2023-06-02 14:15:00+00:00;0.083;;
966771;unknown;control;2023-06-02 14:30:00+00:00;0.088;;
966771;unknown;control;2023-06-02 14:45:00+00:00;0.089;;
966771;unknown;control;2023-06-02 15:00:00+00:00;0.082;;
966771;unknown;control;2023-06-02 15:15:00+00:00;0.09;;
966771;unknown;control;2023-06-02 15:30:00+00:00;0.087;;
966771;unknown;control;2023-06-02 15:45:00+00:00;0.082;;
966771;unknown;control;2023-06-02 16:00:00+00:00;0.092;;
966771;unknown;control;2023-06-02 16:15:00+00:00;0.094;;
966771;unknown;control;2023-06-02 16:30:00+00:00;0.082;;
966771;unknown;control;2023-06-02 16:45:00+00:00;0.088;;
966771;unknown;control;2023-06-02 17:00:00+00:00;0.084;;
966771;unknown;control;2023-06-02 17:15:00+00:00;0.079;;
966771;unknown;control;2023-06-02 17:30:00+00:00;0.088;;
966771;unknown;control;2023-06-02 17:45:00+00:00;0.086;;
966771;unknown;control;2023-06-02 18:00:00+00:00;0.087;;
966771;unknown;control;2023-06-02 18:15:00+00:00;0.092;;
966771;unknown;control;2023-06-02 18:30:00+00:00;0.08;;
966771;unknown;control;2023-06-02 18:45:00+00:00;0.085;;
966771;unknown;control;2023-06-02 19:00:00+00:00;0.104;;
966771;unknown;control;2023-06-02 19:15:00+00:00;0.091;;
966771;unknown;control;2023-06-02 19:30:00+00:00;0.102;;
966771;unknown;control;2023-06-02 19:45:00+00:00;0.108;;
966771;unknown;control;2023-06-02 20:00:00+00:00;0.079;;
966771;unknown;control;2023-06-02 20:15:00+00:00;0.091;;
966771;unknown;control;2023-06-02 20:30:00+00:00;0.089;;
966771;unknown;control;2023-06-02 20:45:00+00:00;0.081;;
966771;unknown;control;2023-06-02 21:00:00+00:00;0.093;;
966771;unknown;control;2023-06-02 21:15:00+00:00;0.087;;
966771;unknown;control;2023-06-02 21:30:00+00:00;0.082;;
966771;unknown;control;2023-06-02 21:45:00+00:00;0.094;;
966771;unknown;control;2023-06-02 22:00:00+00:00;0.085;;
966771;unknown;control;2023-06-02 22:15:00+00:00;0.083;;
966771;unknown;control;2023-06-02 22:30:00+00:00;0.093;;
966771;unknown;control;2023-06-02 22:45:00+00:00;0.085;;
966771;unknown;control;2023-06-02 23:00:00+00:00;0.086;;
966771;unknown;control;2023-06-02 23:15:00+00:00;0.093;;
966771;unknown;control;2023-06-02 23:30:00+00:00;1.348;;
966771;unknown;control;2023-06-02 23:45:00+00:00;1.306;;
966771;unknown;control;2023-06-03 00:00:00+00:00;0.224;;
966771;unknown;control;2023-06-03 00:15:00+00:00;0.077;;
966771;unknown;control;2023-06-03 00:30:00+00:00;0.09;;
966771;unknown;control;2023-06-03 00:45:00+00:00;0.089;;
966771;unknown;control;2023-06-03 01:00:00+00:00;0.079;;
966771;unknown;control;2023-06-03 01:15:00+00:00;0.093;;
966771;unknown;control;2023-06-03 01:30:00+00:00;0.089;;
966771;unknown;control;2023-06-03 01:45:00+00:00;0.082;;
966771;unknown;control;2023-06-03 02:00:00+00:00;0.095;;
966771;unknown;control;2023-06-03 02:15:00+00:00;0.084;;
966771;unknown;control;2023-06-03 02:30:00+00:00;0.084;;
966771;unknown;control;2023-06-03 02:45:00+00:00;0.094;;
966771;unknown;control;2023-06-03 03:00:00+00:00;0.083;;
966771;unknown;control;2023-06-03 03:15:00+00:00;0.086;;
966771;unknown;control;2023-06-03 03:30:00+00:00;0.096;;
966771;unknown;control;2023-06-03 03:45:00+00:00;0.081;;
966771;unknown;control;2023-06-03 04:00:00+00:00;0.088;;
966771;unknown;control;2023-06-03 04:15:00+00:00;0.092;;
966771;unknown;control;2023-06-03 04:30:00+00:00;0.081;;
966771;unknown;control;2023-06-03 04:45:00+00:00;0.089;;
966771;unknown;control;2023-06-03 05:00:00+00:00;0.091;;
966771;unknown;control;2023-06-03 05:15:00+00:00;0.08;;
966771;unknown;control;2023-06-03 05:30:00+00:00;0.091;;
966771;unknown;control;2023-06-03 05:45:00+00:00;0.088;;
966771;unknown;control;2023-06-03 06:00:00+00:00;0.081;;
966771;unknown;control;2023-06-03 06:15:00+00:00;0.092;;
966771;unknown;control;2023-06-03 06:30:00+00:00;0.085;;
966771;unknown;control;2023-06-03 06:45:00+00:00;0.082;;
966771;unknown;control;2023-06-03 07:00:00+00:00;0.092;;
966771;unknown;control;2023-06-03 07:15:00+00:00;0.082;;
966771;unknown;control;2023-06-03 07:30:00+00:00;0.085;;
966771;unknown;control;2023-06-03 07:45:00+00:00;0.092;;
966771;unknown;control;2023-06-03 08:00:00+00:00;0.081;;
966771;unknown;control;2023-06-03 08:15:00+00:00;0.088;;
966771;unknown;control;2023-06-03 08:30:00+00:00;0.091;;
966771;unknown;control;2023-06-03 08:45:00+00:00;0.082;;
966771;unknown;control;2023-06-03 09:00:00+00:00;0.089;;
966771;unknown;control;2023-06-03 09:15:00+00:00;0.089;;
966771;unknown;control;2023-06-03 09:30:00+00:00;0.082;;
966771;unknown;control;2023-06-03 09:45:00+00:00;0.09;;
966771;unknown;control;2023-06-03 10:00:00+00:00;0.089;;
966771;unknown;control;2023-06-03 10:15:00+00:00;0.082;;
966771;unknown;control;2023-06-03 10:30:00+00:00;0.093;;
966771;unknown;control;2023-06-03 10:45:00+00:00;0.086;;
966771;unknown;control;2023-06-03 11:00:00+00:00;0.082;;
966771;unknown;control;2023-06-03 11:15:00+00:00;0.092;;
966771;unknown;control;2023-06-03 11:30:00+00:00;0.085;;
966771;unknown;control;2023-06-03 11:45:00+00:00;0.084;;
966771;unknown;control;2023-06-03 12:00:00+00:00;0.092;;
966771;unknown;control;2023-06-03 12:15:00+00:00;0.082;;
966771;unknown;control;2023-06-03 12:30:00+00:00;0.087;;
966771;unknown;control;2023-06-03 12:45:00+00:00;0.091;;
966771;unknown;control;2023-06-03 13:00:00+00:00;0.083;;
966771;unknown;control;2023-06-03 13:15:00+00:00;0.087;;
966771;unknown;control;2023-06-03 13:30:00+00:00;0.09;;
966771;unknown;control;2023-06-03 13:45:00+00:00;0.082;;
966771;unknown;control;2023-06-03 14:00:00+00:00;0.09;;
966771;unknown;control;2023-06-03 14:15:00+00:00;0.088;;
966771;unknown;control;2023-06-03 14:30:00+00:00;0.082;;
966771;unknown;control;2023-06-03 14:45:00+00:00;0.091;;
966771;unknown;control;2023-06-03 15:00:00+00:00;0.085;;
966771;unknown;control;2023-06-03 15:15:00+00:00;0.083;;
966771;unknown;control;2023-06-03 15:30:00+00:00;0.092;;
966771;unknown;control;2023-06-03 15:45:00+00:00;0.085;;
966771;unknown;control;2023-06-03 16:00:00+00:00;0.083;;
966771;unknown;control;2023-06-03 16:15:00+00:00;0.092;;
966771;unknown;control;2023-06-03 16:30:00+00:00;0.083;;
966771;unknown;control;2023-06-03 16:45:00+00:00;0.086;;
966771;unknown;control;2023-06-03 17:00:00+00:00;0.099;;
966771;unknown;control;2023-06-03 17:15:00+00:00;0.081;;
966771;unknown;control;2023-06-03 17:30:00+00:00;0.082;;
966771;unknown;control;2023-06-03 17:45:00+00:00;0.088;;
966771;unknown;control;2023-06-03 18:00:00+00:00;0.08;;
966771;unknown;control;2023-06-03 18:15:00+00:00;0.087;;
966771;unknown;control;2023-06-03 18:30:00+00:00;0.095;;
966771;unknown;control;2023-06-03 18:45:00+00:00;0.084;;
966771;unknown;control;2023-06-03 19:00:00+00:00;0.097;;
966771;unknown;control;2023-06-03 19:15:00+00:00;0.102;;
966771;unknown;control;2023-06-03 19:30:00+00:00;0.095;;
966771;unknown;control;2023-06-03 19:45:00+00:00;0.098;;
966771;unknown;control;2023-06-03 20:00:00+00:00;0.092;;
966771;unknown;control;2023-06-03 20:15:00+00:00;0.083;;
966771;unknown;control;2023-06-03 20:30:00+00:00;0.088;;
966771;unknown;control;2023-06-03 20:45:00+00:00;0.088;;
966771;unknown;control;2023-06-03 21:00:00+00:00;0.083;;
966771;unknown;control;2023-06-03 21:15:00+00:00;0.088;;
966771;unknown;control;2023-06-03 21:30:00+00:00;0.088;;
966771;unknown;control;2023-06-03 21:45:00+00:00;0.084;;
966771;unknown;control;2023-06-03 22:00:00+00:00;0.088;;
966771;unknown;control;2023-06-03 22:15:00+00:00;0.086;;
966771;unknown;control;2023-06-03 22:30:00+00:00;0.084;;
966771;unknown;control;2023-06-03 22:45:00+00:00;0.09;;
966771;unknown;control;2023-06-03 23:00:00+00:00;0.085;;
966771;unknown;control;2023-06-03 23:15:00+00:00;0.085;;
966771;unknown;control;2023-06-03 23:30:00+00:00;1.355;;
966771;unknown;control;2023-06-03 23:45:00+00:00;1.255;;
966771;unknown;control;2023-06-04 00:00:00+00:00;0.083;;
966771;unknown;control;2023-06-04 00:15:00+00:00;0.092;;
966771;unknown;control;2023-06-04 00:30:00+00:00;0.083;;
966771;unknown;control;2023-06-04 00:45:00+00:00;0.089;;
966771;unknown;control;2023-06-04 01:00:00+00:00;0.091;;
966771;unknown;control;2023-06-04 01:15:00+00:00;0.084;;
966771;unknown;control;2023-06-04 01:30:00+00:00;0.088;;
966771;unknown;control;2023-06-04 01:45:00+00:00;0.089;;
966771;unknown;control;2023-06-04 02:00:00+00:00;0.086;;
966771;unknown;control;2023-06-04 02:15:00+00:00;0.088;;
966771;unknown;control;2023-06-04 02:30:00+00:00;0.087;;
966771;unknown;control;2023-06-04 02:45:00+00:00;0.085;;
966771;unknown;control;2023-06-04 03:00:00+00:00;0.087;;
966771;unknown;control;2023-06-04 03:15:00+00:00;0.085;;
966771;unknown;control;2023-06-04 03:30:00+00:00;0.087;;
966771;unknown;control;2023-06-04 03:45:00+00:00;0.088;;
966771;unknown;control;2023-06-04 04:00:00+00:00;0.083;;
966771;unknown;control;2023-06-04 04:15:00+00:00;0.089;;
966771;unknown;control;2023-06-04 04:30:00+00:00;0.087;;
966771;unknown;control;2023-06-04 04:45:00+00:00;0.084;;
966771;unknown;control;2023-06-04 05:00:00+00:00;0.089;;
966771;unknown;control;2023-06-04 05:15:00+00:00;0.086;;
966771;unknown;control;2023-06-04 05:30:00+00:00;0.083;;
966771;unknown;control;2023-06-04 05:45:00+00:00;0.09;;
966771;unknown;control;2023-06-04 06:00:00+00:00;0.085;;
966771;unknown;control;2023-06-04 06:15:00+00:00;0.083;;
966771;unknown;control;2023-06-04 06:30:00+00:00;0.092;;
966771;unknown;control;2023-06-04 06:45:00+00:00;0.085;;
966771;unknown;control;2023-06-04 07:00:00+00:00;0.097;;
966771;unknown;control;2023-06-04 07:15:00+00:00;0.096;;
966771;unknown;control;2023-06-04 07:30:00+00:00;0.085;;
966771;unknown;control;2023-06-04 07:45:00+00:00;0.081;;
966771;unknown;control;2023-06-04 08:00:00+00:00;0.093;;
966771;unknown;control;2023-06-04 08:15:00+00:00;0.083;;
966771;unknown;control;2023-06-04 08:30:00+00:00;0.084;;
966771;unknown;control;2023-06-04 08:45:00+00:00;0.092;;
966771;unknown;control;2023-06-04 09:00:00+00:00;0.081;;
966771;unknown;control;2023-06-04 09:15:00+00:00;0.086;;
966771;unknown;control;2023-06-04 09:30:00+00:00;0.093;;
966771;unknown;control;2023-06-04 09:45:00+00:00;0.103;;
966771;unknown;control;2023-06-04 10:00:00+00:00;0.104;;
966771;unknown;control;2023-06-04 10:15:00+00:00;0.09;;
966771;unknown;control;2023-06-04 10:30:00+00:00;0.084;;
966771;unknown;control;2023-06-04 10:45:00+00:00;0.086;;
966771;unknown;control;2023-06-04 11:00:00+00:00;0.091;;
966771;unknown;control;2023-06-04 11:15:00+00:00;0.082;;
966771;unknown;control;2023-06-04 11:30:00+00:00;0.089;;
966771;unknown;control;2023-06-04 11:45:00+00:00;0.091;;
966771;unknown;control;2023-06-04 12:00:00+00:00;0.084;;
966771;unknown;control;2023-06-04 12:15:00+00:00;0.09;;
966771;unknown;control;2023-06-04 12:30:00+00:00;0.085;;
966771;unknown;control;2023-06-04 12:45:00+00:00;0.086;;
966771;unknown;control;2023-06-04 13:00:00+00:00;0.09;;
966771;unknown;control;2023-06-04 13:15:00+00:00;0.083;;
966771;unknown;control;2023-06-04 13:30:00+00:00;0.088;;
966771;unknown;control;2023-06-04 13:45:00+00:00;0.089;;
966771;unknown;control;2023-06-04 14:00:00+00:00;0.082;;
966771;unknown;control;2023-06-04 14:15:00+00:00;0.089;;
966771;unknown;control;2023-06-04 14:30:00+00:00;0.089;;
966771;unknown;control;2023-06-04 14:45:00+00:00;0.081;;
966771;unknown;control;2023-06-04 15:00:00+00:00;0.09;;
966771;unknown;control;2023-06-04 15:15:00+00:00;0.087;;
966771;unknown;control;2023-06-04 15:30:00+00:00;0.081;;
966771;unknown;control;2023-06-04 15:45:00+00:00;0.09;;
966771;unknown;control;2023-06-04 16:00:00+00:00;0.084;;
966771;unknown;control;2023-06-04 16:15:00+00:00;0.083;;
966771;unknown;control;2023-06-04 16:30:00+00:00;0.091;;
966771;unknown;control;2023-06-04 16:45:00+00:00;0.084;;
966771;unknown;control;2023-06-04 17:00:00+00:00;0.085;;
966771;unknown;control;2023-06-04 17:15:00+00:00;0.094;;
966771;unknown;control;2023-06-04 17:30:00+00:00;0.092;;
966771;unknown;control;2023-06-04 17:45:00+00:00;0.081;;
966771;unknown;control;2023-06-04 18:00:00+00:00;0.087;;
966771;unknown;control;2023-06-04 18:15:00+00:00;0.081;;
966771;unknown;control;2023-06-04 18:30:00+00:00;0.082;;
966771;unknown;control;2023-06-04 18:45:00+00:00;0.088;;
966771;unknown;control;2023-06-04 19:00:00+00:00;0.099;;
966771;unknown;control;2023-06-04 19:15:00+00:00;0.101;;
966771;unknown;control;2023-06-04 19:30:00+00:00;0.103;;
966771;unknown;control;2023-06-04 19:45:00+00:00;0.089;;
966771;unknown;control;2023-06-04 20:00:00+00:00;0.09;;
966771;unknown;control;2023-06-04 20:15:00+00:00;0.091;;
966771;unknown;control;2023-06-04 20:30:00+00:00;0.079;;
966771;unknown;control;2023-06-04 20:45:00+00:00;0.091;;
966771;unknown;control;2023-06-04 21:00:00+00:00;0.091;;
966771;unknown;control;2023-06-04 21:15:00+00:00;0.079;;
966771;unknown;control;2023-06-04 21:30:00+00:00;0.093;;
966771;unknown;control;2023-06-04 21:45:00+00:00;0.085;;
966771;unknown;control;2023-06-04 22:00:00+00:00;0.081;;
966771;unknown;control;2023-06-04 22:15:00+00:00;0.093;;
966771;unknown;control;2023-06-04 22:30:00+00:00;0.084;;
966771;unknown;control;2023-06-04 22:45:00+00:00;0.084;;
966771;unknown;control;2023-06-04 23:00:00+00:00;0.092;;
966771;unknown;control;2023-06-04 23:15:00+00:00;0.082;;
966771;unknown;control;2023-06-04 23:30:00+00:00;1.354;;
966771;unknown;control;2023-06-04 23:45:00+00:00;1.309;;
966771;unknown;control;2023-06-05 00:00:00+00:00;0.385;;
966771;unknown;control;2023-06-05 00:15:00+00:00;0.088;;
966771;unknown;control;2023-06-05 00:30:00+00:00;0.089;;
966771;unknown;control;2023-06-05 00:45:00+00:00;0.082;;
966771;unknown;control;2023-06-05 01:00:00+00:00;0.089;;
966771;unknown;control;2023-06-05 01:15:00+00:00;0.09;;
966771;unknown;control;2023-06-05 01:30:00+00:00;0.082;;
966771;unknown;control;2023-06-05 01:45:00+00:00;0.09;;
966771;unknown;control;2023-06-05 02:00:00+00:00;0.09;;
966771;unknown;control;2023-06-05 02:15:00+00:00;0.082;;
966771;unknown;control;2023-06-05 02:30:00+00:00;0.091;;
966771;unknown;control;2023-06-05 02:45:00+00:00;0.086;;
966771;unknown;control;2023-06-05 03:00:00+00:00;0.083;;
966771;unknown;control;2023-06-05 03:15:00+00:00;0.089;;
966771;unknown;control;2023-06-05 03:30:00+00:00;0.087;;
966771;unknown;control;2023-06-05 03:45:00+00:00;0.084;;
966771;unknown;control;2023-06-05 04:00:00+00:00;0.089;;
966771;unknown;control;2023-06-05 04:15:00+00:00;0.086;;
966771;unknown;control;2023-06-05 04:30:00+00:00;0.086;;
966771;unknown;control;2023-06-05 04:45:00+00:00;0.089;;
966771;unknown;control;2023-06-05 05:00:00+00:00;0.085;;
966771;unknown;control;2023-06-05 05:15:00+00:00;0.086;;
966771;unknown;control;2023-06-05 05:30:00+00:00;0.088;;
966771;unknown;control;2023-06-05 05:45:00+00:00;0.085;;
966771;unknown;control;2023-06-05 06:00:00+00:00;0.086;;
966771;unknown;control;2023-06-05 06:15:00+00:00;0.089;;
966771;unknown;control;2023-06-05 06:30:00+00:00;0.085;;
966771;unknown;control;2023-06-05 06:45:00+00:00;0.087;;
966771;unknown;control;2023-06-05 07:00:00+00:00;0.09;;
966771;unknown;control;2023-06-05 07:15:00+00:00;0.083;;
966771;unknown;control;2023-06-05 07:30:00+00:00;0.086;;
966771;unknown;control;2023-06-05 07:45:00+00:00;0.09;;
966771;unknown;control;2023-06-05 08:00:00+00:00;0.083;;
966771;unknown;control;2023-06-05 08:15:00+00:00;0.086;;
966771;unknown;control;2023-06-05 08:30:00+00:00;0.091;;
966771;unknown;control;2023-06-05 08:45:00+00:00;0.082;;
966771;unknown;control;2023-06-05 09:00:00+00:00;0.088;;
966771;unknown;control;2023-06-05 09:15:00+00:00;0.089;;
966771;unknown;control;2023-06-05 09:30:00+00:00;0.081;;
966771;unknown;control;2023-06-05 09:45:00+00:00;0.09;;
966771;unknown;control;2023-06-05 10:00:00+00:00;0.088;;
966771;unknown;control;2023-06-05 10:15:00+00:00;0.082;;
966771;unknown;control;2023-06-05 10:30:00+00:00;0.091;;
966771;unknown;control;2023-06-05 10:45:00+00:00;0.093;;
966771;unknown;control;2023-06-05 11:00:00+00:00;0.088;;
966771;unknown;control;2023-06-05 11:15:00+00:00;0.091;;
966771;unknown;control;2023-06-05 11:30:00+00:00;0.142;;
966771;unknown;control;2023-06-05 11:45:00+00:00;0.106;;
966771;unknown;control;2023-06-05 12:00:00+00:00;0.103;;
966771;unknown;control;2023-06-05 12:15:00+00:00;0.097;;
966771;unknown;control;2023-06-05 12:30:00+00:00;0.097;;
966771;unknown;control;2023-06-05 12:45:00+00:00;0.089;;
966771;unknown;control;2023-06-05 13:00:00+00:00;0.084;;
966771;unknown;control;2023-06-05 13:15:00+00:00;0.093;;
966771;unknown;control;2023-06-05 13:30:00+00:00;0.089;;
966771;unknown;control;2023-06-05 13:45:00+00:00;0.081;;
966771;unknown;control;2023-06-05 14:00:00+00:00;0.093;;
966771;unknown;control;2023-06-05 14:15:00+00:00;0.087;;
966771;unknown;control;2023-06-05 14:30:00+00:00;0.082;;
966771;unknown;control;2023-06-05 14:45:00+00:00;0.094;;
966771;unknown;control;2023-06-05 15:00:00+00:00;0.085;;
966771;unknown;control;2023-06-05 15:15:00+00:00;0.083;;
966771;unknown;control;2023-06-05 15:30:00+00:00;0.093;;
966771;unknown;control;2023-06-05 15:45:00+00:00;0.082;;
966771;unknown;control;2023-06-05 16:00:00+00:00;0.086;;
966771;unknown;control;2023-06-05 16:15:00+00:00;0.092;;
966771;unknown;control;2023-06-05 16:30:00+00:00;0.08;;
966771;unknown;control;2023-06-05 16:45:00+00:00;0.088;;
966771;unknown;control;2023-06-05 17:00:00+00:00;0.091;;
966771;unknown;control;2023-06-05 17:15:00+00:00;0.078;;
966771;unknown;control;2023-06-05 17:30:00+00:00;0.09;;
966771;unknown;control;2023-06-05 17:45:00+00:00;0.091;;
966771;unknown;control;2023-06-05 18:00:00+00:00;0.087;;
966771;unknown;control;2023-06-05 18:15:00+00:00;0.093;;
966771;unknown;control;2023-06-05 18:30:00+00:00;0.084;;
966771;unknown;control;2023-06-05 18:45:00+00:00;0.079;;
966771;unknown;control;2023-06-05 19:00:00+00:00;0.099;;
966771;unknown;control;2023-06-05 19:15:00+00:00;0.094;;
966771;unknown;control;2023-06-05 19:30:00+00:00;0.098;;
966771;unknown;control;2023-06-05 19:45:00+00:00;0.106;;
966771;unknown;control;2023-06-05 20:00:00+00:00;0.086;;
966771;unknown;control;2023-06-05 20:15:00+00:00;0.082;;
966771;unknown;control;2023-06-05 20:30:00+00:00;0.092;;
966771;unknown;control;2023-06-05 20:45:00+00:00;0.087;;
966771;unknown;control;2023-06-05 21:00:00+00:00;0.085;;
966771;unknown;control;2023-06-05 21:15:00+00:00;0.092;;
966771;unknown;control;2023-06-05 21:30:00+00:00;0.083;;
966771;unknown;control;2023-06-05 21:45:00+00:00;0.086;;
966771;unknown;control;2023-06-05 22:00:00+00:00;0.092;;
966771;unknown;control;2023-06-05 22:15:00+00:00;0.081;;
966771;unknown;control;2023-06-05 22:30:00+00:00;0.091;;
966771;unknown;control;2023-06-05 22:45:00+00:00;0.09;;
966771;unknown;control;2023-06-05 23:00:00+00:00;0.08;;
966771;unknown;control;2023-06-05 23:15:00+00:00;0.093;;
966771;unknown;control;2023-06-05 23:30:00+00:00;1.36;;
966771;unknown;control;2023-06-05 23:45:00+00:00;1.3;;
966771;unknown;control;2023-06-06 00:00:00+00:00;0.428;;
966771;unknown;control;2023-06-06 00:15:00+00:00;0.084;;
966771;unknown;control;2023-06-06 00:30:00+00:00;0.08;;
966771;unknown;control;2023-06-06 00:45:00+00:00;0.094;;
966771;unknown;control;2023-06-06 01:00:00+00:00;0.083;;
966771;unknown;control;2023-06-06 01:15:00+00:00;0.086;;
966771;unknown;control;2023-06-06 01:30:00+00:00;0.095;;
966771;unknown;control;2023-06-06 01:45:00+00:00;0.083;;
966771;unknown;control;2023-06-06 02:00:00+00:00;0.088;;
966771;unknown;control;2023-06-06 02:15:00+00:00;0.092;;
966771;unknown;control;2023-06-06 02:30:00+00:00;0.078;;
966771;unknown;control;2023-06-06 02:45:00+00:00;0.09;;
966771;unknown;control;2023-06-06 03:00:00+00:00;0.089;;
966771;unknown;control;2023-06-06 03:15:00+00:00;0.078;;
966771;unknown;control;2023-06-06 03:30:00+00:00;0.094;;
966771;unknown;control;2023-06-06 03:45:00+00:00;0.087;;
966771;unknown;control;2023-06-06 04:00:00+00:00;0.08;;
966771;unknown;control;2023-06-06 04:15:00+00:00;0.092;;
966771;unknown;control;2023-06-06 04:30:00+00:00;0.084;;
966771;unknown;control;2023-06-06 04:45:00+00:00;0.082;;
966771;unknown;control;2023-06-06 05:00:00+00:00;0.094;;
966771;unknown;control;2023-06-06 05:15:00+00:00;0.083;;
966771;unknown;control;2023-06-06 05:30:00+00:00;0.084;;
966771;unknown;control;2023-06-06 05:45:00+00:00;0.093;;
966771;unknown;control;2023-06-06 06:00:00+00:00;0.081;;
966771;unknown;control;2023-06-06 06:15:00+00:00;0.085;;
966771;unknown;control;2023-06-06 06:30:00+00:00;0.093;;
966771;unknown;control;2023-06-06 06:45:00+00:00;0.08;;
966771;unknown;control;2023-06-06 07:00:00+00:00;0.088;;
966771;unknown;control;2023-06-06 07:15:00+00:00;0.091;;
966771;unknown;control;2023-06-06 07:30:00+00:00;0.079;;
966771;unknown;control;2023-06-06 07:45:00+00:00;0.091;;
966771;unknown;control;2023-06-06 08:00:00+00:00;0.089;;
966771;unknown;control;2023-06-06 08:15:00+00:00;0.08;;
966771;unknown;control;2023-06-06 08:30:00+00:00;0.094;;
966771;unknown;control;2023-06-06 08:45:00+00:00;0.085;;
966771;unknown;control;2023-06-06 09:00:00+00:00;0.083;;
966771;unknown;control;2023-06-06 09:15:00+00:00;0.093;;
966771;unknown;control;2023-06-06 09:30:00+00:00;0.083;;
966771;unknown;control;2023-06-06 09:45:00+00:00;0.085;;
966771;unknown;control;2023-06-06 10:00:00+00:00;0.093;;
966771;unknown;control;2023-06-06 10:15:00+00:00;0.082;;
966771;unknown;control;2023-06-06 10:30:00+00:00;0.087;;
966771;unknown;control;2023-06-06 10:45:00+00:00;0.092;;
966771;unknown;control;2023-06-06 11:00:00+00:00;0.079;;
966771;unknown;control;2023-06-06 11:15:00+00:00;0.09;;
966771;unknown;control;2023-06-06 11:30:00+00:00;0.091;;
966771;unknown;control;2023-06-06 11:45:00+00:00;0.079;;
966771;unknown;control;2023-06-06 12:00:00+00:00;0.091;;
966771;unknown;control;2023-06-06 12:15:00+00:00;0.089;;
966771;unknown;control;2023-06-06 12:30:00+00:00;0.081;;
966771;unknown;control;2023-06-06 12:45:00+00:00;0.092;;
966771;unknown;control;2023-06-06 13:00:00+00:00;0.087;;
966771;unknown;control;2023-06-06 13:15:00+00:00;0.083;;
966771;unknown;control;2023-06-06 13:30:00+00:00;0.093;;
966771;unknown;control;2023-06-06 13:45:00+00:00;0.084;;
966771;unknown;control;2023-06-06 14:00:00+00:00;0.085;;
966771;unknown;control;2023-06-06 14:15:00+00:00;0.092;;
966771;unknown;control;2023-06-06 14:30:00+00:00;0.081;;
966771;unknown;control;2023-06-06 14:45:00+00:00;0.087;;
966771;unknown;control;2023-06-06 15:00:00+00:00;0.091;;
966771;unknown;control;2023-06-06 15:15:00+00:00;0.081;;
966771;unknown;control;2023-06-06 15:30:00+00:00;0.087;;
966771;unknown;control;2023-06-06 15:45:00+00:00;0.09;;
966771;unknown;control;2023-06-06 16:00:00+00:00;0.081;;
966771;unknown;control;2023-06-06 16:15:00+00:00;0.089;;
966771;unknown;control;2023-06-06 16:30:00+00:00;0.088;;
966771;unknown;control;2023-06-06 16:45:00+00:00;0.08;;
966771;unknown;control;2023-06-06 17:00:00+00:00;0.091;;
966771;unknown;control;2023-06-06 17:15:00+00:00;0.086;;
966771;unknown;control;2023-06-06 17:30:00+00:00;0.081;;
966771;unknown;control;2023-06-06 17:45:00+00:00;0.096;;
966771;unknown;control;2023-06-06 18:00:00+00:00;0.083;;
966771;unknown;control;2023-06-06 18:15:00+00:00;0.083;;
966771;unknown;control;2023-06-06 18:30:00+00:00;0.095;;
966771;unknown;control;2023-06-06 18:45:00+00:00;0.092;;
966771;unknown;control;2023-06-06 19:00:00+00:00;0.092;;
966771;unknown;control;2023-06-06 19:15:00+00:00;0.1;;
966771;unknown;control;2023-06-06 19:30:00+00:00;0.093;;
966771;unknown;control;2023-06-06 19:45:00+00:00;0.094;;
966771;unknown;control;2023-06-06 20:00:00+00:00;0.09;;
966771;unknown;control;2023-06-06 20:15:00+00:00;0.087;;
966771;unknown;control;2023-06-06 20:30:00+00:00;0.089;;
966771;unknown;control;2023-06-06 20:45:00+00:00;0.088;;
966771;unknown;control;2023-06-06 21:00:00+00:00;0.08;;
966771;unknown;control;2023-06-06 21:15:00+00:00;0.09;;
966771;unknown;control;2023-06-06 21:30:00+00:00;0.089;;
966771;unknown;control;2023-06-06 21:45:00+00:00;0.08;;
966771;unknown;control;2023-06-06 22:00:00+00:00;0.092;;
966771;unknown;control;2023-06-06 22:15:00+00:00;0.086;;
966771;unknown;control;2023-06-06 22:30:00+00:00;0.082;;
966771;unknown;control;2023-06-06 22:45:00+00:00;0.092;;
966771;unknown;control;2023-06-06 23:00:00+00:00;0.084;;
966771;unknown;control;2023-06-06 23:15:00+00:00;0.085;;
966771;unknown;control;2023-06-06 23:30:00+00:00;1.361;;
966771;unknown;control;2023-06-06 23:45:00+00:00;1.3;;
966771;unknown;control;2023-06-07 00:00:00+00:00;0.335;;
966771;unknown;control;2023-06-07 00:15:00+00:00;0.089;;
966771;unknown;control;2023-06-07 00:30:00+00:00;0.082;;
966771;unknown;control;2023-06-07 00:45:00+00:00;0.087;;
966771;unknown;control;2023-06-07 01:00:00+00:00;0.091;;
966771;unknown;control;2023-06-07 01:15:00+00:00;0.084;;
966771;unknown;control;2023-06-07 01:30:00+00:00;0.09;;
966771;unknown;control;2023-06-07 01:45:00+00:00;0.091;;
966771;unknown;control;2023-06-07 02:00:00+00:00;0.081;;
966771;unknown;control;2023-06-07 02:15:00+00:00;0.089;;
966771;unknown;control;2023-06-07 02:30:00+00:00;0.086;;
966771;unknown;control;2023-06-07 02:45:00+00:00;0.083;;
966771;unknown;control;2023-06-07 03:00:00+00:00;0.089;;
966771;unknown;control;2023-06-07 03:15:00+00:00;0.086;;
966771;unknown;control;2023-06-07 03:30:00+00:00;0.083;;
966771;unknown;control;2023-06-07 03:45:00+00:00;0.089;;
966771;unknown;control;2023-06-07 04:00:00+00:00;0.086;;
966771;unknown;control;2023-06-07 04:15:00+00:00;0.087;;
966771;unknown;control;2023-06-07 04:30:00+00:00;0.089;;
966771;unknown;control;2023-06-07 04:45:00+00:00;0.086;;
966771;unknown;control;2023-06-07 05:00:00+00:00;0.085;;
966771;unknown;control;2023-06-07 05:15:00+00:00;0.088;;
966771;unknown;control;2023-06-07 05:30:00+00:00;0.085;;
966771;unknown;control;2023-06-07 05:45:00+00:00;0.086;;
966771;unknown;control;2023-06-07 06:00:00+00:00;0.087;;
966771;unknown;control;2023-06-07 06:15:00+00:00;0.085;;
966771;unknown;control;2023-06-07 06:30:00+00:00;0.086;;
966771;unknown;control;2023-06-07 06:45:00+00:00;0.089;;
966771;unknown;control;2023-06-07 07:00:00+00:00;0.085;;
966771;unknown;control;2023-06-07 07:15:00+00:00;0.086;;
966771;unknown;control;2023-06-07 07:30:00+00:00;0.09;;
966771;unknown;control;2023-06-07 07:45:00+00:00;0.083;;
966771;unknown;control;2023-06-07 08:00:00+00:00;0.088;;
966771;unknown;control;2023-06-07 08:15:00+00:00;0.088;;
966771;unknown;control;2023-06-07 08:30:00+00:00;0.083;;
966771;unknown;control;2023-06-07 08:45:00+00:00;0.087;;
966771;unknown;control;2023-06-07 09:00:00+00:00;0.088;;
966771;unknown;control;2023-06-07 09:15:00+00:00;0.083;;
966771;unknown;control;2023-06-07 09:30:00+00:00;0.087;;
966771;unknown;control;2023-06-07 09:45:00+00:00;0.089;;
966771;unknown;control;2023-06-07 10:00:00+00:00;0.082;;
966771;unknown;control;2023-06-07 10:15:00+00:00;0.089;;
966771;unknown;control;2023-06-07 10:30:00+00:00;0.087;;
966771;unknown;control;2023-06-07 10:45:00+00:00;0.084;;
966771;unknown;control;2023-06-07 11:00:00+00:00;0.09;;
966771;unknown;control;2023-06-07 11:15:00+00:00;0.085;;
966771;unknown;control;2023-06-07 11:30:00+00:00;0.083;;
966771;unknown;control;2023-06-07 11:45:00+00:00;0.091;;
966771;unknown;control;2023-06-07 12:00:00+00:00;0.084;;
966771;unknown;control;2023-06-07 12:15:00+00:00;0.084;;
966771;unknown;control;2023-06-07 12:30:00+00:00;0.092;;
966771;unknown;control;2023-06-07 12:45:00+00:00;0.082;;
966771;unknown;control;2023-06-07 13:00:00+00:00;0.085;;
966771;unknown;control;2023-06-07 13:15:00+00:00;0.092;;
966771;unknown;control;2023-06-07 13:30:00+00:00;0.081;;
966771;unknown;control;2023-06-07 13:45:00+00:00;0.087;;
966771;unknown;control;2023-06-07 14:00:00+00:00;0.09;;
966771;unknown;control;2023-06-07 14:15:00+00:00;0.08;;
966771;unknown;control;2023-06-07 14:30:00+00:00;0.091;;
966771;unknown;control;2023-06-07 14:45:00+00:00;0.11;;
966771;unknown;control;2023-06-07 15:00:00+00:00;0.099;;
966771;unknown;control;2023-06-07 15:15:00+00:00;0.105;;
966771;unknown;control;2023-06-07 15:30:00+00:00;0.11;;
966771;unknown;control;2023-06-07 15:45:00+00:00;0.134;;
966771;unknown;control;2023-06-07 16:00:00+00:00;0.145;;
966771;unknown;control;2023-06-07 16:15:00+00:00;0.139;;
966771;unknown;control;2023-06-07 16:30:00+00:00;0.122;;
966771;unknown;control;2023-06-07 16:45:00+00:00;0.115;;
966771;unknown;control;2023-06-07 17:00:00+00:00;0.101;;
966771;unknown;control;2023-06-07 17:15:00+00:00;0.098;;
966771;unknown;control;2023-06-07 17:30:00+00:00;0.101;;
966771;unknown;control;2023-06-07 17:45:00+00:00;0.106;;
966771;unknown;control;2023-06-07 18:00:00+00:00;0.096;;
966771;unknown;control;2023-06-07 18:15:00+00:00;0.096;;
966771;unknown;control;2023-06-07 18:30:00+00:00;0.087;;
966771;unknown;control;2023-06-07 18:45:00+00:00;0.095;;
966771;unknown;control;2023-06-07 19:00:00+00:00;0.123;;
966771;unknown;control;2023-06-07 19:15:00+00:00;0.114;;
966771;unknown;control;2023-06-07 19:30:00+00:00;0.098;;
966771;unknown;control;2023-06-07 19:45:00+00:00;0.118;;
966771;unknown;control;2023-06-07 20:00:00+00:00;0.102;;
966771;unknown;control;2023-06-07 20:15:00+00:00;0.099;;
966771;unknown;control;2023-06-07 20:30:00+00:00;0.128;;
966771;unknown;control;2023-06-07 20:45:00+00:00;0.107;;
966771;unknown;control;2023-06-07 21:00:00+00:00;0.101;;
966771;unknown;control;2023-06-07 21:15:00+00:00;0.102;;
966771;unknown;control;2023-06-07 21:30:00+00:00;0.091;;
966771;unknown;control;2023-06-07 21:45:00+00:00;0.095;;
966771;unknown;control;2023-06-07 22:00:00+00:00;0.1;;
966771;unknown;control;2023-06-07 22:15:00+00:00;0.09;;
966771;unknown;control;2023-06-07 22:30:00+00:00;0.099;;
966771;unknown;control;2023-06-07 22:45:00+00:00;0.095;;
966771;unknown;control;2023-06-07 23:00:00+00:00;0.091;;
966771;unknown;control;2023-06-07 23:15:00+00:00;0.1;;
966771;unknown;control;2023-06-07 23:30:00+00:00;1.365;;
966771;unknown;control;2023-06-07 23:45:00+00:00;1.307;;
966771;unknown;control;2023-06-08 00:00:00+00:00;0.419;;
966771;unknown;control;2023-06-08 00:15:00+00:00;0.094;;
966771;unknown;control;2023-06-08 00:30:00+00:00;0.086;;
966771;unknown;control;2023-06-08 00:45:00+00:00;0.098;;
966771;unknown;control;2023-06-08 01:00:00+00:00;0.094;;
966771;unknown;control;2023-06-08 01:15:00+00:00;0.091;;
966771;unknown;control;2023-06-08 01:30:00+00:00;0.096;;
966771;unknown;control;2023-06-08 01:45:00+00:00;0.094;;
966771;unknown;control;2023-06-08 02:00:00+00:00;0.095;;
966771;unknown;control;2023-06-08 02:15:00+00:00;0.107;;
966771;unknown;control;2023-06-08 02:30:00+00:00;0.09;;
966771;unknown;control;2023-06-08 02:45:00+00:00;0.098;;
966771;unknown;control;2023-06-08 03:00:00+00:00;0.108;;
966771;unknown;control;2023-06-08 03:15:00+00:00;0.095;;
966771;unknown;control;2023-06-08 03:30:00+00:00;0.433;;
966771;unknown;control;2023-06-08 03:45:00+00:00;0.122;;
966771;unknown;control;2023-06-08 04:00:00+00:00;0.118;;
966771;unknown;control;2023-06-08 04:15:00+00:00;0.138;;
966771;unknown;control;2023-06-08 04:30:00+00:00;0.109;;
966771;unknown;control;2023-06-08 04:45:00+00:00;0.551;;
966771;unknown;control;2023-06-08 05:00:00+00:00;0.239;;
966771;unknown;control;2023-06-08 05:15:00+00:00;0.135;;
966771;unknown;control;2023-06-08 05:30:00+00:00;0.118;;
966771;unknown;control;2023-06-08 05:45:00+00:00;0.166;;
966771;unknown;control;2023-06-08 06:00:00+00:00;0.535;;
966771;unknown;control;2023-06-08 06:15:00+00:00;0.123;;
966771;unknown;control;2023-06-08 06:30:00+00:00;0.127;;
966771;unknown;control;2023-06-08 06:45:00+00:00;0.132;;
966771;unknown;control;2023-06-08 07:00:00+00:00;0.111;;
966771;unknown;control;2023-06-08 07:15:00+00:00;0.177;;
966771;unknown;control;2023-06-08 07:30:00+00:00;0.092;;
966771;unknown;control;2023-06-08 07:45:00+00:00;0.089;;
966771;unknown;control;2023-06-08 08:00:00+00:00;0.089;;
966771;unknown;control;2023-06-08 08:15:00+00:00;0.085;;
966771;unknown;control;2023-06-08 08:30:00+00:00;0.09;;
966771;unknown;control;2023-06-08 08:45:00+00:00;0.087;;
966771;unknown;control;2023-06-08 09:00:00+00:00;0.292;;
966771;unknown;control;2023-06-08 09:15:00+00:00;0.397;;
966771;unknown;control;2023-06-08 09:30:00+00:00;0.135;;
966771;unknown;control;2023-06-08 09:45:00+00:00;0.096;;
966771;unknown;control;2023-06-08 10:00:00+00:00;0.098;;
966771;unknown;control;2023-06-08 10:15:00+00:00;0.088;;
966771;unknown;control;2023-06-08 10:30:00+00:00;0.091;;
966771;unknown;control;2023-06-08 10:45:00+00:00;0.092;;
966771;unknown;control;2023-06-08 11:00:00+00:00;0.088;;
966771;unknown;control;2023-06-08 11:15:00+00:00;0.082;;
966771;unknown;control;2023-06-08 11:30:00+00:00;0.092;;
966771;unknown;control;2023-06-08 11:45:00+00:00;0.089;;
966771;unknown;control;2023-06-08 12:00:00+00:00;0.08;;
966771;unknown;control;2023-06-08 12:15:00+00:00;0.094;;
966771;unknown;control;2023-06-08 12:30:00+00:00;0.089;;
966771;unknown;control;2023-06-08 12:45:00+00:00;0.082;;
966771;unknown;control;2023-06-08 13:00:00+00:00;0.092;;
966771;unknown;control;2023-06-08 13:15:00+00:00;0.088;;
966771;unknown;control;2023-06-08 13:30:00+00:00;0.094;;
966771;unknown;control;2023-06-08 13:45:00+00:00;0.093;;
966771;unknown;control;2023-06-08 14:00:00+00:00;0.086;;
966771;unknown;control;2023-06-08 14:15:00+00:00;0.086;;
966771;unknown;control;2023-06-08 14:30:00+00:00;0.091;;
966771;unknown;control;2023-06-08 14:45:00+00:00;0.085;;
966771;unknown;control;2023-06-08 15:00:00+00:00;0.091;;
966771;unknown;control;2023-06-08 15:15:00+00:00;0.093;;
966771;unknown;control;2023-06-08 15:30:00+00:00;0.089;;
966771;unknown;control;2023-06-08 15:45:00+00:00;0.091;;
966771;unknown;control;2023-06-08 16:00:00+00:00;0.114;;
966771;unknown;control;2023-06-08 16:15:00+00:00;0.143;;
966771;unknown;control;2023-06-08 16:30:00+00:00;0.146;;
966771;unknown;control;2023-06-08 16:45:00+00:00;0.145;;
966771;unknown;control;2023-06-08 17:00:00+00:00;0.102;;
966771;unknown;control;2023-06-08 17:15:00+00:00;0.099;;
966771;unknown;control;2023-06-08 17:30:00+00:00;0.086;;
966771;unknown;control;2023-06-08 17:45:00+00:00;0.091;;
966771;unknown;control;2023-06-08 18:00:00+00:00;0.095;;
966771;unknown;control;2023-06-08 18:15:00+00:00;0.089;;
966771;unknown;control;2023-06-08 18:30:00+00:00;0.09;;
966771;unknown;control;2023-06-08 18:45:00+00:00;0.095;;
966771;unknown;control;2023-06-08 19:00:00+00:00;0.1;;
966771;unknown;control;2023-06-08 19:15:00+00:00;0.104;;
966771;unknown;control;2023-06-08 19:30:00+00:00;0.118;;
966771;unknown;control;2023-06-08 19:45:00+00:00;0.127;;
966771;unknown;control;2023-06-08 20:00:00+00:00;0.091;;
966771;unknown;control;2023-06-08 20:15:00+00:00;0.09;;
966771;unknown;control;2023-06-08 20:30:00+00:00;0.079;;
966771;unknown;control;2023-06-08 20:45:00+00:00;0.087;;
966771;unknown;control;2023-06-08 21:00:00+00:00;0.09;;
966771;unknown;control;2023-06-08 21:15:00+00:00;0.087;;
966771;unknown;control;2023-06-08 21:30:00+00:00;0.097;;
966771;unknown;control;2023-06-08 21:45:00+00:00;0.091;;
966771;unknown;control;2023-06-08 22:00:00+00:00;0.084;;
966771;unknown;control;2023-06-08 22:15:00+00:00;0.092;;
966771;unknown;control;2023-06-08 22:30:00+00:00;0.089;;
966771;unknown;control;2023-06-08 22:45:00+00:00;0.088;;
966771;unknown;control;2023-06-08 23:00:00+00:00;0.092;;
966771;unknown;control;2023-06-08 23:15:00+00:00;0.084;;
966771;unknown;control;2023-06-08 23:30:00+00:00;1.347;;
966771;unknown;control;2023-06-08 23:45:00+00:00;1.311;;
966771;unknown;control;2023-06-09 00:00:00+00:00;1.29;;
966771;unknown;control;2023-06-09 00:15:00+00:00;1.305;;
966771;unknown;control;2023-06-09 00:30:00+00:00;1.326;;
966771;unknown;control;2023-06-09 00:45:00+00:00;0.232;;
966771;unknown;control;2023-06-09 01:00:00+00:00;0.088;;
966771;unknown;control;2023-06-09 01:15:00+00:00;0.102;;
966771;unknown;control;2023-06-09 01:30:00+00:00;0.086;;
966771;unknown;control;2023-06-09 01:45:00+00:00;0.095;;
966771;unknown;control;2023-06-09 02:00:00+00:00;0.087;;
966771;unknown;control;2023-06-09 02:15:00+00:00;0.082;;
966771;unknown;control;2023-06-09 02:30:00+00:00;0.096;;
966771;unknown;control;2023-06-09 02:45:00+00:00;0.088;;
966771;unknown;control;2023-06-09 03:00:00+00:00;0.085;;
966771;unknown;control;2023-06-09 03:15:00+00:00;0.09;;
966771;unknown;control;2023-06-09 03:30:00+00:00;0.086;;
966771;unknown;control;2023-06-09 03:45:00+00:00;0.089;;
966771;unknown;control;2023-06-09 04:00:00+00:00;0.089;;
966771;unknown;control;2023-06-09 04:15:00+00:00;0.092;;
966771;unknown;control;2023-06-09 04:30:00+00:00;0.09;;
966771;unknown;control;2023-06-09 04:45:00+00:00;0.1;;
966771;unknown;control;2023-06-09 05:00:00+00:00;0.093;;
966771;unknown;control;2023-06-09 05:15:00+00:00;0.096;;
966771;unknown;control;2023-06-09 05:30:00+00:00;0.098;;
966771;unknown;control;2023-06-09 05:45:00+00:00;0.079;;
966771;unknown;control;2023-06-09 06:00:00+00:00;0.09;;
966771;unknown;control;2023-06-09 06:15:00+00:00;0.089;;
966771;unknown;control;2023-06-09 06:30:00+00:00;0.086;;
966771;unknown;control;2023-06-09 06:45:00+00:00;0.093;;
966771;unknown;control;2023-06-09 07:00:00+00:00;0.086;;
966771;unknown;control;2023-06-09 07:15:00+00:00;0.102;;
966771;unknown;control;2023-06-09 07:30:00+00:00;0.107;;
966771;unknown;control;2023-06-09 07:45:00+00:00;0.116;;
966771;unknown;control;2023-06-09 08:00:00+00:00;0.09;;
966771;unknown;control;2023-06-09 08:15:00+00:00;0.099;;
966771;unknown;control;2023-06-09 08:30:00+00:00;0.092;;
966771;unknown;control;2023-06-09 08:45:00+00:00;0.092;;
966771;unknown;control;2023-06-09 09:00:00+00:00;0.101;;
966771;unknown;control;2023-06-09 09:15:00+00:00;0.487;;
966771;unknown;control;2023-06-09 09:30:00+00:00;0.097;;
966771;unknown;control;2023-06-09 09:45:00+00:00;0.102;;
966771;unknown;control;2023-06-09 10:00:00+00:00;0.113;;
966771;unknown;control;2023-06-09 10:15:00+00:00;0.095;;
966771;unknown;control;2023-06-09 10:30:00+00:00;0.314;;
966771;unknown;control;2023-06-09 10:45:00+00:00;0.488;;
966771;unknown;control;2023-06-09 11:00:00+00:00;0.135;;
966771;unknown;control;2023-06-09 11:15:00+00:00;0.165;;
966771;unknown;control;2023-06-09 11:30:00+00:00;0.422;;
966771;unknown;control;2023-06-09 11:45:00+00:00;0.097;;
966771;unknown;control;2023-06-09 12:00:00+00:00;0.102;;
966771;unknown;control;2023-06-09 12:15:00+00:00;0.093;;
966771;unknown;control;2023-06-09 12:30:00+00:00;0.101;;
966771;unknown;control;2023-06-09 12:45:00+00:00;0.094;;
966771;unknown;control;2023-06-09 13:00:00+00:00;0.096;;
966771;unknown;control;2023-06-09 13:15:00+00:00;0.109;;
966771;unknown;control;2023-06-09 13:30:00+00:00;0.107;;
966771;unknown;control;2023-06-09 13:45:00+00:00;0.096;;
966771;unknown;control;2023-06-09 14:00:00+00:00;0.108;;
966771;unknown;control;2023-06-09 14:15:00+00:00;0.105;;
966771;unknown;control;2023-06-09 14:30:00+00:00;0.101;;
966771;unknown;control;2023-06-09 14:45:00+00:00;0.105;;
966771;unknown;control;2023-06-09 15:00:00+00:00;0.103;;
966771;unknown;control;2023-06-09 15:15:00+00:00;0.103;;
966771;unknown;control;2023-06-09 15:30:00+00:00;0.109;;
966771;unknown;control;2023-06-09 15:45:00+00:00;0.09;;
966771;unknown;control;2023-06-09 16:00:00+00:00;0.092;;
966771;unknown;control;2023-06-09 16:15:00+00:00;0.097;;
966771;unknown;control;2023-06-09 16:30:00+00:00;0.108;;
966771;unknown;control;2023-06-09 16:45:00+00:00;0.09;;
966771;unknown;control;2023-06-09 17:00:00+00:00;0.099;;
966771;unknown;control;2023-06-09 17:15:00+00:00;0.091;;
966771;unknown;control;2023-06-09 17:30:00+00:00;0.089;;
966771;unknown;control;2023-06-09 17:45:00+00:00;0.096;;
966771;unknown;control;2023-06-09 18:00:00+00:00;0.094;;
966771;unknown;control;2023-06-09 18:15:00+00:00;0.13;;
966771;unknown;control;2023-06-09 18:30:00+00:00;0.106;;
966771;unknown;control;2023-06-09 18:45:00+00:00;0.096;;
966771;unknown;control;2023-06-09 19:00:00+00:00;0.128;;
966771;unknown;control;2023-06-09 19:15:00+00:00;0.146;;
966771;unknown;control;2023-06-09 19:30:00+00:00;0.136;;
966771;unknown;control;2023-06-09 19:45:00+00:00;0.145;;
966771;unknown;control;2023-06-09 20:00:00+00:00;0.133;;
966771;unknown;control;2023-06-09 20:15:00+00:00;0.127;;
966771;unknown;control;2023-06-09 20:30:00+00:00;0.13;;
966771;unknown;control;2023-06-09 20:45:00+00:00;0.108;;
966771;unknown;control;2023-06-09 21:00:00+00:00;0.084;;
966771;unknown;control;2023-06-09 21:15:00+00:00;0.092;;
966771;unknown;control;2023-06-09 21:30:00+00:00;0.086;;
966771;unknown;control;2023-06-09 21:45:00+00:00;0.086;;
966771;unknown;control;2023-06-09 22:00:00+00:00;0.091;;
966771;unknown;control;2023-06-09 22:15:00+00:00;0.092;;
966771;unknown;control;2023-06-09 22:30:00+00:00;0.093;;
966771;unknown;control;2023-06-09 22:45:00+00:00;0.098;;
966771;unknown;control;2023-06-09 23:00:00+00:00;0.084;;
966771;unknown;control;2023-06-09 23:15:00+00:00;0.091;;
966771;unknown;control;2023-06-09 23:30:00+00:00;1.369;;
966771;unknown;control;2023-06-09 23:45:00+00:00;1.305;;
966771;unknown;control;2023-06-10 00:00:00+00:00;1.314;;
966771;unknown;control;2023-06-10 00:15:00+00:00;0.859;;
966771;unknown;control;2023-06-10 00:30:00+00:00;0.085;;
966771;unknown;control;2023-06-10 00:45:00+00:00;0.091;;
966771;unknown;control;2023-06-10 01:00:00+00:00;0.092;;
966771;unknown;control;2023-06-10 01:15:00+00:00;0.087;;
966771;unknown;control;2023-06-10 01:30:00+00:00;0.094;;
966771;unknown;control;2023-06-10 01:45:00+00:00;0.091;;
966771;unknown;control;2023-06-10 02:00:00+00:00;0.09;;
966771;unknown;control;2023-06-10 02:15:00+00:00;0.099;;
966771;unknown;control;2023-06-10 02:30:00+00:00;0.09;;
966771;unknown;control;2023-06-10 02:45:00+00:00;0.103;;
966771;unknown;control;2023-06-10 03:00:00+00:00;0.097;;
966771;unknown;control;2023-06-10 03:15:00+00:00;0.089;;
966771;unknown;control;2023-06-10 03:30:00+00:00;0.084;;
966771;unknown;control;2023-06-10 03:45:00+00:00;0.096;;
966771;unknown;control;2023-06-10 04:00:00+00:00;0.09;;
966771;unknown;control;2023-06-10 04:15:00+00:00;0.087;;
966771;unknown;control;2023-06-10 04:30:00+00:00;0.095;;
966771;unknown;control;2023-06-10 04:45:00+00:00;0.097;;
966771;unknown;control;2023-06-10 05:00:00+00:00;0.092;;
966771;unknown;control;2023-06-10 05:15:00+00:00;0.093;;
966771;unknown;control;2023-06-10 05:30:00+00:00;0.104;;
966771;unknown;control;2023-06-10 05:45:00+00:00;0.094;;
966771;unknown;control;2023-06-10 06:00:00+00:00;0.089;;
966771;unknown;control;2023-06-10 06:15:00+00:00;0.085;;
966771;unknown;control;2023-06-10 06:30:00+00:00;0.093;;
966771;unknown;control;2023-06-10 06:45:00+00:00;0.105;;
966771;unknown;control;2023-06-10 07:00:00+00:00;0.134;;
966771;unknown;control;2023-06-10 07:15:00+00:00;0.215;;
966771;unknown;control;2023-06-10 07:30:00+00:00;0.098;;
966771;unknown;control;2023-06-10 07:45:00+00:00;0.088;;
966771;unknown;control;2023-06-10 08:00:00+00:00;0.2;;
966771;unknown;control;2023-06-10 08:15:00+00:00;0.097;;
966771;unknown;control;2023-06-10 08:30:00+00:00;0.1;;
966771;unknown;control;2023-06-10 08:45:00+00:00;0.101;;
966771;unknown;control;2023-06-10 09:00:00+00:00;0.134;;
966771;unknown;control;2023-06-10 09:15:00+00:00;0.111;;
966771;unknown;control;2023-06-10 09:30:00+00:00;0.11;;
966771;unknown;control;2023-06-10 09:45:00+00:00;0.114;;
966771;unknown;control;2023-06-10 10:00:00+00:00;0.1;;
966771;unknown;control;2023-06-10 10:15:00+00:00;0.12;;
966771;unknown;control;2023-06-10 10:30:00+00:00;0.106;;
966771;unknown;control;2023-06-10 10:45:00+00:00;0.11;;
966771;unknown;control;2023-06-10 11:00:00+00:00;0.106;;
966771;unknown;control;2023-06-10 11:15:00+00:00;0.102;;
966771;unknown;control;2023-06-10 11:30:00+00:00;0.129;;
966771;unknown;control;2023-06-10 11:45:00+00:00;0.135;;
966771;unknown;control;2023-06-10 12:00:00+00:00;0.18;;
966771;unknown;control;2023-06-10 12:15:00+00:00;0.126;;
966771;unknown;control;2023-06-10 12:30:00+00:00;0.105;;
966771;unknown;control;2023-06-10 12:45:00+00:00;0.104;;
966771;unknown;control;2023-06-10 13:00:00+00:00;0.114;;
966771;unknown;control;2023-06-10 13:15:00+00:00;0.117;;
966771;unknown;control;2023-06-10 13:30:00+00:00;0.119;;
966771;unknown;control;2023-06-10 13:45:00+00:00;0.144;;
966771;unknown;control;2023-06-10 14:00:00+00:00;0.117;;
966771;unknown;control;2023-06-10 14:15:00+00:00;0.095;;
966771;unknown;control;2023-06-10 14:30:00+00:00;0.091;;
966771;unknown;control;2023-06-10 14:45:00+00:00;0.1;;
966771;unknown;control;2023-06-10 15:00:00+00:00;0.09;;
966771;unknown;control;2023-06-10 15:15:00+00:00;0.09;;
966771;unknown;control;2023-06-10 15:30:00+00:00;0.101;;
966771;unknown;control;2023-06-10 15:45:00+00:00;0.09;;
966771;unknown;control;2023-06-10 16:00:00+00:00;0.094;;
966771;unknown;control;2023-06-10 16:15:00+00:00;0.099;;
966771;unknown;control;2023-06-10 16:30:00+00:00;0.085;;
966771;unknown;control;2023-06-10 16:45:00+00:00;0.096;;
966771;unknown;control;2023-06-10 17:00:00+00:00;0.098;;
966771;unknown;control;2023-06-10 17:15:00+00:00;0.085;;
966771;unknown;control;2023-06-10 17:30:00+00:00;0.098;;
966771;unknown;control;2023-06-10 17:45:00+00:00;0.097;;
966771;unknown;control;2023-06-10 18:00:00+00:00;0.085;;
966771;unknown;control;2023-06-10 18:15:00+00:00;0.101;;
966771;unknown;control;2023-06-10 18:30:00+00:00;0.094;;
966771;unknown;control;2023-06-10 18:45:00+00:00;0.088;;
966771;unknown;control;2023-06-10 19:00:00+00:00;0.113;;
966771;unknown;control;2023-06-10 19:15:00+00:00;0.103;;
966771;unknown;control;2023-06-10 19:30:00+00:00;0.098;;
966771;unknown;control;2023-06-10 19:45:00+00:00;0.107;;
966771;unknown;control;2023-06-10 20:00:00+00:00;0.084;;
966771;unknown;control;2023-06-10 20:15:00+00:00;0.089;;
966771;unknown;control;2023-06-10 20:30:00+00:00;0.093;;
966771;unknown;control;2023-06-10 20:45:00+00:00;0.084;;
966771;unknown;control;2023-06-10 21:00:00+00:00;0.09;;
966771;unknown;control;2023-06-10 21:15:00+00:00;0.1;;
966771;unknown;control;2023-06-10 21:30:00+00:00;0.086;;
966771;unknown;control;2023-06-10 21:45:00+00:00;0.086;;
966771;unknown;control;2023-06-10 22:00:00+00:00;0.114;;
966771;unknown;control;2023-06-10 22:15:00+00:00;0.083;;
966771;unknown;control;2023-06-10 22:30:00+00:00;0.087;;
966771;unknown;control;2023-06-10 22:45:00+00:00;0.09;;
966771;unknown;control;2023-06-10 23:00:00+00:00;0.099;;
966771;unknown;control;2023-06-10 23:15:00+00:00;0.096;;
966771;unknown;control;2023-06-10 23:30:00+00:00;1.372;;
966771;unknown;control;2023-06-10 23:45:00+00:00;1.306;;
966771;unknown;control;2023-06-11 00:00:00+00:00;1.312;;
966771;unknown;control;2023-06-11 00:15:00+00:00;1.329;;
966771;unknown;control;2023-06-11 00:30:00+00:00;0.777;;
966771;unknown;control;2023-06-11 00:45:00+00:00;0.092;;
966771;unknown;control;2023-06-11 01:00:00+00:00;0.092;;
966771;unknown;control;2023-06-11 01:15:00+00:00;0.089;;
966771;unknown;control;2023-06-11 01:30:00+00:00;0.095;;
966771;unknown;control;2023-06-11 01:45:00+00:00;0.086;;
966771;unknown;control;2023-06-11 02:00:00+00:00;0.088;;
966771;unknown;control;2023-06-11 02:15:00+00:00;0.096;;
966771;unknown;control;2023-06-11 02:30:00+00:00;0.088;;
966771;unknown;control;2023-06-11 02:45:00+00:00;0.086;;
966771;unknown;control;2023-06-11 03:00:00+00:00;0.096;;
966771;unknown;control;2023-06-11 03:15:00+00:00;0.087;;
966771;unknown;control;2023-06-11 03:30:00+00:00;0.085;;
966771;unknown;control;2023-06-11 03:45:00+00:00;0.097;;
966771;unknown;control;2023-06-11 04:00:00+00:00;0.085;;
966771;unknown;control;2023-06-11 04:15:00+00:00;0.088;;
966771;unknown;control;2023-06-11 04:30:00+00:00;0.097;;
966771;unknown;control;2023-06-11 04:45:00+00:00;0.085;;
966771;unknown;control;2023-06-11 05:00:00+00:00;0.089;;
966771;unknown;control;2023-06-11 05:15:00+00:00;0.097;;
966771;unknown;control;2023-06-11 05:30:00+00:00;0.093;;
966771;unknown;control;2023-06-11 05:45:00+00:00;0.097;;
966771;unknown;control;2023-06-11 06:00:00+00:00;0.196;;
966771;unknown;control;2023-06-11 06:15:00+00:00;0.085;;
966771;unknown;control;2023-06-11 06:30:00+00:00;0.088;;
966771;unknown;control;2023-06-11 06:45:00+00:00;0.32;;
966771;unknown;control;2023-06-11 07:00:00+00:00;0.257;;
966771;unknown;control;2023-06-11 07:15:00+00:00;0.152;;
966771;unknown;control;2023-06-11 07:30:00+00:00;0.101;;
966771;unknown;control;2023-06-11 07:45:00+00:00;0.119;;
966771;unknown;control;2023-06-11 08:00:00+00:00;0.25;;
966771;unknown;control;2023-06-11 08:15:00+00:00;0.141;;
966771;unknown;control;2023-06-11 08:30:00+00:00;0.103;;
966771;unknown;control;2023-06-11 08:45:00+00:00;0.113;;
966771;unknown;control;2023-06-11 09:00:00+00:00;0.1;;
966771;unknown;control;2023-06-11 09:15:00+00:00;0.106;;
966771;unknown;control;2023-06-11 09:30:00+00:00;0.433;;
966771;unknown;control;2023-06-11 09:45:00+00:00;0.295;;
966771;unknown;control;2023-06-11 10:00:00+00:00;0.952;;
966771;unknown;control;2023-06-11 10:15:00+00:00;0.441;;
966771;unknown;control;2023-06-11 10:30:00+00:00;0.151;;
966771;unknown;control;2023-06-11 10:45:00+00:00;0.152;;
966771;unknown;control;2023-06-11 11:00:00+00:00;0.148;;
966771;unknown;control;2023-06-11 11:15:00+00:00;0.125;;
966771;unknown;control;2023-06-11 11:30:00+00:00;0.258;;
966771;unknown;control;2023-06-11 11:45:00+00:00;0.291;;
966771;unknown;control;2023-06-11 12:00:00+00:00;0.325;;
966771;unknown;control;2023-06-11 12:15:00+00:00;0.306;;
966771;unknown;control;2023-06-11 12:30:00+00:00;0.281;;
966771;unknown;control;2023-06-11 12:45:00+00:00;0.15;;
966771;unknown;control;2023-06-11 13:00:00+00:00;0.131;;
966771;unknown;control;2023-06-11 13:15:00+00:00;0.127;;
966771;unknown;control;2023-06-11 13:30:00+00:00;0.133;;
966771;unknown;control;2023-06-11 13:45:00+00:00;0.193;;
966771;unknown;control;2023-06-11 14:00:00+00:00;0.178;;
966771;unknown;control;2023-06-11 14:15:00+00:00;0.486;;
966771;unknown;control;2023-06-11 14:30:00+00:00;0.474;;
966771;unknown;control;2023-06-11 14:45:00+00:00;0.427;;
966771;unknown;control;2023-06-11 15:00:00+00:00;0.495;;
966771;unknown;control;2023-06-11 15:15:00+00:00;0.36;;
966771;unknown;control;2023-06-11 15:30:00+00:00;0.233;;
966771;unknown;control;2023-06-11 15:45:00+00:00;0.128;;
966771;unknown;control;2023-06-11 16:00:00+00:00;0.12;;
966771;unknown;control;2023-06-11 16:15:00+00:00;0.117;;
966771;unknown;control;2023-06-11 16:30:00+00:00;0.118;;
966771;unknown;control;2023-06-11 16:45:00+00:00;0.106;;
966771;unknown;control;2023-06-11 17:00:00+00:00;0.114;;
966771;unknown;control;2023-06-11 17:15:00+00:00;0.128;;
966771;unknown;control;2023-06-11 17:30:00+00:00;0.106;;
966771;unknown;control;2023-06-11 17:45:00+00:00;0.146;;
966771;unknown;control;2023-06-11 18:00:00+00:00;0.136;;
966771;unknown;control;2023-06-11 18:15:00+00:00;0.104;;
966771;unknown;control;2023-06-11 18:30:00+00:00;0.116;;
966771;unknown;control;2023-06-11 18:45:00+00:00;0.137;;
966771;unknown;control;2023-06-11 19:00:00+00:00;0.163;;
966771;unknown;control;2023-06-11 19:15:00+00:00;0.117;;
966771;unknown;control;2023-06-11 19:30:00+00:00;0.106;;
966771;unknown;control;2023-06-11 19:45:00+00:00;0.114;;
966771;unknown;control;2023-06-11 20:00:00+00:00;0.099;;
966771;unknown;control;2023-06-11 20:15:00+00:00;0.094;;
966771;unknown;control;2023-06-11 20:30:00+00:00;0.101;;
966771;unknown;control;2023-06-11 20:45:00+00:00;0.087;;
966771;unknown;control;2023-06-11 21:00:00+00:00;0.089;;
966771;unknown;control;2023-06-11 21:15:00+00:00;0.092;;
966771;unknown;control;2023-06-11 21:30:00+00:00;0.088;;
966771;unknown;control;2023-06-11 21:45:00+00:00;0.133;;
966771;unknown;control;2023-06-11 22:00:00+00:00;0.109;;
966771;unknown;control;2023-06-11 22:15:00+00:00;0.106;;
966771;unknown;control;2023-06-11 22:30:00+00:00;0.104;;
966771;unknown;control;2023-06-11 22:45:00+00:00;0.094;;
966771;unknown;control;2023-06-11 23:00:00+00:00;0.091;;
966771;unknown;control;2023-06-11 23:15:00+00:00;0.078;;
966771;unknown;control;2023-06-11 23:30:00+00:00;1.35;;
966771;unknown;control;2023-06-11 23:45:00+00:00;1.302;;
966771;unknown;control;2023-06-12 00:00:00+00:00;1.293;;
966771;unknown;control;2023-06-12 00:15:00+00:00;1.321;;
966771;unknown;control;2023-06-12 00:30:00+00:00;1.345;;
966771;unknown;control;2023-06-12 00:45:00+00:00;0.424;;
966771;unknown;control;2023-06-12 01:00:00+00:00;0.092;;
966771;unknown;control;2023-06-12 01:15:00+00:00;0.088;;
966771;unknown;control;2023-06-12 01:30:00+00:00;0.081;;
966771;unknown;control;2023-06-12 01:45:00+00:00;0.093;;
966771;unknown;control;2023-06-12 02:00:00+00:00;0.09;;
966771;unknown;control;2023-06-12 02:15:00+00:00;0.081;;
966771;unknown;control;2023-06-12 02:30:00+00:00;0.095;;
966771;unknown;control;2023-06-12 02:45:00+00:00;0.093;;
966771;unknown;control;2023-06-12 03:00:00+00:00;0.082;;
966771;unknown;control;2023-06-12 03:15:00+00:00;0.093;;
966771;unknown;control;2023-06-12 03:30:00+00:00;0.089;;
966771;unknown;control;2023-06-12 03:45:00+00:00;0.081;;
966771;unknown;control;2023-06-12 04:00:00+00:00;0.091;;
966771;unknown;control;2023-06-12 04:15:00+00:00;0.101;;
966771;unknown;control;2023-06-12 04:30:00+00:00;0.086;;
966771;unknown;control;2023-06-12 04:45:00+00:00;0.105;;
966771;unknown;control;2023-06-12 05:00:00+00:00;0.098;;
966771;unknown;control;2023-06-12 05:15:00+00:00;0.102;;
966771;unknown;control;2023-06-12 05:30:00+00:00;0.089;;
966771;unknown;control;2023-06-12 05:45:00+00:00;0.085;;
966771;unknown;control;2023-06-12 06:00:00+00:00;0.1;;
966771;unknown;control;2023-06-12 06:15:00+00:00;0.09;;
966771;unknown;control;2023-06-12 06:30:00+00:00;0.087;;
966771;unknown;control;2023-06-12 06:45:00+00:00;0.09;;
966771;unknown;control;2023-06-12 07:00:00+00:00;0.093;;
966771;unknown;control;2023-06-12 07:15:00+00:00;0.083;;
966771;unknown;control;2023-06-12 07:30:00+00:00;0.096;;
966771;unknown;control;2023-06-12 07:45:00+00:00;0.096;;
966771;unknown;control;2023-06-12 08:00:00+00:00;0.087;;
966771;unknown;control;2023-06-12 08:15:00+00:00;0.093;;
966771;unknown;control;2023-06-12 08:30:00+00:00;0.091;;
966771;unknown;control;2023-06-12 08:45:00+00:00;0.09;;
966771;unknown;control;2023-06-12 09:00:00+00:00;0.098;;
966771;unknown;control;2023-06-12 09:15:00+00:00;0.09;;
966771;unknown;control;2023-06-12 09:30:00+00:00;0.086;;
966771;unknown;control;2023-06-12 09:45:00+00:00;0.099;;
966771;unknown;control;2023-06-12 10:00:00+00:00;0.092;;
966771;unknown;control;2023-06-12 10:15:00+00:00;0.091;;
966771;unknown;control;2023-06-12 10:30:00+00:00;0.094;;
966771;unknown;control;2023-06-12 10:45:00+00:00;0.088;;
966771;unknown;control;2023-06-12 11:00:00+00:00;0.102;;
966771;unknown;control;2023-06-12 11:15:00+00:00;0.098;;
966771;unknown;control;2023-06-12 11:30:00+00:00;0.085;;
966771;unknown;control;2023-06-12 11:45:00+00:00;0.091;;
966771;unknown;control;2023-06-12 12:00:00+00:00;0.097;;
966771;unknown;control;2023-06-12 12:15:00+00:00;0.089;;
966771;unknown;control;2023-06-12 12:30:00+00:00;0.097;;
966771;unknown;control;2023-06-12 12:45:00+00:00;0.45;;
966771;unknown;control;2023-06-12 13:00:00+00:00;0.371;;
966771;unknown;control;2023-06-12 13:15:00+00:00;0.461;;
966771;unknown;control;2023-06-12 13:30:00+00:00;0.242;;
966771;unknown;control;2023-06-12 13:45:00+00:00;0.225;;
966771;unknown;control;2023-06-12 14:00:00+00:00;0.163;;
966771;unknown;control;2023-06-12 14:15:00+00:00;0.093;;
966771;unknown;control;2023-06-12 14:30:00+00:00;0.091;;
966771;unknown;control;2023-06-12 14:45:00+00:00;0.095;;
966771;unknown;control;2023-06-12 15:00:00+00:00;0.096;;
966771;unknown;control;2023-06-12 15:15:00+00:00;0.094;;
966771;unknown;control;2023-06-12 15:30:00+00:00;0.101;;
966771;unknown;control;2023-06-12 15:45:00+00:00;0.088;;
966771;unknown;control;2023-06-12 16:00:00+00:00;0.099;;
966771;unknown;control;2023-06-12 16:15:00+00:00;0.097;;
966771;unknown;control;2023-06-12 16:30:00+00:00;0.086;;
966771;unknown;control;2023-06-12 16:45:00+00:00;0.089;;
966771;unknown;control;2023-06-12 17:00:00+00:00;0.095;;
966771;unknown;control;2023-06-12 17:15:00+00:00;0.087;;
966771;unknown;control;2023-06-12 17:30:00+00:00;0.095;;
966771;unknown;control;2023-06-12 17:45:00+00:00;0.09;;
966771;unknown;control;2023-06-12 18:00:00+00:00;0.086;;
966771;unknown;control;2023-06-12 18:15:00+00:00;0.098;;
966771;unknown;control;2023-06-12 18:30:00+00:00;0.097;;
966771;unknown;control;2023-06-12 18:45:00+00:00;0.147;;
966771;unknown;control;2023-06-12 19:00:00+00:00;0.168;;
966771;unknown;control;2023-06-12 19:15:00+00:00;0.162;;
966771;unknown;control;2023-06-12 19:30:00+00:00;0.156;;
966771;unknown;control;2023-06-12 19:45:00+00:00;0.131;;
966771;unknown;control;2023-06-12 20:00:00+00:00;0.107;;
966771;unknown;control;2023-06-12 20:15:00+00:00;0.09;;
966771;unknown;control;2023-06-12 20:30:00+00:00;0.091;;
966771;unknown;control;2023-06-12 20:45:00+00:00;0.084;;
966771;unknown;control;2023-06-12 21:00:00+00:00;0.093;;
966771;unknown;control;2023-06-12 21:15:00+00:00;0.092;;
966771;unknown;control;2023-06-12 21:30:00+00:00;0.079;;
966771;unknown;control;2023-06-12 21:45:00+00:00;0.091;;
966771;unknown;control;2023-06-12 22:00:00+00:00;0.093;;
966771;unknown;control;2023-06-12 22:15:00+00:00;0.078;;
966771;unknown;control;2023-06-12 22:30:00+00:00;0.09;;
966771;unknown;control;2023-06-12 22:45:00+00:00;0.092;;
966771;unknown;control;2023-06-12 23:00:00+00:00;0.082;;
966771;unknown;control;2023-06-12 23:15:00+00:00;0.089;;
966771;unknown;control;2023-06-12 23:30:00+00:00;1.357;;
966771;unknown;control;2023-06-12 23:45:00+00:00;1.308;;
966771;unknown;control;2023-06-13 00:00:00+00:00;1.306;;
966771;unknown;control;2023-06-13 00:15:00+00:00;1.327;;
966771;unknown;control;2023-06-13 00:30:00+00:00;0.357;;
966771;unknown;control;2023-06-13 00:45:00+00:00;0.091;;
966771;unknown;control;2023-06-13 01:00:00+00:00;0.084;;
966771;unknown;control;2023-06-13 01:15:00+00:00;0.084;;
966771;unknown;control;2023-06-13 01:30:00+00:00;0.094;;
966771;unknown;control;2023-06-13 01:45:00+00:00;0.09;;
966771;unknown;control;2023-06-13 02:00:00+00:00;0.092;;
966771;unknown;control;2023-06-13 02:15:00+00:00;0.09;;
966771;unknown;control;2023-06-13 02:30:00+00:00;0.082;;
966771;unknown;control;2023-06-13 02:45:00+00:00;0.094;;
966771;unknown;control;2023-06-13 03:00:00+00:00;0.105;;
966771;unknown;control;2023-06-13 03:15:00+00:00;0.079;;
966771;unknown;control;2023-06-13 03:30:00+00:00;0.091;;
966771;unknown;control;2023-06-13 03:45:00+00:00;0.092;;
966771;unknown;control;2023-06-13 04:00:00+00:00;0.08;;
966771;unknown;control;2023-06-13 04:15:00+00:00;0.092;;
966771;unknown;control;2023-06-13 04:30:00+00:00;0.098;;
966771;unknown;control;2023-06-13 04:45:00+00:00;0.085;;
966771;unknown;control;2023-06-13 05:00:00+00:00;0.087;;
966771;unknown;control;2023-06-13 05:15:00+00:00;0.127;;
966771;unknown;control;2023-06-13 05:30:00+00:00;0.108;;
966771;unknown;control;2023-06-13 05:45:00+00:00;0.105;;
966771;unknown;control;2023-06-13 06:00:00+00:00;0.102;;
966771;unknown;control;2023-06-13 06:15:00+00:00;0.098;;
966771;unknown;control;2023-06-13 06:30:00+00:00;0.108;;
966771;unknown;control;2023-06-13 06:45:00+00:00;0.086;;
966771;unknown;control;2023-06-13 07:00:00+00:00;0.096;;
966771;unknown;control;2023-06-13 07:15:00+00:00;0.096;;
966771;unknown;control;2023-06-13 07:30:00+00:00;0.085;;
966771;unknown;control;2023-06-13 07:45:00+00:00;0.096;;
966771;unknown;control;2023-06-13 08:00:00+00:00;0.096;;
966771;unknown;control;2023-06-13 08:15:00+00:00;0.085;;
966771;unknown;control;2023-06-13 08:30:00+00:00;0.111;;
966771;unknown;control;2023-06-13 08:45:00+00:00;0.101;;
966771;unknown;control;2023-06-13 09:00:00+00:00;0.089;;
966771;unknown;control;2023-06-13 09:15:00+00:00;0.172;;
966771;unknown;control;2023-06-13 09:30:00+00:00;0.101;;
966771;unknown;control;2023-06-13 09:45:00+00:00;0.092;;
966771;unknown;control;2023-06-13 10:00:00+00:00;0.097;;
966771;unknown;control;2023-06-13 10:15:00+00:00;0.096;;
966771;unknown;control;2023-06-13 10:30:00+00:00;0.093;;
966771;unknown;control;2023-06-13 10:45:00+00:00;0.099;;
966771;unknown;control;2023-06-13 11:00:00+00:00;0.086;;
966771;unknown;control;2023-06-13 11:15:00+00:00;0.091;;
966771;unknown;control;2023-06-13 11:30:00+00:00;0.106;;
966771;unknown;control;2023-06-13 11:45:00+00:00;0.085;;
966771;unknown;control;2023-06-13 12:00:00+00:00;0.093;;
966771;unknown;control;2023-06-13 12:15:00+00:00;0.098;;
966771;unknown;control;2023-06-13 12:30:00+00:00;0.085;;
966771;unknown;control;2023-06-13 12:45:00+00:00;0.095;;
966771;unknown;control;2023-06-13 13:00:00+00:00;0.098;;
966771;unknown;control;2023-06-13 13:15:00+00:00;0.084;;
966771;unknown;control;2023-06-13 13:30:00+00:00;0.096;;
966771;unknown;control;2023-06-13 13:45:00+00:00;0.097;;
966771;unknown;control;2023-06-13 14:00:00+00:00;0.083;;
966771;unknown;control;2023-06-13 14:15:00+00:00;0.096;;
966771;unknown;control;2023-06-13 14:30:00+00:00;0.106;;
966771;unknown;control;2023-06-13 14:45:00+00:00;0.085;;
966771;unknown;control;2023-06-13 15:00:00+00:00;0.243;;
966771;unknown;control;2023-06-13 15:15:00+00:00;0.15;;
966771;unknown;control;2023-06-13 15:30:00+00:00;0.092;;
966771;unknown;control;2023-06-13 15:45:00+00:00;0.097;;
966771;unknown;control;2023-06-13 16:00:00+00:00;0.086;;
966771;unknown;control;2023-06-13 16:15:00+00:00;0.088;;
966771;unknown;control;2023-06-13 16:30:00+00:00;0.098;;
966771;unknown;control;2023-06-13 16:45:00+00:00;0.09;;
966771;unknown;control;2023-06-13 17:00:00+00:00;0.089;;
966771;unknown;control;2023-06-13 17:15:00+00:00;0.099;;
966771;unknown;control;2023-06-13 17:30:00+00:00;0.114;;
966771;unknown;control;2023-06-13 17:45:00+00:00;0.122;;
966771;unknown;control;2023-06-13 18:00:00+00:00;0.155;;
966771;unknown;control;2023-06-13 18:15:00+00:00;0.137;;
966771;unknown;control;2023-06-13 18:30:00+00:00;0.138;;
966771;unknown;control;2023-06-13 18:45:00+00:00;0.134;;
966771;unknown;control;2023-06-13 19:00:00+00:00;0.139;;
966771;unknown;control;2023-06-13 19:15:00+00:00;0.151;;
966771;unknown;control;2023-06-13 19:30:00+00:00;0.138;;
966771;unknown;control;2023-06-13 19:45:00+00:00;0.134;;
966771;unknown;control;2023-06-13 20:00:00+00:00;0.134;;
966771;unknown;control;2023-06-13 20:15:00+00:00;0.121;;
966771;unknown;control;2023-06-13 20:30:00+00:00;0.089;;
966771;unknown;control;2023-06-13 20:45:00+00:00;0.103;;
966771;unknown;control;2023-06-13 21:00:00+00:00;0.094;;
966771;unknown;control;2023-06-13 21:15:00+00:00;0.089;;
966771;unknown;control;2023-06-13 21:30:00+00:00;0.097;;
966771;unknown;control;2023-06-13 21:45:00+00:00;0.094;;
966771;unknown;control;2023-06-13 22:00:00+00:00;0.092;;
966771;unknown;control;2023-06-13 22:15:00+00:00;0.099;;
966771;unknown;control;2023-06-13 22:30:00+00:00;0.093;;
966771;unknown;control;2023-06-13 22:45:00+00:00;0.095;;
966771;unknown;control;2023-06-13 23:00:00+00:00;0.096;;
966771;unknown;control;2023-06-13 23:15:00+00:00;0.09;;
966771;unknown;control;2023-06-13 23:30:00+00:00;1.362;;
966771;unknown;control;2023-06-13 23:45:00+00:00;1.311;;
966771;unknown;control;2023-06-14 00:00:00+00:00;1.319;;
966771;unknown;control;2023-06-14 00:15:00+00:00;1.274;;
966771;unknown;control;2023-06-14 00:30:00+00:00;0.092;;
966771;unknown;control;2023-06-14 00:45:00+00:00;0.092;;
966771;unknown;control;2023-06-14 01:00:00+00:00;0.105;;
966771;unknown;control;2023-06-14 01:15:00+00:00;0.093;;
966771;unknown;control;2023-06-14 01:30:00+00:00;0.087;;
966771;unknown;control;2023-06-14 01:45:00+00:00;0.097;;
966771;unknown;control;2023-06-14 02:00:00+00:00;0.092;;
966771;unknown;control;2023-06-14 02:15:00+00:00;0.092;;
966771;unknown;control;2023-06-14 02:30:00+00:00;0.094;;
966771;unknown;control;2023-06-14 02:45:00+00:00;0.103;;
966771;unknown;control;2023-06-14 03:00:00+00:00;0.095;;
966771;unknown;control;2023-06-14 03:15:00+00:00;0.098;;
966771;unknown;control;2023-06-14 03:30:00+00:00;0.087;;
966771;unknown;control;2023-06-14 03:45:00+00:00;0.093;;
966771;unknown;control;2023-06-14 04:00:00+00:00;0.099;;
966771;unknown;control;2023-06-14 04:15:00+00:00;0.086;;
966771;unknown;control;2023-06-14 04:30:00+00:00;0.09;;
966771;unknown;control;2023-06-14 04:45:00+00:00;0.113;;
966771;unknown;control;2023-06-14 05:00:00+00:00;0.102;;
966771;unknown;control;2023-06-14 05:15:00+00:00;0.093;;
966771;unknown;control;2023-06-14 05:30:00+00:00;0.096;;
966771;unknown;control;2023-06-14 05:45:00+00:00;0.117;;
966771;unknown;control;2023-06-14 06:00:00+00:00;0.114;;
966771;unknown;control;2023-06-14 06:15:00+00:00;0.097;;
966771;unknown;control;2023-06-14 06:30:00+00:00;0.091;;
966771;unknown;control;2023-06-14 06:45:00+00:00;0.102;;
966771;unknown;control;2023-06-14 07:00:00+00:00;0.093;;
966771;unknown;control;2023-06-14 07:15:00+00:00;0.092;;
966771;unknown;control;2023-06-14 07:30:00+00:00;0.412;;
966771;unknown;control;2023-06-14 07:45:00+00:00;0.119;;
966771;unknown;control;2023-06-14 08:00:00+00:00;0.125;;
966771;unknown;control;2023-06-14 08:15:00+00:00;0.148;;
966771;unknown;control;2023-06-14 08:30:00+00:00;0.101;;
966771;unknown;control;2023-06-14 08:45:00+00:00;0.19;;
966771;unknown;control;2023-06-14 09:00:00+00:00;0.411;;
966771;unknown;control;2023-06-14 09:15:00+00:00;0.096;;
966771;unknown;control;2023-06-14 09:30:00+00:00;0.11;;
966771;unknown;control;2023-06-14 09:45:00+00:00;0.102;;
966771;unknown;control;2023-06-14 10:00:00+00:00;0.095;;
966771;unknown;control;2023-06-14 10:15:00+00:00;0.101;;
966771;unknown;control;2023-06-14 10:30:00+00:00;0.104;;
966771;unknown;control;2023-06-14 10:45:00+00:00;0.454;;
966771;unknown;control;2023-06-14 11:00:00+00:00;0.329;;
966771;unknown;control;2023-06-14 11:15:00+00:00;0.109;;
966771;unknown;control;2023-06-14 11:30:00+00:00;0.167;;
966771;unknown;control;2023-06-14 11:45:00+00:00;0.397;;
966771;unknown;control;2023-06-14 12:00:00+00:00;0.102;;
966771;unknown;control;2023-06-14 12:15:00+00:00;0.091;;
966771;unknown;control;2023-06-14 12:30:00+00:00;0.116;;
966771;unknown;control;2023-06-14 12:45:00+00:00;0.112;;
966771;unknown;control;2023-06-14 13:00:00+00:00;0.1;;
966771;unknown;control;2023-06-14 13:15:00+00:00;0.102;;
966771;unknown;control;2023-06-14 13:30:00+00:00;0.099;;
966771;unknown;control;2023-06-14 13:45:00+00:00;0.091;;
966771;unknown;control;2023-06-14 14:00:00+00:00;0.101;;
966771;unknown;control;2023-06-14 14:15:00+00:00;0.111;;
966771;unknown;control;2023-06-14 14:30:00+00:00;0.109;;
966771;unknown;control;2023-06-14 14:45:00+00:00;0.106;;
966771;unknown;control;2023-06-14 15:00:00+00:00;0.095;;
966771;unknown;control;2023-06-14 15:15:00+00:00;0.097;;
966771;unknown;control;2023-06-14 15:30:00+00:00;0.099;;
966771;unknown;control;2023-06-14 15:45:00+00:00;0.096;;
966771;unknown;control;2023-06-14 16:00:00+00:00;0.099;;
966771;unknown;control;2023-06-14 16:15:00+00:00;0.101;;
966771;unknown;control;2023-06-14 16:30:00+00:00;0.09;;
966771;unknown;control;2023-06-14 16:45:00+00:00;0.092;;
966771;unknown;control;2023-06-14 17:00:00+00:00;0.096;;
966771;unknown;control;2023-06-14 17:15:00+00:00;0.091;;
966771;unknown;control;2023-06-14 17:30:00+00:00;0.096;;
966771;unknown;control;2023-06-14 17:45:00+00:00;0.093;;
966771;unknown;control;2023-06-14 18:00:00+00:00;0.091;;
966771;unknown;control;2023-06-14 18:15:00+00:00;0.099;;
966771;unknown;control;2023-06-14 18:30:00+00:00;0.091;;
966771;unknown;control;2023-06-14 18:45:00+00:00;0.093;;
966771;unknown;control;2023-06-14 19:00:00+00:00;0.11;;
966771;unknown;control;2023-06-14 19:15:00+00:00;0.102;;
966771;unknown;control;2023-06-14 19:30:00+00:00;0.1;;
966771;unknown;control;2023-06-14 19:45:00+00:00;0.116;;
966771;unknown;control;2023-06-14 20:00:00+00:00;0.182;;
966771;unknown;control;2023-06-14 20:15:00+00:00;0.198;;
966771;unknown;control;2023-06-14 20:30:00+00:00;0.204;;
966771;unknown;control;2023-06-14 20:45:00+00:00;0.195;;
966771;unknown;control;2023-06-14 21:00:00+00:00;0.148;;
966771;unknown;control;2023-06-14 21:15:00+00:00;0.096;;
966771;unknown;control;2023-06-14 21:30:00+00:00;0.087;;
966771;unknown;control;2023-06-14 21:45:00+00:00;0.088;;
966771;unknown;control;2023-06-14 22:00:00+00:00;0.095;;
966771;unknown;control;2023-06-14 22:15:00+00:00;0.086;;
966771;unknown;control;2023-06-14 22:30:00+00:00;0.091;;
966771;unknown;control;2023-06-14 22:45:00+00:00;0.089;;
966771;unknown;control;2023-06-14 23:00:00+00:00;0.09;;
966771;unknown;control;2023-06-14 23:15:00+00:00;0.094;;
966771;unknown;control;2023-06-14 23:30:00+00:00;1.357;;
966771;unknown;control;2023-06-14 23:45:00+00:00;1.302;;
966771;unknown;control;2023-06-15 00:00:00+00:00;1.326;;
966771;unknown;control;2023-06-15 00:15:00+00:00;1.33;;
966771;unknown;control;2023-06-15 00:30:00+00:00;0.928;;
966771;unknown;control;2023-06-15 00:45:00+00:00;0.097;;
966771;unknown;control;2023-06-15 01:00:00+00:00;0.09;;
966771;unknown;control;2023-06-15 01:15:00+00:00;0.084;;
966771;unknown;control;2023-06-15 01:30:00+00:00;0.098;;
966771;unknown;control;2023-06-15 01:45:00+00:00;0.101;;
966771;unknown;control;2023-06-15 02:00:00+00:00;0.096;;
966771;unknown;control;2023-06-15 02:15:00+00:00;0.094;;
966771;unknown;control;2023-06-15 02:30:00+00:00;0.141;;
966771;unknown;control;2023-06-15 02:45:00+00:00;0.108;;
966771;unknown;control;2023-06-15 03:00:00+00:00;0.1;;
966771;unknown;control;2023-06-15 03:15:00+00:00;0.098;;
966771;unknown;control;2023-06-15 03:30:00+00:00;0.103;;
966771;unknown;control;2023-06-15 03:45:00+00:00;0.097;;
966771;unknown;control;2023-06-15 04:00:00+00:00;0.087;;
966771;unknown;control;2023-06-15 04:15:00+00:00;0.091;;
966771;unknown;control;2023-06-15 04:30:00+00:00;0.103;;
966771;unknown;control;2023-06-15 04:45:00+00:00;0.39;;
966771;unknown;control;2023-06-15 05:00:00+00:00;0.122;;
966771;unknown;control;2023-06-15 05:15:00+00:00;0.136;;
966771;unknown;control;2023-06-15 05:30:00+00:00;0.156;;
966771;unknown;control;2023-06-15 05:45:00+00:00;0.228;;
966771;unknown;control;2023-06-15 06:00:00+00:00;0.124;;
966771;unknown;control;2023-06-15 06:15:00+00:00;0.098;;
966771;unknown;control;2023-06-15 06:30:00+00:00;0.101;;
966771;unknown;control;2023-06-15 06:45:00+00:00;0.087;;
966771;unknown;control;2023-06-15 07:00:00+00:00;0.095;;
966771;unknown;control;2023-06-15 07:15:00+00:00;0.098;;
966771;unknown;control;2023-06-15 07:30:00+00:00;0.089;;
966771;unknown;control;2023-06-15 07:45:00+00:00;0.098;;
966771;unknown;control;2023-06-15 08:00:00+00:00;0.1;;
966771;unknown;control;2023-06-15 08:15:00+00:00;0.088;;
966771;unknown;control;2023-06-15 08:30:00+00:00;0.1;;
966771;unknown;control;2023-06-15 08:45:00+00:00;0.1;;
966771;unknown;control;2023-06-15 09:00:00+00:00;0.092;;
966771;unknown;control;2023-06-15 09:15:00+00:00;0.1;;
966771;unknown;control;2023-06-15 09:30:00+00:00;0.111;;
966771;unknown;control;2023-06-15 09:45:00+00:00;0.092;;
966771;unknown;control;2023-06-15 10:00:00+00:00;0.1;;
966771;unknown;control;2023-06-15 10:15:00+00:00;0.095;;
966771;unknown;control;2023-06-15 10:30:00+00:00;0.107;;
966771;unknown;control;2023-06-15 10:45:00+00:00;0.103;;
966771;unknown;control;2023-06-15 11:00:00+00:00;0.099;;
966771;unknown;control;2023-06-15 11:15:00+00:00;0.098;;
966771;unknown;control;2023-06-15 11:30:00+00:00;0.099;;
966771;unknown;control;2023-06-15 11:45:00+00:00;0.094;;
966771;unknown;control;2023-06-15 12:00:00+00:00;0.098;;
966771;unknown;control;2023-06-15 12:15:00+00:00;0.095;;
966771;unknown;control;2023-06-15 12:30:00+00:00;0.09;;
966771;unknown;control;2023-06-15 12:45:00+00:00;0.1;;
966771;unknown;control;2023-06-15 13:00:00+00:00;0.096;;
966771;unknown;control;2023-06-15 13:15:00+00:00;0.088;;
966771;unknown;control;2023-06-15 13:30:00+00:00;0.102;;
966771;unknown;control;2023-06-15 13:45:00+00:00;0.094;;
966771;unknown;control;2023-06-15 14:00:00+00:00;0.089;;
966771;unknown;control;2023-06-15 14:15:00+00:00;0.101;;
966771;unknown;control;2023-06-15 14:30:00+00:00;0.093;;
966771;unknown;control;2023-06-15 14:45:00+00:00;0.09;;
966771;unknown;control;2023-06-15 15:00:00+00:00;0.097;;
966771;unknown;control;2023-06-15 15:15:00+00:00;0.092;;
966771;unknown;control;2023-06-15 15:30:00+00:00;0.095;;
966771;unknown;control;2023-06-15 15:45:00+00:00;0.098;;
966771;unknown;control;2023-06-15 16:00:00+00:00;0.09;;
966771;unknown;control;2023-06-15 16:15:00+00:00;0.099;;
966771;unknown;control;2023-06-15 16:30:00+00:00;0.097;;
966771;unknown;control;2023-06-15 16:45:00+00:00;0.086;;
966771;unknown;control;2023-06-15 17:00:00+00:00;0.097;;
966771;unknown;control;2023-06-15 17:15:00+00:00;0.096;;
966771;unknown;control;2023-06-15 17:30:00+00:00;0.094;;
966771;unknown;control;2023-06-15 17:45:00+00:00;0.106;;
966771;unknown;control;2023-06-15 18:00:00+00:00;0.091;;
966771;unknown;control;2023-06-15 18:15:00+00:00;0.095;;
966771;unknown;control;2023-06-15 18:30:00+00:00;0.133;;
966771;unknown;control;2023-06-15 18:45:00+00:00;0.125;;
966771;unknown;control;2023-06-15 19:00:00+00:00;0.137;;
966771;unknown;control;2023-06-15 19:15:00+00:00;0.14;;
966771;unknown;control;2023-06-15 19:30:00+00:00;0.131;;
966771;unknown;control;2023-06-15 19:45:00+00:00;0.14;;
966771;unknown;control;2023-06-15 20:00:00+00:00;0.102;;
966771;unknown;control;2023-06-15 20:15:00+00:00;0.085;;
966771;unknown;control;2023-06-15 20:30:00+00:00;0.095;;
966771;unknown;control;2023-06-15 20:45:00+00:00;0.088;;
966771;unknown;control;2023-06-15 21:00:00+00:00;0.084;;
966771;unknown;control;2023-06-15 21:15:00+00:00;0.096;;
966771;unknown;control;2023-06-15 21:30:00+00:00;0.09;;
966771;unknown;control;2023-06-15 21:45:00+00:00;0.084;;
966771;unknown;control;2023-06-15 22:00:00+00:00;0.098;;
966771;unknown;control;2023-06-15 22:15:00+00:00;0.088;;
966771;unknown;control;2023-06-15 22:30:00+00:00;0.086;;
966771;unknown;control;2023-06-15 22:45:00+00:00;0.094;;
966771;unknown;control;2023-06-15 23:00:00+00:00;0.087;;
966771;unknown;control;2023-06-15 23:15:00+00:00;0.088;;
966771;unknown;control;2023-06-15 23:30:00+00:00;1.358;;
966771;unknown;control;2023-06-15 23:45:00+00:00;1.304;;
966771;unknown;control;2023-06-16 00:00:00+00:00;1.318;;
966771;unknown;control;2023-06-16 00:15:00+00:00;0.315;;
966771;unknown;control;2023-06-16 00:30:00+00:00;0.084;;
966771;unknown;control;2023-06-16 00:45:00+00:00;0.091;;
966771;unknown;control;2023-06-16 01:00:00+00:00;0.087;;
966771;unknown;control;2023-06-16 01:15:00+00:00;0.088;;
966771;unknown;control;2023-06-16 01:30:00+00:00;0.092;;
966771;unknown;control;2023-06-16 01:45:00+00:00;0.103;;
966771;unknown;control;2023-06-16 02:00:00+00:00;0.09;;
966771;unknown;control;2023-06-16 02:15:00+00:00;0.094;;
966771;unknown;control;2023-06-16 02:30:00+00:00;0.085;;
966771;unknown;control;2023-06-16 02:45:00+00:00;0.096;;
966771;unknown;control;2023-06-16 03:00:00+00:00;0.1;;
966771;unknown;control;2023-06-16 03:15:00+00:00;0.081;;
966771;unknown;control;2023-06-16 03:30:00+00:00;0.088;;
966771;unknown;control;2023-06-16 03:45:00+00:00;0.088;;
966771;unknown;control;2023-06-16 04:00:00+00:00;0.081;;
966771;unknown;control;2023-06-16 04:15:00+00:00;0.09;;
966771;unknown;control;2023-06-16 04:30:00+00:00;0.099;;
966771;unknown;control;2023-06-16 04:45:00+00:00;0.102;;
966771;unknown;control;2023-06-16 05:00:00+00:00;0.098;;
966771;unknown;control;2023-06-16 05:15:00+00:00;0.091;;
966771;unknown;control;2023-06-16 05:30:00+00:00;0.093;;
966771;unknown;control;2023-06-16 05:45:00+00:00;0.112;;
966771;unknown;control;2023-06-16 06:00:00+00:00;0.09;;
966771;unknown;control;2023-06-16 06:15:00+00:00;0.091;;
966771;unknown;control;2023-06-16 06:30:00+00:00;0.091;;
966771;unknown;control;2023-06-16 06:45:00+00:00;0.081;;
966771;unknown;control;2023-06-16 07:00:00+00:00;0.1;;
966771;unknown;control;2023-06-16 07:15:00+00:00;0.104;;
966771;unknown;control;2023-06-16 07:30:00+00:00;0.106;;
966771;unknown;control;2023-06-16 07:45:00+00:00;0.11;;
966771;unknown;control;2023-06-16 08:00:00+00:00;0.103;;
966771;unknown;control;2023-06-16 08:15:00+00:00;0.106;;
966771;unknown;control;2023-06-16 08:30:00+00:00;0.104;;
966771;unknown;control;2023-06-16 08:45:00+00:00;0.11;;
966771;unknown;control;2023-06-16 09:00:00+00:00;0.113;;
966771;unknown;control;2023-06-16 09:15:00+00:00;0.108;;
966771;unknown;control;2023-06-16 09:30:00+00:00;0.114;;
966771;unknown;control;2023-06-16 09:45:00+00:00;0.103;;
966771;unknown;control;2023-06-16 10:00:00+00:00;0.101;;
966771;unknown;control;2023-06-16 10:15:00+00:00;0.103;;
966771;unknown;control;2023-06-16 10:30:00+00:00;0.097;;
966771;unknown;control;2023-06-16 10:45:00+00:00;0.132;;
966771;unknown;control;2023-06-16 11:00:00+00:00;0.108;;
966771;unknown;control;2023-06-16 11:15:00+00:00;0.09;;
966771;unknown;control;2023-06-16 11:30:00+00:00;0.096;;
966771;unknown;control;2023-06-16 11:45:00+00:00;0.1;;
966771;unknown;control;2023-06-16 12:00:00+00:00;0.091;;
966771;unknown;control;2023-06-16 12:15:00+00:00;0.111;;
966771;unknown;control;2023-06-16 12:30:00+00:00;0.095;;
966771;unknown;control;2023-06-16 12:45:00+00:00;0.092;;
966771;unknown;control;2023-06-16 13:00:00+00:00;0.102;;
966771;unknown;control;2023-06-16 13:15:00+00:00;0.096;;
966771;unknown;control;2023-06-16 13:30:00+00:00;0.097;;
966771;unknown;control;2023-06-16 13:45:00+00:00;0.097;;
966771;unknown;control;2023-06-16 14:00:00+00:00;0.095;;
966771;unknown;control;2023-06-16 14:15:00+00:00;0.098;;
966771;unknown;control;2023-06-16 14:30:00+00:00;0.101;;
966771;unknown;control;2023-06-16 14:45:00+00:00;0.09;;
966771;unknown;control;2023-06-16 15:00:00+00:00;0.097;;
966771;unknown;control;2023-06-16 15:15:00+00:00;0.11;;
966771;unknown;control;2023-06-16 15:30:00+00:00;0.114;;
966771;unknown;control;2023-06-16 15:45:00+00:00;0.13;;
966771;unknown;control;2023-06-16 16:00:00+00:00;0.126;;
966771;unknown;control;2023-06-16 16:15:00+00:00;0.122;;
966771;unknown;control;2023-06-16 16:30:00+00:00;0.133;;
966771;unknown;control;2023-06-16 16:45:00+00:00;0.123;;
966771;unknown;control;2023-06-16 17:00:00+00:00;0.122;;
966771;unknown;control;2023-06-16 17:15:00+00:00;0.133;;
966771;unknown;control;2023-06-16 17:30:00+00:00;0.125;;
966771;unknown;control;2023-06-16 17:45:00+00:00;0.121;;
966771;unknown;control;2023-06-16 18:00:00+00:00;0.133;;
966771;unknown;control;2023-06-16 18:15:00+00:00;0.125;;
966771;unknown;control;2023-06-16 18:30:00+00:00;0.122;;
966771;unknown;control;2023-06-16 18:45:00+00:00;0.131;;
966771;unknown;control;2023-06-16 19:00:00+00:00;0.125;;
966771;unknown;control;2023-06-16 19:15:00+00:00;0.125;;
966771;unknown;control;2023-06-16 19:30:00+00:00;0.127;;
966771;unknown;control;2023-06-16 19:45:00+00:00;0.127;;
966771;unknown;control;2023-06-16 20:00:00+00:00;0.127;;
966771;unknown;control;2023-06-16 20:15:00+00:00;0.124;;
966771;unknown;control;2023-06-16 20:30:00+00:00;0.12;;
966771;unknown;control;2023-06-16 20:45:00+00:00;0.127;;
966771;unknown;control;2023-06-16 21:00:00+00:00;0.09;;
966771;unknown;control;2023-06-16 21:15:00+00:00;0.087;;
966771;unknown;control;2023-06-16 21:30:00+00:00;0.093;;
966771;unknown;control;2023-06-16 21:45:00+00:00;0.086;;
966771;unknown;control;2023-06-16 22:00:00+00:00;0.089;;
966771;unknown;control;2023-06-16 22:15:00+00:00;0.093;;
966771;unknown;control;2023-06-16 22:30:00+00:00;0.084;;
966771;unknown;control;2023-06-16 22:45:00+00:00;0.093;;
966771;unknown;control;2023-06-16 23:00:00+00:00;0.095;;
966771;unknown;control;2023-06-16 23:15:00+00:00;0.083;;
966771;unknown;control;2023-06-16 23:30:00+00:00;1.362;;
966771;unknown;control;2023-06-16 23:45:00+00:00;1.309;;
966771;unknown;control;2023-06-17 00:00:00+00:00;1.031;;
966771;unknown;control;2023-06-17 00:15:00+00:00;0.092;;
966771;unknown;control;2023-06-17 00:30:00+00:00;0.09;;
966771;unknown;control;2023-06-17 00:45:00+00:00;0.08;;
966771;unknown;control;2023-06-17 01:00:00+00:00;0.096;;
966771;unknown;control;2023-06-17 01:15:00+00:00;0.091;;
966771;unknown;control;2023-06-17 01:30:00+00:00;0.083;;
966771;unknown;control;2023-06-17 01:45:00+00:00;0.098;;
966771;unknown;control;2023-06-17 02:00:00+00:00;0.087;;
966771;unknown;control;2023-06-17 02:15:00+00:00;0.085;;
966771;unknown;control;2023-06-17 02:30:00+00:00;0.096;;
966771;unknown;control;2023-06-17 02:45:00+00:00;0.084;;
966771;unknown;control;2023-06-17 03:00:00+00:00;0.087;;
966771;unknown;control;2023-06-17 03:15:00+00:00;0.095;;
966771;unknown;control;2023-06-17 03:30:00+00:00;0.094;;
966771;unknown;control;2023-06-17 03:45:00+00:00;0.089;;
966771;unknown;control;2023-06-17 04:00:00+00:00;0.099;;
966771;unknown;control;2023-06-17 04:15:00+00:00;0.105;;
966771;unknown;control;2023-06-17 04:30:00+00:00;0.087;;
966771;unknown;control;2023-06-17 04:45:00+00:00;0.09;;
966771;unknown;control;2023-06-17 05:00:00+00:00;0.088;;
966771;unknown;control;2023-06-17 05:15:00+00:00;0.09;;
966771;unknown;control;2023-06-17 05:30:00+00:00;0.089;;
966771;unknown;control;2023-06-17 05:45:00+00:00;0.087;;
966771;unknown;control;2023-06-17 06:00:00+00:00;0.106;;
966771;unknown;control;2023-06-17 06:15:00+00:00;0.143;;
966771;unknown;control;2023-06-17 06:30:00+00:00;0.083;;
966771;unknown;control;2023-06-17 06:45:00+00:00;0.096;;
966771;unknown;control;2023-06-17 07:00:00+00:00;0.103;;
966771;unknown;control;2023-06-17 07:15:00+00:00;0.431;;
966771;unknown;control;2023-06-17 07:30:00+00:00;0.343;;
966771;unknown;control;2023-06-17 07:45:00+00:00;0.11;;
966771;unknown;control;2023-06-17 08:00:00+00:00;0.209;;
966771;unknown;control;2023-06-17 08:15:00+00:00;0.253;;
966771;unknown;control;2023-06-17 08:30:00+00:00;0.107;;
966771;unknown;control;2023-06-17 08:45:00+00:00;0.101;;
966771;unknown;control;2023-06-17 09:00:00+00:00;0.104;;
966771;unknown;control;2023-06-17 09:15:00+00:00;0.098;;
966771;unknown;control;2023-06-17 09:30:00+00:00;0.098;;
966771;unknown;control;2023-06-17 09:45:00+00:00;0.104;;
966771;unknown;control;2023-06-17 10:00:00+00:00;0.093;;
966771;unknown;control;2023-06-17 10:15:00+00:00;0.098;;
966771;unknown;control;2023-06-17 10:30:00+00:00;0.097;;
966771;unknown;control;2023-06-17 10:45:00+00:00;0.098;;
966771;unknown;control;2023-06-17 11:00:00+00:00;0.111;;
966771;unknown;control;2023-06-17 11:15:00+00:00;0.098;;
966771;unknown;control;2023-06-17 11:30:00+00:00;0.123;;
966771;unknown;control;2023-06-17 11:45:00+00:00;0.12;;
966771;unknown;control;2023-06-17 12:00:00+00:00;0.14;;
966771;unknown;control;2023-06-17 12:15:00+00:00;0.104;;
966771;unknown;control;2023-06-17 12:30:00+00:00;0.112;;
966771;unknown;control;2023-06-17 12:45:00+00:00;0.097;;
966771;unknown;control;2023-06-17 13:00:00+00:00;0.096;;
966771;unknown;control;2023-06-17 13:15:00+00:00;0.102;;
966771;unknown;control;2023-06-17 13:30:00+00:00;0.091;;
966771;unknown;control;2023-06-17 13:45:00+00:00;0.097;;
966771;unknown;control;2023-06-17 14:00:00+00:00;0.103;;
966771;unknown;control;2023-06-17 14:15:00+00:00;0.105;;
966771;unknown;control;2023-06-17 14:30:00+00:00;0.094;;
966771;unknown;control;2023-06-17 14:45:00+00:00;0.104;;
966771;unknown;control;2023-06-17 15:00:00+00:00;0.166;;
966771;unknown;control;2023-06-17 15:15:00+00:00;0.132;;
966771;unknown;control;2023-06-17 15:30:00+00:00;0.105;;
966771;unknown;control;2023-06-17 15:45:00+00:00;0.115;;
966771;unknown;control;2023-06-17 16:00:00+00:00;0.106;;
966771;unknown;control;2023-06-17 16:15:00+00:00;0.104;;
966771;unknown;control;2023-06-17 16:30:00+00:00;0.097;;
966771;unknown;control;2023-06-17 16:45:00+00:00;0.402;;
966771;unknown;control;2023-06-17 17:00:00+00:00;0.441;;
966771;unknown;control;2023-06-17 17:15:00+00:00;0.229;;
966771;unknown;control;2023-06-17 17:30:00+00:00;0.102;;
966771;unknown;control;2023-06-17 17:45:00+00:00;0.104;;
966771;unknown;control;2023-06-17 18:00:00+00:00;0.124;;
966771;unknown;control;2023-06-17 18:15:00+00:00;0.129;;
966771;unknown;control;2023-06-17 18:30:00+00:00;0.129;;
966771;unknown;control;2023-06-17 18:45:00+00:00;0.125;;
966771;unknown;control;2023-06-17 19:00:00+00:00;0.132;;
966771;unknown;control;2023-06-17 19:15:00+00:00;0.141;;
966771;unknown;control;2023-06-17 19:30:00+00:00;0.122;;
966771;unknown;control;2023-06-17 19:45:00+00:00;0.129;;
966771;unknown;control;2023-06-17 20:00:00+00:00;0.131;;
966771;unknown;control;2023-06-17 20:15:00+00:00;0.114;;
966771;unknown;control;2023-06-17 20:30:00+00:00;0.13;;
966771;unknown;control;2023-06-17 20:45:00+00:00;0.145;;
966771;unknown;control;2023-06-17 21:00:00+00:00;0.121;;
966771;unknown;control;2023-06-17 21:15:00+00:00;0.123;;
966771;unknown;control;2023-06-17 21:30:00+00:00;0.124;;
966771;unknown;control;2023-06-17 21:45:00+00:00;0.13;;
966771;unknown;control;2023-06-17 22:00:00+00:00;0.12;;
966771;unknown;control;2023-06-17 22:15:00+00:00;0.093;;
966771;unknown;control;2023-06-17 22:30:00+00:00;0.09;;
966771;unknown;control;2023-06-17 22:45:00+00:00;0.097;;
966771;unknown;control;2023-06-17 23:00:00+00:00;0.088;;
966771;unknown;control;2023-06-17 23:15:00+00:00;0.09;;
966771;unknown;control;2023-06-17 23:30:00+00:00;1.362;;
966771;unknown;control;2023-06-17 23:45:00+00:00;1.316;;
966771;unknown;control;2023-06-18 00:00:00+00:00;1.328;;
966771;unknown;control;2023-06-18 00:15:00+00:00;1.336;;
966771;unknown;control;2023-06-18 00:30:00+00:00;1.321;;
966771;unknown;control;2023-06-18 00:45:00+00:00;0.177;;
966771;unknown;control;2023-06-18 01:00:00+00:00;0.098;;
966771;unknown;control;2023-06-18 01:15:00+00:00;0.088;;
966771;unknown;control;2023-06-18 01:30:00+00:00;0.092;;
966771;unknown;control;2023-06-18 01:45:00+00:00;0.096;;
966771;unknown;control;2023-06-18 02:00:00+00:00;0.086;;
966771;unknown;control;2023-06-18 02:15:00+00:00;0.098;;
966771;unknown;control;2023-06-18 02:30:00+00:00;0.111;;
966771;unknown;control;2023-06-18 02:45:00+00:00;0.089;;
966771;unknown;control;2023-06-18 03:00:00+00:00;0.106;;
966771;unknown;control;2023-06-18 03:15:00+00:00;0.099;;
966771;unknown;control;2023-06-18 03:30:00+00:00;0.091;;
966771;unknown;control;2023-06-18 03:45:00+00:00;0.097;;
966771;unknown;control;2023-06-18 04:00:00+00:00;0.091;;
966771;unknown;control;2023-06-18 04:15:00+00:00;0.09;;
966771;unknown;control;2023-06-18 04:30:00+00:00;0.094;;
966771;unknown;control;2023-06-18 04:45:00+00:00;0.091;;
966771;unknown;control;2023-06-18 05:00:00+00:00;0.097;;
966771;unknown;control;2023-06-18 05:15:00+00:00;0.101;;
966771;unknown;control;2023-06-18 05:30:00+00:00;0.098;;
966771;unknown;control;2023-06-18 05:45:00+00:00;0.1;;
966771;unknown;control;2023-06-18 06:00:00+00:00;0.09;;
966771;unknown;control;2023-06-18 06:15:00+00:00;0.084;;
966771;unknown;control;2023-06-18 06:30:00+00:00;0.111;;
966771;unknown;control;2023-06-18 06:45:00+00:00;0.442;;
966771;unknown;control;2023-06-18 07:00:00+00:00;0.099;;
966771;unknown;control;2023-06-18 07:15:00+00:00;0.11;;
966771;unknown;control;2023-06-18 07:30:00+00:00;0.495;;
966771;unknown;control;2023-06-18 07:45:00+00:00;0.77;;
966771;unknown;control;2023-06-18 08:00:00+00:00;0.139;;
966771;unknown;control;2023-06-18 08:15:00+00:00;0.123;;
966771;unknown;control;2023-06-18 08:30:00+00:00;0.165;;
966771;unknown;control;2023-06-18 08:45:00+00:00;0.256;;
966771;unknown;control;2023-06-18 09:00:00+00:00;0.238;;
966771;unknown;control;2023-06-18 09:15:00+00:00;0.138;;
966771;unknown;control;2023-06-18 09:30:00+00:00;0.133;;
966771;unknown;control;2023-06-18 09:45:00+00:00;0.141;;
966771;unknown;control;2023-06-18 10:00:00+00:00;0.471;;
966771;unknown;control;2023-06-18 10:15:00+00:00;0.146;;
966771;unknown;control;2023-06-18 10:30:00+00:00;0.622;;
966771;unknown;control;2023-06-18 10:45:00+00:00;0.175;;
966771;unknown;control;2023-06-18 11:00:00+00:00;0.136;;
966771;unknown;control;2023-06-18 11:15:00+00:00;0.285;;
966771;unknown;control;2023-06-18 11:30:00+00:00;0.326;;
966771;unknown;control;2023-06-18 11:45:00+00:00;0.194;;
966771;unknown;control;2023-06-18 12:00:00+00:00;0.118;;
966771;unknown;control;2023-06-18 12:15:00+00:00;0.118;;
966771;unknown;control;2023-06-18 12:30:00+00:00;0.102;;
966771;unknown;control;2023-06-18 12:45:00+00:00;0.098;;
966771;unknown;control;2023-06-18 13:00:00+00:00;0.102;;
966771;unknown;control;2023-06-18 13:15:00+00:00;0.088;;
966771;unknown;control;2023-06-18 13:30:00+00:00;0.104;;
966771;unknown;control;2023-06-18 13:45:00+00:00;0.136;;
966771;unknown;control;2023-06-18 14:00:00+00:00;0.128;;
966771;unknown;control;2023-06-18 14:15:00+00:00;0.132;;
966771;unknown;control;2023-06-18 14:30:00+00:00;0.126;;
966771;unknown;control;2023-06-18 14:45:00+00:00;0.155;;
966771;unknown;control;2023-06-18 15:00:00+00:00;0.327;;
966771;unknown;control;2023-06-18 15:15:00+00:00;0.121;;
966771;unknown;control;2023-06-18 15:30:00+00:00;0.397;;
966771;unknown;control;2023-06-18 15:45:00+00:00;0.446;;
966771;unknown;control;2023-06-18 16:00:00+00:00;0.176;;
966771;unknown;control;2023-06-18 16:15:00+00:00;0.1;;
966771;unknown;control;2023-06-18 16:30:00+00:00;0.103;;
966771;unknown;control;2023-06-18 16:45:00+00:00;0.098;;
966771;unknown;control;2023-06-18 17:00:00+00:00;0.111;;
966771;unknown;control;2023-06-18 17:15:00+00:00;0.135;;
966771;unknown;control;2023-06-18 17:30:00+00:00;0.124;;
966771;unknown;control;2023-06-18 17:45:00+00:00;0.162;;
966771;unknown;control;2023-06-18 18:00:00+00:00;0.134;;
966771;unknown;control;2023-06-18 18:15:00+00:00;0.127;;
966771;unknown;control;2023-06-18 18:30:00+00:00;0.13;;
966771;unknown;control;2023-06-18 18:45:00+00:00;0.133;;
966771;unknown;control;2023-06-18 19:00:00+00:00;0.132;;
966771;unknown;control;2023-06-18 19:15:00+00:00;0.152;;
966771;unknown;control;2023-06-18 19:30:00+00:00;0.134;;
966771;unknown;control;2023-06-18 19:45:00+00:00;0.119;;
966771;unknown;control;2023-06-18 20:00:00+00:00;0.132;;
966771;unknown;control;2023-06-18 20:15:00+00:00;0.1;;
966771;unknown;control;2023-06-18 20:30:00+00:00;0.087;;
966771;unknown;control;2023-06-18 20:45:00+00:00;0.095;;
966771;unknown;control;2023-06-18 21:00:00+00:00;0.09;;
966771;unknown;control;2023-06-18 21:15:00+00:00;0.085;;
966771;unknown;control;2023-06-18 21:30:00+00:00;0.096;;
966771;unknown;control;2023-06-18 21:45:00+00:00;0.092;;
966771;unknown;control;2023-06-18 22:00:00+00:00;0.091;;
966771;unknown;control;2023-06-18 22:15:00+00:00;0.097;;
966771;unknown;control;2023-06-18 22:30:00+00:00;0.088;;
966771;unknown;control;2023-06-18 22:45:00+00:00;0.093;;
966771;unknown;control;2023-06-18 23:00:00+00:00;0.097;;
966771;unknown;control;2023-06-18 23:15:00+00:00;0.088;;
966771;unknown;control;2023-06-18 23:30:00+00:00;1.351;;
966771;unknown;control;2023-06-18 23:45:00+00:00;1.301;;
966771;unknown;control;2023-06-19 00:00:00+00:00;1.3;;
966771;unknown;control;2023-06-19 00:15:00+00:00;1.334;;
966771;unknown;control;2023-06-19 00:30:00+00:00;0.62;;
966771;unknown;control;2023-06-19 00:45:00+00:00;0.085;;
966771;unknown;control;2023-06-19 01:00:00+00:00;0.098;;
966771;unknown;control;2023-06-19 01:15:00+00:00;0.105;;
966771;unknown;control;2023-06-19 01:30:00+00:00;0.085;;
966771;unknown;control;2023-06-19 01:45:00+00:00;0.094;;
966771;unknown;control;2023-06-19 02:00:00+00:00;0.094;;
966771;unknown;control;2023-06-19 02:15:00+00:00;0.09;;
966771;unknown;control;2023-06-19 02:30:00+00:00;0.096;;
966771;unknown;control;2023-06-19 02:45:00+00:00;0.088;;
966771;unknown;control;2023-06-19 03:00:00+00:00;0.091;;
966771;unknown;control;2023-06-19 03:15:00+00:00;0.097;;
966771;unknown;control;2023-06-19 03:30:00+00:00;0.089;;
966771;unknown;control;2023-06-19 03:45:00+00:00;0.085;;
966771;unknown;control;2023-06-19 04:00:00+00:00;0.097;;
966771;unknown;control;2023-06-19 04:15:00+00:00;0.089;;
966771;unknown;control;2023-06-19 04:30:00+00:00;0.106;;
966771;unknown;control;2023-06-19 04:45:00+00:00;0.093;;
966771;unknown;control;2023-06-19 05:00:00+00:00;0.101;;
966771;unknown;control;2023-06-19 05:15:00+00:00;0.106;;
966771;unknown;control;2023-06-19 05:30:00+00:00;0.107;;
966771;unknown;control;2023-06-19 05:45:00+00:00;0.112;;
966771;unknown;control;2023-06-19 06:00:00+00:00;0.103;;
966771;unknown;control;2023-06-19 06:15:00+00:00;0.096;;
966771;unknown;control;2023-06-19 06:30:00+00:00;0.091;;
966771;unknown;control;2023-06-19 06:45:00+00:00;0.098;;
966771;unknown;control;2023-06-19 07:00:00+00:00;0.097;;
966771;unknown;control;2023-06-19 07:15:00+00:00;0.09;;
966771;unknown;control;2023-06-19 07:30:00+00:00;0.1;;
966771;unknown;control;2023-06-19 07:45:00+00:00;0.318;;
966771;unknown;control;2023-06-19 08:00:00+00:00;0.871;;
966771;unknown;control;2023-06-19 08:15:00+00:00;0.207;;
966771;unknown;control;2023-06-19 08:30:00+00:00;0.128;;
966771;unknown;control;2023-06-19 08:45:00+00:00;0.132;;
966771;unknown;control;2023-06-19 09:00:00+00:00;0.157;;
966771;unknown;control;2023-06-19 09:15:00+00:00;0.094;;
966771;unknown;control;2023-06-19 09:30:00+00:00;0.102;;
966771;unknown;control;2023-06-19 09:45:00+00:00;0.1;;
966771;unknown;control;2023-06-19 10:00:00+00:00;0.092;;
966771;unknown;control;2023-06-19 10:15:00+00:00;0.113;;
966771;unknown;control;2023-06-19 10:30:00+00:00;0.1;;
966771;unknown;control;2023-06-19 10:45:00+00:00;0.089;;
966771;unknown;control;2023-06-19 11:00:00+00:00;0.098;;
966771;unknown;control;2023-06-19 11:15:00+00:00;0.137;;
966771;unknown;control;2023-06-19 11:30:00+00:00;0.227;;
966771;unknown;control;2023-06-19 11:45:00+00:00;0.276;;
966771;unknown;control;2023-06-19 12:00:00+00:00;0.29;;
966771;unknown;control;2023-06-19 12:15:00+00:00;0.281;;
966771;unknown;control;2023-06-19 12:30:00+00:00;0.232;;
966771;unknown;control;2023-06-19 12:45:00+00:00;0.118;;
966771;unknown;control;2023-06-19 13:00:00+00:00;0.098;;
966771;unknown;control;2023-06-19 13:15:00+00:00;0.107;;
966771;unknown;control;2023-06-19 13:30:00+00:00;0.103;;
966771;unknown;control;2023-06-19 13:45:00+00:00;0.123;;
966771;unknown;control;2023-06-19 14:00:00+00:00;0.108;;
966771;unknown;control;2023-06-19 14:15:00+00:00;0.102;;
966771;unknown;control;2023-06-19 14:30:00+00:00;0.236;;
966771;unknown;control;2023-06-19 14:45:00+00:00;0.27;;
966771;unknown;control;2023-06-19 15:00:00+00:00;0.23;;
966771;unknown;control;2023-06-19 15:15:00+00:00;0.11;;
966771;unknown;control;2023-06-19 15:30:00+00:00;0.119;;
966771;unknown;control;2023-06-19 15:45:00+00:00;0.487;;
966771;unknown;control;2023-06-19 16:00:00+00:00;0.281;;
966771;unknown;control;2023-06-19 16:15:00+00:00;0.117;;
966771;unknown;control;2023-06-19 16:30:00+00:00;0.216;;
966771;unknown;control;2023-06-19 16:45:00+00:00;0.342;;
966771;unknown;control;2023-06-19 17:00:00+00:00;0.104;;
966771;unknown;control;2023-06-19 17:15:00+00:00;0.096;;
966771;unknown;control;2023-06-19 17:30:00+00:00;0.105;;
966771;unknown;control;2023-06-19 17:45:00+00:00;0.099;;
966771;unknown;control;2023-06-19 18:00:00+00:00;0.092;;
966771;unknown;control;2023-06-19 18:15:00+00:00;0.103;;
966771;unknown;control;2023-06-19 18:30:00+00:00;0.099;;
966771;unknown;control;2023-06-19 18:45:00+00:00;0.091;;
966771;unknown;control;2023-06-19 19:00:00+00:00;0.112;;
966771;unknown;control;2023-06-19 19:15:00+00:00;0.11;;
966771;unknown;control;2023-06-19 19:30:00+00:00;0.114;;
966771;unknown;control;2023-06-19 19:45:00+00:00;0.143;;
966771;unknown;control;2023-06-19 20:00:00+00:00;0.126;;
966771;unknown;control;2023-06-19 20:15:00+00:00;0.124;;
966771;unknown;control;2023-06-19 20:30:00+00:00;0.132;;
966771;unknown;control;2023-06-19 20:45:00+00:00;0.136;;
966771;unknown;control;2023-06-19 21:00:00+00:00;0.125;;
966771;unknown;control;2023-06-19 21:15:00+00:00;0.122;;
966771;unknown;control;2023-06-19 21:30:00+00:00;0.091;;
966771;unknown;control;2023-06-19 21:45:00+00:00;0.09;;
966771;unknown;control;2023-06-19 22:00:00+00:00;0.095;;
966771;unknown;control;2023-06-19 22:15:00+00:00;0.087;;
966771;unknown;control;2023-06-19 22:30:00+00:00;0.093;;
966771;unknown;control;2023-06-19 22:45:00+00:00;0.092;;
966771;unknown;control;2023-06-19 23:00:00+00:00;0.085;;
966771;unknown;control;2023-06-19 23:15:00+00:00;0.097;;
966771;unknown;control;2023-06-19 23:30:00+00:00;1.348;;
966771;unknown;control;2023-06-19 23:45:00+00:00;1.296;;
966771;unknown;control;2023-06-20 00:00:00+00:00;1.319;;
966771;unknown;control;2023-06-20 00:15:00+00:00;1.331;;
966771;unknown;control;2023-06-20 00:30:00+00:00;1.326;;
966771;unknown;control;2023-06-20 00:45:00+00:00;0.912;;
966771;unknown;control;2023-06-20 01:00:00+00:00;0.089;;
966771;unknown;control;2023-06-20 01:15:00+00:00;0.09;;
966771;unknown;control;2023-06-20 01:30:00+00:00;0.1;;
966771;unknown;control;2023-06-20 01:45:00+00:00;0.091;;
966771;unknown;control;2023-06-20 02:00:00+00:00;0.083;;
966771;unknown;control;2023-06-20 02:15:00+00:00;0.111;;
966771;unknown;control;2023-06-20 02:30:00+00:00;0.092;;
966771;unknown;control;2023-06-20 02:45:00+00:00;0.091;;
966771;unknown;control;2023-06-20 03:00:00+00:00;0.091;;
966771;unknown;control;2023-06-20 03:15:00+00:00;0.087;;
966771;unknown;control;2023-06-20 03:30:00+00:00;0.091;;
966771;unknown;control;2023-06-20 03:45:00+00:00;0.096;;
966771;unknown;control;2023-06-20 04:00:00+00:00;0.082;;
966771;unknown;control;2023-06-20 04:15:00+00:00;0.091;;
966771;unknown;control;2023-06-20 04:30:00+00:00;0.124;;
966771;unknown;control;2023-06-20 04:45:00+00:00;0.09;;
966771;unknown;control;2023-06-20 05:00:00+00:00;0.091;;
966771;unknown;control;2023-06-20 05:15:00+00:00;0.094;;
966771;unknown;control;2023-06-20 05:30:00+00:00;0.094;;
966771;unknown;control;2023-06-20 05:45:00+00:00;0.095;;
966771;unknown;control;2023-06-20 06:00:00+00:00;0.09;;
966771;unknown;control;2023-06-20 06:15:00+00:00;0.09;;
966771;unknown;control;2023-06-20 06:30:00+00:00;0.098;;
966771;unknown;control;2023-06-20 06:45:00+00:00;0.097;;
966771;unknown;control;2023-06-20 07:00:00+00:00;0.087;;
966771;unknown;control;2023-06-20 07:15:00+00:00;0.095;;
966771;unknown;control;2023-06-20 07:30:00+00:00;0.418;;
966771;unknown;control;2023-06-20 07:45:00+00:00;0.116;;
966771;unknown;control;2023-06-20 08:00:00+00:00;0.128;;
966771;unknown;control;2023-06-20 08:15:00+00:00;0.134;;
966771;unknown;control;2023-06-20 08:30:00+00:00;0.138;;
966771;unknown;control;2023-06-20 08:45:00+00:00;0.185;;
966771;unknown;control;2023-06-20 09:00:00+00:00;0.114;;
966771;unknown;control;2023-06-20 09:15:00+00:00;0.321;;
966771;unknown;control;2023-06-20 09:30:00+00:00;0.204;;
966771;unknown;control;2023-06-20 09:45:00+00:00;0.116;;
966771;unknown;control;2023-06-20 10:00:00+00:00;0.129;;
966771;unknown;control;2023-06-20 10:15:00+00:00;0.111;;
966771;unknown;control;2023-06-20 10:30:00+00:00;0.092;;
966771;unknown;control;2023-06-20 10:45:00+00:00;0.098;;
966771;unknown;control;2023-06-20 11:00:00+00:00;0.1;;
966771;unknown;control;2023-06-20 11:15:00+00:00;0.091;;
966771;unknown;control;2023-06-20 11:30:00+00:00;0.094;;
966771;unknown;control;2023-06-20 11:45:00+00:00;0.099;;
966771;unknown;control;2023-06-20 12:00:00+00:00;0.092;;
966771;unknown;control;2023-06-20 12:15:00+00:00;0.1;;
966771;unknown;control;2023-06-20 12:30:00+00:00;0.094;;
966771;unknown;control;2023-06-20 12:45:00+00:00;0.092;;
966771;unknown;control;2023-06-20 13:00:00+00:00;0.102;;
966771;unknown;control;2023-06-20 13:15:00+00:00;0.098;;
966771;unknown;control;2023-06-20 13:30:00+00:00;0.094;;
966771;unknown;control;2023-06-20 13:45:00+00:00;0.103;;
966771;unknown;control;2023-06-20 14:00:00+00:00;0.098;;
966771;unknown;control;2023-06-20 14:15:00+00:00;0.094;;
966771;unknown;control;2023-06-20 14:30:00+00:00;0.097;;
966771;unknown;control;2023-06-20 14:45:00+00:00;0.096;;
966771;unknown;control;2023-06-20 15:00:00+00:00;0.096;;
966771;unknown;control;2023-06-20 15:15:00+00:00;0.105;;
966771;unknown;control;2023-06-20 15:30:00+00:00;0.123;;
966771;unknown;control;2023-06-20 15:45:00+00:00;0.138;;
966771;unknown;control;2023-06-20 16:00:00+00:00;0.112;;
966771;unknown;control;2023-06-20 16:15:00+00:00;0.108;;
966771;unknown;control;2023-06-20 16:30:00+00:00;0.108;;
966771;unknown;control;2023-06-20 16:45:00+00:00;0.109;;
966771;unknown;control;2023-06-20 17:00:00+00:00;0.123;;
966771;unknown;control;2023-06-20 17:15:00+00:00;0.112;;
966771;unknown;control;2023-06-20 17:30:00+00:00;0.107;;
966771;unknown;control;2023-06-20 17:45:00+00:00;0.11;;
966771;unknown;control;2023-06-20 18:00:00+00:00;0.127;;
966771;unknown;control;2023-06-20 18:15:00+00:00;0.136;;
966771;unknown;control;2023-06-20 18:30:00+00:00;0.138;;
966771;unknown;control;2023-06-20 18:45:00+00:00;0.138;;
966771;unknown;control;2023-06-20 19:00:00+00:00;0.148;;
966771;unknown;control;2023-06-20 19:15:00+00:00;0.168;;
966771;unknown;control;2023-06-20 19:30:00+00:00;0.207;;
966771;unknown;control;2023-06-20 19:45:00+00:00;0.153;;
966771;unknown;control;2023-06-20 20:00:00+00:00;0.124;;
966771;unknown;control;2023-06-20 20:15:00+00:00;0.108;;
966771;unknown;control;2023-06-20 20:30:00+00:00;0.103;;
966771;unknown;control;2023-06-20 20:45:00+00:00;0.087;;
966771;unknown;control;2023-06-20 21:00:00+00:00;0.094;;
966771;unknown;control;2023-06-20 21:15:00+00:00;0.097;;
966771;unknown;control;2023-06-20 21:30:00+00:00;0.093;;
966771;unknown;control;2023-06-20 21:45:00+00:00;0.085;;
966771;unknown;control;2023-06-20 22:00:00+00:00;0.096;;
966771;unknown;control;2023-06-20 22:15:00+00:00;0.092;;
966771;unknown;control;2023-06-20 22:30:00+00:00;0.089;;
966771;unknown;control;2023-06-20 22:45:00+00:00;0.092;;
966771;unknown;control;2023-06-20 23:00:00+00:00;0.087;;
966771;unknown;control;2023-06-20 23:15:00+00:00;0.09;;
966771;unknown;control;2023-06-20 23:30:00+00:00;1.365;;
966771;unknown;control;2023-06-20 23:45:00+00:00;1.305;;
966771;unknown;control;2023-06-21 00:00:00+00:00;1.311;;
966771;unknown;control;2023-06-21 00:15:00+00:00;1.348;;
966771;unknown;control;2023-06-21 00:30:00+00:00;0.569;;
966771;unknown;control;2023-06-21 00:45:00+00:00;0.09;;
966771;unknown;control;2023-06-21 01:00:00+00:00;0.09;;
966771;unknown;control;2023-06-21 01:15:00+00:00;0.096;;
966771;unknown;control;2023-06-21 01:30:00+00:00;0.102;;
966771;unknown;control;2023-06-21 01:45:00+00:00;0.1;;
966771;unknown;control;2023-06-21 02:00:00+00:00;0.088;;
966771;unknown;control;2023-06-21 02:15:00+00:00;0.09;;
966771;unknown;control;2023-06-21 02:30:00+00:00;0.091;;
966771;unknown;control;2023-06-21 02:45:00+00:00;0.087;;
966771;unknown;control;2023-06-21 03:00:00+00:00;0.096;;
966771;unknown;control;2023-06-21 03:15:00+00:00;0.089;;
966771;unknown;control;2023-06-21 03:30:00+00:00;0.082;;
966771;unknown;control;2023-06-21 03:45:00+00:00;0.096;;
966771;unknown;control;2023-06-21 04:00:00+00:00;0.091;;
966771;unknown;control;2023-06-21 04:15:00+00:00;0.1;;
966771;unknown;control;2023-06-21 04:30:00+00:00;0.103;;
966771;unknown;control;2023-06-21 04:45:00+00:00;0.103;;
966771;unknown;control;2023-06-21 05:00:00+00:00;0.096;;
966771;unknown;control;2023-06-21 05:15:00+00:00;0.099;;
966771;unknown;control;2023-06-21 05:30:00+00:00;0.091;;
966771;unknown;control;2023-06-21 05:45:00+00:00;0.118;;
966771;unknown;control;2023-06-21 06:00:00+00:00;0.112;;
966771;unknown;control;2023-06-21 06:15:00+00:00;0.094;;
966771;unknown;control;2023-06-21 06:30:00+00:00;0.088;;
966771;unknown;control;2023-06-21 06:45:00+00:00;0.089;;
966771;unknown;control;2023-06-21 07:00:00+00:00;0.088;;
966771;unknown;control;2023-06-21 07:15:00+00:00;0.096;;
966771;unknown;control;2023-06-21 07:30:00+00:00;0.094;;
966771;unknown;control;2023-06-21 07:45:00+00:00;0.084;;
966771;unknown;control;2023-06-21 08:00:00+00:00;0.099;;
966771;unknown;control;2023-06-21 08:15:00+00:00;0.103;;
966771;unknown;control;2023-06-21 08:30:00+00:00;0.091;;
966771;unknown;control;2023-06-21 08:45:00+00:00;0.095;;
966771;unknown;control;2023-06-21 09:00:00+00:00;0.09;;
966771;unknown;control;2023-06-21 09:15:00+00:00;0.087;;
966771;unknown;control;2023-06-21 09:30:00+00:00;0.095;;
966771;unknown;control;2023-06-21 09:45:00+00:00;0.09;;
966771;unknown;control;2023-06-21 10:00:00+00:00;0.088;;
966771;unknown;control;2023-06-21 10:15:00+00:00;0.098;;
966771;unknown;control;2023-06-21 10:30:00+00:00;0.096;;
966771;unknown;control;2023-06-21 10:45:00+00:00;0.096;;
966771;unknown;control;2023-06-21 11:00:00+00:00;0.1;;
966771;unknown;control;2023-06-21 11:15:00+00:00;0.086;;
966771;unknown;control;2023-06-21 11:30:00+00:00;0.095;;
966771;unknown;control;2023-06-21 11:45:00+00:00;0.105;;
966771;unknown;control;2023-06-21 12:00:00+00:00;0.088;;
966771;unknown;control;2023-06-21 12:15:00+00:00;0.095;;
966771;unknown;control;2023-06-21 12:30:00+00:00;0.094;;
966771;unknown;control;2023-06-21 12:45:00+00:00;0.091;;
966771;unknown;control;2023-06-21 13:00:00+00:00;0.106;;
966771;unknown;control;2023-06-21 13:15:00+00:00;0.105;;
966771;unknown;control;2023-06-21 13:30:00+00:00;0.09;;
966771;unknown;control;2023-06-21 13:45:00+00:00;0.097;;
966771;unknown;control;2023-06-21 14:00:00+00:00;0.095;;
966771;unknown;control;2023-06-21 14:15:00+00:00;0.088;;
966771;unknown;control;2023-06-21 14:30:00+00:00;0.093;;
966771;unknown;control;2023-06-21 14:45:00+00:00;0.094;;
966771;unknown;control;2023-06-21 15:00:00+00:00;0.091;;
966771;unknown;control;2023-06-21 15:15:00+00:00;0.099;;
966771;unknown;control;2023-06-21 15:30:00+00:00;0.102;;
966771;unknown;control;2023-06-21 15:45:00+00:00;0.093;;
966771;unknown;control;2023-06-21 16:00:00+00:00;0.108;;
966771;unknown;control;2023-06-21 16:15:00+00:00;0.093;;
966771;unknown;control;2023-06-21 16:30:00+00:00;0.094;;
966771;unknown;control;2023-06-21 16:45:00+00:00;0.097;;
966771;unknown;control;2023-06-21 17:00:00+00:00;0.086;;
966771;unknown;control;2023-06-21 17:15:00+00:00;0.096;;
966771;unknown;control;2023-06-21 17:30:00+00:00;0.099;;
966771;unknown;control;2023-06-21 17:45:00+00:00;0.088;;
966771;unknown;control;2023-06-21 18:00:00+00:00;0.093;;
966771;unknown;control;2023-06-21 18:15:00+00:00;0.098;;
966771;unknown;control;2023-06-21 18:30:00+00:00;0.09;;
966771;unknown;control;2023-06-21 18:45:00+00:00;0.093;;
966771;unknown;control;2023-06-21 19:00:00+00:00;0.107;;
966771;unknown;control;2023-06-21 19:15:00+00:00;0.102;;
966771;unknown;control;2023-06-21 19:30:00+00:00;0.104;;
966771;unknown;control;2023-06-21 19:45:00+00:00;0.097;;
966771;unknown;control;2023-06-21 20:00:00+00:00;0.086;;
966771;unknown;control;2023-06-21 20:15:00+00:00;0.116;;
966771;unknown;control;2023-06-21 20:30:00+00:00;0.122;;
966771;unknown;control;2023-06-21 20:45:00+00:00;0.122;;
966771;unknown;control;2023-06-21 21:00:00+00:00;0.13;;
966771;unknown;control;2023-06-21 21:15:00+00:00;0.118;;
966771;unknown;control;2023-06-21 21:30:00+00:00;0.086;;
966771;unknown;control;2023-06-21 21:45:00+00:00;0.094;;
966771;unknown;control;2023-06-21 22:00:00+00:00;0.088;;
966771;unknown;control;2023-06-21 22:15:00+00:00;0.086;;
966771;unknown;control;2023-06-21 22:30:00+00:00;0.094;;
966771;unknown;control;2023-06-21 22:45:00+00:00;0.086;;
966771;unknown;control;2023-06-21 23:00:00+00:00;0.089;;
966771;unknown;control;2023-06-21 23:15:00+00:00;0.095;;
966771;unknown;control;2023-06-21 23:30:00+00:00;1.359;;
966771;unknown;control;2023-06-21 23:45:00+00:00;1.307;;
966771;unknown;control;2023-06-22 00:00:00+00:00;1.308;;
966771;unknown;control;2023-06-22 00:15:00+00:00;1.319;;
966771;unknown;control;2023-06-22 00:30:00+00:00;0.44;;
966771;unknown;control;2023-06-22 00:45:00+00:00;0.09;;
966771;unknown;control;2023-06-22 01:00:00+00:00;0.082;;
966771;unknown;control;2023-06-22 01:15:00+00:00;0.098;;
966771;unknown;control;2023-06-22 01:30:00+00:00;0.092;;
966771;unknown;control;2023-06-22 01:45:00+00:00;0.082;;
966771;unknown;control;2023-06-22 02:00:00+00:00;0.094;;
966771;unknown;control;2023-06-22 02:15:00+00:00;0.089;;
966771;unknown;control;2023-06-22 02:30:00+00:00;0.084;;
966771;unknown;control;2023-06-22 02:45:00+00:00;0.091;;
966771;unknown;control;2023-06-22 03:00:00+00:00;0.098;;
966771;unknown;control;2023-06-22 03:15:00+00:00;0.088;;
966771;unknown;control;2023-06-22 03:30:00+00:00;0.09;;
966771;unknown;control;2023-06-22 03:45:00+00:00;0.087;;
966771;unknown;control;2023-06-22 04:00:00+00:00;0.09;;
966771;unknown;control;2023-06-22 04:15:00+00:00;0.091;;
966771;unknown;control;2023-06-22 04:30:00+00:00;0.083;;
966771;unknown;control;2023-06-22 04:45:00+00:00;0.089;;
966771;unknown;control;2023-06-22 05:00:00+00:00;0.124;;
966771;unknown;control;2023-06-22 05:15:00+00:00;0.098;;
966771;unknown;control;2023-06-22 05:30:00+00:00;0.103;;
966771;unknown;control;2023-06-22 05:45:00+00:00;0.105;;
966771;unknown;control;2023-06-22 06:00:00+00:00;0.107;;
966771;unknown;control;2023-06-22 06:15:00+00:00;0.097;;
966771;unknown;control;2023-06-22 06:30:00+00:00;0.092;;
966771;unknown;control;2023-06-22 06:45:00+00:00;0.093;;
966771;unknown;control;2023-06-22 07:00:00+00:00;0.101;;
966771;unknown;control;2023-06-22 07:15:00+00:00;0.101;;
966771;unknown;control;2023-06-22 07:30:00+00:00;0.099;;
966771;unknown;control;2023-06-22 07:45:00+00:00;0.099;;
966771;unknown;control;2023-06-22 08:00:00+00:00;0.094;;
966771;unknown;control;2023-06-22 08:15:00+00:00;0.092;;
966771;unknown;control;2023-06-22 08:30:00+00:00;0.102;;
966771;unknown;control;2023-06-22 08:45:00+00:00;0.095;;
966771;unknown;control;2023-06-22 09:00:00+00:00;0.089;;
966771;unknown;control;2023-06-22 09:15:00+00:00;0.104;;
966771;unknown;control;2023-06-22 09:30:00+00:00;0.104;;
966771;unknown;control;2023-06-22 09:45:00+00:00;0.133;;
966771;unknown;control;2023-06-22 10:00:00+00:00;0.173;;
966771;unknown;control;2023-06-22 10:15:00+00:00;0.092;;
966771;unknown;control;2023-06-22 10:30:00+00:00;0.107;;
966771;unknown;control;2023-06-22 10:45:00+00:00;0.101;;
966771;unknown;control;2023-06-22 11:00:00+00:00;0.104;;
966771;unknown;control;2023-06-22 11:15:00+00:00;0.098;;
966771;unknown;control;2023-06-22 11:30:00+00:00;0.101;;
966771;unknown;control;2023-06-22 11:45:00+00:00;0.093;;
966771;unknown;control;2023-06-22 12:00:00+00:00;0.101;;
966771;unknown;control;2023-06-22 12:15:00+00:00;0.102;;
966771;unknown;control;2023-06-22 12:30:00+00:00;0.099;;
966771;unknown;control;2023-06-22 12:45:00+00:00;0.091;;
966771;unknown;control;2023-06-22 13:00:00+00:00;0.105;;
966771;unknown;control;2023-06-22 13:15:00+00:00;0.104;;
966771;unknown;control;2023-06-22 13:30:00+00:00;0.106;;
966771;unknown;control;2023-06-22 13:45:00+00:00;0.114;;
966771;unknown;control;2023-06-22 14:00:00+00:00;0.097;;
966771;unknown;control;2023-06-22 14:15:00+00:00;0.094;;
966771;unknown;control;2023-06-22 14:30:00+00:00;0.096;;
966771;unknown;control;2023-06-22 14:45:00+00:00;0.088;;
966771;unknown;control;2023-06-22 15:00:00+00:00;0.387;;
966771;unknown;control;2023-06-22 15:15:00+00:00;0.467;;
966771;unknown;control;2023-06-22 15:30:00+00:00;0.229;;
966771;unknown;control;2023-06-22 15:45:00+00:00;0.091;;
966771;unknown;control;2023-06-22 16:00:00+00:00;0.101;;
966771;unknown;control;2023-06-22 16:15:00+00:00;0.091;;
966771;unknown;control;2023-06-22 16:30:00+00:00;0.095;;
966771;unknown;control;2023-06-22 16:45:00+00:00;0.116;;
966771;unknown;control;2023-06-22 17:00:00+00:00;0.124;;
966771;unknown;control;2023-06-22 17:15:00+00:00;0.117;;
966771;unknown;control;2023-06-22 17:30:00+00:00;0.126;;
966771;unknown;control;2023-06-22 17:45:00+00:00;0.147;;
966771;unknown;control;2023-06-22 18:00:00+00:00;0.626;;
966771;unknown;control;2023-06-22 18:15:00+00:00;0.157;;
966771;unknown;control;2023-06-22 18:30:00+00:00;0.133;;
966771;unknown;control;2023-06-22 18:45:00+00:00;0.348;;
966771;unknown;control;2023-06-22 19:00:00+00:00;0.261;;
966771;unknown;control;2023-06-22 19:15:00+00:00;0.13;;
966771;unknown;control;2023-06-22 19:30:00+00:00;0.136;;
966771;unknown;control;2023-06-22 19:45:00+00:00;0.142;;
966771;unknown;control;2023-06-22 20:00:00+00:00;0.115;;
966771;unknown;control;2023-06-22 20:15:00+00:00;0.124;;
966771;unknown;control;2023-06-22 20:30:00+00:00;0.123;;
966771;unknown;control;2023-06-22 20:45:00+00:00;0.113;;
966771;unknown;control;2023-06-22 21:00:00+00:00;0.126;;
966771;unknown;control;2023-06-22 21:15:00+00:00;0.129;;
966771;unknown;control;2023-06-22 21:30:00+00:00;0.104;;
966771;unknown;control;2023-06-22 21:45:00+00:00;0.092;;
966771;unknown;control;2023-06-22 22:00:00+00:00;0.086;;
966771;unknown;control;2023-06-22 22:15:00+00:00;0.087;;
966771;unknown;control;2023-06-22 22:30:00+00:00;0.09;;
966771;unknown;control;2023-06-22 22:45:00+00:00;0.088;;
966771;unknown;control;2023-06-22 23:00:00+00:00;0.086;;
966771;unknown;control;2023-06-22 23:15:00+00:00;0.092;;
966771;unknown;control;2023-06-22 23:30:00+00:00;1.358;;
966771;unknown;control;2023-06-22 23:45:00+00:00;1.293;;
966771;unknown;control;2023-06-23 00:00:00+00:00;1.311;;
966771;unknown;control;2023-06-23 00:15:00+00:00;0.704;;
966771;unknown;control;2023-06-23 00:30:00+00:00;0.088;;
966771;unknown;control;2023-06-23 00:45:00+00:00;0.097;;
966771;unknown;control;2023-06-23 01:00:00+00:00;0.083;;
966771;unknown;control;2023-06-23 01:15:00+00:00;0.091;;
966771;unknown;control;2023-06-23 01:30:00+00:00;0.092;;
966771;unknown;control;2023-06-23 01:45:00+00:00;0.081;;
966771;unknown;control;2023-06-23 02:00:00+00:00;0.093;;
966771;unknown;control;2023-06-23 02:15:00+00:00;0.095;;
966771;unknown;control;2023-06-23 02:30:00+00:00;0.09;;
966771;unknown;control;2023-06-23 02:45:00+00:00;0.094;;
966771;unknown;control;2023-06-23 03:00:00+00:00;0.086;;
966771;unknown;control;2023-06-23 03:15:00+00:00;0.085;;
966771;unknown;control;2023-06-23 03:30:00+00:00;0.091;;
966771;unknown;control;2023-06-23 03:45:00+00:00;0.087;;
966771;unknown;control;2023-06-23 04:00:00+00:00;0.087;;
966771;unknown;control;2023-06-23 04:15:00+00:00;0.09;;
966771;unknown;control;2023-06-23 04:30:00+00:00;0.088;;
966771;unknown;control;2023-06-23 04:45:00+00:00;0.093;;
966771;unknown;control;2023-06-23 05:00:00+00:00;0.101;;
966771;unknown;control;2023-06-23 05:15:00+00:00;0.161;;
966771;unknown;control;2023-06-23 05:30:00+00:00;0.096;;
966771;unknown;control;2023-06-23 05:45:00+00:00;0.102;;
966771;unknown;control;2023-06-23 06:00:00+00:00;0.097;;
966771;unknown;control;2023-06-23 06:15:00+00:00;0.102;;
966771;unknown;control;2023-06-23 06:30:00+00:00;0.099;;
966771;unknown;control;2023-06-23 06:45:00+00:00;0.091;;
966771;unknown;control;2023-06-23 07:00:00+00:00;0.1;;
966771;unknown;control;2023-06-23 07:15:00+00:00;0.103;;
966771;unknown;control;2023-06-23 07:30:00+00:00;0.085;;
966771;unknown;control;2023-06-23 07:45:00+00:00;0.097;;
966771;unknown;control;2023-06-23 08:00:00+00:00;0.095;;
966771;unknown;control;2023-06-23 08:15:00+00:00;0.085;;
966771;unknown;control;2023-06-23 08:30:00+00:00;0.1;;
966771;unknown;control;2023-06-23 08:45:00+00:00;0.096;;
966771;unknown;control;2023-06-23 09:00:00+00:00;0.088;;
966771;unknown;control;2023-06-23 09:15:00+00:00;0.23;;
966771;unknown;control;2023-06-23 09:30:00+00:00;0.195;;
966771;unknown;control;2023-06-23 09:45:00+00:00;0.096;;
966771;unknown;control;2023-06-23 10:00:00+00:00;0.121;;
966771;unknown;control;2023-06-23 10:15:00+00:00;0.161;;
966771;unknown;control;2023-06-23 10:30:00+00:00;0.086;;
966771;unknown;control;2023-06-23 10:45:00+00:00;0.095;;
966771;unknown;control;2023-06-23 11:00:00+00:00;0.094;;
966771;unknown;control;2023-06-23 11:15:00+00:00;0.086;;
966771;unknown;control;2023-06-23 11:30:00+00:00;0.097;;
966771;unknown;control;2023-06-23 11:45:00+00:00;0.097;;
966771;unknown;control;2023-06-23 12:00:00+00:00;0.095;;
966771;unknown;control;2023-06-23 12:15:00+00:00;0.098;;
966771;unknown;control;2023-06-23 12:30:00+00:00;0.093;;
966771;unknown;control;2023-06-23 12:45:00+00:00;0.094;;
966771;unknown;control;2023-06-23 13:00:00+00:00;0.362;;
966771;unknown;control;2023-06-23 13:15:00+00:00;0.404;;
966771;unknown;control;2023-06-23 13:30:00+00:00;0.349;;
966771;unknown;control;2023-06-23 13:45:00+00:00;0.262;;
966771;unknown;control;2023-06-23 14:00:00+00:00;0.263;;
966771;unknown;control;2023-06-23 14:15:00+00:00;0.147;;
966771;unknown;control;2023-06-23 14:30:00+00:00;0.108;;
966771;unknown;control;2023-06-23 14:45:00+00:00;0.116;;
966771;unknown;control;2023-06-23 15:00:00+00:00;0.256;;
966771;unknown;control;2023-06-23 15:15:00+00:00;0.34;;
966771;unknown;control;2023-06-23 15:30:00+00:00;0.269;;
966771;unknown;control;2023-06-23 15:45:00+00:00;0.24;;
966771;unknown;control;2023-06-23 16:00:00+00:00;0.236;;
966771;unknown;control;2023-06-23 16:15:00+00:00;0.114;;
966771;unknown;control;2023-06-23 16:30:00+00:00;0.1;;
966771;unknown;control;2023-06-23 16:45:00+00:00;0.1;;
966771;unknown;control;2023-06-23 17:00:00+00:00;0.099;;
966771;unknown;control;2023-06-23 17:15:00+00:00;0.101;;
966771;unknown;control;2023-06-23 17:30:00+00:00;0.097;;
966771;unknown;control;2023-06-23 17:45:00+00:00;0.088;;
966771;unknown;control;2023-06-23 18:00:00+00:00;0.096;;
966771;unknown;control;2023-06-23 18:15:00+00:00;0.097;;
966771;unknown;control;2023-06-23 18:30:00+00:00;0.091;;
966771;unknown;control;2023-06-23 18:45:00+00:00;0.229;;
966771;unknown;control;2023-06-23 19:00:00+00:00;0.133;;
966771;unknown;control;2023-06-23 19:15:00+00:00;0.119;;
966771;unknown;control;2023-06-23 19:30:00+00:00;0.153;;
966771;unknown;control;2023-06-23 19:45:00+00:00;0.184;;
966771;unknown;control;2023-06-23 20:00:00+00:00;0.192;;
966771;unknown;control;2023-06-23 20:15:00+00:00;0.192;;
966771;unknown;control;2023-06-23 20:30:00+00:00;0.183;;
966771;unknown;control;2023-06-23 20:45:00+00:00;0.179;;
966771;unknown;control;2023-06-23 21:00:00+00:00;0.118;;
966771;unknown;control;2023-06-23 21:15:00+00:00;0.098;;
966771;unknown;control;2023-06-23 21:30:00+00:00;0.09;;
966771;unknown;control;2023-06-23 21:45:00+00:00;0.103;;
966771;unknown;control;2023-06-23 22:00:00+00:00;0.095;;
966771;unknown;control;2023-06-23 22:15:00+00:00;0.09;;
966771;unknown;control;2023-06-23 22:30:00+00:00;0.098;;
966771;unknown;control;2023-06-23 22:45:00+00:00;0.087;;
966771;unknown;control;2023-06-23 23:00:00+00:00;0.092;;
966771;unknown;control;2023-06-23 23:15:00+00:00;0.096;;
966771;unknown;control;2023-06-23 23:30:00+00:00;1.343;;
966771;unknown;control;2023-06-23 23:45:00+00:00;1.294;;
966771;unknown;control;2023-06-24 00:00:00+00:00;1.307;;
966771;unknown;control;2023-06-24 00:15:00+00:00;0.583;;
966771;unknown;control;2023-06-24 00:30:00+00:00;0.114;;
966771;unknown;control;2023-06-24 00:45:00+00:00;0.103;;
966771;unknown;control;2023-06-24 01:00:00+00:00;0.118;;
966771;unknown;control;2023-06-24 01:15:00+00:00;0.115;;
966771;unknown;control;2023-06-24 01:30:00+00:00;0.096;;
966771;unknown;control;2023-06-24 01:45:00+00:00;0.096;;
966771;unknown;control;2023-06-24 02:00:00+00:00;0.099;;
966771;unknown;control;2023-06-24 02:15:00+00:00;0.09;;
966771;unknown;control;2023-06-24 02:30:00+00:00;0.088;;
966771;unknown;control;2023-06-24 02:45:00+00:00;0.094;;
966771;unknown;control;2023-06-24 03:00:00+00:00;0.091;;
966771;unknown;control;2023-06-24 03:15:00+00:00;0.088;;
966771;unknown;control;2023-06-24 03:30:00+00:00;0.092;;
966771;unknown;control;2023-06-24 03:45:00+00:00;0.091;;
966771;unknown;control;2023-06-24 04:00:00+00:00;0.088;;
966771;unknown;control;2023-06-24 04:15:00+00:00;0.093;;
966771;unknown;control;2023-06-24 04:30:00+00:00;0.091;;
966771;unknown;control;2023-06-24 04:45:00+00:00;0.087;;
966771;unknown;control;2023-06-24 05:00:00+00:00;0.108;;
966771;unknown;control;2023-06-24 05:15:00+00:00;0.096;;
966771;unknown;control;2023-06-24 05:30:00+00:00;0.1;;
966771;unknown;control;2023-06-24 05:45:00+00:00;0.109;;
966771;unknown;control;2023-06-24 06:00:00+00:00;0.087;;
966771;unknown;control;2023-06-24 06:15:00+00:00;0.092;;
966771;unknown;control;2023-06-24 06:30:00+00:00;0.096;;
966771;unknown;control;2023-06-24 06:45:00+00:00;0.088;;
966771;unknown;control;2023-06-24 07:00:00+00:00;0.276;;
966771;unknown;control;2023-06-24 07:15:00+00:00;0.176;;
966771;unknown;control;2023-06-24 07:30:00+00:00;0.096;;
966771;unknown;control;2023-06-24 07:45:00+00:00;0.12;;
966771;unknown;control;2023-06-24 08:00:00+00:00;0.099;;
966771;unknown;control;2023-06-24 08:15:00+00:00;0.098;;
966771;unknown;control;2023-06-24 08:30:00+00:00;0.109;;
966771;unknown;control;2023-06-24 08:45:00+00:00;0.116;;
966771;unknown;control;2023-06-24 09:00:00+00:00;0.103;;
966771;unknown;control;2023-06-24 09:15:00+00:00;0.107;;
966771;unknown;control;2023-06-24 09:30:00+00:00;0.088;;
966771;unknown;control;2023-06-24 09:45:00+00:00;0.143;;
966771;unknown;control;2023-06-24 10:00:00+00:00;0.121;;
966771;unknown;control;2023-06-24 10:15:00+00:00;0.092;;
966771;unknown;control;2023-06-24 10:30:00+00:00;0.103;;
966771;unknown;control;2023-06-24 10:45:00+00:00;0.104;;
966771;unknown;control;2023-06-24 11:00:00+00:00;0.09;;
966771;unknown;control;2023-06-24 11:15:00+00:00;0.096;;
966771;unknown;control;2023-06-24 11:30:00+00:00;0.088;;
966771;unknown;control;2023-06-24 11:45:00+00:00;0.087;;
966771;unknown;control;2023-06-24 12:00:00+00:00;0.093;;
966771;unknown;control;2023-06-24 12:15:00+00:00;0.087;;
966771;unknown;control;2023-06-24 12:30:00+00:00;0.092;;
966771;unknown;control;2023-06-24 12:45:00+00:00;0.1;;
966771;unknown;control;2023-06-24 13:00:00+00:00;0.091;;
966771;unknown;control;2023-06-24 13:15:00+00:00;0.094;;
966771;unknown;control;2023-06-24 13:30:00+00:00;0.095;;
966771;unknown;control;2023-06-24 13:45:00+00:00;0.085;;
966771;unknown;control;2023-06-24 14:00:00+00:00;0.096;;
966771;unknown;control;2023-06-24 14:15:00+00:00;0.095;;
966771;unknown;control;2023-06-24 14:30:00+00:00;0.084;;
966771;unknown;control;2023-06-24 14:45:00+00:00;0.096;;
966771;unknown;control;2023-06-24 15:00:00+00:00;0.094;;
966771;unknown;control;2023-06-24 15:15:00+00:00;0.089;;
966771;unknown;control;2023-06-24 15:30:00+00:00;0.093;;
966771;unknown;control;2023-06-24 15:45:00+00:00;0.091;;
966771;unknown;control;2023-06-24 16:00:00+00:00;0.092;;
966771;unknown;control;2023-06-24 16:15:00+00:00;0.095;;
966771;unknown;control;2023-06-24 16:30:00+00:00;0.087;;
966771;unknown;control;2023-06-24 16:45:00+00:00;0.094;;
966771;unknown;control;2023-06-24 17:00:00+00:00;0.097;;
966771;unknown;control;2023-06-24 17:15:00+00:00;0.083;;
966771;unknown;control;2023-06-24 17:30:00+00:00;0.094;;
966771;unknown;control;2023-06-24 17:45:00+00:00;0.096;;
966771;unknown;control;2023-06-24 18:00:00+00:00;0.085;;
966771;unknown;control;2023-06-24 18:15:00+00:00;0.092;;
966771;unknown;control;2023-06-24 18:30:00+00:00;0.096;;
966771;unknown;control;2023-06-24 18:45:00+00:00;0.088;;
966771;unknown;control;2023-06-24 19:00:00+00:00;0.104;;
966771;unknown;control;2023-06-24 19:15:00+00:00;0.103;;
966771;unknown;control;2023-06-24 19:30:00+00:00;0.1;;
966771;unknown;control;2023-06-24 19:45:00+00:00;0.103;;
966771;unknown;control;2023-06-24 20:00:00+00:00;0.082;;
966771;unknown;control;2023-06-24 20:15:00+00:00;0.087;;
966771;unknown;control;2023-06-24 20:30:00+00:00;0.093;;
966771;unknown;control;2023-06-24 20:45:00+00:00;0.082;;
966771;unknown;control;2023-06-24 21:00:00+00:00;0.084;;
966771;unknown;control;2023-06-24 21:15:00+00:00;0.092;;
966771;unknown;control;2023-06-24 21:30:00+00:00;0.084;;
966771;unknown;control;2023-06-24 21:45:00+00:00;0.086;;
966771;unknown;control;2023-06-24 22:00:00+00:00;0.087;;
966771;unknown;control;2023-06-24 22:15:00+00:00;0.084;;
966771;unknown;control;2023-06-24 22:30:00+00:00;0.093;;
966771;unknown;control;2023-06-24 22:45:00+00:00;0.084;;
966771;unknown;control;2023-06-24 23:00:00+00:00;0.084;;
966771;unknown;control;2023-06-24 23:15:00+00:00;0.093;;
966771;unknown;control;2023-06-24 23:30:00+00:00;1.354;;
966771;unknown;control;2023-06-24 23:45:00+00:00;1.305;;
966771;unknown;control;2023-06-25 00:00:00+00:00;1.326;;
966771;unknown;control;2023-06-25 00:15:00+00:00;1.064;;
966771;unknown;control;2023-06-25 00:30:00+00:00;0.089;;
966771;unknown;control;2023-06-25 00:45:00+00:00;0.088;;
966771;unknown;control;2023-06-25 01:00:00+00:00;0.083;;
966771;unknown;control;2023-06-25 01:15:00+00:00;0.09;;
966771;unknown;control;2023-06-25 01:30:00+00:00;0.091;;
966771;unknown;control;2023-06-25 01:45:00+00:00;0.078;;
966771;unknown;control;2023-06-25 02:00:00+00:00;0.089;;
966771;unknown;control;2023-06-25 02:15:00+00:00;0.091;;
966771;unknown;control;2023-06-25 02:30:00+00:00;0.081;;
966771;unknown;control;2023-06-25 02:45:00+00:00;0.088;;
966771;unknown;control;2023-06-25 03:00:00+00:00;0.087;;
966771;unknown;control;2023-06-25 03:15:00+00:00;0.085;;
966771;unknown;control;2023-06-25 03:30:00+00:00;0.09;;
966771;unknown;control;2023-06-25 03:45:00+00:00;0.081;;
966771;unknown;control;2023-06-25 04:00:00+00:00;0.087;;
966771;unknown;control;2023-06-25 04:15:00+00:00;0.094;;
966771;unknown;control;2023-06-25 04:30:00+00:00;0.083;;
966771;unknown;control;2023-06-25 04:45:00+00:00;0.084;;
966771;unknown;control;2023-06-25 05:00:00+00:00;0.092;;
966771;unknown;control;2023-06-25 05:15:00+00:00;0.084;;
966771;unknown;control;2023-06-25 05:30:00+00:00;0.087;;
966771;unknown;control;2023-06-25 05:45:00+00:00;0.086;;
966771;unknown;control;2023-06-25 06:00:00+00:00;0.083;;
966771;unknown;control;2023-06-25 06:15:00+00:00;0.093;;
966771;unknown;control;2023-06-25 06:30:00+00:00;0.085;;
966771;unknown;control;2023-06-25 06:45:00+00:00;0.08;;
966771;unknown;control;2023-06-25 07:00:00+00:00;0.097;;
966771;unknown;control;2023-06-25 07:15:00+00:00;0.092;;
966771;unknown;control;2023-06-25 07:30:00+00:00;0.089;;
966771;unknown;control;2023-06-25 07:45:00+00:00;0.094;;
966771;unknown;control;2023-06-25 08:00:00+00:00;0.091;;
966771;unknown;control;2023-06-25 08:15:00+00:00;0.094;;
966771;unknown;control;2023-06-25 08:30:00+00:00;0.094;;
966771;unknown;control;2023-06-25 08:45:00+00:00;0.084;;
966771;unknown;control;2023-06-25 09:00:00+00:00;0.097;;
966771;unknown;control;2023-06-25 09:15:00+00:00;0.096;;
966771;unknown;control;2023-06-25 09:30:00+00:00;0.084;;
966771;unknown;control;2023-06-25 09:45:00+00:00;0.093;;
966771;unknown;control;2023-06-25 10:00:00+00:00;0.095;;
966771;unknown;control;2023-06-25 10:15:00+00:00;0.09;;
966771;unknown;control;2023-06-25 10:30:00+00:00;0.095;;
966771;unknown;control;2023-06-25 10:45:00+00:00;0.089;;
966771;unknown;control;2023-06-25 11:00:00+00:00;0.093;;
966771;unknown;control;2023-06-25 11:15:00+00:00;0.097;;
966771;unknown;control;2023-06-25 11:30:00+00:00;0.086;;
966771;unknown;control;2023-06-25 11:45:00+00:00;0.092;;
966771;unknown;control;2023-06-25 12:00:00+00:00;0.103;;
966771;unknown;control;2023-06-25 12:15:00+00:00;0.088;;
966771;unknown;control;2023-06-25 12:30:00+00:00;0.091;;
966771;unknown;control;2023-06-25 12:45:00+00:00;0.092;;
966771;unknown;control;2023-06-25 13:00:00+00:00;0.084;;
966771;unknown;control;2023-06-25 13:15:00+00:00;0.093;;
966771;unknown;control;2023-06-25 13:30:00+00:00;0.096;;
966771;unknown;control;2023-06-25 13:45:00+00:00;0.089;;
966771;unknown;control;2023-06-25 14:00:00+00:00;0.098;;
966771;unknown;control;2023-06-25 14:15:00+00:00;0.087;;
966771;unknown;control;2023-06-25 14:30:00+00:00;0.088;;
966771;unknown;control;2023-06-25 14:45:00+00:00;0.098;;
966771;unknown;control;2023-06-25 15:00:00+00:00;0.09;;
966771;unknown;control;2023-06-25 15:15:00+00:00;0.087;;
966771;unknown;control;2023-06-25 15:30:00+00:00;0.097;;
966771;unknown;control;2023-06-25 15:45:00+00:00;0.09;;
966771;unknown;control;2023-06-25 16:00:00+00:00;0.092;;
966771;unknown;control;2023-06-25 16:15:00+00:00;0.111;;
966771;unknown;control;2023-06-25 16:30:00+00:00;0.126;;
966771;unknown;control;2023-06-25 16:45:00+00:00;0.131;;
966771;unknown;control;2023-06-25 17:00:00+00:00;0.139;;
966771;unknown;control;2023-06-25 17:15:00+00:00;0.131;;
966771;unknown;control;2023-06-25 17:30:00+00:00;0.138;;
966771;unknown;control;2023-06-25 17:45:00+00:00;0.135;;
966771;unknown;control;2023-06-25 18:00:00+00:00;0.124;;
966771;unknown;control;2023-06-25 18:15:00+00:00;0.138;;
966771;unknown;control;2023-06-25 18:30:00+00:00;0.133;;
966771;unknown;control;2023-06-25 18:45:00+00:00;0.13;;
966771;unknown;control;2023-06-25 19:00:00+00:00;0.142;;
966771;unknown;control;2023-06-25 19:15:00+00:00;0.127;;
966771;unknown;control;2023-06-25 19:30:00+00:00;0.136;;
966771;unknown;control;2023-06-25 19:45:00+00:00;0.121;;
966771;unknown;control;2023-06-25 20:00:00+00:00;0.094;;
966771;unknown;control;2023-06-25 20:15:00+00:00;0.09;;
966771;unknown;control;2023-06-25 20:30:00+00:00;0.1;;
966771;unknown;control;2023-06-25 20:45:00+00:00;0.087;;
966771;unknown;control;2023-06-25 21:00:00+00:00;0.095;;
966771;unknown;control;2023-06-25 21:15:00+00:00;0.09;;
966771;unknown;control;2023-06-25 21:30:00+00:00;0.09;;
966771;unknown;control;2023-06-25 21:45:00+00:00;0.098;;
966771;unknown;control;2023-06-25 22:00:00+00:00;0.09;;
966771;unknown;control;2023-06-25 22:15:00+00:00;0.084;;
966771;unknown;control;2023-06-25 22:30:00+00:00;0.097;;
966771;unknown;control;2023-06-25 22:45:00+00:00;0.091;;
966771;unknown;control;2023-06-25 23:00:00+00:00;0.087;;
966771;unknown;control;2023-06-25 23:15:00+00:00;0.094;;
966771;unknown;control;2023-06-25 23:30:00+00:00;1.343;;
966771;unknown;control;2023-06-25 23:45:00+00:00;1.298;;
966771;unknown;control;2023-06-26 00:00:00+00:00;0.855;;
966771;unknown;control;2023-06-26 00:15:00+00:00;0.084;;
966771;unknown;control;2023-06-26 00:30:00+00:00;0.104;;
966771;unknown;control;2023-06-26 00:45:00+00:00;0.093;;
966771;unknown;control;2023-06-26 01:00:00+00:00;0.082;;
966771;unknown;control;2023-06-26 01:15:00+00:00;0.094;;
966771;unknown;control;2023-06-26 01:30:00+00:00;0.094;;
966771;unknown;control;2023-06-26 01:45:00+00:00;0.084;;
966771;unknown;control;2023-06-26 02:00:00+00:00;0.095;;
966771;unknown;control;2023-06-26 02:15:00+00:00;0.094;;
966771;unknown;control;2023-06-26 02:30:00+00:00;0.088;;
966771;unknown;control;2023-06-26 02:45:00+00:00;0.094;;
966771;unknown;control;2023-06-26 03:00:00+00:00;0.09;;
966771;unknown;control;2023-06-26 03:15:00+00:00;0.09;;
966771;unknown;control;2023-06-26 03:30:00+00:00;0.093;;
966771;unknown;control;2023-06-26 03:45:00+00:00;0.083;;
966771;unknown;control;2023-06-26 04:00:00+00:00;0.098;;
966771;unknown;control;2023-06-26 04:15:00+00:00;0.097;;
966771;unknown;control;2023-06-26 04:30:00+00:00;0.091;;
966771;unknown;control;2023-06-26 04:45:00+00:00;0.089;;
966771;unknown;control;2023-06-26 05:00:00+00:00;0.114;;
966771;unknown;control;2023-06-26 05:15:00+00:00;0.097;;
966771;unknown;control;2023-06-26 05:30:00+00:00;0.106;;
966771;unknown;control;2023-06-26 05:45:00+00:00;0.099;;
966771;unknown;control;2023-06-26 06:00:00+00:00;0.711;;
966771;unknown;control;2023-06-26 06:15:00+00:00;0.513;;
966771;unknown;control;2023-06-26 06:30:00+00:00;0.125;;
966771;unknown;control;2023-06-26 06:45:00+00:00;0.123;;
966771;unknown;control;2023-06-26 07:00:00+00:00;0.142;;
966771;unknown;control;2023-06-26 07:15:00+00:00;0.128;;
966771;unknown;control;2023-06-26 07:30:00+00:00;0.552;;
966771;unknown;control;2023-06-26 07:45:00+00:00;0.294;;
966771;unknown;control;2023-06-26 08:00:00+00:00;0.302;;
966771;unknown;control;2023-06-26 08:15:00+00:00;0.319;;
966771;unknown;control;2023-06-26 08:30:00+00:00;0.439;;
966771;unknown;control;2023-06-26 08:45:00+00:00;0.325;;
966771;unknown;control;2023-06-26 09:00:00+00:00;0.127;;
966771;unknown;control;2023-06-26 09:15:00+00:00;0.129;;
966771;unknown;control;2023-06-26 09:30:00+00:00;0.132;;
966771;unknown;control;2023-06-26 09:45:00+00:00;0.183;;
966771;unknown;control;2023-06-26 10:00:00+00:00;0.248;;
966771;unknown;control;2023-06-26 10:15:00+00:00;0.094;;
966771;unknown;control;2023-06-26 10:30:00+00:00;0.114;;
966771;unknown;control;2023-06-26 10:45:00+00:00;0.095;;
966771;unknown;control;2023-06-26 11:00:00+00:00;0.096;;
966771;unknown;control;2023-06-26 11:15:00+00:00;0.102;;
966771;unknown;control;2023-06-26 11:30:00+00:00;0.09;;
966771;unknown;control;2023-06-26 11:45:00+00:00;0.111;;
966771;unknown;control;2023-06-26 12:00:00+00:00;0.126;;
966771;unknown;control;2023-06-26 12:15:00+00:00;0.115;;
966771;unknown;control;2023-06-26 12:30:00+00:00;0.271;;
966771;unknown;control;2023-06-26 12:45:00+00:00;0.243;;
966771;unknown;control;2023-06-26 13:00:00+00:00;0.404;;
966771;unknown;control;2023-06-26 13:15:00+00:00;0.151;;
966771;unknown;control;2023-06-26 13:30:00+00:00;0.104;;
966771;unknown;control;2023-06-26 13:45:00+00:00;0.093;;
966771;unknown;control;2023-06-26 14:00:00+00:00;0.104;;
966771;unknown;control;2023-06-26 14:15:00+00:00;0.099;;
966771;unknown;control;2023-06-26 14:30:00+00:00;0.098;;
966771;unknown;control;2023-06-26 14:45:00+00:00;0.103;;
966771;unknown;control;2023-06-26 15:00:00+00:00;0.106;;
966771;unknown;control;2023-06-26 15:15:00+00:00;0.099;;
966771;unknown;control;2023-06-26 15:30:00+00:00;0.097;;
966771;unknown;control;2023-06-26 15:45:00+00:00;0.092;;
966771;unknown;control;2023-06-26 16:00:00+00:00;0.105;;
966771;unknown;control;2023-06-26 16:15:00+00:00;0.099;;
966771;unknown;control;2023-06-26 16:30:00+00:00;0.085;;
966771;unknown;control;2023-06-26 16:45:00+00:00;0.096;;
966771;unknown;control;2023-06-26 17:00:00+00:00;0.097;;
966771;unknown;control;2023-06-26 17:15:00+00:00;0.087;;
966771;unknown;control;2023-06-26 17:30:00+00:00;0.095;;
966771;unknown;control;2023-06-26 17:45:00+00:00;0.097;;
966771;unknown;control;2023-06-26 18:00:00+00:00;0.092;;
966771;unknown;control;2023-06-26 18:15:00+00:00;0.098;;
966771;unknown;control;2023-06-26 18:30:00+00:00;0.094;;
966771;unknown;control;2023-06-26 18:45:00+00:00;0.094;;
966771;unknown;control;2023-06-26 19:00:00+00:00;0.112;;
966771;unknown;control;2023-06-26 19:15:00+00:00;0.102;;
966771;unknown;control;2023-06-26 19:30:00+00:00;0.109;;
966771;unknown;control;2023-06-26 19:45:00+00:00;0.125;;
966771;unknown;control;2023-06-26 20:00:00+00:00;0.104;;
966771;unknown;control;2023-06-26 20:15:00+00:00;0.097;;
966771;unknown;control;2023-06-26 20:30:00+00:00;0.103;;
966771;unknown;control;2023-06-26 20:45:00+00:00;0.086;;
966771;unknown;control;2023-06-26 21:00:00+00:00;0.095;;
966771;unknown;control;2023-06-26 21:15:00+00:00;0.095;;
966771;unknown;control;2023-06-26 21:30:00+00:00;0.082;;
966771;unknown;control;2023-06-26 21:45:00+00:00;0.095;;
966771;unknown;control;2023-06-26 22:00:00+00:00;0.095;;
966771;unknown;control;2023-06-26 22:15:00+00:00;0.085;;
966771;unknown;control;2023-06-26 22:30:00+00:00;0.093;;
966771;unknown;control;2023-06-26 22:45:00+00:00;0.093;;
966771;unknown;control;2023-06-26 23:00:00+00:00;0.089;;
966771;unknown;control;2023-06-26 23:15:00+00:00;0.099;;
966771;unknown;control;2023-06-26 23:30:00+00:00;1.345;;
966771;unknown;control;2023-06-26 23:45:00+00:00;1.301;;
966771;unknown;control;2023-06-27 00:00:00+00:00;1.311;;
966771;unknown;control;2023-06-27 00:15:00+00:00;1.311;;
966771;unknown;control;2023-06-27 00:30:00+00:00;1.25;;
966771;unknown;control;2023-06-27 00:45:00+00:00;0.097;;
966771;unknown;control;2023-06-27 01:00:00+00:00;0.089;;
966771;unknown;control;2023-06-27 01:15:00+00:00;0.091;;
966771;unknown;control;2023-06-27 01:30:00+00:00;0.092;;
966771;unknown;control;2023-06-27 01:45:00+00:00;0.087;;
966771;unknown;control;2023-06-27 02:00:00+00:00;0.109;;
966771;unknown;control;2023-06-27 02:15:00+00:00;0.091;;
966771;unknown;control;2023-06-27 02:30:00+00:00;0.083;;
966771;unknown;control;2023-06-27 02:45:00+00:00;0.096;;
966771;unknown;control;2023-06-27 03:00:00+00:00;0.093;;
966771;unknown;control;2023-06-27 03:15:00+00:00;0.092;;
966771;unknown;control;2023-06-27 03:30:00+00:00;0.093;;
966771;unknown;control;2023-06-27 03:45:00+00:00;0.311;;
966771;unknown;control;2023-06-27 04:00:00+00:00;0.118;;
966771;unknown;control;2023-06-27 04:15:00+00:00;0.118;;
966771;unknown;control;2023-06-27 04:30:00+00:00;0.188;;
966771;unknown;control;2023-06-27 04:45:00+00:00;0.148;;
966771;unknown;control;2023-06-27 05:00:00+00:00;0.119;;
966771;unknown;control;2023-06-27 05:15:00+00:00;0.104;;
966771;unknown;control;2023-06-27 05:30:00+00:00;0.099;;
966771;unknown;control;2023-06-27 05:45:00+00:00;0.101;;
966771;unknown;control;2023-06-27 06:00:00+00:00;0.312;;
966771;unknown;control;2023-06-27 06:15:00+00:00;0.461;;
966771;unknown;control;2023-06-27 06:30:00+00:00;0.11;;
966771;unknown;control;2023-06-27 06:45:00+00:00;0.13;;
966771;unknown;control;2023-06-27 07:00:00+00:00;0.433;;
966771;unknown;control;2023-06-27 07:15:00+00:00;0.098;;
966771;unknown;control;2023-06-27 07:30:00+00:00;0.093;;
966771;unknown;control;2023-06-27 07:45:00+00:00;0.104;;
966771;unknown;control;2023-06-27 08:00:00+00:00;0.097;;
966771;unknown;control;2023-06-27 08:15:00+00:00;0.096;;
966771;unknown;control;2023-06-27 08:30:00+00:00;0.112;;
966771;unknown;control;2023-06-27 08:45:00+00:00;0.263;;
966771;unknown;control;2023-06-27 09:00:00+00:00;0.445;;
966771;unknown;control;2023-06-27 09:15:00+00:00;0.119;;
966771;unknown;control;2023-06-27 09:30:00+00:00;0.113;;
966771;unknown;control;2023-06-27 09:45:00+00:00;0.131;;
966771;unknown;control;2023-06-27 10:00:00+00:00;0.432;;
966771;unknown;control;2023-06-27 10:15:00+00:00;0.227;;
966771;unknown;control;2023-06-27 10:30:00+00:00;0.19;;
966771;unknown;control;2023-06-27 10:45:00+00:00;0.108;;
966771;unknown;control;2023-06-27 11:00:00+00:00;0.104;;
966771;unknown;control;2023-06-27 11:15:00+00:00;0.122;;
966771;unknown;control;2023-06-27 11:30:00+00:00;0.122;;
966771;unknown;control;2023-06-27 11:45:00+00:00;0.111;;
966771;unknown;control;2023-06-27 12:00:00+00:00;0.107;;
966771;unknown;control;2023-06-27 12:15:00+00:00;0.106;;
966771;unknown;control;2023-06-27 12:30:00+00:00;0.105;;
966771;unknown;control;2023-06-27 12:45:00+00:00;0.111;;
966771;unknown;control;2023-06-27 13:00:00+00:00;0.109;;
966771;unknown;control;2023-06-27 13:15:00+00:00;0.1;;
966771;unknown;control;2023-06-27 13:30:00+00:00;0.1;;
966771;unknown;control;2023-06-27 13:45:00+00:00;0.125;;
966771;unknown;control;2023-06-27 14:00:00+00:00;0.524;;
966771;unknown;control;2023-06-27 14:15:00+00:00;0.126;;
966771;unknown;control;2023-06-27 14:30:00+00:00;0.128;;
966771;unknown;control;2023-06-27 14:45:00+00:00;0.102;;
966771;unknown;control;2023-06-27 15:00:00+00:00;0.104;;
966771;unknown;control;2023-06-27 15:15:00+00:00;0.09;;
966771;unknown;control;2023-06-27 15:30:00+00:00;0.433;;
966771;unknown;control;2023-06-27 15:45:00+00:00;0.325;;
966771;unknown;control;2023-06-27 16:00:00+00:00;0.505;;
966771;unknown;control;2023-06-27 16:15:00+00:00;0.264;;
966771;unknown;control;2023-06-27 16:30:00+00:00;0.358;;
966771;unknown;control;2023-06-27 16:45:00+00:00;0.386;;
966771;unknown;control;2023-06-27 17:00:00+00:00;0.108;;
966771;unknown;control;2023-06-27 17:15:00+00:00;0.1;;
966771;unknown;control;2023-06-27 17:30:00+00:00;0.117;;
966771;unknown;control;2023-06-27 17:45:00+00:00;0.114;;
966771;unknown;control;2023-06-27 18:00:00+00:00;0.095;;
966771;unknown;control;2023-06-27 18:15:00+00:00;0.109;;
966771;unknown;control;2023-06-27 18:30:00+00:00;0.113;;
966771;unknown;control;2023-06-27 18:45:00+00:00;0.106;;
966771;unknown;control;2023-06-27 19:00:00+00:00;0.105;;
966771;unknown;control;2023-06-27 19:15:00+00:00;0.123;;
966771;unknown;control;2023-06-27 19:30:00+00:00;0.131;;
966771;unknown;control;2023-06-27 19:45:00+00:00;0.136;;
966771;unknown;control;2023-06-27 20:00:00+00:00;0.146;;
966771;unknown;control;2023-06-27 20:15:00+00:00;0.112;;
966771;unknown;control;2023-06-27 20:30:00+00:00;0.098;;
966771;unknown;control;2023-06-27 20:45:00+00:00;0.096;;
966771;unknown;control;2023-06-27 21:00:00+00:00;0.09;;
966771;unknown;control;2023-06-27 21:15:00+00:00;0.097;;
966771;unknown;control;2023-06-27 21:30:00+00:00;0.088;;
966771;unknown;control;2023-06-27 21:45:00+00:00;0.09;;
966771;unknown;control;2023-06-27 22:00:00+00:00;0.096;;
966771;unknown;control;2023-06-27 22:15:00+00:00;0.095;;
966771;unknown;control;2023-06-27 22:30:00+00:00;0.086;;
966771;unknown;control;2023-06-27 22:45:00+00:00;0.095;;
966771;unknown;control;2023-06-27 23:00:00+00:00;0.089;;
966771;unknown;control;2023-06-27 23:15:00+00:00;0.092;;
966771;unknown;control;2023-06-27 23:30:00+00:00;1.346;;
966771;unknown;control;2023-06-27 23:45:00+00:00;1.287;;
966771;unknown;control;2023-06-28 00:00:00+00:00;1.3;;
966771;unknown;control;2023-06-28 00:15:00+00:00;1.317;;
966771;unknown;control;2023-06-28 00:30:00+00:00;0.097;;
966771;unknown;control;2023-06-28 00:45:00+00:00;0.094;;
966771;unknown;control;2023-06-28 01:00:00+00:00;0.096;;
966771;unknown;control;2023-06-28 01:15:00+00:00;0.094;;
966771;unknown;control;2023-06-28 01:30:00+00:00;0.096;;
966771;unknown;control;2023-06-28 01:45:00+00:00;0.09;;
966771;unknown;control;2023-06-28 02:00:00+00:00;0.091;;
966771;unknown;control;2023-06-28 02:15:00+00:00;0.097;;
966771;unknown;control;2023-06-28 02:30:00+00:00;0.086;;
966771;unknown;control;2023-06-28 02:45:00+00:00;0.101;;
966771;unknown;control;2023-06-28 03:00:00+00:00;0.097;;
966771;unknown;control;2023-06-28 03:15:00+00:00;0.097;;
966771;unknown;control;2023-06-28 03:30:00+00:00;0.092;;
966771;unknown;control;2023-06-28 03:45:00+00:00;0.091;;
966771;unknown;control;2023-06-28 04:00:00+00:00;0.089;;
966771;unknown;control;2023-06-28 04:15:00+00:00;0.101;;
966771;unknown;control;2023-06-28 04:30:00+00:00;0.091;;
966771;unknown;control;2023-06-28 04:45:00+00:00;0.098;;
966771;unknown;control;2023-06-28 05:00:00+00:00;0.108;;
966771;unknown;control;2023-06-28 05:15:00+00:00;0.1;;
966771;unknown;control;2023-06-28 05:30:00+00:00;0.137;;
966771;unknown;control;2023-06-28 05:45:00+00:00;0.093;;
966771;unknown;control;2023-06-28 06:00:00+00:00;0.094;;
966771;unknown;control;2023-06-28 06:15:00+00:00;0.097;;
966771;unknown;control;2023-06-28 06:30:00+00:00;0.115;;
966771;unknown;control;2023-06-28 06:45:00+00:00;0.084;;
966771;unknown;control;2023-06-28 07:00:00+00:00;0.088;;
966771;unknown;control;2023-06-28 07:15:00+00:00;0.096;;
966771;unknown;control;2023-06-28 07:30:00+00:00;0.084;;
966771;unknown;control;2023-06-28 07:45:00+00:00;0.087;;
966771;unknown;control;2023-06-28 08:00:00+00:00;0.096;;
966771;unknown;control;2023-06-28 08:15:00+00:00;0.008;;
966771;unknown;control;2023-06-28 08:30:00+00:00;0.0;;
966771;unknown;control;2023-06-28 08:45:00+00:00;0.129;;
966771;unknown;control;2023-06-28 09:00:00+00:00;0.143;;
966771;unknown;control;2023-06-28 09:15:00+00:00;0.11;;
966771;unknown;control;2023-06-28 09:30:00+00:00;0.109;;
966771;unknown;control;2023-06-28 09:45:00+00:00;0.416;;
966771;unknown;control;2023-06-28 10:00:00+00:00;0.147;;
966771;unknown;control;2023-06-28 10:15:00+00:00;0.093;;
966771;unknown;control;2023-06-28 10:30:00+00:00;0.094;;
966771;unknown;control;2023-06-28 10:45:00+00:00;0.086;;
966771;unknown;control;2023-06-28 11:00:00+00:00;0.094;;
966771;unknown;control;2023-06-28 11:15:00+00:00;0.092;;
966771;unknown;control;2023-06-28 11:30:00+00:00;0.085;;
966771;unknown;control;2023-06-28 11:45:00+00:00;0.083;;
966771;unknown;control;2023-06-28 12:00:00+00:00;0.093;;
966771;unknown;control;2023-06-28 12:15:00+00:00;0.087;;
966771;unknown;control;2023-06-28 12:30:00+00:00;0.086;;
966771;unknown;control;2023-06-28 12:45:00+00:00;0.088;;
966771;unknown;control;2023-06-28 13:00:00+00:00;0.086;;
966771;unknown;control;2023-06-28 13:15:00+00:00;0.092;;
966771;unknown;control;2023-06-28 13:30:00+00:00;0.121;;
966771;unknown;control;2023-06-28 13:45:00+00:00;0.083;;
966771;unknown;control;2023-06-28 14:00:00+00:00;0.093;;
966771;unknown;control;2023-06-28 14:15:00+00:00;0.094;;
966771;unknown;control;2023-06-28 14:30:00+00:00;0.081;;
966771;unknown;control;2023-06-28 14:45:00+00:00;0.096;;
966771;unknown;control;2023-06-28 15:00:00+00:00;0.093;;
966771;unknown;control;2023-06-28 15:15:00+00:00;0.081;;
966771;unknown;control;2023-06-28 15:30:00+00:00;0.107;;
966771;unknown;control;2023-06-28 15:45:00+00:00;0.115;;
966771;unknown;control;2023-06-28 16:00:00+00:00;0.085;;
966771;unknown;control;2023-06-28 16:15:00+00:00;0.089;;
966771;unknown;control;2023-06-28 16:30:00+00:00;0.088;;
966771;unknown;control;2023-06-28 16:45:00+00:00;0.089;;
966771;unknown;control;2023-06-28 17:00:00+00:00;0.091;;
966771;unknown;control;2023-06-28 17:15:00+00:00;0.098;;
966771;unknown;control;2023-06-28 17:30:00+00:00;0.102;;
966771;unknown;control;2023-06-28 17:45:00+00:00;0.117;;
966771;unknown;control;2023-06-28 18:00:00+00:00;0.089;;
966771;unknown;control;2023-06-28 18:15:00+00:00;0.104;;
966771;unknown;control;2023-06-28 18:30:00+00:00;0.105;;
966771;unknown;control;2023-06-28 18:45:00+00:00;0.092;;
966771;unknown;control;2023-06-28 19:00:00+00:00;0.096;;
966771;unknown;control;2023-06-28 19:15:00+00:00;0.126;;
966771;unknown;control;2023-06-28 19:30:00+00:00;0.146;;
966771;unknown;control;2023-06-28 19:45:00+00:00;0.154;;
966771;unknown;control;2023-06-28 20:00:00+00:00;0.45;;
966771;unknown;control;2023-06-28 20:15:00+00:00;0.239;;
966771;unknown;control;2023-06-28 20:30:00+00:00;0.116;;
966771;unknown;control;2023-06-28 20:45:00+00:00;0.094;;
966771;unknown;control;2023-06-28 21:00:00+00:00;0.087;;
966771;unknown;control;2023-06-28 21:15:00+00:00;0.095;;
966771;unknown;control;2023-06-28 21:30:00+00:00;0.088;;
966771;unknown;control;2023-06-28 21:45:00+00:00;0.088;;
966771;unknown;control;2023-06-28 22:00:00+00:00;0.092;;
966771;unknown;control;2023-06-28 22:15:00+00:00;0.09;;
966771;unknown;control;2023-06-28 22:30:00+00:00;0.094;;
966771;unknown;control;2023-06-28 22:45:00+00:00;0.089;;
966771;unknown;control;2023-06-28 23:00:00+00:00;0.084;;
966771;unknown;control;2023-06-28 23:15:00+00:00;0.096;;
966771;unknown;control;2023-06-28 23:30:00+00:00;1.366;;
966771;unknown;control;2023-06-28 23:45:00+00:00;1.306;;
966771;unknown;control;2023-06-29 00:00:00+00:00;1.328;;
966771;unknown;control;2023-06-29 00:15:00+00:00;1.335;;
966771;unknown;control;2023-06-29 00:30:00+00:00;0.336;;
966771;unknown;control;2023-06-29 00:45:00+00:00;0.092;;
966771;unknown;control;2023-06-29 01:00:00+00:00;0.094;;
966771;unknown;control;2023-06-29 01:15:00+00:00;0.092;;
966771;unknown;control;2023-06-29 01:30:00+00:00;0.092;;
966771;unknown;control;2023-06-29 01:45:00+00:00;0.086;;
966771;unknown;control;2023-06-29 02:00:00+00:00;0.092;;
966771;unknown;control;2023-06-29 02:15:00+00:00;0.096;;
966771;unknown;control;2023-06-29 02:30:00+00:00;0.081;;
966771;unknown;control;2023-06-29 02:45:00+00:00;0.092;;
966771;unknown;control;2023-06-29 03:00:00+00:00;0.108;;
966771;unknown;control;2023-06-29 03:15:00+00:00;0.084;;
966771;unknown;control;2023-06-29 03:30:00+00:00;0.09;;
966771;unknown;control;2023-06-29 03:45:00+00:00;0.094;;
966771;unknown;control;2023-06-29 04:00:00+00:00;0.094;;
966771;unknown;control;2023-06-29 04:15:00+00:00;0.092;;
966771;unknown;control;2023-06-29 04:30:00+00:00;0.097;;
966771;unknown;control;2023-06-29 04:45:00+00:00;0.322;;
966771;unknown;control;2023-06-29 05:00:00+00:00;0.747;;
966771;unknown;control;2023-06-29 05:15:00+00:00;0.141;;
966771;unknown;control;2023-06-29 05:30:00+00:00;0.12;;
966771;unknown;control;2023-06-29 05:45:00+00:00;0.144;;
966771;unknown;control;2023-06-29 06:00:00+00:00;0.095;;
966771;unknown;control;2023-06-29 06:15:00+00:00;0.101;;
966771;unknown;control;2023-06-29 06:30:00+00:00;0.098;;
966771;unknown;control;2023-06-29 06:45:00+00:00;0.085;;
966771;unknown;control;2023-06-29 07:00:00+00:00;0.096;;
966771;unknown;control;2023-06-29 07:15:00+00:00;0.211;;
966771;unknown;control;2023-06-29 07:30:00+00:00;0.251;;
966771;unknown;control;2023-06-29 07:45:00+00:00;0.15;;
966771;unknown;control;2023-06-29 08:00:00+00:00;0.113;;
966771;unknown;control;2023-06-29 08:15:00+00:00;0.206;;
966771;unknown;control;2023-06-29 08:30:00+00:00;0.322;;
966771;unknown;control;2023-06-29 08:45:00+00:00;0.181;;
966771;unknown;control;2023-06-29 09:00:00+00:00;0.093;;
966771;unknown;control;2023-06-29 09:15:00+00:00;0.116;;
966771;unknown;control;2023-06-29 09:30:00+00:00;0.095;;
966771;unknown;control;2023-06-29 09:45:00+00:00;0.11;;
966771;unknown;control;2023-06-29 10:00:00+00:00;0.476;;
966771;unknown;control;2023-06-29 10:15:00+00:00;0.245;;
966771;unknown;control;2023-06-29 10:30:00+00:00;0.119;;
966771;unknown;control;2023-06-29 10:45:00+00:00;0.333;;
966771;unknown;control;2023-06-29 11:00:00+00:00;0.118;;
966771;unknown;control;2023-06-29 11:15:00+00:00;0.095;;
966771;unknown;control;2023-06-29 11:30:00+00:00;0.104;;
966771;unknown;control;2023-06-29 11:45:00+00:00;0.091;;
966771;unknown;control;2023-06-29 12:00:00+00:00;0.096;;
966771;unknown;control;2023-06-29 12:15:00+00:00;0.097;;
966771;unknown;control;2023-06-29 12:30:00+00:00;0.091;;
966771;unknown;control;2023-06-29 12:45:00+00:00;0.096;;
966771;unknown;control;2023-06-29 13:00:00+00:00;0.093;;
966771;unknown;control;2023-06-29 13:15:00+00:00;0.093;;
966771;unknown;control;2023-06-29 13:30:00+00:00;0.099;;
966771;unknown;control;2023-06-29 13:45:00+00:00;0.09;;
966771;unknown;control;2023-06-29 14:00:00+00:00;0.092;;
966771;unknown;control;2023-06-29 14:15:00+00:00;0.111;;
966771;unknown;control;2023-06-29 14:30:00+00:00;0.094;;
966771;unknown;control;2023-06-29 14:45:00+00:00;0.092;;
966771;unknown;control;2023-06-29 15:00:00+00:00;0.191;;
966771;unknown;control;2023-06-29 15:15:00+00:00;0.328;;
966771;unknown;control;2023-06-29 15:30:00+00:00;0.131;;
966771;unknown;control;2023-06-29 15:45:00+00:00;0.131;;
966771;unknown;control;2023-06-29 16:00:00+00:00;0.118;;
966771;unknown;control;2023-06-29 16:15:00+00:00;0.134;;
966771;unknown;control;2023-06-29 16:30:00+00:00;0.13;;
966771;unknown;control;2023-06-29 16:45:00+00:00;0.123;;
966771;unknown;control;2023-06-29 17:00:00+00:00;0.133;;
966771;unknown;control;2023-06-29 17:15:00+00:00;0.123;;
966771;unknown;control;2023-06-29 17:30:00+00:00;0.09;;
966771;unknown;control;2023-06-29 17:45:00+00:00;0.101;;
966771;unknown;control;2023-06-29 18:00:00+00:00;0.123;;
966771;unknown;control;2023-06-29 18:15:00+00:00;0.097;;
966771;unknown;control;2023-06-29 18:30:00+00:00;0.123;;
966771;unknown;control;2023-06-29 18:45:00+00:00;0.137;;
966771;unknown;control;2023-06-29 19:00:00+00:00;0.132;;
966771;unknown;control;2023-06-29 19:15:00+00:00;0.135;;
966771;unknown;control;2023-06-29 19:30:00+00:00;0.122;;
966771;unknown;control;2023-06-29 19:45:00+00:00;0.099;;
966771;unknown;control;2023-06-29 20:00:00+00:00;0.098;;
966771;unknown;control;2023-06-29 20:15:00+00:00;0.087;;
966771;unknown;control;2023-06-29 20:30:00+00:00;0.097;;
966771;unknown;control;2023-06-29 20:45:00+00:00;0.094;;
966771;unknown;control;2023-06-29 21:00:00+00:00;0.084;;
966771;unknown;control;2023-06-29 21:15:00+00:00;0.095;;
966771;unknown;control;2023-06-29 21:30:00+00:00;0.093;;
966771;unknown;control;2023-06-29 21:45:00+00:00;0.09;;
966771;unknown;control;2023-06-29 22:00:00+00:00;0.093;;
966771;unknown;control;2023-06-29 22:15:00+00:00;0.086;;
966771;unknown;control;2023-06-29 22:30:00+00:00;0.089;;
966771;unknown;control;2023-06-29 22:45:00+00:00;0.096;;
966771;unknown;control;2023-06-29 23:00:00+00:00;0.084;;
966771;unknown;control;2023-06-29 23:15:00+00:00;0.087;;
966771;unknown;control;2023-06-29 23:30:00+00:00;1.357;;
966771;unknown;control;2023-06-29 23:45:00+00:00;1.295;;
966771;unknown;control;2023-06-30 00:00:00+00:00;1.309;;
966771;unknown;control;2023-06-30 00:15:00+00:00;1.223;;
966771;unknown;control;2023-06-30 00:30:00+00:00;0.086;;
966771;unknown;control;2023-06-30 00:45:00+00:00;0.095;;
966771;unknown;control;2023-06-30 01:00:00+00:00;0.092;;
966771;unknown;control;2023-06-30 01:15:00+00:00;0.083;;
966771;unknown;control;2023-06-30 01:30:00+00:00;0.098;;
966771;unknown;control;2023-06-30 01:45:00+00:00;0.092;;
966771;unknown;control;2023-06-30 02:00:00+00:00;0.082;;
966771;unknown;control;2023-06-30 02:15:00+00:00;0.093;;
966771;unknown;control;2023-06-30 02:30:00+00:00;0.09;;
966771;unknown;control;2023-06-30 02:45:00+00:00;0.088;;
966771;unknown;control;2023-06-30 03:00:00+00:00;0.104;;
966771;unknown;control;2023-06-30 03:15:00+00:00;0.086;;
966771;unknown;control;2023-06-30 03:30:00+00:00;0.091;;
966771;unknown;control;2023-06-30 03:45:00+00:00;0.094;;
966771;unknown;control;2023-06-30 04:00:00+00:00;0.083;;
966771;unknown;control;2023-06-30 04:15:00+00:00;0.091;;
966771;unknown;control;2023-06-30 04:30:00+00:00;0.106;;
966771;unknown;control;2023-06-30 04:45:00+00:00;0.106;;
966771;unknown;control;2023-06-30 05:00:00+00:00;0.1;;
966771;unknown;control;2023-06-30 05:15:00+00:00;0.102;;
966771;unknown;control;2023-06-30 05:30:00+00:00;0.085;;
966771;unknown;control;2023-06-30 05:45:00+00:00;0.092;;
966771;unknown;control;2023-06-30 06:00:00+00:00;0.092;;
966771;unknown;control;2023-06-30 06:15:00+00:00;0.095;;
966771;unknown;control;2023-06-30 06:30:00+00:00;0.099;;
966771;unknown;control;2023-06-30 06:45:00+00:00;0.091;;
966771;unknown;control;2023-06-30 07:00:00+00:00;0.1;;
966771;unknown;control;2023-06-30 07:15:00+00:00;0.163;;
966771;unknown;control;2023-06-30 07:30:00+00:00;0.108;;
966771;unknown;control;2023-06-30 07:45:00+00:00;0.099;;
966771;unknown;control;2023-06-30 08:00:00+00:00;0.103;;
966771;unknown;control;2023-06-30 08:15:00+00:00;0.092;;
966771;unknown;control;2023-06-30 08:30:00+00:00;0.103;;
966771;unknown;control;2023-06-30 08:45:00+00:00;0.133;;
966771;unknown;control;2023-06-30 09:00:00+00:00;0.088;;
966771;unknown;control;2023-06-30 09:15:00+00:00;0.422;;
966771;unknown;control;2023-06-30 09:30:00+00:00;0.261;;
966771;unknown;control;2023-06-30 09:45:00+00:00;0.728;;
966771;unknown;control;2023-06-30 10:00:00+00:00;0.222;;
966771;unknown;control;2023-06-30 10:15:00+00:00;0.227;;
966771;unknown;control;2023-06-30 10:30:00+00:00;0.096;;
966771;unknown;control;2023-06-30 10:45:00+00:00;0.108;;
966771;unknown;control;2023-06-30 11:00:00+00:00;0.104;;
966771;unknown;control;2023-06-30 11:15:00+00:00;0.096;;
966771;unknown;control;2023-06-30 11:30:00+00:00;0.105;;
966771;unknown;control;2023-06-30 11:45:00+00:00;0.104;;
966771;unknown;control;2023-06-30 12:00:00+00:00;0.102;;
966771;unknown;control;2023-06-30 12:15:00+00:00;0.103;;
966771;unknown;control;2023-06-30 12:30:00+00:00;0.103;;
966771;unknown;control;2023-06-30 12:45:00+00:00;0.099;;
966771;unknown;control;2023-06-30 13:00:00+00:00;0.116;;
966771;unknown;control;2023-06-30 13:15:00+00:00;0.095;;
966771;unknown;control;2023-06-30 13:30:00+00:00;0.098;;
966771;unknown;control;2023-06-30 13:45:00+00:00;0.107;;
966771;unknown;control;2023-06-30 14:00:00+00:00;0.09;;
966771;unknown;control;2023-06-30 14:15:00+00:00;0.095;;
966771;unknown;control;2023-06-30 14:30:00+00:00;0.132;;
966771;unknown;control;2023-06-30 14:45:00+00:00;0.123;;
966771;unknown;control;2023-06-30 15:00:00+00:00;0.126;;
966771;unknown;control;2023-06-30 15:15:00+00:00;0.125;;
966771;unknown;control;2023-06-30 15:30:00+00:00;0.1;;
966771;unknown;control;2023-06-30 15:45:00+00:00;0.1;;
966771;unknown;control;2023-06-30 16:00:00+00:00;0.106;;
966771;unknown;control;2023-06-30 16:15:00+00:00;0.406;;
966771;unknown;control;2023-06-30 16:30:00+00:00;0.216;;
966771;unknown;control;2023-06-30 16:45:00+00:00;0.434;;
966771;unknown;control;2023-06-30 17:00:00+00:00;0.349;;
966771;unknown;control;2023-06-30 17:15:00+00:00;0.361;;
966771;unknown;control;2023-06-30 17:30:00+00:00;0.326;;
966771;unknown;control;2023-06-30 17:45:00+00:00;0.143;;
966771;unknown;control;2023-06-30 18:00:00+00:00;0.117;;
966771;unknown;control;2023-06-30 18:15:00+00:00;0.119;;
966771;unknown;control;2023-06-30 18:30:00+00:00;0.133;;
966771;unknown;control;2023-06-30 18:45:00+00:00;0.126;;
966771;unknown;control;2023-06-30 19:00:00+00:00;0.151;;
966771;unknown;control;2023-06-30 19:15:00+00:00;0.252;;
966771;unknown;control;2023-06-30 19:30:00+00:00;0.165;;
966771;unknown;control;2023-06-30 19:45:00+00:00;0.136;;
966771;unknown;control;2023-06-30 20:00:00+00:00;2.599;;
966771;unknown;control;2023-06-30 20:15:00+00:00;2.784;;
966771;unknown;control;2023-06-30 20:30:00+00:00;2.78;;
966771;unknown;control;2023-06-30 20:45:00+00:00;2.786;;
966771;unknown;control;2023-06-30 21:00:00+00:00;0.599;;
966771;unknown;control;2023-06-30 21:15:00+00:00;0.107;;
966771;unknown;control;2023-06-30 21:30:00+00:00;0.098;;
966771;unknown;control;2023-06-30 21:45:00+00:00;0.099;;
966771;unknown;control;2023-06-30 22:00:00+00:00;0.099;;
966771;unknown;control;2023-06-30 22:15:00+00:00;0.1;;
966771;unknown;control;2023-06-30 22:30:00+00:00;0.09;;
966771;unknown;control;2023-06-30 22:45:00+00:00;0.095;;
966771;unknown;control;2023-06-30 23:00:00+00:00;0.1;;
966771;unknown;control;2023-06-30 23:15:00+00:00;0.09;;
966771;unknown;control;2023-06-30 23:30:00+00:00;1.339;;
966771;unknown;control;2023-06-30 23:45:00+00:00;1.294;;
966771;unknown;control;2023-07-01 00:00:00+00:00;1.3;;
966771;unknown;control;2023-07-01 00:15:00+00:00;1.313;;
966771;unknown;control;2023-07-01 00:30:00+00:00;1.331;;
966771;unknown;control;2023-07-01 00:45:00+00:00;1.068;;
966771;unknown;control;2023-07-01 01:00:00+00:00;0.097;;
966771;unknown;control;2023-07-01 01:15:00+00:00;0.092;;
966771;unknown;control;2023-07-01 01:30:00+00:00;0.1;;
966771;unknown;control;2023-07-01 01:45:00+00:00;0.097;;
966771;unknown;control;2023-07-01 02:00:00+00:00;0.096;;
966771;unknown;control;2023-07-01 02:15:00+00:00;0.082;;
966771;unknown;control;2023-07-01 02:30:00+00:00;0.094;;
966771;unknown;control;2023-07-01 02:45:00+00:00;0.104;;
966771;unknown;control;2023-07-01 03:00:00+00:00;0.087;;
966771;unknown;control;2023-07-01 03:15:00+00:00;0.091;;
966771;unknown;control;2023-07-01 03:30:00+00:00;0.092;;
966771;unknown;control;2023-07-01 03:45:00+00:00;0.09;;
966771;unknown;control;2023-07-01 04:00:00+00:00;0.093;;
966771;unknown;control;2023-07-01 04:15:00+00:00;0.086;;
966771;unknown;control;2023-07-01 04:30:00+00:00;0.091;;
966771;unknown;control;2023-07-01 04:45:00+00:00;0.107;;
966771;unknown;control;2023-07-01 05:00:00+00:00;0.099;;
966771;unknown;control;2023-07-01 05:15:00+00:00;0.088;;
966771;unknown;control;2023-07-01 05:30:00+00:00;0.114;;
966771;unknown;control;2023-07-01 05:45:00+00:00;0.092;;
966771;unknown;control;2023-07-01 06:00:00+00:00;0.099;;
966771;unknown;control;2023-07-01 06:15:00+00:00;0.257;;
966771;unknown;control;2023-07-01 06:30:00+00:00;0.173;;
966771;unknown;control;2023-07-01 06:45:00+00:00;0.107;;
966771;unknown;control;2023-07-01 07:00:00+00:00;0.124;;
966771;unknown;control;2023-07-01 07:15:00+00:00;0.379;;
966771;unknown;control;2023-07-01 07:30:00+00:00;0.405;;
966771;unknown;control;2023-07-01 07:45:00+00:00;0.114;;
966771;unknown;control;2023-07-01 08:00:00+00:00;0.242;;
966771;unknown;control;2023-07-01 08:15:00+00:00;0.81;;
966771;unknown;control;2023-07-01 08:30:00+00:00;0.358;;
966771;unknown;control;2023-07-01 08:45:00+00:00;0.428;;
966771;unknown;control;2023-07-01 09:00:00+00:00;0.248;;
966771;unknown;control;2023-07-01 09:15:00+00:00;0.498;;
966771;unknown;control;2023-07-01 09:30:00+00:00;0.537;;
966771;unknown;control;2023-07-01 09:45:00+00:00;0.419;;
966771;unknown;control;2023-07-01 10:00:00+00:00;0.087;;
966771;unknown;control;2023-07-01 10:15:00+00:00;0.094;;
966771;unknown;control;2023-07-01 10:30:00+00:00;0.094;;
966771;unknown;control;2023-07-01 10:45:00+00:00;0.085;;
966771;unknown;control;2023-07-01 11:00:00+00:00;0.117;;
966771;unknown;control;2023-07-01 11:15:00+00:00;0.426;;
966771;unknown;control;2023-07-01 11:30:00+00:00;0.314;;
966771;unknown;control;2023-07-01 11:45:00+00:00;0.419;;
966771;unknown;control;2023-07-01 12:00:00+00:00;0.29;;
966771;unknown;control;2023-07-01 12:15:00+00:00;0.096;;
966771;unknown;control;2023-07-01 12:30:00+00:00;0.098;;
966771;unknown;control;2023-07-01 12:45:00+00:00;0.104;;
966771;unknown;control;2023-07-01 13:00:00+00:00;0.103;;
966771;unknown;control;2023-07-01 13:15:00+00:00;0.098;;
966771;unknown;control;2023-07-01 13:30:00+00:00;0.147;;
966771;unknown;control;2023-07-01 13:45:00+00:00;0.143;;
966771;unknown;control;2023-07-01 14:00:00+00:00;0.106;;
966771;unknown;control;2023-07-01 14:15:00+00:00;0.111;;
966771;unknown;control;2023-07-01 14:30:00+00:00;0.127;;
966771;unknown;control;2023-07-01 14:45:00+00:00;0.132;;
966771;unknown;control;2023-07-01 15:00:00+00:00;0.125;;
966771;unknown;control;2023-07-01 15:15:00+00:00;0.132;;
966771;unknown;control;2023-07-01 15:30:00+00:00;0.129;;
966771;unknown;control;2023-07-01 15:45:00+00:00;0.122;;
966771;unknown;control;2023-07-01 16:00:00+00:00;0.128;;
966771;unknown;control;2023-07-01 16:15:00+00:00;0.159;;
966771;unknown;control;2023-07-01 16:30:00+00:00;0.274;;
966771;unknown;control;2023-07-01 16:45:00+00:00;0.103;;
966771;unknown;control;2023-07-01 17:00:00+00:00;0.102;;
966771;unknown;control;2023-07-01 17:15:00+00:00;0.095;;
966771;unknown;control;2023-07-01 17:30:00+00:00;0.13;;
966771;unknown;control;2023-07-01 17:45:00+00:00;0.103;;
966771;unknown;control;2023-07-01 18:00:00+00:00;0.1;;
966771;unknown;control;2023-07-01 18:15:00+00:00;0.105;;
966771;unknown;control;2023-07-01 18:30:00+00:00;0.115;;
966771;unknown;control;2023-07-01 18:45:00+00:00;0.093;;
966771;unknown;control;2023-07-01 19:00:00+00:00;0.116;;
966771;unknown;control;2023-07-01 19:15:00+00:00;0.191;;
966771;unknown;control;2023-07-01 19:30:00+00:00;0.127;;
966771;unknown;control;2023-07-01 19:45:00+00:00;0.137;;
966771;unknown;control;2023-07-01 20:00:00+00:00;0.134;;
966771;unknown;control;2023-07-01 20:15:00+00:00;0.124;;
966771;unknown;control;2023-07-01 20:30:00+00:00;0.128;;
966771;unknown;control;2023-07-01 20:45:00+00:00;0.096;;
966771;unknown;control;2023-07-01 21:00:00+00:00;0.087;;
966771;unknown;control;2023-07-01 21:15:00+00:00;0.096;;
966771;unknown;control;2023-07-01 21:30:00+00:00;0.088;;
966771;unknown;control;2023-07-01 21:45:00+00:00;0.092;;
966771;unknown;control;2023-07-01 22:00:00+00:00;0.091;;
966771;unknown;control;2023-07-01 22:15:00+00:00;0.085;;
966771;unknown;control;2023-07-01 22:30:00+00:00;0.095;;
966771;unknown;control;2023-07-01 22:45:00+00:00;0.096;;
966771;unknown;control;2023-07-01 23:00:00+00:00;0.084;;
966771;unknown;control;2023-07-01 23:15:00+00:00;0.092;;
966771;unknown;control;2023-07-01 23:30:00+00:00;1.355;;
966771;unknown;control;2023-07-01 23:45:00+00:00;1.301;;
966771;unknown;control;2023-07-02 00:00:00+00:00;1.313;;
966771;unknown;control;2023-07-02 00:15:00+00:00;1.333;;
966771;unknown;control;2023-07-02 00:30:00+00:00;0.721;;
966771;unknown;control;2023-07-02 00:45:00+00:00;0.097;;
966771;unknown;control;2023-07-02 01:00:00+00:00;0.088;;
966771;unknown;control;2023-07-02 01:15:00+00:00;0.099;;
966771;unknown;control;2023-07-02 01:30:00+00:00;0.093;;
966771;unknown;control;2023-07-02 01:45:00+00:00;0.087;;
966771;unknown;control;2023-07-02 02:00:00+00:00;0.096;;
966771;unknown;control;2023-07-02 02:15:00+00:00;0.097;;
966771;unknown;control;2023-07-02 02:30:00+00:00;0.084;;
966771;unknown;control;2023-07-02 02:45:00+00:00;0.092;;
966771;unknown;control;2023-07-02 03:00:00+00:00;0.094;;
966771;unknown;control;2023-07-02 03:15:00+00:00;0.087;;
966771;unknown;control;2023-07-02 03:30:00+00:00;0.094;;
966771;unknown;control;2023-07-02 03:45:00+00:00;0.087;;
966771;unknown;control;2023-07-02 04:00:00+00:00;0.089;;
966771;unknown;control;2023-07-02 04:15:00+00:00;0.096;;
966771;unknown;control;2023-07-02 04:30:00+00:00;0.101;;
966771;unknown;control;2023-07-02 04:45:00+00:00;0.085;;
966771;unknown;control;2023-07-02 05:00:00+00:00;0.097;;
966771;unknown;control;2023-07-02 05:15:00+00:00;0.089;;
966771;unknown;control;2023-07-02 05:30:00+00:00;0.099;;
966771;unknown;control;2023-07-02 05:45:00+00:00;0.092;;
966771;unknown;control;2023-07-02 06:00:00+00:00;0.152;;
966771;unknown;control;2023-07-02 06:15:00+00:00;0.104;;
966771;unknown;control;2023-07-02 06:30:00+00:00;0.74;;
966771;unknown;control;2023-07-02 06:45:00+00:00;0.127;;
966771;unknown;control;2023-07-02 07:00:00+00:00;0.136;;
966771;unknown;control;2023-07-02 07:15:00+00:00;0.241;;
966771;unknown;control;2023-07-02 07:30:00+00:00;0.186;;
966771;unknown;control;2023-07-02 07:45:00+00:00;0.103;;
966771;unknown;control;2023-07-02 08:00:00+00:00;0.114;;
966771;unknown;control;2023-07-02 08:15:00+00:00;0.145;;
966771;unknown;control;2023-07-02 08:30:00+00:00;0.17;;
966771;unknown;control;2023-07-02 08:45:00+00:00;0.098;;
966771;unknown;control;2023-07-02 09:00:00+00:00;0.1;;
966771;unknown;control;2023-07-02 09:15:00+00:00;0.18;;
966771;unknown;control;2023-07-02 09:30:00+00:00;0.095;;
966771;unknown;control;2023-07-02 09:45:00+00:00;0.1;;
966771;unknown;control;2023-07-02 10:00:00+00:00;0.104;;
966771;unknown;control;2023-07-02 10:15:00+00:00;0.099;;
966771;unknown;control;2023-07-02 10:30:00+00:00;0.104;;
966771;unknown;control;2023-07-02 10:45:00+00:00;0.098;;
966771;unknown;control;2023-07-02 11:00:00+00:00;0.091;;
966771;unknown;control;2023-07-02 11:15:00+00:00;0.108;;
966771;unknown;control;2023-07-02 11:30:00+00:00;0.104;;
966771;unknown;control;2023-07-02 11:45:00+00:00;0.091;;
966771;unknown;control;2023-07-02 12:00:00+00:00;0.097;;
966771;unknown;control;2023-07-02 12:15:00+00:00;0.096;;
966771;unknown;control;2023-07-02 12:30:00+00:00;0.095;;
966771;unknown;control;2023-07-02 12:45:00+00:00;0.099;;
966771;unknown;control;2023-07-02 13:00:00+00:00;0.091;;
966771;unknown;control;2023-07-02 13:15:00+00:00;0.088;;
966771;unknown;control;2023-07-02 13:30:00+00:00;0.098;;
966771;unknown;control;2023-07-02 13:45:00+00:00;0.089;;
966771;unknown;control;2023-07-02 14:00:00+00:00;0.093;;
966771;unknown;control;2023-07-02 14:15:00+00:00;0.092;;
966771;unknown;control;2023-07-02 14:30:00+00:00;0.087;;
966771;unknown;control;2023-07-02 14:45:00+00:00;0.096;;
966771;unknown;control;2023-07-02 15:00:00+00:00;0.093;;
966771;unknown;control;2023-07-02 15:15:00+00:00;0.085;;
966771;unknown;control;2023-07-02 15:30:00+00:00;0.097;;
966771;unknown;control;2023-07-02 15:45:00+00:00;0.095;;
966771;unknown;control;2023-07-02 16:00:00+00:00;0.083;;
966771;unknown;control;2023-07-02 16:15:00+00:00;0.101;;
966771;unknown;control;2023-07-02 16:30:00+00:00;0.094;;
966771;unknown;control;2023-07-02 16:45:00+00:00;0.092;;
966771;unknown;control;2023-07-02 17:00:00+00:00;0.268;;
966771;unknown;control;2023-07-02 17:15:00+00:00;0.383;;
966771;unknown;control;2023-07-02 17:30:00+00:00;0.094;;
966771;unknown;control;2023-07-02 17:45:00+00:00;0.123;;
966771;unknown;control;2023-07-02 18:00:00+00:00;0.123;;
966771;unknown;control;2023-07-02 18:15:00+00:00;0.13;;
966771;unknown;control;2023-07-02 18:30:00+00:00;0.129;;
966771;unknown;control;2023-07-02 18:45:00+00:00;0.138;;
966771;unknown;control;2023-07-02 19:00:00+00:00;0.163;;
966771;unknown;control;2023-07-02 19:15:00+00:00;0.156;;
966771;unknown;control;2023-07-02 19:30:00+00:00;0.138;;
966771;unknown;control;2023-07-02 19:45:00+00:00;0.107;;
966771;unknown;control;2023-07-02 20:00:00+00:00;0.096;;
966771;unknown;control;2023-07-02 20:15:00+00:00;0.09;;
966771;unknown;control;2023-07-02 20:30:00+00:00;0.096;;
966771;unknown;control;2023-07-02 20:45:00+00:00;0.091;;
966771;unknown;control;2023-07-02 21:00:00+00:00;0.09;;
966771;unknown;control;2023-07-02 21:15:00+00:00;0.095;;
966771;unknown;control;2023-07-02 21:30:00+00:00;0.089;;
966771;unknown;control;2023-07-02 21:45:00+00:00;0.089;;
966771;unknown;control;2023-07-02 22:00:00+00:00;0.096;;
966771;unknown;control;2023-07-02 22:15:00+00:00;0.087;;
966771;unknown;control;2023-07-02 22:30:00+00:00;0.086;;
966771;unknown;control;2023-07-02 22:45:00+00:00;0.095;;
966771;unknown;control;2023-07-02 23:00:00+00:00;0.087;;
966771;unknown;control;2023-07-02 23:15:00+00:00;0.091;;
966771;unknown;control;2023-07-02 23:30:00+00:00;1.349;;
966771;unknown;control;2023-07-02 23:45:00+00:00;1.292;;
966771;unknown;control;2023-07-03 00:00:00+00:00;1.305;;
966771;unknown;control;2023-07-03 00:15:00+00:00;1.311;;
966771;unknown;control;2023-07-03 00:30:00+00:00;0.82;;
966771;unknown;control;2023-07-03 00:45:00+00:00;0.096;;
966771;unknown;control;2023-07-03 01:00:00+00:00;0.09;;
966771;unknown;control;2023-07-03 01:15:00+00:00;0.083;;
966771;unknown;control;2023-07-03 01:30:00+00:00;0.11;;
966771;unknown;control;2023-07-03 01:45:00+00:00;0.091;;
966771;unknown;control;2023-07-03 02:00:00+00:00;0.091;;
966771;unknown;control;2023-07-03 02:15:00+00:00;0.091;;
966771;unknown;control;2023-07-03 02:30:00+00:00;0.087;;
966771;unknown;control;2023-07-03 02:45:00+00:00;0.095;;
966771;unknown;control;2023-07-03 03:00:00+00:00;0.096;;
966771;unknown;control;2023-07-03 03:15:00+00:00;0.083;;
966771;unknown;control;2023-07-03 03:30:00+00:00;0.094;;
966771;unknown;control;2023-07-03 03:45:00+00:00;0.098;;
966771;unknown;control;2023-07-03 04:00:00+00:00;0.088;;
966771;unknown;control;2023-07-03 04:15:00+00:00;0.091;;
966771;unknown;control;2023-07-03 04:30:00+00:00;0.099;;
966771;unknown;control;2023-07-03 04:45:00+00:00;0.172;;
966771;unknown;control;2023-07-03 05:00:00+00:00;0.096;;
966771;unknown;control;2023-07-03 05:15:00+00:00;0.103;;
966771;unknown;control;2023-07-03 05:30:00+00:00;0.109;;
966771;unknown;control;2023-07-03 05:45:00+00:00;0.109;;
966771;unknown;control;2023-07-03 06:00:00+00:00;0.09;;
966771;unknown;control;2023-07-03 06:15:00+00:00;0.092;;
966771;unknown;control;2023-07-03 06:30:00+00:00;0.096;;
966771;unknown;control;2023-07-03 06:45:00+00:00;0.089;;
966771;unknown;control;2023-07-03 07:00:00+00:00;0.095;;
966771;unknown;control;2023-07-03 07:15:00+00:00;0.53;;
966771;unknown;control;2023-07-03 07:30:00+00:00;0.876;;
966771;unknown;control;2023-07-03 07:45:00+00:00;0.169;;
966771;unknown;control;2023-07-03 08:00:00+00:00;0.157;;
966771;unknown;control;2023-07-03 08:15:00+00:00;0.125;;
966771;unknown;control;2023-07-03 08:30:00+00:00;0.131;;
966771;unknown;control;2023-07-03 08:45:00+00:00;0.095;;
966771;unknown;control;2023-07-03 09:00:00+00:00;0.099;;
966771;unknown;control;2023-07-03 09:15:00+00:00;0.29;;
966771;unknown;control;2023-07-03 09:30:00+00:00;0.318;;
966771;unknown;control;2023-07-03 09:45:00+00:00;0.098;;
966771;unknown;control;2023-07-03 10:00:00+00:00;0.117;;
966771;unknown;control;2023-07-03 10:15:00+00:00;0.097;;
966771;unknown;control;2023-07-03 10:30:00+00:00;0.097;;
966771;unknown;control;2023-07-03 10:45:00+00:00;0.437;;
966771;unknown;control;2023-07-03 11:00:00+00:00;0.415;;
966771;unknown;control;2023-07-03 11:15:00+00:00;0.265;;
966771;unknown;control;2023-07-03 11:30:00+00:00;0.323;;
966771;unknown;control;2023-07-03 11:45:00+00:00;0.603;;
966771;unknown;control;2023-07-03 12:00:00+00:00;0.276;;
966771;unknown;control;2023-07-03 12:15:00+00:00;0.141;;
966771;unknown;control;2023-07-03 12:30:00+00:00;0.093;;
966771;unknown;control;2023-07-03 12:45:00+00:00;0.106;;
966771;unknown;control;2023-07-03 13:00:00+00:00;0.1;;
966771;unknown;control;2023-07-03 13:15:00+00:00;0.092;;
966771;unknown;control;2023-07-03 13:30:00+00:00;0.104;;
966771;unknown;control;2023-07-03 13:45:00+00:00;0.1;;
966771;unknown;control;2023-07-03 14:00:00+00:00;0.104;;
966771;unknown;control;2023-07-03 14:15:00+00:00;0.104;;
966771;unknown;control;2023-07-03 14:30:00+00:00;0.096;;
966771;unknown;control;2023-07-03 14:45:00+00:00;0.093;;
966771;unknown;control;2023-07-03 15:00:00+00:00;0.126;;
966771;unknown;control;2023-07-03 15:15:00+00:00;0.127;;
966771;unknown;control;2023-07-03 15:30:00+00:00;0.125;;
966771;unknown;control;2023-07-03 15:45:00+00:00;0.132;;
966771;unknown;control;2023-07-03 16:00:00+00:00;0.11;;
966771;unknown;control;2023-07-03 16:15:00+00:00;0.121;;
966771;unknown;control;2023-07-03 16:30:00+00:00;0.106;;
966771;unknown;control;2023-07-03 16:45:00+00:00;0.105;;
966771;unknown;control;2023-07-03 17:00:00+00:00;0.099;;
966771;unknown;control;2023-07-03 17:15:00+00:00;0.098;;
966771;unknown;control;2023-07-03 17:30:00+00:00;0.092;;
966771;unknown;control;2023-07-03 17:45:00+00:00;0.099;;
966771;unknown;control;2023-07-03 18:00:00+00:00;0.097;;
966771;unknown;control;2023-07-03 18:15:00+00:00;0.095;;
966771;unknown;control;2023-07-03 18:30:00+00:00;0.099;;
966771;unknown;control;2023-07-03 18:45:00+00:00;0.092;;
966771;unknown;control;2023-07-03 19:00:00+00:00;0.109;;
966771;unknown;control;2023-07-03 19:15:00+00:00;0.116;;
966771;unknown;control;2023-07-03 19:30:00+00:00;0.097;;
966771;unknown;control;2023-07-03 19:45:00+00:00;0.122;;
966771;unknown;control;2023-07-03 20:00:00+00:00;0.109;;
966771;unknown;control;2023-07-03 20:15:00+00:00;0.087;;
966771;unknown;control;2023-07-03 20:30:00+00:00;0.104;;
966771;unknown;control;2023-07-03 20:45:00+00:00;0.102;;
966771;unknown;control;2023-07-03 21:00:00+00:00;0.087;;
966771;unknown;control;2023-07-03 21:15:00+00:00;0.093;;
966771;unknown;control;2023-07-03 21:30:00+00:00;0.095;;
966771;unknown;control;2023-07-03 21:45:00+00:00;0.086;;
966771;unknown;control;2023-07-03 22:00:00+00:00;0.092;;
966771;unknown;control;2023-07-03 22:15:00+00:00;0.091;;
966771;unknown;control;2023-07-03 22:30:00+00:00;0.087;;
966771;unknown;control;2023-07-03 22:45:00+00:00;0.096;;
966771;unknown;control;2023-07-03 23:00:00+00:00;0.087;;
966771;unknown;control;2023-07-03 23:15:00+00:00;0.087;;
966771;unknown;control;2023-07-03 23:30:00+00:00;1.371;;
966771;unknown;control;2023-07-03 23:45:00+00:00;1.302;;
966771;unknown;control;2023-07-04 00:00:00+00:00;1.302;;
966771;unknown;control;2023-07-04 00:15:00+00:00;1.333;;
966771;unknown;control;2023-07-04 00:30:00+00:00;0.607;;
966771;unknown;control;2023-07-04 00:45:00+00:00;0.09;;
966771;unknown;control;2023-07-04 01:00:00+00:00;0.091;;
966771;unknown;control;2023-07-04 01:15:00+00:00;0.089;;
966771;unknown;control;2023-07-04 01:30:00+00:00;0.096;;
966771;unknown;control;2023-07-04 01:45:00+00:00;0.092;;
966771;unknown;control;2023-07-04 02:00:00+00:00;0.086;;
966771;unknown;control;2023-07-04 02:15:00+00:00;0.097;;
966771;unknown;control;2023-07-04 02:30:00+00:00;0.094;;
966771;unknown;control;2023-07-04 02:45:00+00:00;0.093;;
966771;unknown;control;2023-07-04 03:00:00+00:00;0.097;;
966771;unknown;control;2023-07-04 03:15:00+00:00;0.091;;
966771;unknown;control;2023-07-04 03:30:00+00:00;0.085;;
966771;unknown;control;2023-07-04 03:45:00+00:00;0.091;;
966771;unknown;control;2023-07-04 04:00:00+00:00;0.091;;
966771;unknown;control;2023-07-04 04:15:00+00:00;0.089;;
966771;unknown;control;2023-07-04 04:30:00+00:00;0.106;;
966771;unknown;control;2023-07-04 04:45:00+00:00;0.092;;
966771;unknown;control;2023-07-04 05:00:00+00:00;0.274;;
966771;unknown;control;2023-07-04 05:15:00+00:00;0.096;;
966771;unknown;control;2023-07-04 05:30:00+00:00;0.084;;
966771;unknown;control;2023-07-04 05:45:00+00:00;0.092;;
966771;unknown;control;2023-07-04 06:00:00+00:00;0.096;;
966771;unknown;control;2023-07-04 06:15:00+00:00;0.088;;
966771;unknown;control;2023-07-04 06:30:00+00:00;0.096;;
966771;unknown;control;2023-07-04 06:45:00+00:00;0.093;;
966771;unknown;control;2023-07-04 07:00:00+00:00;0.089;;
966771;unknown;control;2023-07-04 07:15:00+00:00;0.421;;
966771;unknown;control;2023-07-04 07:30:00+00:00;0.122;;
966771;unknown;control;2023-07-04 07:45:00+00:00;0.121;;
966771;unknown;control;2023-07-04 08:00:00+00:00;0.132;;
966771;unknown;control;2023-07-04 08:15:00+00:00;0.115;;
966771;unknown;control;2023-07-04 08:30:00+00:00;0.097;;
966771;unknown;control;2023-07-04 08:45:00+00:00;0.103;;
966771;unknown;control;2023-07-04 09:00:00+00:00;0.092;;
966771;unknown;control;2023-07-04 09:15:00+00:00;0.095;;
966771;unknown;control;2023-07-04 09:30:00+00:00;0.101;;
966771;unknown;control;2023-07-04 09:45:00+00:00;0.43;;
966771;unknown;control;2023-07-04 10:00:00+00:00;0.141;;
966771;unknown;control;2023-07-04 10:15:00+00:00;0.118;;
966771;unknown;control;2023-07-04 10:30:00+00:00;0.124;;
966771;unknown;control;2023-07-04 10:45:00+00:00;0.112;;
966771;unknown;control;2023-07-04 11:00:00+00:00;0.109;;
966771;unknown;control;2023-07-04 11:15:00+00:00;0.094;;
966771;unknown;control;2023-07-04 11:30:00+00:00;0.097;;
966771;unknown;control;2023-07-04 11:45:00+00:00;0.215;;
966771;unknown;control;2023-07-04 12:00:00+00:00;0.106;;
966771;unknown;control;2023-07-04 12:15:00+00:00;0.098;;
966771;unknown;control;2023-07-04 12:30:00+00:00;0.103;;
966771;unknown;control;2023-07-04 12:45:00+00:00;0.091;;
966771;unknown;control;2023-07-04 13:00:00+00:00;0.098;;
966771;unknown;control;2023-07-04 13:15:00+00:00;0.098;;
966771;unknown;control;2023-07-04 13:30:00+00:00;0.094;;
966771;unknown;control;2023-07-04 13:45:00+00:00;0.108;;
966771;unknown;control;2023-07-04 14:00:00+00:00;0.105;;
966771;unknown;control;2023-07-04 14:15:00+00:00;0.107;;
966771;unknown;control;2023-07-04 14:30:00+00:00;0.105;;
966771;unknown;control;2023-07-04 14:45:00+00:00;0.101;;
966771;unknown;control;2023-07-04 15:00:00+00:00;0.103;;
966771;unknown;control;2023-07-04 15:15:00+00:00;0.105;;
966771;unknown;control;2023-07-04 15:30:00+00:00;0.1;;
966771;unknown;control;2023-07-04 15:45:00+00:00;0.096;;
966771;unknown;control;2023-07-04 16:00:00+00:00;0.104;;
966771;unknown;control;2023-07-04 16:15:00+00:00;0.098;;
966771;unknown;control;2023-07-04 16:30:00+00:00;0.097;;
966771;unknown;control;2023-07-04 16:45:00+00:00;0.124;;
966771;unknown;control;2023-07-04 17:00:00+00:00;0.115;;
966771;unknown;control;2023-07-04 17:15:00+00:00;0.111;;
966771;unknown;control;2023-07-04 17:30:00+00:00;0.106;;
966771;unknown;control;2023-07-04 17:45:00+00:00;0.154;;
966771;unknown;control;2023-07-04 18:00:00+00:00;0.132;;
966771;unknown;control;2023-07-04 18:15:00+00:00;0.122;;
966771;unknown;control;2023-07-04 18:30:00+00:00;0.147;;
966771;unknown;control;2023-07-04 18:45:00+00:00;0.147;;
966771;unknown;control;2023-07-04 19:00:00+00:00;0.134;;
966771;unknown;control;2023-07-04 19:15:00+00:00;0.128;;
966771;unknown;control;2023-07-04 19:30:00+00:00;0.142;;
966771;unknown;control;2023-07-04 19:45:00+00:00;0.135;;
966771;unknown;control;2023-07-04 20:00:00+00:00;0.105;;
966771;unknown;control;2023-07-04 20:15:00+00:00;0.102;;
966771;unknown;control;2023-07-04 20:30:00+00:00;0.101;;
966771;unknown;control;2023-07-04 20:45:00+00:00;0.088;;
966771;unknown;control;2023-07-04 21:00:00+00:00;0.097;;
966771;unknown;control;2023-07-04 21:15:00+00:00;0.098;;
966771;unknown;control;2023-07-04 21:30:00+00:00;0.092;;
966771;unknown;control;2023-07-04 21:45:00+00:00;0.101;;
966771;unknown;control;2023-07-04 22:00:00+00:00;0.095;;
966771;unknown;control;2023-07-04 22:15:00+00:00;0.09;;
966771;unknown;control;2023-07-04 22:30:00+00:00;0.1;;
966771;unknown;control;2023-07-04 22:45:00+00:00;0.092;;
966771;unknown;control;2023-07-04 23:00:00+00:00;0.094;;
966771;unknown;control;2023-07-04 23:15:00+00:00;0.095;;
966771;unknown;control;2023-07-04 23:30:00+00:00;1.357;;
966771;unknown;control;2023-07-04 23:45:00+00:00;1.308;;
966771;unknown;control;2023-07-05 00:00:00+00:00;1.321;;
966771;unknown;control;2023-07-05 00:15:00+00:00;1.246;;
966771;unknown;control;2023-07-05 00:30:00+00:00;0.096;;
966771;unknown;control;2023-07-05 00:45:00+00:00;0.093;;
966771;unknown;control;2023-07-05 01:00:00+00:00;0.086;;
966771;unknown;control;2023-07-05 01:15:00+00:00;0.1;;
966771;unknown;control;2023-07-05 01:30:00+00:00;0.096;;
966771;unknown;control;2023-07-05 01:45:00+00:00;0.091;;
966771;unknown;control;2023-07-05 02:00:00+00:00;0.097;;
966771;unknown;control;2023-07-05 02:15:00+00:00;0.093;;
966771;unknown;control;2023-07-05 02:30:00+00:00;0.092;;
966771;unknown;control;2023-07-05 02:45:00+00:00;0.1;;
966771;unknown;control;2023-07-05 03:00:00+00:00;0.093;;
966771;unknown;control;2023-07-05 03:15:00+00:00;0.089;;
966771;unknown;control;2023-07-05 03:30:00+00:00;0.096;;
966771;unknown;control;2023-07-05 03:45:00+00:00;0.09;;
966771;unknown;control;2023-07-05 04:00:00+00:00;0.11;;
966771;unknown;control;2023-07-05 04:15:00+00:00;0.104;;
966771;unknown;control;2023-07-05 04:30:00+00:00;0.087;;
966771;unknown;control;2023-07-05 04:45:00+00:00;0.236;;
966771;unknown;control;2023-07-05 05:00:00+00:00;0.11;;
966771;unknown;control;2023-07-05 05:15:00+00:00;0.104;;
966771;unknown;control;2023-07-05 05:30:00+00:00;0.109;;
966771;unknown;control;2023-07-05 05:45:00+00:00;0.092;;
966771;unknown;control;2023-07-05 06:00:00+00:00;0.103;;
966771;unknown;control;2023-07-05 06:15:00+00:00;0.104;;
966771;unknown;control;2023-07-05 06:30:00+00:00;0.09;;
966771;unknown;control;2023-07-05 06:45:00+00:00;0.088;;
966771;unknown;control;2023-07-05 07:00:00+00:00;0.094;;
966771;unknown;control;2023-07-05 07:15:00+00:00;0.088;;
966771;unknown;control;2023-07-05 07:30:00+00:00;0.095;;
966771;unknown;control;2023-07-05 07:45:00+00:00;0.1;;
966771;unknown;control;2023-07-05 08:00:00+00:00;0.089;;
966771;unknown;control;2023-07-05 08:15:00+00:00;0.092;;
966771;unknown;control;2023-07-05 08:30:00+00:00;0.096;;
966771;unknown;control;2023-07-05 08:45:00+00:00;0.09;;
966771;unknown;control;2023-07-05 09:00:00+00:00;0.1;;
966771;unknown;control;2023-07-05 09:15:00+00:00;0.099;;
966771;unknown;control;2023-07-05 09:30:00+00:00;0.092;;
966771;unknown;control;2023-07-05 09:45:00+00:00;0.102;;
966771;unknown;control;2023-07-05 10:00:00+00:00;0.112;;
966771;unknown;control;2023-07-05 10:15:00+00:00;0.093;;
966771;unknown;control;2023-07-05 10:30:00+00:00;0.1;;
966771;unknown;control;2023-07-05 10:45:00+00:00;0.216;;
966771;unknown;control;2023-07-05 11:00:00+00:00;0.095;;
966771;unknown;control;2023-07-05 11:15:00+00:00;0.11;;
966771;unknown;control;2023-07-05 11:30:00+00:00;0.134;;
966771;unknown;control;2023-07-05 11:45:00+00:00;0.136;;
966771;unknown;control;2023-07-05 12:00:00+00:00;0.104;;
966771;unknown;control;2023-07-05 12:15:00+00:00;0.093;;
966771;unknown;control;2023-07-05 12:30:00+00:00;0.101;;
966771;unknown;control;2023-07-05 12:45:00+00:00;0.125;;
966771;unknown;control;2023-07-05 13:00:00+00:00;0.088;;
966771;unknown;control;2023-07-05 13:15:00+00:00;0.097;;
966771;unknown;control;2023-07-05 13:30:00+00:00;0.097;;
966771;unknown;control;2023-07-05 13:45:00+00:00;0.103;;
966771;unknown;control;2023-07-05 14:00:00+00:00;0.098;;
966771;unknown;control;2023-07-05 14:15:00+00:00;0.099;;
966771;unknown;control;2023-07-05 14:30:00+00:00;0.096;;
966771;unknown;control;2023-07-05 14:45:00+00:00;0.104;;
966771;unknown;control;2023-07-05 15:00:00+00:00;0.096;;
966771;unknown;control;2023-07-05 15:15:00+00:00;0.42;;
966771;unknown;control;2023-07-05 15:30:00+00:00;0.137;;
966771;unknown;control;2023-07-05 15:45:00+00:00;0.104;;
966771;unknown;control;2023-07-05 16:00:00+00:00;0.112;;
966771;unknown;control;2023-07-05 16:15:00+00:00;0.111;;
966771;unknown;control;2023-07-05 16:30:00+00:00;0.11;;
966771;unknown;control;2023-07-05 16:45:00+00:00;0.104;;
966771;unknown;control;2023-07-05 17:00:00+00:00;0.107;;
966771;unknown;control;2023-07-05 17:15:00+00:00;0.099;;
966771;unknown;control;2023-07-05 17:30:00+00:00;0.109;;
966771;unknown;control;2023-07-05 17:45:00+00:00;0.106;;
966771;unknown;control;2023-07-05 18:00:00+00:00;0.098;;
966771;unknown;control;2023-07-05 18:15:00+00:00;0.102;;
966771;unknown;control;2023-07-05 18:30:00+00:00;0.099;;
966771;unknown;control;2023-07-05 18:45:00+00:00;0.124;;
966771;unknown;control;2023-07-05 19:00:00+00:00;0.15;;
966771;unknown;control;2023-07-05 19:15:00+00:00;0.166;;
966771;unknown;control;2023-07-05 19:30:00+00:00;0.126;;
966771;unknown;control;2023-07-05 19:45:00+00:00;0.113;;
966771;unknown;control;2023-07-05 20:00:00+00:00;0.087;;
966771;unknown;control;2023-07-05 20:15:00+00:00;0.095;;
966771;unknown;control;2023-07-05 20:30:00+00:00;0.111;;
966771;unknown;control;2023-07-05 20:45:00+00:00;0.092;;
966771;unknown;control;2023-07-05 21:00:00+00:00;0.105;;
966771;unknown;control;2023-07-05 21:15:00+00:00;0.095;;
966771;unknown;control;2023-07-05 21:30:00+00:00;0.089;;
966771;unknown;control;2023-07-05 21:45:00+00:00;0.098;;
966771;unknown;control;2023-07-05 22:00:00+00:00;0.094;;
966771;unknown;control;2023-07-05 22:15:00+00:00;0.088;;
966771;unknown;control;2023-07-05 22:30:00+00:00;0.094;;
966771;unknown;control;2023-07-05 22:45:00+00:00;0.087;;
966771;unknown;control;2023-07-05 23:00:00+00:00;0.089;;
966771;unknown;control;2023-07-05 23:15:00+00:00;0.097;;
966771;unknown;control;2023-07-05 23:30:00+00:00;1.358;;
966771;unknown;control;2023-07-05 23:45:00+00:00;1.312;;
966771;unknown;control;2023-07-06 00:00:00+00:00;1.309;;
966771;unknown;control;2023-07-06 00:15:00+00:00;1.314;;
966771;unknown;control;2023-07-06 00:30:00+00:00;1.312;;
966771;unknown;control;2023-07-06 00:45:00+00:00;0.096;;
966771;unknown;control;2023-07-06 01:00:00+00:00;0.086;;
966771;unknown;control;2023-07-06 01:15:00+00:00;0.09;;
966771;unknown;control;2023-07-06 01:30:00+00:00;0.091;;
966771;unknown;control;2023-07-06 01:45:00+00:00;0.088;;
966771;unknown;control;2023-07-06 02:00:00+00:00;0.097;;
966771;unknown;control;2023-07-06 02:15:00+00:00;0.095;;
966771;unknown;control;2023-07-06 02:30:00+00:00;0.083;;
966771;unknown;control;2023-07-06 02:45:00+00:00;0.105;;
966771;unknown;control;2023-07-06 03:00:00+00:00;0.092;;
966771;unknown;control;2023-07-06 03:15:00+00:00;0.092;;
966771;unknown;control;2023-07-06 03:30:00+00:00;0.098;;
966771;unknown;control;2023-07-06 03:45:00+00:00;0.087;;
966771;unknown;control;2023-07-06 04:00:00+00:00;0.087;;
966771;unknown;control;2023-07-06 04:15:00+00:00;0.098;;
966771;unknown;control;2023-07-06 04:30:00+00:00;0.096;;
966771;unknown;control;2023-07-06 04:45:00+00:00;0.09;;
966771;unknown;control;2023-07-06 05:00:00+00:00;0.258;;
966771;unknown;control;2023-07-06 05:15:00+00:00;0.084;;
966771;unknown;control;2023-07-06 05:30:00+00:00;0.096;;
966771;unknown;control;2023-07-06 05:45:00+00:00;0.11;;
966771;unknown;control;2023-07-06 06:00:00+00:00;0.41;;
966771;unknown;control;2023-07-06 06:15:00+00:00;0.688;;
966771;unknown;control;2023-07-06 06:30:00+00:00;0.118;;
966771;unknown;control;2023-07-06 06:45:00+00:00;0.119;;
966771;unknown;control;2023-07-06 07:00:00+00:00;0.148;;
966771;unknown;control;2023-07-06 07:15:00+00:00;0.096;;
966771;unknown;control;2023-07-06 07:30:00+00:00;0.091;;
966771;unknown;control;2023-07-06 07:45:00+00:00;0.096;;
966771;unknown;control;2023-07-06 08:00:00+00:00;0.092;;
966771;unknown;control;2023-07-06 08:15:00+00:00;0.096;;
966771;unknown;control;2023-07-06 08:30:00+00:00;0.164;;
966771;unknown;control;2023-07-06 08:45:00+00:00;0.211;;
966771;unknown;control;2023-07-06 09:00:00+00:00;0.163;;
966771;unknown;control;2023-07-06 09:15:00+00:00;0.209;;
966771;unknown;control;2023-07-06 09:30:00+00:00;0.093;;
966771;unknown;control;2023-07-06 09:45:00+00:00;0.114;;
966771;unknown;control;2023-07-06 10:00:00+00:00;0.099;;
966771;unknown;control;2023-07-06 10:15:00+00:00;0.094;;
966771;unknown;control;2023-07-06 10:30:00+00:00;0.428;;
966771;unknown;control;2023-07-06 10:45:00+00:00;0.333;;
966771;unknown;control;2023-07-06 11:00:00+00:00;0.225;;
966771;unknown;control;2023-07-06 11:15:00+00:00;0.466;;
966771;unknown;control;2023-07-06 11:30:00+00:00;0.267;;
966771;unknown;control;2023-07-06 11:45:00+00:00;0.269;;
966771;unknown;control;2023-07-06 12:00:00+00:00;0.194;;
966771;unknown;control;2023-07-06 12:15:00+00:00;0.099;;
966771;unknown;control;2023-07-06 12:30:00+00:00;0.097;;
966771;unknown;control;2023-07-06 12:45:00+00:00;0.101;;
966771;unknown;control;2023-07-06 13:00:00+00:00;0.089;;
966771;unknown;control;2023-07-06 13:15:00+00:00;0.093;;
966771;unknown;control;2023-07-06 13:30:00+00:00;0.103;;
966771;unknown;control;2023-07-06 13:45:00+00:00;0.097;;
966771;unknown;control;2023-07-06 14:00:00+00:00;0.094;;
966771;unknown;control;2023-07-06 14:15:00+00:00;0.203;;
966771;unknown;control;2023-07-06 14:30:00+00:00;0.085;;
966771;unknown;control;2023-07-06 14:45:00+00:00;0.112;;
966771;unknown;control;2023-07-06 15:00:00+00:00;0.184;;
966771;unknown;control;2023-07-06 15:15:00+00:00;0.159;;
966771;unknown;control;2023-07-06 15:30:00+00:00;0.117;;
966771;unknown;control;2023-07-06 15:45:00+00:00;0.102;;
966771;unknown;control;2023-07-06 16:00:00+00:00;0.097;;
966771;unknown;control;2023-07-06 16:15:00+00:00;0.104;;
966771;unknown;control;2023-07-06 16:30:00+00:00;0.095;;
966771;unknown;control;2023-07-06 16:45:00+00:00;0.105;;
966771;unknown;control;2023-07-06 17:00:00+00:00;0.136;;
966771;unknown;control;2023-07-06 17:15:00+00:00;0.127;;
966771;unknown;control;2023-07-06 17:30:00+00:00;0.128;;
966771;unknown;control;2023-07-06 17:45:00+00:00;0.13;;
966771;unknown;control;2023-07-06 18:00:00+00:00;0.119;;
966771;unknown;control;2023-07-06 18:15:00+00:00;0.137;;
966771;unknown;control;2023-07-06 18:30:00+00:00;0.125;;
966771;unknown;control;2023-07-06 18:45:00+00:00;0.093;;
966771;unknown;control;2023-07-06 19:00:00+00:00;0.113;;
966771;unknown;control;2023-07-06 19:15:00+00:00;0.113;;
966771;unknown;control;2023-07-06 19:30:00+00:00;0.11;;
966771;unknown;control;2023-07-06 19:45:00+00:00;0.113;;
966771;unknown;control;2023-07-06 20:00:00+00:00;0.105;;
966771;unknown;control;2023-07-06 20:15:00+00:00;0.092;;
966771;unknown;control;2023-07-06 20:30:00+00:00;0.111;;
966771;unknown;control;2023-07-06 20:45:00+00:00;0.094;;
966771;unknown;control;2023-07-06 21:00:00+00:00;0.088;;
966771;unknown;control;2023-07-06 21:15:00+00:00;0.092;;
966771;unknown;control;2023-07-06 21:30:00+00:00;0.085;;
966771;unknown;control;2023-07-06 21:45:00+00:00;0.09;;
966771;unknown;control;2023-07-06 22:00:00+00:00;0.096;;
966771;unknown;control;2023-07-06 22:15:00+00:00;0.087;;
966771;unknown;control;2023-07-06 22:30:00+00:00;0.087;;
966771;unknown;control;2023-07-06 22:45:00+00:00;0.093;;
966771;unknown;control;2023-07-06 23:00:00+00:00;0.088;;
966771;unknown;control;2023-07-06 23:15:00+00:00;0.093;;
966771;unknown;control;2023-07-06 23:30:00+00:00;1.345;;
966771;unknown;control;2023-07-06 23:45:00+00:00;1.299;;
966771;unknown;control;2023-07-07 00:00:00+00:00;1.315;;
966771;unknown;control;2023-07-07 00:15:00+00:00;1.331;;
966771;unknown;control;2023-07-07 00:30:00+00:00;0.175;;
966771;unknown;control;2023-07-07 00:45:00+00:00;0.092;;
966771;unknown;control;2023-07-07 01:00:00+00:00;0.09;;
966771;unknown;control;2023-07-07 01:15:00+00:00;0.091;;
966771;unknown;control;2023-07-07 01:30:00+00:00;0.112;;
966771;unknown;control;2023-07-07 01:45:00+00:00;0.092;;
966771;unknown;control;2023-07-07 02:00:00+00:00;0.086;;
966771;unknown;control;2023-07-07 02:15:00+00:00;0.092;;
966771;unknown;control;2023-07-07 02:30:00+00:00;0.098;;
966771;unknown;control;2023-07-07 02:45:00+00:00;0.092;;
966771;unknown;control;2023-07-07 03:00:00+00:00;0.094;;
966771;unknown;control;2023-07-07 03:15:00+00:00;0.082;;
966771;unknown;control;2023-07-07 03:30:00+00:00;0.088;;
966771;unknown;control;2023-07-07 03:45:00+00:00;0.095;;
966771;unknown;control;2023-07-07 04:00:00+00:00;0.097;;
966771;unknown;control;2023-07-07 04:15:00+00:00;0.092;;
966771;unknown;control;2023-07-07 04:30:00+00:00;0.088;;
966771;unknown;control;2023-07-07 04:45:00+00:00;0.084;;
966771;unknown;control;2023-07-07 05:00:00+00:00;0.241;;
966771;unknown;control;2023-07-07 05:15:00+00:00;0.094;;
966771;unknown;control;2023-07-07 05:30:00+00:00;0.098;;
966771;unknown;control;2023-07-07 05:45:00+00:00;0.104;;
966771;unknown;control;2023-07-07 06:00:00+00:00;0.242;;
966771;unknown;control;2023-07-07 06:15:00+00:00;0.206;;
966771;unknown;control;2023-07-07 06:30:00+00:00;0.126;;
966771;unknown;control;2023-07-07 06:45:00+00:00;0.087;;
966771;unknown;control;2023-07-07 07:00:00+00:00;0.09;;
966771;unknown;control;2023-07-07 07:15:00+00:00;0.1;;
966771;unknown;control;2023-07-07 07:30:00+00:00;0.093;;
966771;unknown;control;2023-07-07 07:45:00+00:00;0.096;;
966771;unknown;control;2023-07-07 08:00:00+00:00;0.1;;
966771;unknown;control;2023-07-07 08:15:00+00:00;0.09;;
966771;unknown;control;2023-07-07 08:30:00+00:00;0.099;;
966771;unknown;control;2023-07-07 08:45:00+00:00;0.105;;
966771;unknown;control;2023-07-07 09:00:00+00:00;0.114;;
966771;unknown;control;2023-07-07 09:15:00+00:00;0.157;;
966771;unknown;control;2023-07-07 09:30:00+00:00;0.129;;
966771;unknown;control;2023-07-07 09:45:00+00:00;0.111;;
966771;unknown;control;2023-07-07 10:00:00+00:00;0.111;;
966771;unknown;control;2023-07-07 10:15:00+00:00;0.112;;
966771;unknown;control;2023-07-07 10:30:00+00:00;0.106;;
966771;unknown;control;2023-07-07 10:45:00+00:00;0.225;;
966771;unknown;control;2023-07-07 11:00:00+00:00;0.104;;
966771;unknown;control;2023-07-07 11:15:00+00:00;0.101;;
966771;unknown;control;2023-07-07 11:30:00+00:00;0.097;;
966771;unknown;control;2023-07-07 11:45:00+00:00;0.087;;
966771;unknown;control;2023-07-07 12:00:00+00:00;0.1;;
966771;unknown;control;2023-07-07 12:15:00+00:00;0.098;;
966771;unknown;control;2023-07-07 12:30:00+00:00;0.092;;
966771;unknown;control;2023-07-07 12:45:00+00:00;0.102;;
966771;unknown;control;2023-07-07 13:00:00+00:00;0.098;;
966771;unknown;control;2023-07-07 13:15:00+00:00;0.089;;
966771;unknown;control;2023-07-07 13:30:00+00:00;0.098;;
966771;unknown;control;2023-07-07 13:45:00+00:00;0.101;;
966771;unknown;control;2023-07-07 14:00:00+00:00;0.149;;
966771;unknown;control;2023-07-07 14:15:00+00:00;0.133;;
966771;unknown;control;2023-07-07 14:30:00+00:00;0.099;;
966771;unknown;control;2023-07-07 14:45:00+00:00;0.095;;
966771;unknown;control;2023-07-07 15:00:00+00:00;0.097;;
966771;unknown;control;2023-07-07 15:15:00+00:00;0.092;;
966771;unknown;control;2023-07-07 15:30:00+00:00;0.09;;
966771;unknown;control;2023-07-07 15:45:00+00:00;0.118;;
966771;unknown;control;2023-07-07 16:00:00+00:00;0.097;;
966771;unknown;control;2023-07-07 16:15:00+00:00;0.102;;
966771;unknown;control;2023-07-07 16:30:00+00:00;0.133;;
966771;unknown;control;2023-07-07 16:45:00+00:00;0.1;;
966771;unknown;control;2023-07-07 17:00:00+00:00;0.095;;
966771;unknown;control;2023-07-07 17:15:00+00:00;0.1;;
966771;unknown;control;2023-07-07 17:30:00+00:00;0.097;;
966771;unknown;control;2023-07-07 17:45:00+00:00;0.1;;
966771;unknown;control;2023-07-07 18:00:00+00:00;0.102;;
966771;unknown;control;2023-07-07 18:15:00+00:00;0.089;;
966771;unknown;control;2023-07-07 18:30:00+00:00;0.1;;
966771;unknown;control;2023-07-07 18:45:00+00:00;0.1;;
966771;unknown;control;2023-07-07 19:00:00+00:00;0.103;;
966771;unknown;control;2023-07-07 19:15:00+00:00;0.108;;
966771;unknown;control;2023-07-07 19:30:00+00:00;0.104;;
966771;unknown;control;2023-07-07 19:45:00+00:00;0.1;;
966771;unknown;control;2023-07-07 20:00:00+00:00;0.097;;
966771;unknown;control;2023-07-07 20:15:00+00:00;0.089;;
966771;unknown;control;2023-07-07 20:30:00+00:00;0.086;;
966771;unknown;control;2023-07-07 20:45:00+00:00;0.095;;
966771;unknown;control;2023-07-07 21:00:00+00:00;0.091;;
966771;unknown;control;2023-07-07 21:15:00+00:00;0.09;;
966771;unknown;control;2023-07-07 21:30:00+00:00;0.123;;
966771;unknown;control;2023-07-07 21:45:00+00:00;0.108;;
966771;unknown;control;2023-07-07 22:00:00+00:00;0.094;;
966771;unknown;control;2023-07-07 22:15:00+00:00;0.104;;
966771;unknown;control;2023-07-07 22:30:00+00:00;0.085;;
966771;unknown;control;2023-07-07 22:45:00+00:00;0.093;;
966771;unknown;control;2023-07-07 23:00:00+00:00;0.097;;
966771;unknown;control;2023-07-07 23:15:00+00:00;0.095;;
966771;unknown;control;2023-07-07 23:30:00+00:00;1.364;;
966771;unknown;control;2023-07-07 23:45:00+00:00;1.311;;
966771;unknown;control;2023-07-08 00:00:00+00:00;1.32;;
966771;unknown;control;2023-07-08 00:15:00+00:00;1.223;;
966771;unknown;control;2023-07-08 00:30:00+00:00;0.088;;
966771;unknown;control;2023-07-08 00:45:00+00:00;0.082;;
966771;unknown;control;2023-07-08 01:00:00+00:00;0.097;;
966771;unknown;control;2023-07-08 01:15:00+00:00;0.093;;
966771;unknown;control;2023-07-08 01:30:00+00:00;0.088;;
966771;unknown;control;2023-07-08 01:45:00+00:00;0.095;;
966771;unknown;control;2023-07-08 02:00:00+00:00;0.089;;
966771;unknown;control;2023-07-08 02:15:00+00:00;0.092;;
966771;unknown;control;2023-07-08 02:30:00+00:00;0.098;;
966771;unknown;control;2023-07-08 02:45:00+00:00;0.1;;
966771;unknown;control;2023-07-08 03:00:00+00:00;0.087;;
966771;unknown;control;2023-07-08 03:15:00+00:00;0.094;;
966771;unknown;control;2023-07-08 03:30:00+00:00;0.087;;
966771;unknown;control;2023-07-08 03:45:00+00:00;0.093;;
966771;unknown;control;2023-07-08 04:00:00+00:00;0.1;;
966771;unknown;control;2023-07-08 04:15:00+00:00;0.084;;
966771;unknown;control;2023-07-08 04:30:00+00:00;0.094;;
966771;unknown;control;2023-07-08 04:45:00+00:00;0.093;;
966771;unknown;control;2023-07-08 05:00:00+00:00;0.083;;
966771;unknown;control;2023-07-08 05:15:00+00:00;0.091;;
966771;unknown;control;2023-07-08 05:30:00+00:00;0.09;;
966771;unknown;control;2023-07-08 05:45:00+00:00;0.089;;
966771;unknown;control;2023-07-08 06:00:00+00:00;0.101;;
966771;unknown;control;2023-07-08 06:15:00+00:00;0.104;;
966771;unknown;control;2023-07-08 06:30:00+00:00;0.089;;
966771;unknown;control;2023-07-08 06:45:00+00:00;0.103;;
966771;unknown;control;2023-07-08 07:00:00+00:00;0.092;;
966771;unknown;control;2023-07-08 07:15:00+00:00;0.151;;
966771;unknown;control;2023-07-08 07:30:00+00:00;0.296;;
966771;unknown;control;2023-07-08 07:45:00+00:00;0.175;;
966771;unknown;control;2023-07-08 08:00:00+00:00;0.135;;
966771;unknown;control;2023-07-08 08:15:00+00:00;0.102;;
966771;unknown;control;2023-07-08 08:30:00+00:00;0.089;;
966771;unknown;control;2023-07-08 08:45:00+00:00;0.106;;
966771;unknown;control;2023-07-08 09:00:00+00:00;0.114;;
966771;unknown;control;2023-07-08 09:15:00+00:00;0.101;;
966771;unknown;control;2023-07-08 09:30:00+00:00;0.111;;
966771;unknown;control;2023-07-08 09:45:00+00:00;0.115;;
966771;unknown;control;2023-07-08 10:00:00+00:00;0.105;;
966771;unknown;control;2023-07-08 10:15:00+00:00;0.118;;
966771;unknown;control;2023-07-08 10:30:00+00:00;0.104;;
966771;unknown;control;2023-07-08 10:45:00+00:00;0.092;;
966771;unknown;control;2023-07-08 11:00:00+00:00;0.103;;
966771;unknown;control;2023-07-08 11:15:00+00:00;0.224;;
966771;unknown;control;2023-07-08 11:30:00+00:00;0.095;;
966771;unknown;control;2023-07-08 11:45:00+00:00;0.098;;
966771;unknown;control;2023-07-08 12:00:00+00:00;0.09;;
966771;unknown;control;2023-07-08 12:15:00+00:00;0.096;;
966771;unknown;control;2023-07-08 12:30:00+00:00;0.11;;
966771;unknown;control;2023-07-08 12:45:00+00:00;0.109;;
966771;unknown;control;2023-07-08 13:00:00+00:00;0.092;;
966771;unknown;control;2023-07-08 13:15:00+00:00;0.097;;
966771;unknown;control;2023-07-08 13:30:00+00:00;0.091;;
966771;unknown;control;2023-07-08 13:45:00+00:00;0.099;;
966771;unknown;control;2023-07-08 14:00:00+00:00;0.098;;
966771;unknown;control;2023-07-08 14:15:00+00:00;0.085;;
966771;unknown;control;2023-07-08 14:30:00+00:00;0.095;;
966771;unknown;control;2023-07-08 14:45:00+00:00;0.108;;
966771;unknown;control;2023-07-08 15:00:00+00:00;0.1;;
966771;unknown;control;2023-07-08 15:15:00+00:00;0.097;;
966771;unknown;control;2023-07-08 15:30:00+00:00;0.09;;
966771;unknown;control;2023-07-08 15:45:00+00:00;0.368;;
966771;unknown;control;2023-07-08 16:00:00+00:00;0.158;;
966771;unknown;control;2023-07-08 16:15:00+00:00;0.185;;
966771;unknown;control;2023-07-08 16:30:00+00:00;0.298;;
966771;unknown;control;2023-07-08 16:45:00+00:00;0.103;;
966771;unknown;control;2023-07-08 17:00:00+00:00;0.095;;
966771;unknown;control;2023-07-08 17:15:00+00:00;0.097;;
966771;unknown;control;2023-07-08 17:30:00+00:00;0.1;;
966771;unknown;control;2023-07-08 17:45:00+00:00;0.101;;
966771;unknown;control;2023-07-08 18:00:00+00:00;0.122;;
966771;unknown;control;2023-07-08 18:15:00+00:00;0.132;;
966771;unknown;control;2023-07-08 18:30:00+00:00;0.152;;
966771;unknown;control;2023-07-08 18:45:00+00:00;0.492;;
966771;unknown;control;2023-07-08 19:00:00+00:00;0.324;;
966771;unknown;control;2023-07-08 19:15:00+00:00;0.145;;
966771;unknown;control;2023-07-08 19:30:00+00:00;0.334;;
966771;unknown;control;2023-07-08 19:45:00+00:00;0.278;;
966771;unknown;control;2023-07-08 20:00:00+00:00;0.107;;
966771;unknown;control;2023-07-08 20:15:00+00:00;0.101;;
966771;unknown;control;2023-07-08 20:30:00+00:00;0.1;;
966771;unknown;control;2023-07-08 20:45:00+00:00;0.09;;
966771;unknown;control;2023-07-08 21:00:00+00:00;0.092;;
966771;unknown;control;2023-07-08 21:15:00+00:00;0.096;;
966771;unknown;control;2023-07-08 21:30:00+00:00;0.087;;
966771;unknown;control;2023-07-08 21:45:00+00:00;0.093;;
966771;unknown;control;2023-07-08 22:00:00+00:00;0.097;;
966771;unknown;control;2023-07-08 22:15:00+00:00;0.081;;
966771;unknown;control;2023-07-08 22:30:00+00:00;0.09;;
966771;unknown;control;2023-07-08 22:45:00+00:00;0.094;;
966771;unknown;control;2023-07-08 23:00:00+00:00;0.087;;
966771;unknown;control;2023-07-08 23:15:00+00:00;0.096;;
966771;unknown;control;2023-07-08 23:30:00+00:00;1.359;;
966771;unknown;control;2023-07-08 23:45:00+00:00;1.298;;
966771;unknown;control;2023-07-09 00:00:00+00:00;1.317;;
966771;unknown;control;2023-07-09 00:15:00+00:00;1.338;;
966771;unknown;control;2023-07-09 00:30:00+00:00;1.097;;
966771;unknown;control;2023-07-09 00:45:00+00:00;0.095;;
966771;unknown;control;2023-07-09 01:00:00+00:00;0.086;;
966771;unknown;control;2023-07-09 01:15:00+00:00;0.088;;
966771;unknown;control;2023-07-09 01:30:00+00:00;0.099;;
966771;unknown;control;2023-07-09 01:45:00+00:00;0.091;;
966771;unknown;control;2023-07-09 02:00:00+00:00;0.092;;
966771;unknown;control;2023-07-09 02:15:00+00:00;0.1;;
966771;unknown;control;2023-07-09 02:30:00+00:00;0.083;;
966771;unknown;control;2023-07-09 02:45:00+00:00;0.093;;
966771;unknown;control;2023-07-09 03:00:00+00:00;0.095;;
966771;unknown;control;2023-07-09 03:15:00+00:00;0.085;;
966771;unknown;control;2023-07-09 03:30:00+00:00;0.089;;
966771;unknown;control;2023-07-09 03:45:00+00:00;0.089;;
966771;unknown;control;2023-07-09 04:00:00+00:00;0.086;;
966771;unknown;control;2023-07-09 04:15:00+00:00;0.095;;
966771;unknown;control;2023-07-09 04:30:00+00:00;0.093;;
966771;unknown;control;2023-07-09 04:45:00+00:00;0.082;;
966771;unknown;control;2023-07-09 05:00:00+00:00;0.093;;
966771;unknown;control;2023-07-09 05:15:00+00:00;0.326;;
966771;unknown;control;2023-07-09 05:30:00+00:00;0.193;;
966771;unknown;control;2023-07-09 05:45:00+00:00;0.145;;
966771;unknown;control;2023-07-09 06:00:00+00:00;0.453;;
966771;unknown;control;2023-07-09 06:15:00+00:00;0.247;;
966771;unknown;control;2023-07-09 06:30:00+00:00;0.488;;
966771;unknown;control;2023-07-09 06:45:00+00:00;0.148;;
966771;unknown;control;2023-07-09 07:00:00+00:00;0.207;;
966771;unknown;control;2023-07-09 07:15:00+00:00;0.219;;
966771;unknown;control;2023-07-09 07:30:00+00:00;0.537;;
966771;unknown;control;2023-07-09 07:45:00+00:00;0.309;;
966771;unknown;control;2023-07-09 08:00:00+00:00;0.135;;
966771;unknown;control;2023-07-09 08:15:00+00:00;0.125;;
966771;unknown;control;2023-07-09 08:30:00+00:00;0.137;;
966771;unknown;control;2023-07-09 08:45:00+00:00;0.191;;
966771;unknown;control;2023-07-09 09:00:00+00:00;0.094;;
966771;unknown;control;2023-07-09 09:15:00+00:00;0.1;;
966771;unknown;control;2023-07-09 09:30:00+00:00;0.1;;
966771;unknown;control;2023-07-09 09:45:00+00:00;0.088;;
966771;unknown;control;2023-07-09 10:00:00+00:00;0.099;;
966771;unknown;control;2023-07-09 10:15:00+00:00;0.099;;
966771;unknown;control;2023-07-09 10:30:00+00:00;0.092;;
966771;unknown;control;2023-07-09 10:45:00+00:00;0.228;;
966771;unknown;control;2023-07-09 11:00:00+00:00;0.095;;
966771;unknown;control;2023-07-09 11:15:00+00:00;0.093;;
966771;unknown;control;2023-07-09 11:30:00+00:00;0.244;;
966771;unknown;control;2023-07-09 11:45:00+00:00;0.228;;
966771;unknown;control;2023-07-09 12:00:00+00:00;0.21;;
966771;unknown;control;2023-07-09 12:15:00+00:00;0.255;;
966771;unknown;control;2023-07-09 12:30:00+00:00;0.267;;
966771;unknown;control;2023-07-09 12:45:00+00:00;0.328;;
966771;unknown;control;2023-07-09 13:00:00+00:00;0.315;;
966771;unknown;control;2023-07-09 13:15:00+00:00;0.241;;
966771;unknown;control;2023-07-09 13:30:00+00:00;0.27;;
966771;unknown;control;2023-07-09 13:45:00+00:00;0.247;;
966771;unknown;control;2023-07-09 14:00:00+00:00;0.094;;
966771;unknown;control;2023-07-09 14:15:00+00:00;0.091;;
966771;unknown;control;2023-07-09 14:30:00+00:00;0.103;;
966771;unknown;control;2023-07-09 14:45:00+00:00;0.096;;
966771;unknown;control;2023-07-09 15:00:00+00:00;0.1;;
966771;unknown;control;2023-07-09 15:15:00+00:00;0.109;;
966771;unknown;control;2023-07-09 15:30:00+00:00;0.09;;
966771;unknown;control;2023-07-09 15:45:00+00:00;0.113;;
966771;unknown;control;2023-07-09 16:00:00+00:00;0.471;;
966771;unknown;control;2023-07-09 16:15:00+00:00;0.377;;
966771;unknown;control;2023-07-09 16:30:00+00:00;0.291;;
966771;unknown;control;2023-07-09 16:45:00+00:00;0.327;;
966771;unknown;control;2023-07-09 17:00:00+00:00;0.319;;
966771;unknown;control;2023-07-09 17:15:00+00:00;0.288;;
966771;unknown;control;2023-07-09 17:30:00+00:00;0.106;;
966771;unknown;control;2023-07-09 17:45:00+00:00;0.097;;
966771;unknown;control;2023-07-09 18:00:00+00:00;0.102;;
966771;unknown;control;2023-07-09 18:15:00+00:00;0.136;;
966771;unknown;control;2023-07-09 18:30:00+00:00;0.408;;
966771;unknown;control;2023-07-09 18:45:00+00:00;0.498;;
966771;unknown;control;2023-07-09 19:00:00+00:00;0.164;;
966771;unknown;control;2023-07-09 19:15:00+00:00;0.156;;
966771;unknown;control;2023-07-09 19:30:00+00:00;0.508;;
966771;unknown;control;2023-07-09 19:45:00+00:00;0.14;;
966771;unknown;control;2023-07-09 20:00:00+00:00;0.122;;
966771;unknown;control;2023-07-09 20:15:00+00:00;0.098;;
966771;unknown;control;2023-07-09 20:30:00+00:00;0.104;;
966771;unknown;control;2023-07-09 20:45:00+00:00;0.097;;
966771;unknown;control;2023-07-09 21:00:00+00:00;0.087;;
966771;unknown;control;2023-07-09 21:15:00+00:00;0.095;;
966771;unknown;control;2023-07-09 21:30:00+00:00;0.091;;
966771;unknown;control;2023-07-09 21:45:00+00:00;0.086;;
966771;unknown;control;2023-07-09 22:00:00+00:00;0.101;;
966771;unknown;control;2023-07-09 22:15:00+00:00;0.095;;
966771;unknown;control;2023-07-09 22:30:00+00:00;0.087;;
966771;unknown;control;2023-07-09 22:45:00+00:00;0.097;;
966771;unknown;control;2023-07-09 23:00:00+00:00;0.09;;
966771;unknown;control;2023-07-09 23:15:00+00:00;0.087;;
966771;unknown;control;2023-07-09 23:30:00+00:00;1.368;;
966771;unknown;control;2023-07-09 23:45:00+00:00;1.313;;
966771;unknown;control;2023-07-10 00:00:00+00:00;1.32;;
966771;unknown;control;2023-07-10 00:15:00+00:00;1.336;;
966771;unknown;control;2023-07-10 00:30:00+00:00;1.335;;
966771;unknown;control;2023-07-10 00:45:00+00:00;0.168;;
966771;unknown;control;2023-07-10 01:00:00+00:00;0.099;;
966771;unknown;control;2023-07-10 01:15:00+00:00;0.09;;
966771;unknown;control;2023-07-10 01:30:00+00:00;0.093;;
966771;unknown;control;2023-07-10 01:45:00+00:00;0.092;;
966771;unknown;control;2023-07-10 02:00:00+00:00;0.086;;
966771;unknown;control;2023-07-10 02:15:00+00:00;0.096;;
966771;unknown;control;2023-07-10 02:30:00+00:00;0.097;;
966771;unknown;control;2023-07-10 02:45:00+00:00;0.088;;
966771;unknown;control;2023-07-10 03:00:00+00:00;0.091;;
966771;unknown;control;2023-07-10 03:15:00+00:00;0.089;;
966771;unknown;control;2023-07-10 03:30:00+00:00;0.085;;
966771;unknown;control;2023-07-10 03:45:00+00:00;0.096;;
966771;unknown;control;2023-07-10 04:00:00+00:00;0.104;;
966771;unknown;control;2023-07-10 04:15:00+00:00;0.093;;
966771;unknown;control;2023-07-10 04:30:00+00:00;0.091;;
966771;unknown;control;2023-07-10 04:45:00+00:00;0.111;;
966771;unknown;control;2023-07-10 05:00:00+00:00;0.093;;
966771;unknown;control;2023-07-10 05:15:00+00:00;0.119;;
966771;unknown;control;2023-07-10 05:30:00+00:00;0.101;;
966771;unknown;control;2023-07-10 05:45:00+00:00;0.22;;
966771;unknown;control;2023-07-10 06:00:00+00:00;0.094;;
966771;unknown;control;2023-07-10 06:15:00+00:00;0.09;;
966771;unknown;control;2023-07-10 06:30:00+00:00;0.096;;
966771;unknown;control;2023-07-10 06:45:00+00:00;0.104;;
966771;unknown;control;2023-07-10 07:00:00+00:00;0.091;;
966771;unknown;control;2023-07-10 07:15:00+00:00;0.1;;
966771;unknown;control;2023-07-10 07:30:00+00:00;0.094;;
966771;unknown;control;2023-07-10 07:45:00+00:00;0.09;;
966771;unknown;control;2023-07-10 08:00:00+00:00;0.118;;
966771;unknown;control;2023-07-10 08:15:00+00:00;0.122;;
966771;unknown;control;2023-07-10 08:30:00+00:00;0.099;;
966771;unknown;control;2023-07-10 08:45:00+00:00;0.11;;
966771;unknown;control;2023-07-10 09:00:00+00:00;0.104;;
966771;unknown;control;2023-07-10 09:15:00+00:00;0.102;;
966771;unknown;control;2023-07-10 09:30:00+00:00;0.109;;
966771;unknown;control;2023-07-10 09:45:00+00:00;0.111;;
966771;unknown;control;2023-07-10 10:00:00+00:00;0.113;;
966771;unknown;control;2023-07-10 10:15:00+00:00;0.11;;
966771;unknown;control;2023-07-10 10:30:00+00:00;0.1;;
966771;unknown;control;2023-07-10 10:45:00+00:00;0.115;;
966771;unknown;control;2023-07-10 11:00:00+00:00;0.212;;
966771;unknown;control;2023-07-10 11:15:00+00:00;0.094;;
966771;unknown;control;2023-07-10 11:30:00+00:00;0.097;;
966771;unknown;control;2023-07-10 11:45:00+00:00;0.098;;
966771;unknown;control;2023-07-10 12:00:00+00:00;0.087;;
966771;unknown;control;2023-07-10 12:15:00+00:00;0.327;;
966771;unknown;control;2023-07-10 12:30:00+00:00;0.828;;
966771;unknown;control;2023-07-10 12:45:00+00:00;0.189;;
966771;unknown;control;2023-07-10 13:00:00+00:00;0.135;;
966771;unknown;control;2023-07-10 13:15:00+00:00;0.134;;
966771;unknown;control;2023-07-10 13:30:00+00:00;0.162;;
966771;unknown;control;2023-07-10 13:45:00+00:00;0.247;;
966771;unknown;control;2023-07-10 14:00:00+00:00;0.279;;
966771;unknown;control;2023-07-10 14:15:00+00:00;0.291;;
966771;unknown;control;2023-07-10 14:30:00+00:00;0.308;;
966771;unknown;control;2023-07-10 14:45:00+00:00;0.266;;
966771;unknown;control;2023-07-10 15:00:00+00:00;0.219;;
966771;unknown;control;2023-07-10 15:15:00+00:00;0.294;;
966771;unknown;control;2023-07-10 15:30:00+00:00;0.285;;
966771;unknown;control;2023-07-10 15:45:00+00:00;0.141;;
966771;unknown;control;2023-07-10 16:00:00+00:00;0.104;;
966771;unknown;control;2023-07-10 16:15:00+00:00;0.089;;
966771;unknown;control;2023-07-10 16:30:00+00:00;0.089;;
966771;unknown;control;2023-07-10 16:45:00+00:00;0.096;;
966771;unknown;control;2023-07-10 17:00:00+00:00;0.093;;
966771;unknown;control;2023-07-10 17:15:00+00:00;0.095;;
966771;unknown;control;2023-07-10 17:30:00+00:00;0.101;;
966771;unknown;control;2023-07-10 17:45:00+00:00;0.091;;
966771;unknown;control;2023-07-10 18:00:00+00:00;0.114;;
966771;unknown;control;2023-07-10 18:15:00+00:00;0.132;;
966771;unknown;control;2023-07-10 18:30:00+00:00;0.138;;
966771;unknown;control;2023-07-10 18:45:00+00:00;0.132;;
966771;unknown;control;2023-07-10 19:00:00+00:00;0.133;;
966771;unknown;control;2023-07-10 19:15:00+00:00;0.125;;
966771;unknown;control;2023-07-10 19:30:00+00:00;0.131;;
966771;unknown;control;2023-07-10 19:45:00+00:00;0.129;;
966771;unknown;control;2023-07-10 20:00:00+00:00;0.127;;
966771;unknown;control;2023-07-10 20:15:00+00:00;0.129;;
966771;unknown;control;2023-07-10 20:30:00+00:00;0.098;;
966771;unknown;control;2023-07-10 20:45:00+00:00;0.092;;
966771;unknown;control;2023-07-10 21:00:00+00:00;0.099;;
966771;unknown;control;2023-07-10 21:15:00+00:00;0.092;;
966771;unknown;control;2023-07-10 21:30:00+00:00;0.089;;
966771;unknown;control;2023-07-10 21:45:00+00:00;0.092;;
966771;unknown;control;2023-07-10 22:00:00+00:00;0.086;;
966771;unknown;control;2023-07-10 22:15:00+00:00;0.096;;
966771;unknown;control;2023-07-10 22:30:00+00:00;0.096;;
966771;unknown;control;2023-07-10 22:45:00+00:00;0.102;;
966771;unknown;control;2023-07-10 23:00:00+00:00;0.093;;
966771;unknown;control;2023-07-10 23:15:00+00:00;0.095;;
966771;unknown;control;2023-07-10 23:30:00+00:00;1.345;;
966771;unknown;control;2023-07-10 23:45:00+00:00;1.302;;
966771;unknown;control;2023-07-11 00:00:00+00:00;1.339;;
966771;unknown;control;2023-07-11 00:15:00+00:00;1.342;;
966771;unknown;control;2023-07-11 00:30:00+00:00;0.693;;
966771;unknown;control;2023-07-11 00:45:00+00:00;0.093;;
966771;unknown;control;2023-07-11 01:00:00+00:00;0.085;;
966771;unknown;control;2023-07-11 01:15:00+00:00;0.096;;
966771;unknown;control;2023-07-11 01:30:00+00:00;0.096;;
966771;unknown;control;2023-07-11 01:45:00+00:00;0.089;;
966771;unknown;control;2023-07-11 02:00:00+00:00;0.099;;
966771;unknown;control;2023-07-11 02:15:00+00:00;0.092;;
966771;unknown;control;2023-07-11 02:30:00+00:00;0.084;;
966771;unknown;control;2023-07-11 02:45:00+00:00;0.095;;
966771;unknown;control;2023-07-11 03:00:00+00:00;0.091;;
966771;unknown;control;2023-07-11 03:15:00+00:00;0.089;;
966771;unknown;control;2023-07-11 03:30:00+00:00;0.095;;
966771;unknown;control;2023-07-11 03:45:00+00:00;0.085;;
966771;unknown;control;2023-07-11 04:00:00+00:00;0.099;;
966771;unknown;control;2023-07-11 04:15:00+00:00;0.098;;
966771;unknown;control;2023-07-11 04:30:00+00:00;0.087;;
966771;unknown;control;2023-07-11 04:45:00+00:00;0.107;;
966771;unknown;control;2023-07-11 05:00:00+00:00;0.096;;
966771;unknown;control;2023-07-11 05:15:00+00:00;0.087;;
966771;unknown;control;2023-07-11 05:30:00+00:00;0.096;;
966771;unknown;control;2023-07-11 05:45:00+00:00;0.097;;
966771;unknown;control;2023-07-11 06:00:00+00:00;0.1;;
966771;unknown;control;2023-07-11 06:15:00+00:00;0.215;;
966771;unknown;control;2023-07-11 06:30:00+00:00;0.09;;
966771;unknown;control;2023-07-11 06:45:00+00:00;0.079;;
966771;unknown;control;2023-07-11 07:00:00+00:00;0.093;;
966771;unknown;control;2023-07-11 07:15:00+00:00;0.097;;
966771;unknown;control;2023-07-11 07:30:00+00:00;0.355;;
966771;unknown;control;2023-07-11 07:45:00+00:00;0.124;;
966771;unknown;control;2023-07-11 08:00:00+00:00;0.121;;
966771;unknown;control;2023-07-11 08:15:00+00:00;0.125;;
966771;unknown;control;2023-07-11 08:30:00+00:00;0.189;;
966771;unknown;control;2023-07-11 08:45:00+00:00;0.119;;
966771;unknown;control;2023-07-11 09:00:00+00:00;0.094;;
966771;unknown;control;2023-07-11 09:15:00+00:00;0.1;;
966771;unknown;control;2023-07-11 09:30:00+00:00;0.355;;
966771;unknown;control;2023-07-11 09:45:00+00:00;0.095;;
966771;unknown;control;2023-07-11 10:00:00+00:00;0.114;;
966771;unknown;control;2023-07-11 10:15:00+00:00;0.094;;
966771;unknown;control;2023-07-11 10:30:00+00:00;0.096;;
966771;unknown;control;2023-07-11 10:45:00+00:00;0.105;;
966771;unknown;control;2023-07-11 11:00:00+00:00;0.089;;
966771;unknown;control;2023-07-11 11:15:00+00:00;0.092;;
966771;unknown;control;2023-07-11 11:30:00+00:00;0.098;;
966771;unknown;control;2023-07-11 11:45:00+00:00;0.093;;
966771;unknown;control;2023-07-11 12:00:00+00:00;0.236;;
966771;unknown;control;2023-07-11 12:15:00+00:00;0.099;;
966771;unknown;control;2023-07-11 12:30:00+00:00;0.086;;
966771;unknown;control;2023-07-11 12:45:00+00:00;0.1;;
966771;unknown;control;2023-07-11 13:00:00+00:00;0.102;;
966771;unknown;control;2023-07-11 13:15:00+00:00;0.095;;
966771;unknown;control;2023-07-11 13:30:00+00:00;0.184;;
966771;unknown;control;2023-07-11 13:45:00+00:00;0.181;;
966771;unknown;control;2023-07-11 14:00:00+00:00;0.142;;
966771;unknown;control;2023-07-11 14:15:00+00:00;0.11;;
966771;unknown;control;2023-07-11 14:30:00+00:00;0.102;;
966771;unknown;control;2023-07-11 14:45:00+00:00;0.097;;
966771;unknown;control;2023-07-11 15:00:00+00:00;0.104;;
966771;unknown;control;2023-07-11 15:15:00+00:00;0.098;;
966771;unknown;control;2023-07-11 15:30:00+00:00;0.097;;
966771;unknown;control;2023-07-11 15:45:00+00:00;0.408;;
966771;unknown;control;2023-07-11 16:00:00+00:00;0.244;;
966771;unknown;control;2023-07-11 16:15:00+00:00;0.099;;
966771;unknown;control;2023-07-11 16:30:00+00:00;0.096;;
966771;unknown;control;2023-07-11 16:45:00+00:00;0.093;;
966771;unknown;control;2023-07-11 17:00:00+00:00;0.109;;
966771;unknown;control;2023-07-11 17:15:00+00:00;0.519;;
966771;unknown;control;2023-07-11 17:30:00+00:00;0.257;;
966771;unknown;control;2023-07-11 17:45:00+00:00;0.147;;
966771;unknown;control;2023-07-11 18:00:00+00:00;0.417;;
966771;unknown;control;2023-07-11 18:15:00+00:00;0.205;;
966771;unknown;control;2023-07-11 18:30:00+00:00;0.136;;
966771;unknown;control;2023-07-11 18:45:00+00:00;0.14;;
966771;unknown;control;2023-07-11 19:00:00+00:00;0.146;;
966771;unknown;control;2023-07-11 19:15:00+00:00;0.133;;
966771;unknown;control;2023-07-11 19:30:00+00:00;0.145;;
966771;unknown;control;2023-07-11 19:45:00+00:00;0.126;;
966771;unknown;control;2023-07-11 20:00:00+00:00;0.129;;
966771;unknown;control;2023-07-11 20:15:00+00:00;0.132;;
966771;unknown;control;2023-07-11 20:30:00+00:00;0.127;;
966771;unknown;control;2023-07-11 20:45:00+00:00;0.098;;
966771;unknown;control;2023-07-11 21:00:00+00:00;0.101;;
966771;unknown;control;2023-07-11 21:15:00+00:00;0.089;;
966771;unknown;control;2023-07-11 21:30:00+00:00;0.094;;
966771;unknown;control;2023-07-11 21:45:00+00:00;0.093;;
966771;unknown;control;2023-07-11 22:00:00+00:00;0.086;;
966771;unknown;control;2023-07-11 22:15:00+00:00;0.095;;
966771;unknown;control;2023-07-11 22:30:00+00:00;0.095;;
966771;unknown;control;2023-07-11 22:45:00+00:00;0.084;;
966771;unknown;control;2023-07-11 23:00:00+00:00;0.091;;
966771;unknown;control;2023-07-11 23:15:00+00:00;0.091;;
966771;unknown;control;2023-07-11 23:30:00+00:00;1.352;;
966771;unknown;control;2023-07-11 23:45:00+00:00;1.31;;
966771;unknown;control;2023-07-12 00:00:00+00:00;1.305;;
966771;unknown;control;2023-07-12 00:15:00+00:00;1.322;;
966771;unknown;control;2023-07-12 00:30:00+00:00;1.041;;
966771;unknown;control;2023-07-12 00:45:00+00:00;0.09;;
966771;unknown;control;2023-07-12 01:00:00+00:00;0.09;;
966771;unknown;control;2023-07-12 01:15:00+00:00;0.097;;
966771;unknown;control;2023-07-12 01:30:00+00:00;0.09;;
966771;unknown;control;2023-07-12 01:45:00+00:00;0.086;;
966771;unknown;control;2023-07-12 02:00:00+00:00;0.094;;
966771;unknown;control;2023-07-12 02:15:00+00:00;0.102;;
966771;unknown;control;2023-07-12 02:30:00+00:00;0.093;;
966771;unknown;control;2023-07-12 02:45:00+00:00;0.097;;
966771;unknown;control;2023-07-12 03:00:00+00:00;0.083;;
966771;unknown;control;2023-07-12 03:15:00+00:00;0.086;;
966771;unknown;control;2023-07-12 03:30:00+00:00;0.104;;
966771;unknown;control;2023-07-12 03:45:00+00:00;0.087;;
966771;unknown;control;2023-07-12 04:00:00+00:00;0.098;;
966771;unknown;control;2023-07-12 04:15:00+00:00;0.093;;
966771;unknown;control;2023-07-12 04:30:00+00:00;0.08;;
966771;unknown;control;2023-07-12 04:45:00+00:00;0.094;;
966771;unknown;control;2023-07-12 05:00:00+00:00;0.103;;
966771;unknown;control;2023-07-12 05:15:00+00:00;0.092;;
966771;unknown;control;2023-07-12 05:30:00+00:00;0.217;;
966771;unknown;control;2023-07-12 05:45:00+00:00;0.091;;
966771;unknown;control;2023-07-12 06:00:00+00:00;0.095;;
966771;unknown;control;2023-07-12 06:15:00+00:00;0.098;;
966771;unknown;control;2023-07-12 06:30:00+00:00;0.096;;
966771;unknown;control;2023-07-12 06:45:00+00:00;0.08;;
966771;unknown;control;2023-07-12 07:00:00+00:00;0.095;;
966771;unknown;control;2023-07-12 07:15:00+00:00;0.096;;
966771;unknown;control;2023-07-12 07:30:00+00:00;0.091;;
966771;unknown;control;2023-07-12 07:45:00+00:00;0.099;;
966771;unknown;control;2023-07-12 08:00:00+00:00;0.089;;
966771;unknown;control;2023-07-12 08:15:00+00:00;0.089;;
966771;unknown;control;2023-07-12 08:30:00+00:00;0.1;;
966771;unknown;control;2023-07-12 08:45:00+00:00;0.093;;
966771;unknown;control;2023-07-12 09:00:00+00:00;0.092;;
966771;unknown;control;2023-07-12 09:15:00+00:00;0.094;;
966771;unknown;control;2023-07-12 09:30:00+00:00;0.477;;
966771;unknown;control;2023-07-12 09:45:00+00:00;0.327;;
966771;unknown;control;2023-07-12 10:00:00+00:00;0.1;;
966771;unknown;control;2023-07-12 10:15:00+00:00;0.093;;
966771;unknown;control;2023-07-12 10:30:00+00:00;0.095;;
966771;unknown;control;2023-07-12 10:45:00+00:00;0.1;;
966771;unknown;control;2023-07-12 11:00:00+00:00;0.203;;
966771;unknown;control;2023-07-12 11:15:00+00:00;0.112;;
966771;unknown;control;2023-07-12 11:30:00+00:00;0.111;;
966771;unknown;control;2023-07-12 11:45:00+00:00;0.093;;
966771;unknown;control;2023-07-12 12:00:00+00:00;0.101;;
966771;unknown;control;2023-07-12 12:15:00+00:00;0.102;;
966771;unknown;control;2023-07-12 12:30:00+00:00;0.093;;
966771;unknown;control;2023-07-12 12:45:00+00:00;0.102;;
966771;unknown;control;2023-07-12 13:00:00+00:00;0.108;;
966771;unknown;control;2023-07-12 13:15:00+00:00;0.087;;
966771;unknown;control;2023-07-12 13:30:00+00:00;0.092;;
966771;unknown;control;2023-07-12 13:45:00+00:00;0.11;;
966771;unknown;control;2023-07-12 14:00:00+00:00;0.121;;
966771;unknown;control;2023-07-12 14:15:00+00:00;0.131;;
966771;unknown;control;2023-07-12 14:30:00+00:00;0.129;;
966771;unknown;control;2023-07-12 14:45:00+00:00;0.121;;
966771;unknown;control;2023-07-12 15:00:00+00:00;0.134;;
966771;unknown;control;2023-07-12 15:15:00+00:00;0.122;;
966771;unknown;control;2023-07-12 15:30:00+00:00;0.298;;
966771;unknown;control;2023-07-12 15:45:00+00:00;0.121;;
966771;unknown;control;2023-07-12 16:00:00+00:00;0.104;;
966771;unknown;control;2023-07-12 16:15:00+00:00;0.103;;
966771;unknown;control;2023-07-12 16:30:00+00:00;0.103;;
966771;unknown;control;2023-07-12 16:45:00+00:00;0.091;;
966771;unknown;control;2023-07-12 17:00:00+00:00;0.09;;
966771;unknown;control;2023-07-12 17:15:00+00:00;0.098;;
966771;unknown;control;2023-07-12 17:30:00+00:00;0.094;;
966771;unknown;control;2023-07-12 17:45:00+00:00;0.104;;
966771;unknown;control;2023-07-12 18:00:00+00:00;0.102;;
966771;unknown;control;2023-07-12 18:15:00+00:00;0.092;;
966771;unknown;control;2023-07-12 18:30:00+00:00;0.093;;
966771;unknown;control;2023-07-12 18:45:00+00:00;0.098;;
966771;unknown;control;2023-07-12 19:00:00+00:00;0.091;;
966771;unknown;control;2023-07-12 19:15:00+00:00;0.134;;
966771;unknown;control;2023-07-12 19:30:00+00:00;0.144;;
966771;unknown;control;2023-07-12 19:45:00+00:00;0.15;;
966771;unknown;control;2023-07-12 20:00:00+00:00;0.17;;
966771;unknown;control;2023-07-12 20:15:00+00:00;0.179;;
966771;unknown;control;2023-07-12 20:30:00+00:00;0.16;;
966771;unknown;control;2023-07-12 20:45:00+00:00;0.166;;
966771;unknown;control;2023-07-12 21:00:00+00:00;0.17;;
966771;unknown;control;2023-07-12 21:15:00+00:00;0.157;;
966771;unknown;control;2023-07-12 21:30:00+00:00;0.113;;
966771;unknown;control;2023-07-12 21:45:00+00:00;0.091;;
966771;unknown;control;2023-07-12 22:00:00+00:00;0.087;;
966771;unknown;control;2023-07-12 22:15:00+00:00;0.093;;
966771;unknown;control;2023-07-12 22:30:00+00:00;0.096;;
966771;unknown;control;2023-07-12 22:45:00+00:00;0.093;;
966771;unknown;control;2023-07-12 23:00:00+00:00;0.09;;
966771;unknown;control;2023-07-12 23:15:00+00:00;0.095;;
966771;unknown;control;2023-07-12 23:30:00+00:00;1.404;;
966771;unknown;control;2023-07-12 23:45:00+00:00;1.336;;
966771;unknown;control;2023-07-13 00:00:00+00:00;1.336;;
966771;unknown;control;2023-07-13 00:15:00+00:00;1.343;;
966771;unknown;control;2023-07-13 00:30:00+00:00;0.727;;
966771;unknown;control;2023-07-13 00:45:00+00:00;0.091;;
966771;unknown;control;2023-07-13 01:00:00+00:00;0.089;;
966771;unknown;control;2023-07-13 01:15:00+00:00;0.096;;
966771;unknown;control;2023-07-13 01:30:00+00:00;0.097;;
966771;unknown;control;2023-07-13 01:45:00+00:00;0.089;;
966771;unknown;control;2023-07-13 02:00:00+00:00;0.094;;
966771;unknown;control;2023-07-13 02:15:00+00:00;0.092;;
966771;unknown;control;2023-07-13 02:30:00+00:00;0.085;;
966771;unknown;control;2023-07-13 02:45:00+00:00;0.093;;
966771;unknown;control;2023-07-13 03:00:00+00:00;0.109;;
966771;unknown;control;2023-07-13 03:15:00+00:00;0.084;;
966771;unknown;control;2023-07-13 03:30:00+00:00;0.093;;
966771;unknown;control;2023-07-13 03:45:00+00:00;0.09;;
966771;unknown;control;2023-07-13 04:00:00+00:00;0.081;;
966771;unknown;control;2023-07-13 04:15:00+00:00;0.095;;
966771;unknown;control;2023-07-13 04:30:00+00:00;0.106;;
966771;unknown;control;2023-07-13 04:45:00+00:00;0.089;;
966771;unknown;control;2023-07-13 05:00:00+00:00;0.097;;
966771;unknown;control;2023-07-13 05:15:00+00:00;0.238;;
966771;unknown;control;2023-07-13 05:30:00+00:00;0.087;;
966771;unknown;control;2023-07-13 05:45:00+00:00;0.103;;
966771;unknown;control;2023-07-13 06:00:00+00:00;0.103;;
966771;unknown;control;2023-07-13 06:15:00+00:00;0.1;;
966771;unknown;control;2023-07-13 06:30:00+00:00;0.103;;
966771;unknown;control;2023-07-13 06:45:00+00:00;0.094;;
966771;unknown;control;2023-07-13 07:00:00+00:00;0.093;;
966771;unknown;control;2023-07-13 07:15:00+00:00;0.098;;
966771;unknown;control;2023-07-13 07:30:00+00:00;0.097;;
966771;unknown;control;2023-07-13 07:45:00+00:00;0.104;;
966771;unknown;control;2023-07-13 08:00:00+00:00;0.102;;
966771;unknown;control;2023-07-13 08:15:00+00:00;0.089;;
966771;unknown;control;2023-07-13 08:30:00+00:00;0.092;;
966771;unknown;control;2023-07-13 08:45:00+00:00;0.1;;
966771;unknown;control;2023-07-13 09:00:00+00:00;0.623;;
966771;unknown;control;2023-07-13 09:15:00+00:00;0.363;;
966771;unknown;control;2023-07-13 09:30:00+00:00;0.111;;
966771;unknown;control;2023-07-13 09:45:00+00:00;0.091;;
966771;unknown;control;2023-07-13 10:00:00+00:00;0.1;;
966771;unknown;control;2023-07-13 10:15:00+00:00;0.096;;
966771;unknown;control;2023-07-13 10:30:00+00:00;0.1;;
966771;unknown;control;2023-07-13 10:45:00+00:00;0.094;;
966771;unknown;control;2023-07-13 11:00:00+00:00;0.09;;
966771;unknown;control;2023-07-13 11:15:00+00:00;0.088;;
966771;unknown;control;2023-07-13 11:30:00+00:00;0.101;;
966771;unknown;control;2023-07-13 11:45:00+00:00;0.094;;
966771;unknown;control;2023-07-13 12:00:00+00:00;0.094;;
966771;unknown;control;2023-07-13 12:15:00+00:00;0.1;;
966771;unknown;control;2023-07-13 12:30:00+00:00;0.093;;
966771;unknown;control;2023-07-13 12:45:00+00:00;0.093;;
966771;unknown;control;2023-07-13 13:00:00+00:00;0.096;;
966771;unknown;control;2023-07-13 13:15:00+00:00;0.089;;
966771;unknown;control;2023-07-13 13:30:00+00:00;0.098;;
966771;unknown;control;2023-07-13 13:45:00+00:00;0.1;;
966771;unknown;control;2023-07-13 14:00:00+00:00;0.092;;
966771;unknown;control;2023-07-13 14:15:00+00:00;0.098;;
966771;unknown;control;2023-07-13 14:30:00+00:00;0.095;;
966771;unknown;control;2023-07-13 14:45:00+00:00;0.087;;
966771;unknown;control;2023-07-13 15:00:00+00:00;0.4;;
966771;unknown;control;2023-07-13 15:15:00+00:00;0.153;;
966771;unknown;control;2023-07-13 15:30:00+00:00;0.098;;
966771;unknown;control;2023-07-13 15:45:00+00:00;0.105;;
966771;unknown;control;2023-07-13 16:00:00+00:00;0.101;;
966771;unknown;control;2023-07-13 16:15:00+00:00;0.096;;
966771;unknown;control;2023-07-13 16:30:00+00:00;0.107;;
966771;unknown;control;2023-07-13 16:45:00+00:00;0.099;;
966771;unknown;control;2023-07-13 17:00:00+00:00;0.133;;
966771;unknown;control;2023-07-13 17:15:00+00:00;0.101;;
966771;unknown;control;2023-07-13 17:30:00+00:00;0.088;;
966771;unknown;control;2023-07-13 17:45:00+00:00;0.09;;
966771;unknown;control;2023-07-13 18:00:00+00:00;0.095;;
966771;unknown;control;2023-07-13 18:15:00+00:00;0.108;;
966771;unknown;control;2023-07-13 18:30:00+00:00;0.135;;
966771;unknown;control;2023-07-13 18:45:00+00:00;0.15;;
966771;unknown;control;2023-07-13 19:00:00+00:00;0.127;;
966771;unknown;control;2023-07-13 19:15:00+00:00;0.136;;
966771;unknown;control;2023-07-13 19:30:00+00:00;0.131;;
966771;unknown;control;2023-07-13 19:45:00+00:00;0.123;;
966771;unknown;control;2023-07-13 20:00:00+00:00;0.13;;
966771;unknown;control;2023-07-13 20:15:00+00:00;0.125;;
966771;unknown;control;2023-07-13 20:30:00+00:00;0.088;;
966771;unknown;control;2023-07-13 20:45:00+00:00;0.093;;
966771;unknown;control;2023-07-13 21:00:00+00:00;0.091;;
966771;unknown;control;2023-07-13 21:15:00+00:00;0.09;;
966771;unknown;control;2023-07-13 21:30:00+00:00;0.098;;
966771;unknown;control;2023-07-13 21:45:00+00:00;0.092;;
966771;unknown;control;2023-07-13 22:00:00+00:00;0.091;;
966771;unknown;control;2023-07-13 22:15:00+00:00;0.097;;
966771;unknown;control;2023-07-13 22:30:00+00:00;0.085;;
966771;unknown;control;2023-07-13 22:45:00+00:00;0.091;;
966771;unknown;control;2023-07-13 23:00:00+00:00;0.097;;
966771;unknown;control;2023-07-13 23:15:00+00:00;0.089;;
966771;unknown;control;2023-07-13 23:30:00+00:00;1.36;;
966771;unknown;control;2023-07-13 23:45:00+00:00;1.308;;
966771;unknown;control;2023-07-14 00:00:00+00:00;1.306;;
966771;unknown;control;2023-07-14 00:15:00+00:00;1.354;;
966771;unknown;control;2023-07-14 00:30:00+00:00;0.278;;
966771;unknown;control;2023-07-14 00:45:00+00:00;0.093;;
966771;unknown;control;2023-07-14 01:00:00+00:00;0.102;;
966771;unknown;control;2023-07-14 01:15:00+00:00;0.093;;
966771;unknown;control;2023-07-14 01:30:00+00:00;0.083;;
966771;unknown;control;2023-07-14 01:45:00+00:00;0.094;;
966771;unknown;control;2023-07-14 02:00:00+00:00;0.092;;
966771;unknown;control;2023-07-14 02:15:00+00:00;0.089;;
966771;unknown;control;2023-07-14 02:30:00+00:00;0.097;;
966771;unknown;control;2023-07-14 02:45:00+00:00;0.088;;
966771;unknown;control;2023-07-14 03:00:00+00:00;0.085;;
966771;unknown;control;2023-07-14 03:15:00+00:00;0.093;;
966771;unknown;control;2023-07-14 03:30:00+00:00;0.09;;
966771;unknown;control;2023-07-14 03:45:00+00:00;0.104;;
966771;unknown;control;2023-07-14 04:00:00+00:00;0.096;;
966771;unknown;control;2023-07-14 04:15:00+00:00;0.086;;
966771;unknown;control;2023-07-14 04:30:00+00:00;0.098;;
966771;unknown;control;2023-07-14 04:45:00+00:00;0.089;;
966771;unknown;control;2023-07-14 05:00:00+00:00;0.092;;
966771;unknown;control;2023-07-14 05:15:00+00:00;0.221;;
966771;unknown;control;2023-07-14 05:30:00+00:00;0.095;;
966771;unknown;control;2023-07-14 05:45:00+00:00;0.088;;
966771;unknown;control;2023-07-14 06:00:00+00:00;0.105;;
966771;unknown;control;2023-07-14 06:15:00+00:00;0.09;;
966771;unknown;control;2023-07-14 06:30:00+00:00;0.089;;
966771;unknown;control;2023-07-14 06:45:00+00:00;0.099;;
966771;unknown;control;2023-07-14 07:00:00+00:00;0.094;;
966771;unknown;control;2023-07-14 07:15:00+00:00;0.094;;
966771;unknown;control;2023-07-14 07:30:00+00:00;0.096;;
966771;unknown;control;2023-07-14 07:45:00+00:00;0.089;;
966771;unknown;control;2023-07-14 08:00:00+00:00;0.107;;
966771;unknown;control;2023-07-14 08:15:00+00:00;0.111;;
966771;unknown;control;2023-07-14 08:30:00+00:00;0.094;;
966771;unknown;control;2023-07-14 08:45:00+00:00;0.099;;
966771;unknown;control;2023-07-14 09:00:00+00:00;0.1;;
966771;unknown;control;2023-07-14 09:15:00+00:00;0.092;;
966771;unknown;control;2023-07-14 09:30:00+00:00;0.206;;
966771;unknown;control;2023-07-14 09:45:00+00:00;0.098;;
966771;unknown;control;2023-07-14 10:00:00+00:00;0.091;;
966771;unknown;control;2023-07-14 10:15:00+00:00;0.102;;
966771;unknown;control;2023-07-14 10:30:00+00:00;0.092;;
966771;unknown;control;2023-07-14 10:45:00+00:00;0.089;;
966771;unknown;control;2023-07-14 11:00:00+00:00;0.174;;
966771;unknown;control;2023-07-14 11:15:00+00:00;0.199;;
966771;unknown;control;2023-07-14 11:30:00+00:00;0.155;;
966771;unknown;control;2023-07-14 11:45:00+00:00;0.102;;
966771;unknown;control;2023-07-14 12:00:00+00:00;0.096;;
966771;unknown;control;2023-07-14 12:15:00+00:00;0.097;;
966771;unknown;control;2023-07-14 12:30:00+00:00;0.101;;
966771;unknown;control;2023-07-14 12:45:00+00:00;0.099;;
966771;unknown;control;2023-07-14 13:00:00+00:00;0.097;;
966771;unknown;control;2023-07-14 13:15:00+00:00;0.102;;
966771;unknown;control;2023-07-14 13:30:00+00:00;0.105;;
966771;unknown;control;2023-07-14 13:45:00+00:00;0.117;;
966771;unknown;control;2023-07-14 14:00:00+00:00;0.213;;
966771;unknown;control;2023-07-14 14:15:00+00:00;0.583;;
966771;unknown;control;2023-07-14 14:30:00+00:00;0.243;;
966771;unknown;control;2023-07-14 14:45:00+00:00;0.25;;
966771;unknown;control;2023-07-14 15:00:00+00:00;0.486;;
966771;unknown;control;2023-07-14 15:15:00+00:00;0.22;;
966771;unknown;control;2023-07-14 15:30:00+00:00;0.235;;
966771;unknown;control;2023-07-14 15:45:00+00:00;0.422;;
966771;unknown;control;2023-07-14 16:00:00+00:00;0.436;;
966771;unknown;control;2023-07-14 16:15:00+00:00;0.323;;
966771;unknown;control;2023-07-14 16:30:00+00:00;0.106;;
966771;unknown;control;2023-07-14 16:45:00+00:00;0.135;;
966771;unknown;control;2023-07-14 17:00:00+00:00;0.11;;
966771;unknown;control;2023-07-14 17:15:00+00:00;0.488;;
966771;unknown;control;2023-07-14 17:30:00+00:00;0.301;;
966771;unknown;control;2023-07-14 17:45:00+00:00;0.121;;
966771;unknown;control;2023-07-14 18:00:00+00:00;0.222;;
966771;unknown;control;2023-07-14 18:15:00+00:00;0.381;;
966771;unknown;control;2023-07-14 18:30:00+00:00;0.113;;
966771;unknown;control;2023-07-14 18:45:00+00:00;0.107;;
966771;unknown;control;2023-07-14 19:00:00+00:00;0.116;;
966771;unknown;control;2023-07-14 19:15:00+00:00;0.108;;
966771;unknown;control;2023-07-14 19:30:00+00:00;0.106;;
966771;unknown;control;2023-07-14 19:45:00+00:00;0.126;;
966771;unknown;control;2023-07-14 20:00:00+00:00;0.1;;
966771;unknown;control;2023-07-14 20:15:00+00:00;0.1;;
966771;unknown;control;2023-07-14 20:30:00+00:00;0.098;;
966771;unknown;control;2023-07-14 20:45:00+00:00;0.088;;
966771;unknown;control;2023-07-14 21:00:00+00:00;0.097;;
966771;unknown;control;2023-07-14 21:15:00+00:00;0.092;;
966771;unknown;control;2023-07-14 21:30:00+00:00;0.091;;
966771;unknown;control;2023-07-14 21:45:00+00:00;0.092;;
966771;unknown;control;2023-07-14 22:00:00+00:00;0.088;;
966771;unknown;control;2023-07-14 22:15:00+00:00;0.09;;
966771;unknown;control;2023-07-14 22:30:00+00:00;0.097;;
966771;unknown;control;2023-07-14 22:45:00+00:00;0.09;;
966771;unknown;control;2023-07-14 23:00:00+00:00;0.09;;
966771;unknown;control;2023-07-14 23:15:00+00:00;0.094;;
966771;unknown;control;2023-07-14 23:30:00+00:00;1.336;;
966771;unknown;control;2023-07-14 23:45:00+00:00;1.293;;
966771;unknown;control;2023-07-15 00:00:00+00:00;1.306;;
966771;unknown;control;2023-07-15 00:15:00+00:00;1.319;;
966771;unknown;control;2023-07-15 00:30:00+00:00;1.327;;
966771;unknown;control;2023-07-15 00:45:00+00:00;0.432;;
966771;unknown;control;2023-07-15 01:00:00+00:00;0.088;;
966771;unknown;control;2023-07-15 01:15:00+00:00;0.098;;
966771;unknown;control;2023-07-15 01:30:00+00:00;0.096;;
966771;unknown;control;2023-07-15 01:45:00+00:00;0.088;;
966771;unknown;control;2023-07-15 02:00:00+00:00;0.092;;
966771;unknown;control;2023-07-15 02:15:00+00:00;0.089;;
966771;unknown;control;2023-07-15 02:30:00+00:00;0.088;;
966771;unknown;control;2023-07-15 02:45:00+00:00;0.098;;
966771;unknown;control;2023-07-15 03:00:00+00:00;0.092;;
966771;unknown;control;2023-07-15 03:15:00+00:00;0.088;;
966771;unknown;control;2023-07-15 03:30:00+00:00;0.092;;
966771;unknown;control;2023-07-15 03:45:00+00:00;0.087;;
966771;unknown;control;2023-07-15 04:00:00+00:00;0.108;;
966771;unknown;control;2023-07-15 04:15:00+00:00;0.097;;
966771;unknown;control;2023-07-15 04:30:00+00:00;0.089;;
966771;unknown;control;2023-07-15 04:45:00+00:00;0.091;;
966771;unknown;control;2023-07-15 05:00:00+00:00;0.103;;
966771;unknown;control;2023-07-15 05:15:00+00:00;0.083;;
966771;unknown;control;2023-07-15 05:30:00+00:00;0.093;;
966771;unknown;control;2023-07-15 05:45:00+00:00;0.108;;
966771;unknown;control;2023-07-15 06:00:00+00:00;0.096;;
966771;unknown;control;2023-07-15 06:15:00+00:00;0.119;;
966771;unknown;control;2023-07-15 06:30:00+00:00;0.107;;
966771;unknown;control;2023-07-15 06:45:00+00:00;0.102;;
966771;unknown;control;2023-07-15 07:00:00+00:00;0.234;;
966771;unknown;control;2023-07-15 07:15:00+00:00;0.108;;
966771;unknown;control;2023-07-15 07:30:00+00:00;0.104;;
966771;unknown;control;2023-07-15 07:45:00+00:00;0.098;;
966771;unknown;control;2023-07-15 08:00:00+00:00;0.101;;
966771;unknown;control;2023-07-15 08:15:00+00:00;0.099;;
966771;unknown;control;2023-07-15 08:30:00+00:00;0.091;;
966771;unknown;control;2023-07-15 08:45:00+00:00;0.094;;
966771;unknown;control;2023-07-15 09:00:00+00:00;0.102;;
966771;unknown;control;2023-07-15 09:15:00+00:00;0.096;;
966771;unknown;control;2023-07-15 09:30:00+00:00;0.103;;
966771;unknown;control;2023-07-15 09:45:00+00:00;0.103;;
966771;unknown;control;2023-07-15 10:00:00+00:00;0.099;;
966771;unknown;control;2023-07-15 10:15:00+00:00;0.091;;
966771;unknown;control;2023-07-15 10:30:00+00:00;0.108;;
966771;unknown;control;2023-07-15 10:45:00+00:00;0.098;;
966771;unknown;control;2023-07-15 11:00:00+00:00;0.095;;
966771;unknown;control;2023-07-15 11:15:00+00:00;0.111;;
966771;unknown;control;2023-07-15 11:30:00+00:00;0.108;;
966771;unknown;control;2023-07-15 11:45:00+00:00;0.113;;
966771;unknown;control;2023-07-15 12:00:00+00:00;0.132;;
966771;unknown;control;2023-07-15 12:15:00+00:00;0.127;;
966771;unknown;control;2023-07-15 12:30:00+00:00;0.123;;
966771;unknown;control;2023-07-15 12:45:00+00:00;0.135;;
966771;unknown;control;2023-07-15 13:00:00+00:00;0.131;;
966771;unknown;control;2023-07-15 13:15:00+00:00;0.138;;
966771;unknown;control;2023-07-15 13:30:00+00:00;0.142;;
966771;unknown;control;2023-07-15 13:45:00+00:00;0.117;;
966771;unknown;control;2023-07-15 14:00:00+00:00;0.103;;
966771;unknown;control;2023-07-15 14:15:00+00:00;0.103;;
966771;unknown;control;2023-07-15 14:30:00+00:00;0.224;;
966771;unknown;control;2023-07-15 14:45:00+00:00;0.095;;
966771;unknown;control;2023-07-15 15:00:00+00:00;0.106;;
966771;unknown;control;2023-07-15 15:15:00+00:00;0.102;;
966771;unknown;control;2023-07-15 15:30:00+00:00;0.092;;
966771;unknown;control;2023-07-15 15:45:00+00:00;0.103;;
966771;unknown;control;2023-07-15 16:00:00+00:00;0.115;;
966771;unknown;control;2023-07-15 16:15:00+00:00;0.113;;
966771;unknown;control;2023-07-15 16:30:00+00:00;0.135;;
966771;unknown;control;2023-07-15 16:45:00+00:00;0.101;;
966771;unknown;control;2023-07-15 17:00:00+00:00;0.091;;
966771;unknown;control;2023-07-15 17:15:00+00:00;0.101;;
966771;unknown;control;2023-07-15 17:30:00+00:00;0.098;;
966771;unknown;control;2023-07-15 17:45:00+00:00;0.091;;
966771;unknown;control;2023-07-15 18:00:00+00:00;0.106;;
966771;unknown;control;2023-07-15 18:15:00+00:00;0.101;;
966771;unknown;control;2023-07-15 18:30:00+00:00;0.086;;
966771;unknown;control;2023-07-15 18:45:00+00:00;0.096;;
966771;unknown;control;2023-07-15 19:00:00+00:00;0.118;;
966771;unknown;control;2023-07-15 19:15:00+00:00;0.118;;
966771;unknown;control;2023-07-15 19:30:00+00:00;0.127;;
966771;unknown;control;2023-07-15 19:45:00+00:00;0.127;;
966771;unknown;control;2023-07-15 20:00:00+00:00;0.124;;
966771;unknown;control;2023-07-15 20:15:00+00:00;0.138;;
966771;unknown;control;2023-07-15 20:30:00+00:00;0.127;;
966771;unknown;control;2023-07-15 20:45:00+00:00;0.12;;
966771;unknown;control;2023-07-15 21:00:00+00:00;0.107;;
966771;unknown;control;2023-07-15 21:15:00+00:00;0.091;;
966771;unknown;control;2023-07-15 21:30:00+00:00;0.084;;
966771;unknown;control;2023-07-15 21:45:00+00:00;0.101;;
966771;unknown;control;2023-07-15 22:00:00+00:00;0.09;;
966771;unknown;control;2023-07-15 22:15:00+00:00;0.087;;
966771;unknown;control;2023-07-15 22:30:00+00:00;0.095;;
966771;unknown;control;2023-07-15 22:45:00+00:00;0.09;;
966771;unknown;control;2023-07-15 23:00:00+00:00;0.087;;
966771;unknown;control;2023-07-15 23:15:00+00:00;0.09;;
966771;unknown;control;2023-07-15 23:30:00+00:00;1.343;;
966771;unknown;control;2023-07-15 23:45:00+00:00;1.296;;
966771;unknown;control;2023-07-16 00:00:00+00:00;1.302;;
966771;unknown;control;2023-07-16 00:15:00+00:00;1.313;;
966771;unknown;control;2023-07-16 00:30:00+00:00;0.686;;
966771;unknown;control;2023-07-16 00:45:00+00:00;0.104;;
966771;unknown;control;2023-07-16 01:00:00+00:00;0.09;;
966771;unknown;control;2023-07-16 01:15:00+00:00;0.091;;
966771;unknown;control;2023-07-16 01:30:00+00:00;0.095;;
966771;unknown;control;2023-07-16 01:45:00+00:00;0.088;;
966771;unknown;control;2023-07-16 02:00:00+00:00;0.088;;
966771;unknown;control;2023-07-16 02:15:00+00:00;0.094;;
966771;unknown;control;2023-07-16 02:30:00+00:00;0.089;;
966771;unknown;control;2023-07-16 02:45:00+00:00;0.092;;
966771;unknown;control;2023-07-16 03:00:00+00:00;0.096;;
966771;unknown;control;2023-07-16 03:15:00+00:00;0.093;;
966771;unknown;control;2023-07-16 03:30:00+00:00;0.09;;
966771;unknown;control;2023-07-16 03:45:00+00:00;0.093;;
966771;unknown;control;2023-07-16 04:00:00+00:00;0.131;;
966771;unknown;control;2023-07-16 04:15:00+00:00;0.137;;
966771;unknown;control;2023-07-16 04:30:00+00:00;0.111;;
966771;unknown;control;2023-07-16 04:45:00+00:00;0.103;;
966771;unknown;control;2023-07-16 05:00:00+00:00;0.105;;
966771;unknown;control;2023-07-16 05:15:00+00:00;0.1;;
966771;unknown;control;2023-07-16 05:30:00+00:00;0.086;;
966771;unknown;control;2023-07-16 05:45:00+00:00;0.097;;
966771;unknown;control;2023-07-16 06:00:00+00:00;0.096;;
966771;unknown;control;2023-07-16 06:15:00+00:00;0.105;;
966771;unknown;control;2023-07-16 06:30:00+00:00;0.43;;
966771;unknown;control;2023-07-16 06:45:00+00:00;0.123;;
966771;unknown;control;2023-07-16 07:00:00+00:00;0.1;;
966771;unknown;control;2023-07-16 07:15:00+00:00;0.102;;
966771;unknown;control;2023-07-16 07:30:00+00:00;0.109;;
966771;unknown;control;2023-07-16 07:45:00+00:00;0.303;;
966771;unknown;control;2023-07-16 08:00:00+00:00;0.1;;
966771;unknown;control;2023-07-16 08:15:00+00:00;0.103;;
966771;unknown;control;2023-07-16 08:30:00+00:00;0.103;;
966771;unknown;control;2023-07-16 08:45:00+00:00;0.101;;
966771;unknown;control;2023-07-16 09:00:00+00:00;0.112;;
966771;unknown;control;2023-07-16 09:15:00+00:00;0.095;;
966771;unknown;control;2023-07-16 09:30:00+00:00;0.103;;
966771;unknown;control;2023-07-16 09:45:00+00:00;0.103;;
966771;unknown;control;2023-07-16 10:00:00+00:00;0.238;;
966771;unknown;control;2023-07-16 10:15:00+00:00;0.397;;
966771;unknown;control;2023-07-16 10:30:00+00:00;0.129;;
966771;unknown;control;2023-07-16 10:45:00+00:00;0.131;;
966771;unknown;control;2023-07-16 11:00:00+00:00;0.143;;
966771;unknown;control;2023-07-16 11:15:00+00:00;0.209;;
966771;unknown;control;2023-07-16 11:30:00+00:00;0.668;;
966771;unknown;control;2023-07-16 11:45:00+00:00;0.709;;
966771;unknown;control;2023-07-16 12:00:00+00:00;0.136;;
966771;unknown;control;2023-07-16 12:15:00+00:00;0.133;;
966771;unknown;control;2023-07-16 12:30:00+00:00;0.154;;
966771;unknown;control;2023-07-16 12:45:00+00:00;0.094;;
966771;unknown;control;2023-07-16 13:00:00+00:00;0.088;;
966771;unknown;control;2023-07-16 13:15:00+00:00;0.097;;
966771;unknown;control;2023-07-16 13:30:00+00:00;0.095;;
966771;unknown;control;2023-07-16 13:45:00+00:00;0.096;;
966771;unknown;control;2023-07-16 14:00:00+00:00;0.102;;
966771;unknown;control;2023-07-16 14:15:00+00:00;0.229;;
966771;unknown;control;2023-07-16 14:30:00+00:00;0.256;;
966771;unknown;control;2023-07-16 14:45:00+00:00;0.276;;
966771;unknown;control;2023-07-16 15:00:00+00:00;0.272;;
966771;unknown;control;2023-07-16 15:15:00+00:00;0.272;;
966771;unknown;control;2023-07-16 15:30:00+00:00;0.159;;
966771;unknown;control;2023-07-16 15:45:00+00:00;0.089;;
966771;unknown;control;2023-07-16 16:00:00+00:00;0.172;;
966771;unknown;control;2023-07-16 16:15:00+00:00;0.574;;
966771;unknown;control;2023-07-16 16:30:00+00:00;0.367;;
966771;unknown;control;2023-07-16 16:45:00+00:00;0.107;;
966771;unknown;control;2023-07-16 17:00:00+00:00;0.105;;
966771;unknown;control;2023-07-16 17:15:00+00:00;0.098;;
966771;unknown;control;2023-07-16 17:30:00+00:00;0.119;;
966771;unknown;control;2023-07-16 17:45:00+00:00;0.117;;
966771;unknown;control;2023-07-16 18:00:00+00:00;0.117;;
966771;unknown;control;2023-07-16 18:15:00+00:00;0.132;;
966771;unknown;control;2023-07-16 18:30:00+00:00;0.137;;
966771;unknown;control;2023-07-16 18:45:00+00:00;0.136;;
966771;unknown;control;2023-07-16 19:00:00+00:00;0.132;;
966771;unknown;control;2023-07-16 19:15:00+00:00;0.127;;
966771;unknown;control;2023-07-16 19:30:00+00:00;0.119;;
966771;unknown;control;2023-07-16 19:45:00+00:00;0.148;;
966771;unknown;control;2023-07-16 20:00:00+00:00;0.151;;
966771;unknown;control;2023-07-16 20:15:00+00:00;0.108;;
966771;unknown;control;2023-07-16 20:30:00+00:00;0.103;;
966771;unknown;control;2023-07-16 20:45:00+00:00;0.096;;
966771;unknown;control;2023-07-16 21:00:00+00:00;0.097;;
966771;unknown;control;2023-07-16 21:15:00+00:00;0.1;;
966771;unknown;control;2023-07-16 21:30:00+00:00;0.09;;
966771;unknown;control;2023-07-16 21:45:00+00:00;0.093;;
966771;unknown;control;2023-07-16 22:00:00+00:00;0.097;;
966771;unknown;control;2023-07-16 22:15:00+00:00;0.089;;
966771;unknown;control;2023-07-16 22:30:00+00:00;0.094;;
966771;unknown;control;2023-07-16 22:45:00+00:00;0.094;;
966771;unknown;control;2023-07-16 23:00:00+00:00;0.082;;
966771;unknown;control;2023-07-16 23:15:00+00:00;0.091;;
966771;unknown;control;2023-07-16 23:30:00+00:00;1.365;;
966771;unknown;control;2023-07-16 23:45:00+00:00;1.314;;
966771;unknown;control;2023-07-17 00:00:00+00:00;1.324;;
966771;unknown;control;2023-07-17 00:15:00+00:00;1.34;;
966771;unknown;control;2023-07-17 00:30:00+00:00;0.673;;
966771;unknown;control;2023-07-17 00:45:00+00:00;0.098;;
966771;unknown;control;2023-07-17 01:00:00+00:00;0.089;;
966771;unknown;control;2023-07-17 01:15:00+00:00;0.086;;
966771;unknown;control;2023-07-17 01:30:00+00:00;0.097;;
966771;unknown;control;2023-07-17 01:45:00+00:00;0.104;;
966771;unknown;control;2023-07-17 02:00:00+00:00;0.094;;
966771;unknown;control;2023-07-17 02:15:00+00:00;0.099;;
966771;unknown;control;2023-07-17 02:30:00+00:00;0.089;;
966771;unknown;control;2023-07-17 02:45:00+00:00;0.091;;
966771;unknown;control;2023-07-17 03:00:00+00:00;0.091;;
966771;unknown;control;2023-07-17 03:15:00+00:00;0.082;;
966771;unknown;control;2023-07-17 03:30:00+00:00;0.093;;
966771;unknown;control;2023-07-17 03:45:00+00:00;0.095;;
966771;unknown;control;2023-07-17 04:00:00+00:00;0.311;;
966771;unknown;control;2023-07-17 04:15:00+00:00;0.122;;
966771;unknown;control;2023-07-17 04:30:00+00:00;0.128;;
966771;unknown;control;2023-07-17 04:45:00+00:00;0.135;;
966771;unknown;control;2023-07-17 05:00:00+00:00;0.183;;
966771;unknown;control;2023-07-17 05:15:00+00:00;0.125;;
966771;unknown;control;2023-07-17 05:30:00+00:00;0.09;;
966771;unknown;control;2023-07-17 05:45:00+00:00;0.125;;
966771;unknown;control;2023-07-17 06:00:00+00:00;0.589;;
966771;unknown;control;2023-07-17 06:15:00+00:00;0.198;;
966771;unknown;control;2023-07-17 06:30:00+00:00;0.128;;
966771;unknown;control;2023-07-17 06:45:00+00:00;0.417;;
966771;unknown;control;2023-07-17 07:00:00+00:00;0.151;;
966771;unknown;control;2023-07-17 07:15:00+00:00;0.106;;
966771;unknown;control;2023-07-17 07:30:00+00:00;0.097;;
966771;unknown;control;2023-07-17 07:45:00+00:00;0.101;;
966771;unknown;control;2023-07-17 08:00:00+00:00;0.101;;
966771;unknown;control;2023-07-17 08:15:00+00:00;0.091;;
966771;unknown;control;2023-07-17 08:30:00+00:00;0.094;;
966771;unknown;control;2023-07-17 08:45:00+00:00;0.094;;
966771;unknown;control;2023-07-17 09:00:00+00:00;0.089;;
966771;unknown;control;2023-07-17 09:15:00+00:00;0.101;;
966771;unknown;control;2023-07-17 09:30:00+00:00;0.098;;
966771;unknown;control;2023-07-17 09:45:00+00:00;0.093;;
966771;unknown;control;2023-07-17 10:00:00+00:00;0.101;;
966771;unknown;control;2023-07-17 10:15:00+00:00;0.149;;
966771;unknown;control;2023-07-17 10:30:00+00:00;0.104;;
966771;unknown;control;2023-07-17 10:45:00+00:00;0.103;;
966771;unknown;control;2023-07-17 11:00:00+00:00;0.148;;
966771;unknown;control;2023-07-17 11:15:00+00:00;0.136;;
966771;unknown;control;2023-07-17 11:30:00+00:00;0.117;;
966771;unknown;control;2023-07-17 11:45:00+00:00;0.104;;
966771;unknown;control;2023-07-17 12:00:00+00:00;0.098;;
966771;unknown;control;2023-07-17 12:15:00+00:00;0.1;;
966771;unknown;control;2023-07-17 12:30:00+00:00;0.093;;
966771;unknown;control;2023-07-17 12:45:00+00:00;0.102;;
966771;unknown;control;2023-07-17 13:00:00+00:00;0.095;;
966771;unknown;control;2023-07-17 13:15:00+00:00;0.103;;
966771;unknown;control;2023-07-17 13:30:00+00:00;0.108;;
966771;unknown;control;2023-07-17 13:45:00+00:00;0.1;;
966771;unknown;control;2023-07-17 14:00:00+00:00;0.091;;
966771;unknown;control;2023-07-17 14:15:00+00:00;0.104;;
966771;unknown;control;2023-07-17 14:30:00+00:00;0.095;;
966771;unknown;control;2023-07-17 14:45:00+00:00;0.091;;
966771;unknown;control;2023-07-17 15:00:00+00:00;0.1;;
966771;unknown;control;2023-07-17 15:15:00+00:00;0.098;;
966771;unknown;control;2023-07-17 15:30:00+00:00;0.092;;
966771;unknown;control;2023-07-17 15:45:00+00:00;0.15;;
966771;unknown;control;2023-07-17 16:00:00+00:00;0.199;;
966771;unknown;control;2023-07-17 16:15:00+00:00;0.567;;
966771;unknown;control;2023-07-17 16:30:00+00:00;0.444;;
966771;unknown;control;2023-07-17 16:45:00+00:00;0.422;;
966771;unknown;control;2023-07-17 17:00:00+00:00;0.296;;
966771;unknown;control;2023-07-17 17:15:00+00:00;0.135;;
966771;unknown;control;2023-07-17 17:30:00+00:00;0.142;;
966771;unknown;control;2023-07-17 17:45:00+00:00;0.105;;
966771;unknown;control;2023-07-17 18:00:00+00:00;0.138;;
966771;unknown;control;2023-07-17 18:15:00+00:00;0.168;;
966771;unknown;control;2023-07-17 18:30:00+00:00;0.11;;
966771;unknown;control;2023-07-17 18:45:00+00:00;0.11;;
966771;unknown;control;2023-07-17 19:00:00+00:00;0.11;;
966771;unknown;control;2023-07-17 19:15:00+00:00;0.111;;
966771;unknown;control;2023-07-17 19:30:00+00:00;0.101;;
966771;unknown;control;2023-07-17 19:45:00+00:00;0.123;;
966771;unknown;control;2023-07-17 20:00:00+00:00;0.158;;
966771;unknown;control;2023-07-17 20:15:00+00:00;0.137;;
966771;unknown;control;2023-07-17 20:30:00+00:00;0.112;;
966771;unknown;control;2023-07-17 20:45:00+00:00;0.112;;
966771;unknown;control;2023-07-17 21:00:00+00:00;0.102;;
966771;unknown;control;2023-07-17 21:15:00+00:00;0.092;;
966771;unknown;control;2023-07-17 21:30:00+00:00;0.098;;
966771;unknown;control;2023-07-17 21:45:00+00:00;0.092;;
966771;unknown;control;2023-07-17 22:00:00+00:00;0.088;;
966771;unknown;control;2023-07-17 22:15:00+00:00;0.094;;
966771;unknown;control;2023-07-17 22:30:00+00:00;0.086;;
966771;unknown;control;2023-07-17 22:45:00+00:00;0.091;;
966771;unknown;control;2023-07-17 23:00:00+00:00;0.096;;
966771;unknown;control;2023-07-17 23:15:00+00:00;0.09;;
966771;unknown;control;2023-07-17 23:30:00+00:00;1.354;;
966771;unknown;control;2023-07-17 23:45:00+00:00;1.31;;
966771;unknown;control;2023-07-18 00:00:00+00:00;1.309;;
966771;unknown;control;2023-07-18 00:15:00+00:00;1.32;;
966771;unknown;control;2023-07-18 00:30:00+00:00;0.409;;
966771;unknown;control;2023-07-18 00:45:00+00:00;0.09;;
966771;unknown;control;2023-07-18 01:00:00+00:00;0.094;;
966771;unknown;control;2023-07-18 01:15:00+00:00;0.096;;
966771;unknown;control;2023-07-18 01:30:00+00:00;0.087;;
966771;unknown;control;2023-07-18 01:45:00+00:00;0.095;;
966771;unknown;control;2023-07-18 02:00:00+00:00;0.091;;
966771;unknown;control;2023-07-18 02:15:00+00:00;0.083;;
966771;unknown;control;2023-07-18 02:30:00+00:00;0.098;;
966771;unknown;control;2023-07-18 02:45:00+00:00;0.093;;
966771;unknown;control;2023-07-18 03:00:00+00:00;0.088;;
966771;unknown;control;2023-07-18 03:15:00+00:00;0.096;;
966771;unknown;control;2023-07-18 03:30:00+00:00;0.09;;
966771;unknown;control;2023-07-18 03:45:00+00:00;0.085;;
966771;unknown;control;2023-07-18 04:00:00+00:00;0.092;;
966771;unknown;control;2023-07-18 04:15:00+00:00;0.089;;
966771;unknown;control;2023-07-18 04:30:00+00:00;0.092;;
966771;unknown;control;2023-07-18 04:45:00+00:00;0.097;;
966771;unknown;control;2023-07-18 05:00:00+00:00;0.103;;
966771;unknown;control;2023-07-18 05:15:00+00:00;0.089;;
966771;unknown;control;2023-07-18 05:30:00+00:00;0.104;;
966771;unknown;control;2023-07-18 05:45:00+00:00;0.08;;
966771;unknown;control;2023-07-18 06:00:00+00:00;0.095;;
966771;unknown;control;2023-07-18 06:15:00+00:00;0.094;;
966771;unknown;control;2023-07-18 06:30:00+00:00;0.097;;
966771;unknown;control;2023-07-18 06:45:00+00:00;0.101;;
966771;unknown;control;2023-07-18 07:00:00+00:00;0.391;;
966771;unknown;control;2023-07-18 07:15:00+00:00;0.12;;
966771;unknown;control;2023-07-18 07:30:00+00:00;0.129;;
966771;unknown;control;2023-07-18 07:45:00+00:00;0.138;;
966771;unknown;control;2023-07-18 08:00:00+00:00;0.133;;
966771;unknown;control;2023-07-18 08:15:00+00:00;0.104;;
966771;unknown;control;2023-07-18 08:30:00+00:00;0.094;;
966771;unknown;control;2023-07-18 08:45:00+00:00;0.094;;
966771;unknown;control;2023-07-18 09:00:00+00:00;0.097;;
966771;unknown;control;2023-07-18 09:15:00+00:00;0.239;;
966771;unknown;control;2023-07-18 09:30:00+00:00;0.102;;
966771;unknown;control;2023-07-18 09:45:00+00:00;0.113;;
966771;unknown;control;2023-07-18 10:00:00+00:00;0.094;;
966771;unknown;control;2023-07-18 10:15:00+00:00;0.116;;
966771;unknown;control;2023-07-18 10:30:00+00:00;0.103;;
966771;unknown;control;2023-07-18 10:45:00+00:00;0.092;;
966771;unknown;control;2023-07-18 11:00:00+00:00;0.099;;
966771;unknown;control;2023-07-18 11:15:00+00:00;0.094;;
966771;unknown;control;2023-07-18 11:30:00+00:00;0.087;;
966771;unknown;control;2023-07-18 11:45:00+00:00;0.278;;
966771;unknown;control;2023-07-18 12:00:00+00:00;0.74;;
966771;unknown;control;2023-07-18 12:15:00+00:00;0.381;;
966771;unknown;control;2023-07-18 12:30:00+00:00;0.223;;
966771;unknown;control;2023-07-18 12:45:00+00:00;0.111;;
966771;unknown;control;2023-07-18 13:00:00+00:00;0.099;;
966771;unknown;control;2023-07-18 13:15:00+00:00;0.107;;
966771;unknown;control;2023-07-18 13:30:00+00:00;0.606;;
966771;unknown;control;2023-07-18 13:45:00+00:00;0.681;;
966771;unknown;control;2023-07-18 14:00:00+00:00;0.383;;
966771;unknown;control;2023-07-18 14:15:00+00:00;0.494;;
966771;unknown;control;2023-07-18 14:30:00+00:00;0.3;;
966771;unknown;control;2023-07-18 14:45:00+00:00;0.301;;
966771;unknown;control;2023-07-18 15:00:00+00:00;0.092;;
966771;unknown;control;2023-07-18 15:15:00+00:00;0.099;;
966771;unknown;control;2023-07-18 15:30:00+00:00;0.113;;
966771;unknown;control;2023-07-18 15:45:00+00:00;0.213;;
966771;unknown;control;2023-07-18 16:00:00+00:00;0.228;;
966771;unknown;control;2023-07-18 16:15:00+00:00;0.102;;
966771;unknown;control;2023-07-18 16:30:00+00:00;0.094;;
966771;unknown;control;2023-07-18 16:45:00+00:00;0.104;;
966771;unknown;control;2023-07-18 17:00:00+00:00;0.103;;
966771;unknown;control;2023-07-18 17:15:00+00:00;0.121;;
966771;unknown;control;2023-07-18 17:30:00+00:00;0.136;;
966771;unknown;control;2023-07-18 17:45:00+00:00;0.161;;
966771;unknown;control;2023-07-18 18:00:00+00:00;0.132;;
966771;unknown;control;2023-07-18 18:15:00+00:00;0.138;;
966771;unknown;control;2023-07-18 18:30:00+00:00;0.139;;
966771;unknown;control;2023-07-18 18:45:00+00:00;0.13;;
966771;unknown;control;2023-07-18 19:00:00+00:00;0.148;;
966771;unknown;control;2023-07-18 19:15:00+00:00;0.116;;
966771;unknown;control;2023-07-18 19:30:00+00:00;0.108;;
966771;unknown;control;2023-07-18 19:45:00+00:00;0.118;;
966771;unknown;control;2023-07-18 20:00:00+00:00;0.101;;
966771;unknown;control;2023-07-18 20:15:00+00:00;0.094;;
966771;unknown;control;2023-07-18 20:30:00+00:00;0.099;;
966771;unknown;control;2023-07-18 20:45:00+00:00;0.092;;
966771;unknown;control;2023-07-18 21:00:00+00:00;0.093;;
966771;unknown;control;2023-07-18 21:15:00+00:00;0.102;;
966771;unknown;control;2023-07-18 21:30:00+00:00;0.096;;
966771;unknown;control;2023-07-18 21:45:00+00:00;0.095;;
966771;unknown;control;2023-07-18 22:00:00+00:00;0.1;;
966771;unknown;control;2023-07-18 22:15:00+00:00;0.092;;
966771;unknown;control;2023-07-18 22:30:00+00:00;0.096;;
966771;unknown;control;2023-07-18 22:45:00+00:00;0.1;;
966771;unknown;control;2023-07-18 23:00:00+00:00;0.099;;
966771;unknown;control;2023-07-18 23:15:00+00:00;0.093;;
966771;unknown;control;2023-07-18 23:30:00+00:00;1.365;;
966771;unknown;control;2023-07-18 23:45:00+00:00;1.303;;
966771;unknown;control;2023-07-19 00:00:00+00:00;1.326;;
966771;unknown;control;2023-07-19 00:15:00+00:00;1.013;;
966771;unknown;control;2023-07-19 00:30:00+00:00;0.093;;
966771;unknown;control;2023-07-19 00:45:00+00:00;0.095;;
966771;unknown;control;2023-07-19 01:00:00+00:00;0.092;;
966771;unknown;control;2023-07-19 01:15:00+00:00;0.093;;
966771;unknown;control;2023-07-19 01:30:00+00:00;0.101;;
966771;unknown;control;2023-07-19 01:45:00+00:00;0.095;;
966771;unknown;control;2023-07-19 02:00:00+00:00;0.095;;
966771;unknown;control;2023-07-19 02:15:00+00:00;0.098;;
966771;unknown;control;2023-07-19 02:30:00+00:00;0.091;;
966771;unknown;control;2023-07-19 02:45:00+00:00;0.107;;
966771;unknown;control;2023-07-19 03:00:00+00:00;0.102;;
966771;unknown;control;2023-07-19 03:15:00+00:00;0.093;;
966771;unknown;control;2023-07-19 03:30:00+00:00;0.104;;
966771;unknown;control;2023-07-19 03:45:00+00:00;0.102;;
966771;unknown;control;2023-07-19 04:00:00+00:00;0.086;;
966771;unknown;control;2023-07-19 04:15:00+00:00;0.094;;
966771;unknown;control;2023-07-19 04:30:00+00:00;0.104;;
966771;unknown;control;2023-07-19 04:45:00+00:00;0.09;;
966771;unknown;control;2023-07-19 05:00:00+00:00;0.105;;
966771;unknown;control;2023-07-19 05:15:00+00:00;0.111;;
966771;unknown;control;2023-07-19 05:30:00+00:00;0.092;;
966771;unknown;control;2023-07-19 05:45:00+00:00;0.1;;
966771;unknown;control;2023-07-19 06:00:00+00:00;0.094;;
966771;unknown;control;2023-07-19 06:15:00+00:00;0.09;;
966771;unknown;control;2023-07-19 06:30:00+00:00;0.111;;
966771;unknown;control;2023-07-19 06:45:00+00:00;0.092;;
966771;unknown;control;2023-07-19 07:00:00+00:00;0.099;;
966771;unknown;control;2023-07-19 07:15:00+00:00;0.102;;
966771;unknown;control;2023-07-19 07:30:00+00:00;0.091;;
966771;unknown;control;2023-07-19 07:45:00+00:00;0.096;;
966771;unknown;control;2023-07-19 08:00:00+00:00;0.102;;
966771;unknown;control;2023-07-19 08:15:00+00:00;0.095;;
966771;unknown;control;2023-07-19 08:30:00+00:00;0.103;;
966771;unknown;control;2023-07-19 08:45:00+00:00;0.103;;
966771;unknown;control;2023-07-19 09:00:00+00:00;0.095;;
966771;unknown;control;2023-07-19 09:15:00+00:00;0.316;;
966771;unknown;control;2023-07-19 09:30:00+00:00;0.134;;
966771;unknown;control;2023-07-19 09:45:00+00:00;0.096;;
966771;unknown;control;2023-07-19 10:00:00+00:00;0.105;;
966771;unknown;control;2023-07-19 10:15:00+00:00;0.104;;
966771;unknown;control;2023-07-19 10:30:00+00:00;0.095;;
966771;unknown;control;2023-07-19 10:45:00+00:00;0.106;;
966771;unknown;control;2023-07-19 11:00:00+00:00;0.095;;
966771;unknown;control;2023-07-19 11:15:00+00:00;0.1;;
966771;unknown;control;2023-07-19 11:30:00+00:00;0.104;;
966771;unknown;control;2023-07-19 11:45:00+00:00;0.1;;
966771;unknown;control;2023-07-19 12:00:00+00:00;0.098;;
966771;unknown;control;2023-07-19 12:15:00+00:00;0.102;;
966771;unknown;control;2023-07-19 12:30:00+00:00;0.093;;
966771;unknown;control;2023-07-19 12:45:00+00:00;0.095;;
966771;unknown;control;2023-07-19 13:00:00+00:00;0.105;;
966771;unknown;control;2023-07-19 13:15:00+00:00;0.098;;
966771;unknown;control;2023-07-19 13:30:00+00:00;0.1;;
966771;unknown;control;2023-07-19 13:45:00+00:00;0.106;;
966771;unknown;control;2023-07-19 14:00:00+00:00;0.093;;
966771;unknown;control;2023-07-19 14:15:00+00:00;0.095;;
966771;unknown;control;2023-07-19 14:30:00+00:00;0.101;;
966771;unknown;control;2023-07-19 14:45:00+00:00;0.125;;
966771;unknown;control;2023-07-19 15:00:00+00:00;0.134;;
966771;unknown;control;2023-07-19 15:15:00+00:00;0.321;;
966771;unknown;control;2023-07-19 15:30:00+00:00;0.127;;
966771;unknown;control;2023-07-19 15:45:00+00:00;0.134;;
966771;unknown;control;2023-07-19 16:00:00+00:00;0.137;;
966771;unknown;control;2023-07-19 16:15:00+00:00;0.127;;
966771;unknown;control;2023-07-19 16:30:00+00:00;0.136;;
966771;unknown;control;2023-07-19 16:45:00+00:00;0.137;;
966771;unknown;control;2023-07-19 17:00:00+00:00;0.125;;
966771;unknown;control;2023-07-19 17:15:00+00:00;0.129;;
966771;unknown;control;2023-07-19 17:30:00+00:00;0.133;;
966771;unknown;control;2023-07-19 17:45:00+00:00;0.125;;
966771;unknown;control;2023-07-19 18:00:00+00:00;0.142;;
966771;unknown;control;2023-07-19 18:15:00+00:00;0.135;;
966771;unknown;control;2023-07-19 18:30:00+00:00;0.126;;
966771;unknown;control;2023-07-19 18:45:00+00:00;0.131;;
966771;unknown;control;2023-07-19 19:00:00+00:00;0.13;;
966771;unknown;control;2023-07-19 19:15:00+00:00;0.093;;
966771;unknown;control;2023-07-19 19:30:00+00:00;0.098;;
966771;unknown;control;2023-07-19 19:45:00+00:00;0.096;;
966771;unknown;control;2023-07-19 20:00:00+00:00;0.088;;
966771;unknown;control;2023-07-19 20:15:00+00:00;0.102;;
966771;unknown;control;2023-07-19 20:30:00+00:00;0.105;;
966771;unknown;control;2023-07-19 20:45:00+00:00;0.088;;
966771;unknown;control;2023-07-19 21:00:00+00:00;0.096;;
966771;unknown;control;2023-07-19 21:15:00+00:00;0.096;;
966771;unknown;control;2023-07-19 21:30:00+00:00;0.085;;
966771;unknown;control;2023-07-19 21:45:00+00:00;0.095;;
966771;unknown;control;2023-07-19 22:00:00+00:00;0.095;;
966771;unknown;control;2023-07-19 22:15:00+00:00;0.093;;
966771;unknown;control;2023-07-19 22:30:00+00:00;0.112;;
966771;unknown;control;2023-07-19 22:45:00+00:00;0.093;;
966771;unknown;control;2023-07-19 23:00:00+00:00;0.093;;
966771;unknown;control;2023-07-19 23:15:00+00:00;0.095;;
966771;unknown;control;2023-07-19 23:30:00+00:00;1.362;;
966771;unknown;control;2023-07-19 23:45:00+00:00;1.309;;
966771;unknown;control;2023-07-20 00:00:00+00:00;1.317;;
966771;unknown;control;2023-07-20 00:15:00+00:00;0.953;;
966771;unknown;control;2023-07-20 00:30:00+00:00;0.096;;
966771;unknown;control;2023-07-20 00:45:00+00:00;0.094;;
966771;unknown;control;2023-07-20 01:00:00+00:00;0.09;;
966771;unknown;control;2023-07-20 01:15:00+00:00;0.096;;
966771;unknown;control;2023-07-20 01:30:00+00:00;0.098;;
966771;unknown;control;2023-07-20 01:45:00+00:00;0.091;;
966771;unknown;control;2023-07-20 02:00:00+00:00;0.101;;
966771;unknown;control;2023-07-20 02:15:00+00:00;0.098;;
966771;unknown;control;2023-07-20 02:30:00+00:00;0.101;;
966771;unknown;control;2023-07-20 02:45:00+00:00;0.097;;
966771;unknown;control;2023-07-20 03:00:00+00:00;0.092;;
966771;unknown;control;2023-07-20 03:15:00+00:00;0.091;;
966771;unknown;control;2023-07-20 03:30:00+00:00;0.108;;
966771;unknown;control;2023-07-20 03:45:00+00:00;0.093;;
966771;unknown;control;2023-07-20 04:00:00+00:00;0.107;;
966771;unknown;control;2023-07-20 04:15:00+00:00;0.56;;
966771;unknown;control;2023-07-20 04:30:00+00:00;0.401;;
966771;unknown;control;2023-07-20 04:45:00+00:00;0.146;;
966771;unknown;control;2023-07-20 05:00:00+00:00;0.131;;
966771;unknown;control;2023-07-20 05:15:00+00:00;0.142;;
966771;unknown;control;2023-07-20 05:30:00+00:00;0.108;;
966771;unknown;control;2023-07-20 05:45:00+00:00;0.096;;
966771;unknown;control;2023-07-20 06:00:00+00:00;0.083;;
966771;unknown;control;2023-07-20 06:15:00+00:00;0.091;;
966771;unknown;control;2023-07-20 06:30:00+00:00;0.094;;
966771;unknown;control;2023-07-20 06:45:00+00:00;0.09;;
966771;unknown;control;2023-07-20 07:00:00+00:00;0.105;;
966771;unknown;control;2023-07-20 07:15:00+00:00;0.1;;
966771;unknown;control;2023-07-20 07:30:00+00:00;0.093;;
966771;unknown;control;2023-07-20 07:45:00+00:00;0.099;;
966771;unknown;control;2023-07-20 08:00:00+00:00;0.094;;
966771;unknown;control;2023-07-20 08:15:00+00:00;0.097;;
966771;unknown;control;2023-07-20 08:30:00+00:00;0.106;;
966771;unknown;control;2023-07-20 08:45:00+00:00;0.37;;
966771;unknown;control;2023-07-20 09:00:00+00:00;0.126;;
966771;unknown;control;2023-07-20 09:15:00+00:00;0.155;;
966771;unknown;control;2023-07-20 09:30:00+00:00;0.148;;
966771;unknown;control;2023-07-20 09:45:00+00:00;0.155;;
966771;unknown;control;2023-07-20 10:00:00+00:00;0.105;;
966771;unknown;control;2023-07-20 10:15:00+00:00;0.096;;
966771;unknown;control;2023-07-20 10:30:00+00:00;0.097;;
966771;unknown;control;2023-07-20 10:45:00+00:00;0.112;;
966771;unknown;control;2023-07-20 11:00:00+00:00;0.095;;
966771;unknown;control;2023-07-20 11:15:00+00:00;0.098;;
966771;unknown;control;2023-07-20 11:30:00+00:00;0.1;;
966771;unknown;control;2023-07-20 11:45:00+00:00;0.094;;
966771;unknown;control;2023-07-20 12:00:00+00:00;0.102;;
966771;unknown;control;2023-07-20 12:15:00+00:00;0.103;;
966771;unknown;control;2023-07-20 12:30:00+00:00;0.093;;
966771;unknown;control;2023-07-20 12:45:00+00:00;0.264;;
966771;unknown;control;2023-07-20 13:00:00+00:00;0.116;;
966771;unknown;control;2023-07-20 13:15:00+00:00;0.108;;
966771;unknown;control;2023-07-20 13:30:00+00:00;0.133;;
966771;unknown;control;2023-07-20 13:45:00+00:00;0.216;;
966771;unknown;control;2023-07-20 14:00:00+00:00;0.236;;
966771;unknown;control;2023-07-20 14:15:00+00:00;0.277;;
966771;unknown;control;2023-07-20 14:30:00+00:00;0.286;;
966771;unknown;control;2023-07-20 14:45:00+00:00;0.286;;
966771;unknown;control;2023-07-20 15:00:00+00:00;0.286;;
966771;unknown;control;2023-07-20 15:15:00+00:00;0.279;;
966771;unknown;control;2023-07-20 15:30:00+00:00;0.296;;
966771;unknown;control;2023-07-20 15:45:00+00:00;0.274;;
966771;unknown;control;2023-07-20 16:00:00+00:00;0.112;;
966771;unknown;control;2023-07-20 16:15:00+00:00;0.102;;
966771;unknown;control;2023-07-20 16:30:00+00:00;0.112;;
966771;unknown;control;2023-07-20 16:45:00+00:00;0.122;;
966771;unknown;control;2023-07-20 17:00:00+00:00;0.126;;
966771;unknown;control;2023-07-20 17:15:00+00:00;0.126;;
966771;unknown;control;2023-07-20 17:30:00+00:00;0.119;;
966771;unknown;control;2023-07-20 17:45:00+00:00;0.131;;
966771;unknown;control;2023-07-20 18:00:00+00:00;0.13;;
966771;unknown;control;2023-07-20 18:15:00+00:00;0.121;;
966771;unknown;control;2023-07-20 18:30:00+00:00;0.124;;
966771;unknown;control;2023-07-20 18:45:00+00:00;0.129;;
966771;unknown;control;2023-07-20 19:00:00+00:00;0.118;;
966771;unknown;control;2023-07-20 19:15:00+00:00;0.141;;
966771;unknown;control;2023-07-20 19:30:00+00:00;0.132;;
966771;unknown;control;2023-07-20 19:45:00+00:00;0.124;;
966771;unknown;control;2023-07-20 20:00:00+00:00;0.115;;
966771;unknown;control;2023-07-20 20:15:00+00:00;0.091;;
966771;unknown;control;2023-07-20 20:30:00+00:00;0.087;;
966771;unknown;control;2023-07-20 20:45:00+00:00;0.095;;
966771;unknown;control;2023-07-20 21:00:00+00:00;0.099;;
966771;unknown;control;2023-07-20 21:15:00+00:00;0.089;;
966771;unknown;control;2023-07-20 21:30:00+00:00;0.092;;
966771;unknown;control;2023-07-20 21:45:00+00:00;0.092;;
966771;unknown;control;2023-07-20 22:00:00+00:00;0.095;;
966771;unknown;control;2023-07-20 22:15:00+00:00;0.094;;
966771;unknown;control;2023-07-20 22:30:00+00:00;0.156;;
966771;unknown;control;2023-07-20 22:45:00+00:00;0.118;;
966771;unknown;control;2023-07-20 23:00:00+00:00;0.107;;
966771;unknown;control;2023-07-20 23:15:00+00:00;0.105;;
966771;unknown;control;2023-07-20 23:30:00+00:00;1.372;;
966771;unknown;control;2023-07-20 23:45:00+00:00;1.317;;
966771;unknown;control;2023-07-21 00:00:00+00:00;1.316;;
966771;unknown;control;2023-07-21 00:15:00+00:00;0.561;;
966771;unknown;control;2023-07-21 00:30:00+00:00;0.093;;
966771;unknown;control;2023-07-21 00:45:00+00:00;0.09;;
966771;unknown;control;2023-07-21 01:00:00+00:00;0.098;;
966771;unknown;control;2023-07-21 01:15:00+00:00;0.09;;
966771;unknown;control;2023-07-21 01:30:00+00:00;0.09;;
966771;unknown;control;2023-07-21 01:45:00+00:00;0.098;;
966771;unknown;control;2023-07-21 02:00:00+00:00;0.09;;
966771;unknown;control;2023-07-21 02:15:00+00:00;0.088;;
966771;unknown;control;2023-07-21 02:30:00+00:00;0.099;;
966771;unknown;control;2023-07-21 02:45:00+00:00;0.093;;
966771;unknown;control;2023-07-21 03:00:00+00:00;0.087;;
966771;unknown;control;2023-07-21 03:15:00+00:00;0.099;;
966771;unknown;control;2023-07-21 03:30:00+00:00;0.092;;
966771;unknown;control;2023-07-21 03:45:00+00:00;0.09;;
966771;unknown;control;2023-07-21 04:00:00+00:00;0.111;;
966771;unknown;control;2023-07-21 04:15:00+00:00;0.089;;
966771;unknown;control;2023-07-21 04:30:00+00:00;0.108;;
966771;unknown;control;2023-07-21 04:45:00+00:00;0.094;;
966771;unknown;control;2023-07-21 05:00:00+00:00;0.091;;
966771;unknown;control;2023-07-21 05:15:00+00:00;0.101;;
966771;unknown;control;2023-07-21 05:30:00+00:00;0.105;;
966771;unknown;control;2023-07-21 05:45:00+00:00;0.109;;
966771;unknown;control;2023-07-21 06:00:00+00:00;0.197;;
966771;unknown;control;2023-07-21 06:15:00+00:00;0.573;;
966771;unknown;control;2023-07-21 06:30:00+00:00;0.186;;
966771;unknown;control;2023-07-21 06:45:00+00:00;0.49;;
966771;unknown;control;2023-07-21 07:00:00+00:00;0.105;;
966771;unknown;control;2023-07-21 07:15:00+00:00;0.099;;
966771;unknown;control;2023-07-21 07:30:00+00:00;0.105;;
966771;unknown;control;2023-07-21 07:45:00+00:00;0.1;;
966771;unknown;control;2023-07-21 08:00:00+00:00;0.102;;
966771;unknown;control;2023-07-21 08:15:00+00:00;0.264;;
966771;unknown;control;2023-07-21 08:30:00+00:00;0.687;;
966771;unknown;control;2023-07-21 08:45:00+00:00;0.136;;
966771;unknown;control;2023-07-21 09:00:00+00:00;0.304;;
966771;unknown;control;2023-07-21 09:15:00+00:00;0.302;;
966771;unknown;control;2023-07-21 09:30:00+00:00;0.126;;
966771;unknown;control;2023-07-21 09:45:00+00:00;0.107;;
966771;unknown;control;2023-07-21 10:00:00+00:00;0.11;;
966771;unknown;control;2023-07-21 10:15:00+00:00;0.103;;
966771;unknown;control;2023-07-21 10:30:00+00:00;0.109;;
966771;unknown;control;2023-07-21 10:45:00+00:00;0.102;;
966771;unknown;control;2023-07-21 11:00:00+00:00;0.169;;
966771;unknown;control;2023-07-21 11:15:00+00:00;0.24;;
966771;unknown;control;2023-07-21 11:30:00+00:00;0.265;;
966771;unknown;control;2023-07-21 11:45:00+00:00;0.272;;
966771;unknown;control;2023-07-21 12:00:00+00:00;0.227;;
966771;unknown;control;2023-07-21 12:15:00+00:00;0.102;;
966771;unknown;control;2023-07-21 12:30:00+00:00;0.266;;
966771;unknown;control;2023-07-21 12:45:00+00:00;0.279;;
966771;unknown;control;2023-07-21 13:00:00+00:00;0.293;;
966771;unknown;control;2023-07-21 13:15:00+00:00;0.164;;
966771;unknown;control;2023-07-21 13:30:00+00:00;0.082;;
966771;unknown;control;2023-07-21 13:45:00+00:00;0.109;;
966771;unknown;control;2023-07-21 14:00:00+00:00;0.122;;
966771;unknown;control;2023-07-21 14:15:00+00:00;0.114;;
966771;unknown;control;2023-07-21 14:30:00+00:00;0.127;;
966771;unknown;control;2023-07-21 14:45:00+00:00;0.121;;
966771;unknown;control;2023-07-21 15:00:00+00:00;0.112;;
966771;unknown;control;2023-07-21 15:15:00+00:00;0.126;;
966771;unknown;control;2023-07-21 15:30:00+00:00;0.127;;
966771;unknown;control;2023-07-21 15:45:00+00:00;0.091;;
966771;unknown;control;2023-07-21 16:00:00+00:00;0.095;;
966771;unknown;control;2023-07-21 16:15:00+00:00;0.088;;
966771;unknown;control;2023-07-21 16:30:00+00:00;0.089;;
966771;unknown;control;2023-07-21 16:45:00+00:00;0.091;;
966771;unknown;control;2023-07-21 17:00:00+00:00;0.117;;
966771;unknown;control;2023-07-21 17:15:00+00:00;0.095;;
966771;unknown;control;2023-07-21 17:30:00+00:00;0.099;;
966771;unknown;control;2023-07-21 17:45:00+00:00;0.084;;
966771;unknown;control;2023-07-21 18:00:00+00:00;0.108;;
966771;unknown;control;2023-07-21 18:15:00+00:00;0.12;;
966771;unknown;control;2023-07-21 18:30:00+00:00;0.089;;
966771;unknown;control;2023-07-21 18:45:00+00:00;0.091;;
966771;unknown;control;2023-07-21 19:00:00+00:00;0.094;;
966771;unknown;control;2023-07-21 19:15:00+00:00;0.087;;
966771;unknown;control;2023-07-21 19:30:00+00:00;0.106;;
966771;unknown;control;2023-07-21 19:45:00+00:00;0.087;;
966771;unknown;control;2023-07-21 20:00:00+00:00;0.086;;
966771;unknown;control;2023-07-21 20:15:00+00:00;0.095;;
966771;unknown;control;2023-07-21 20:30:00+00:00;0.089;;
966771;unknown;control;2023-07-21 20:45:00+00:00;0.082;;
966771;unknown;control;2023-07-21 21:00:00+00:00;0.094;;
966771;unknown;control;2023-07-21 21:15:00+00:00;0.101;;
966771;unknown;control;2023-07-21 21:30:00+00:00;0.089;;
966771;unknown;control;2023-07-21 21:45:00+00:00;0.1;;
966771;unknown;control;2023-07-21 22:00:00+00:00;0.085;;
966771;unknown;control;2023-07-21 22:15:00+00:00;0.085;;
966771;unknown;control;2023-07-21 22:30:00+00:00;0.089;;
966771;unknown;control;2023-07-21 22:45:00+00:00;0.08;;
966771;unknown;control;2023-07-21 23:00:00+00:00;0.086;;
966771;unknown;control;2023-07-21 23:15:00+00:00;0.088;;
966771;unknown;control;2023-07-21 23:30:00+00:00;1.35;;
966771;unknown;control;2023-07-21 23:45:00+00:00;1.322;;
966771;unknown;control;2023-07-22 00:00:00+00:00;1.326;;
966771;unknown;control;2023-07-22 00:15:00+00:00;1.337;;
966771;unknown;control;2023-07-22 00:30:00+00:00;0.573;;
966771;unknown;control;2023-07-22 00:45:00+00:00;0.087;;
966771;unknown;control;2023-07-22 01:00:00+00:00;0.088;;
966771;unknown;control;2023-07-22 01:15:00+00:00;0.096;;
966771;unknown;control;2023-07-22 01:30:00+00:00;0.087;;
966771;unknown;control;2023-07-22 01:45:00+00:00;0.086;;
966771;unknown;control;2023-07-22 02:00:00+00:00;0.097;;
966771;unknown;control;2023-07-22 02:15:00+00:00;0.087;;
966771;unknown;control;2023-07-22 02:30:00+00:00;0.087;;
966771;unknown;control;2023-07-22 02:45:00+00:00;0.091;;
966771;unknown;control;2023-07-22 03:00:00+00:00;0.084;;
966771;unknown;control;2023-07-22 03:15:00+00:00;0.092;;
966771;unknown;control;2023-07-22 03:30:00+00:00;0.089;;
966771;unknown;control;2023-07-22 03:45:00+00:00;0.086;;
966771;unknown;control;2023-07-22 04:00:00+00:00;0.099;;
966771;unknown;control;2023-07-22 04:15:00+00:00;0.092;;
966771;unknown;control;2023-07-22 04:30:00+00:00;0.096;;
966771;unknown;control;2023-07-22 04:45:00+00:00;0.089;;
966771;unknown;control;2023-07-22 05:00:00+00:00;0.094;;
966771;unknown;control;2023-07-22 05:15:00+00:00;0.087;;
966771;unknown;control;2023-07-22 05:30:00+00:00;0.097;;
966771;unknown;control;2023-07-22 05:45:00+00:00;0.118;;
966771;unknown;control;2023-07-22 06:00:00+00:00;0.092;;
966771;unknown;control;2023-07-22 06:15:00+00:00;0.118;;
966771;unknown;control;2023-07-22 06:30:00+00:00;0.092;;
966771;unknown;control;2023-07-22 06:45:00+00:00;0.095;;
966771;unknown;control;2023-07-22 07:00:00+00:00;0.112;;
966771;unknown;control;2023-07-22 07:15:00+00:00;0.089;;
966771;unknown;control;2023-07-22 07:30:00+00:00;0.097;;
966771;unknown;control;2023-07-22 07:45:00+00:00;0.092;;
966771;unknown;control;2023-07-22 08:00:00+00:00;0.084;;
966771;unknown;control;2023-07-22 08:15:00+00:00;0.088;;
966771;unknown;control;2023-07-22 08:30:00+00:00;0.088;;
966771;unknown;control;2023-07-22 08:45:00+00:00;0.085;;
966771;unknown;control;2023-07-22 09:00:00+00:00;0.095;;
966771;unknown;control;2023-07-22 09:15:00+00:00;0.085;;
966771;unknown;control;2023-07-22 09:30:00+00:00;0.083;;
966771;unknown;control;2023-07-22 09:45:00+00:00;0.095;;
966771;unknown;control;2023-07-22 10:00:00+00:00;0.115;;
966771;unknown;control;2023-07-22 10:15:00+00:00;0.11;;
966771;unknown;control;2023-07-22 10:30:00+00:00;0.102;;
966771;unknown;control;2023-07-22 10:45:00+00:00;0.094;;
966771;unknown;control;2023-07-22 11:00:00+00:00;0.091;;
966771;unknown;control;2023-07-22 11:15:00+00:00;0.1;;
966771;unknown;control;2023-07-22 11:30:00+00:00;0.088;;
966771;unknown;control;2023-07-22 11:45:00+00:00;0.097;;
966771;unknown;control;2023-07-22 12:00:00+00:00;0.098;;
966771;unknown;control;2023-07-22 12:15:00+00:00;0.084;;
966771;unknown;control;2023-07-22 12:30:00+00:00;0.091;;
966771;unknown;control;2023-07-22 12:45:00+00:00;0.094;;
966771;unknown;control;2023-07-22 13:00:00+00:00;0.085;;
966771;unknown;control;2023-07-22 13:15:00+00:00;0.092;;
966771;unknown;control;2023-07-22 13:30:00+00:00;0.087;;
966771;unknown;control;2023-07-22 13:45:00+00:00;0.087;;
966771;unknown;control;2023-07-22 14:00:00+00:00;0.094;;
966771;unknown;control;2023-07-22 14:15:00+00:00;0.086;;
966771;unknown;control;2023-07-22 14:30:00+00:00;0.081;;
966771;unknown;control;2023-07-22 14:45:00+00:00;0.094;;
966771;unknown;control;2023-07-22 15:00:00+00:00;0.275;;
966771;unknown;control;2023-07-22 15:15:00+00:00;0.208;;
966771;unknown;control;2023-07-22 15:30:00+00:00;0.124;;
966771;unknown;control;2023-07-22 15:45:00+00:00;0.113;;
966771;unknown;control;2023-07-22 16:00:00+00:00;0.124;;
966771;unknown;control;2023-07-22 16:15:00+00:00;0.092;;
966771;unknown;control;2023-07-22 16:30:00+00:00;0.104;;
966771;unknown;control;2023-07-22 16:45:00+00:00;0.111;;
966771;unknown;control;2023-07-22 17:00:00+00:00;0.111;;
966771;unknown;control;2023-07-22 17:15:00+00:00;0.1;;
966771;unknown;control;2023-07-22 17:30:00+00:00;0.109;;
966771;unknown;control;2023-07-22 17:45:00+00:00;0.102;;
966771;unknown;control;2023-07-22 18:00:00+00:00;0.115;;
966771;unknown;control;2023-07-22 18:15:00+00:00;0.11;;
966771;unknown;control;2023-07-22 18:30:00+00:00;0.094;;
966771;unknown;control;2023-07-22 18:45:00+00:00;0.085;;
966771;unknown;control;2023-07-22 19:00:00+00:00;0.093;;
966771;unknown;control;2023-07-22 19:15:00+00:00;0.102;;
966771;unknown;control;2023-07-22 19:30:00+00:00;0.086;;
966771;unknown;control;2023-07-22 19:45:00+00:00;0.094;;
966771;unknown;control;2023-07-22 20:00:00+00:00;0.088;;
966771;unknown;control;2023-07-22 20:15:00+00:00;0.084;;
966771;unknown;control;2023-07-22 20:30:00+00:00;0.105;;
966771;unknown;control;2023-07-22 20:45:00+00:00;0.102;;
966771;unknown;control;2023-07-22 21:00:00+00:00;0.145;;
966771;unknown;control;2023-07-22 21:15:00+00:00;0.144;;
966771;unknown;control;2023-07-22 21:30:00+00:00;0.135;;
966771;unknown;control;2023-07-22 21:45:00+00:00;0.095;;
966771;unknown;control;2023-07-22 22:00:00+00:00;0.093;;
966771;unknown;control;2023-07-22 22:15:00+00:00;0.083;;
966771;unknown;control;2023-07-22 22:30:00+00:00;0.095;;
966771;unknown;control;2023-07-22 22:45:00+00:00;0.104;;
966771;unknown;control;2023-07-22 23:00:00+00:00;0.086;;
966771;unknown;control;2023-07-22 23:15:00+00:00;0.091;;
966771;unknown;control;2023-07-22 23:30:00+00:00;1.357;;
966771;unknown;control;2023-07-22 23:45:00+00:00;1.297;;
966771;unknown;control;2023-07-23 00:00:00+00:00;1.318;;
966771;unknown;control;2023-07-23 00:15:00+00:00;1.326;;
966771;unknown;control;2023-07-23 00:30:00+00:00;1.339;;
966771;unknown;control;2023-07-23 00:45:00+00:00;0.36;;
966771;unknown;control;2023-07-23 01:00:00+00:00;0.091;;
966771;unknown;control;2023-07-23 01:15:00+00:00;0.088;;
966771;unknown;control;2023-07-23 01:30:00+00:00;0.096;;
966771;unknown;control;2023-07-23 01:45:00+00:00;0.091;;
966771;unknown;control;2023-07-23 02:00:00+00:00;0.092;;
966771;unknown;control;2023-07-23 02:15:00+00:00;0.092;;
966771;unknown;control;2023-07-23 02:30:00+00:00;0.088;;
966771;unknown;control;2023-07-23 02:45:00+00:00;0.095;;
966771;unknown;control;2023-07-23 03:00:00+00:00;0.093;;
966771;unknown;control;2023-07-23 03:15:00+00:00;0.083;;
966771;unknown;control;2023-07-23 03:30:00+00:00;0.095;;
966771;unknown;control;2023-07-23 03:45:00+00:00;0.095;;
966771;unknown;control;2023-07-23 04:00:00+00:00;0.095;;
966771;unknown;control;2023-07-23 04:15:00+00:00;0.1;;
966771;unknown;control;2023-07-23 04:30:00+00:00;0.098;;
966771;unknown;control;2023-07-23 04:45:00+00:00;0.091;;
966771;unknown;control;2023-07-23 05:00:00+00:00;0.106;;
966771;unknown;control;2023-07-23 05:15:00+00:00;0.09;;
966771;unknown;control;2023-07-23 05:30:00+00:00;0.091;;
966771;unknown;control;2023-07-23 05:45:00+00:00;0.105;;
966771;unknown;control;2023-07-23 06:00:00+00:00;0.084;;
966771;unknown;control;2023-07-23 06:15:00+00:00;0.091;;
966771;unknown;control;2023-07-23 06:30:00+00:00;0.099;;
966771;unknown;control;2023-07-23 06:45:00+00:00;0.266;;
966771;unknown;control;2023-07-23 07:00:00+00:00;0.471;;
966771;unknown;control;2023-07-23 07:15:00+00:00;0.113;;
966771;unknown;control;2023-07-23 07:30:00+00:00;0.331;;
966771;unknown;control;2023-07-23 07:45:00+00:00;0.11;;
966771;unknown;control;2023-07-23 08:00:00+00:00;0.092;;
966771;unknown;control;2023-07-23 08:15:00+00:00;0.083;;
966771;unknown;control;2023-07-23 08:30:00+00:00;0.091;;
966771;unknown;control;2023-07-23 08:45:00+00:00;0.09;;
966771;unknown;control;2023-07-23 09:00:00+00:00;0.083;;
966771;unknown;control;2023-07-23 09:15:00+00:00;0.092;;
966771;unknown;control;2023-07-23 09:30:00+00:00;0.083;;
966771;unknown;control;2023-07-23 09:45:00+00:00;0.084;;
966771;unknown;control;2023-07-23 10:00:00+00:00;0.092;;
966771;unknown;control;2023-07-23 10:15:00+00:00;0.086;;
966771;unknown;control;2023-07-23 10:30:00+00:00;0.082;;
966771;unknown;control;2023-07-23 10:45:00+00:00;0.092;;
966771;unknown;control;2023-07-23 11:00:00+00:00;0.085;;
966771;unknown;control;2023-07-23 11:15:00+00:00;0.087;;
966771;unknown;control;2023-07-23 11:30:00+00:00;0.087;;
966771;unknown;control;2023-07-23 11:45:00+00:00;0.083;;
966771;unknown;control;2023-07-23 12:00:00+00:00;0.09;;
966771;unknown;control;2023-07-23 12:15:00+00:00;0.09;;
966771;unknown;control;2023-07-23 12:30:00+00:00;0.079;;
966771;unknown;control;2023-07-23 12:45:00+00:00;0.091;;
966771;unknown;control;2023-07-23 13:00:00+00:00;0.091;;
966771;unknown;control;2023-07-23 13:15:00+00:00;0.078;;
966771;unknown;control;2023-07-23 13:30:00+00:00;0.091;;
966771;unknown;control;2023-07-23 13:45:00+00:00;0.089;;
966771;unknown;control;2023-07-23 14:00:00+00:00;0.081;;
966771;unknown;control;2023-07-23 14:15:00+00:00;0.088;;
966771;unknown;control;2023-07-23 14:30:00+00:00;0.088;;
966771;unknown;control;2023-07-23 14:45:00+00:00;0.085;;
966771;unknown;control;2023-07-23 15:00:00+00:00;0.087;;
966771;unknown;control;2023-07-23 15:15:00+00:00;0.085;;
966771;unknown;control;2023-07-23 15:30:00+00:00;0.087;;
966771;unknown;control;2023-07-23 15:45:00+00:00;0.09;;
966771;unknown;control;2023-07-23 16:00:00+00:00;0.081;;
966771;unknown;control;2023-07-23 16:15:00+00:00;0.088;;
966771;unknown;control;2023-07-23 16:30:00+00:00;0.092;;
966771;unknown;control;2023-07-23 16:45:00+00:00;0.079;;
966771;unknown;control;2023-07-23 17:00:00+00:00;0.088;;
966771;unknown;control;2023-07-23 17:15:00+00:00;0.093;;
966771;unknown;control;2023-07-23 17:30:00+00:00;0.081;;
966771;unknown;control;2023-07-23 17:45:00+00:00;0.085;;
966771;unknown;control;2023-07-23 18:00:00+00:00;0.091;;
966771;unknown;control;2023-07-23 18:15:00+00:00;0.082;;
966771;unknown;control;2023-07-23 18:30:00+00:00;0.087;;
966771;unknown;control;2023-07-23 18:45:00+00:00;0.086;;
966771;unknown;control;2023-07-23 19:00:00+00:00;0.084;;
966771;unknown;control;2023-07-23 19:15:00+00:00;0.089;;
966771;unknown;control;2023-07-23 19:30:00+00:00;0.085;;
966771;unknown;control;2023-07-23 19:45:00+00:00;0.085;;
966771;unknown;control;2023-07-23 20:00:00+00:00;0.09;;
966771;unknown;control;2023-07-23 20:15:00+00:00;0.082;;
966771;unknown;control;2023-07-23 20:30:00+00:00;0.087;;
966771;unknown;control;2023-07-23 20:45:00+00:00;0.092;;
966771;unknown;control;2023-07-23 21:00:00+00:00;0.083;;
966771;unknown;control;2023-07-23 21:15:00+00:00;0.084;;
966771;unknown;control;2023-07-23 21:30:00+00:00;0.092;;
966771;unknown;control;2023-07-23 21:45:00+00:00;0.083;;
966771;unknown;control;2023-07-23 22:00:00+00:00;0.083;;
966771;unknown;control;2023-07-23 22:15:00+00:00;0.092;;
966771;unknown;control;2023-07-23 22:30:00+00:00;0.083;;
966771;unknown;control;2023-07-23 22:45:00+00:00;0.084;;
966771;unknown;control;2023-07-23 23:00:00+00:00;0.091;;
966771;unknown;control;2023-07-23 23:15:00+00:00;0.083;;
966771;unknown;control;2023-07-23 23:30:00+00:00;1.357;;
966771;unknown;control;2023-07-23 23:45:00+00:00;1.301;;
966771;unknown;control;2023-07-24 00:00:00+00:00;1.295;;
966771;unknown;control;2023-07-24 00:15:00+00:00;1.176;;
966771;unknown;control;2023-07-24 00:30:00+00:00;0.084;;
966771;unknown;control;2023-07-24 00:45:00+00:00;0.08;;
966771;unknown;control;2023-07-24 01:00:00+00:00;0.087;;
966771;unknown;control;2023-07-24 01:15:00+00:00;0.089;;
966771;unknown;control;2023-07-24 01:30:00+00:00;0.088;;
966771;unknown;control;2023-07-24 01:45:00+00:00;0.093;;
966771;unknown;control;2023-07-24 02:00:00+00:00;0.088;;
966771;unknown;control;2023-07-24 02:15:00+00:00;0.089;;
966771;unknown;control;2023-07-24 02:30:00+00:00;0.091;;
966771;unknown;control;2023-07-24 02:45:00+00:00;0.134;;
966771;unknown;control;2023-07-24 03:00:00+00:00;0.12;;
966771;unknown;control;2023-07-24 03:15:00+00:00;0.097;;
966771;unknown;control;2023-07-24 03:30:00+00:00;0.103;;
966771;unknown;control;2023-07-24 03:45:00+00:00;0.097;;
966771;unknown;control;2023-07-24 04:00:00+00:00;0.091;;
966771;unknown;control;2023-07-24 04:15:00+00:00;0.084;;
966771;unknown;control;2023-07-24 04:30:00+00:00;0.093;;
966771;unknown;control;2023-07-24 04:45:00+00:00;0.088;;
966771;unknown;control;2023-07-24 05:00:00+00:00;0.083;;
966771;unknown;control;2023-07-24 05:15:00+00:00;0.089;;
966771;unknown;control;2023-07-24 05:30:00+00:00;0.091;;
966771;unknown;control;2023-07-24 05:45:00+00:00;0.08;;
966771;unknown;control;2023-07-24 06:00:00+00:00;0.09;;
966771;unknown;control;2023-07-24 06:15:00+00:00;0.092;;
966771;unknown;control;2023-07-24 06:30:00+00:00;0.079;;
966771;unknown;control;2023-07-24 06:45:00+00:00;0.089;;
966771;unknown;control;2023-07-24 07:00:00+00:00;0.092;;
966771;unknown;control;2023-07-24 07:15:00+00:00;0.08;;
966771;unknown;control;2023-07-24 07:30:00+00:00;0.087;;
966771;unknown;control;2023-07-24 07:45:00+00:00;0.091;;
966771;unknown;control;2023-07-24 08:00:00+00:00;0.082;;
966771;unknown;control;2023-07-24 08:15:00+00:00;0.087;;
966771;unknown;control;2023-07-24 08:30:00+00:00;0.089;;
966771;unknown;control;2023-07-24 08:45:00+00:00;0.084;;
966771;unknown;control;2023-07-24 09:00:00+00:00;0.09;;
966771;unknown;control;2023-07-24 09:15:00+00:00;0.084;;
966771;unknown;control;2023-07-24 09:30:00+00:00;0.086;;
966771;unknown;control;2023-07-24 09:45:00+00:00;0.092;;
966771;unknown;control;2023-07-24 10:00:00+00:00;0.081;;
966771;unknown;control;2023-07-24 10:15:00+00:00;0.085;;
966771;unknown;control;2023-07-24 10:30:00+00:00;0.093;;
966771;unknown;control;2023-07-24 10:45:00+00:00;0.081;;
966771;unknown;control;2023-07-24 11:00:00+00:00;0.085;;
966771;unknown;control;2023-07-24 11:15:00+00:00;0.092;;
966771;unknown;control;2023-07-24 11:30:00+00:00;0.082;;
966771;unknown;control;2023-07-24 11:45:00+00:00;0.085;;
966771;unknown;control;2023-07-24 12:00:00+00:00;0.093;;
966771;unknown;control;2023-07-24 12:15:00+00:00;0.081;;
966771;unknown;control;2023-07-24 12:30:00+00:00;0.086;;
966771;unknown;control;2023-07-24 12:45:00+00:00;0.09;;
966771;unknown;control;2023-07-24 13:00:00+00:00;0.082;;
966771;unknown;control;2023-07-24 13:15:00+00:00;0.089;;
966771;unknown;control;2023-07-24 13:30:00+00:00;0.086;;
966771;unknown;control;2023-07-24 13:45:00+00:00;0.084;;
966771;unknown;control;2023-07-24 14:00:00+00:00;0.091;;
966771;unknown;control;2023-07-24 14:15:00+00:00;0.082;;
966771;unknown;control;2023-07-24 14:30:00+00:00;0.086;;
966771;unknown;control;2023-07-24 14:45:00+00:00;0.092;;
966771;unknown;control;2023-07-24 15:00:00+00:00;0.08;;
966771;unknown;control;2023-07-24 15:15:00+00:00;0.085;;
966771;unknown;control;2023-07-24 15:30:00+00:00;0.093;;
966771;unknown;control;2023-07-24 15:45:00+00:00;0.081;;
966771;unknown;control;2023-07-24 16:00:00+00:00;0.084;;
966771;unknown;control;2023-07-24 16:15:00+00:00;0.092;;
966771;unknown;control;2023-07-24 16:30:00+00:00;0.081;;
966771;unknown;control;2023-07-24 16:45:00+00:00;0.085;;
966771;unknown;control;2023-07-24 17:00:00+00:00;0.091;;
966771;unknown;control;2023-07-24 17:15:00+00:00;0.082;;
966771;unknown;control;2023-07-24 17:30:00+00:00;0.087;;
966771;unknown;control;2023-07-24 17:45:00+00:00;0.087;;
966771;unknown;control;2023-07-24 18:00:00+00:00;0.084;;
966771;unknown;control;2023-07-24 18:15:00+00:00;0.089;;
966771;unknown;control;2023-07-24 18:30:00+00:00;0.084;;
966771;unknown;control;2023-07-24 18:45:00+00:00;0.085;;
966771;unknown;control;2023-07-24 19:00:00+00:00;0.092;;
966771;unknown;control;2023-07-24 19:15:00+00:00;0.081;;
966771;unknown;control;2023-07-24 19:30:00+00:00;0.086;;
966771;unknown;control;2023-07-24 19:45:00+00:00;0.092;;
966771;unknown;control;2023-07-24 20:00:00+00:00;0.081;;
966771;unknown;control;2023-07-24 20:15:00+00:00;0.085;;
966771;unknown;control;2023-07-24 20:30:00+00:00;0.092;;
966771;unknown;control;2023-07-24 20:45:00+00:00;0.083;;
966771;unknown;control;2023-07-24 21:00:00+00:00;0.084;;
966771;unknown;control;2023-07-24 21:15:00+00:00;0.093;;
966771;unknown;control;2023-07-24 21:30:00+00:00;0.083;;
966771;unknown;control;2023-07-24 21:45:00+00:00;0.086;;
966771;unknown;control;2023-07-24 22:00:00+00:00;0.089;;
966771;unknown;control;2023-07-24 22:15:00+00:00;0.083;;
966771;unknown;control;2023-07-24 22:30:00+00:00;0.088;;
966771;unknown;control;2023-07-24 22:45:00+00:00;0.085;;
966771;unknown;control;2023-07-24 23:00:00+00:00;0.084;;
966771;unknown;control;2023-07-24 23:15:00+00:00;0.09;;
966771;unknown;control;2023-07-24 23:30:00+00:00;1.344;;
966771;unknown;control;2023-07-24 23:45:00+00:00;1.303;;
966771;unknown;control;2023-07-25 00:00:00+00:00;0.651;;
966771;unknown;control;2023-07-25 00:15:00+00:00;0.093;;
966771;unknown;control;2023-07-25 00:30:00+00:00;0.09;;
966771;unknown;control;2023-07-25 00:45:00+00:00;0.089;;
966771;unknown;control;2023-07-25 01:00:00+00:00;0.081;;
966771;unknown;control;2023-07-25 01:15:00+00:00;0.083;;
966771;unknown;control;2023-07-25 01:30:00+00:00;0.088;;
966771;unknown;control;2023-07-25 01:45:00+00:00;0.079;;
966771;unknown;control;2023-07-25 02:00:00+00:00;0.088;;
966771;unknown;control;2023-07-25 02:15:00+00:00;0.094;;
966771;unknown;control;2023-07-25 02:30:00+00:00;0.084;;
966771;unknown;control;2023-07-25 02:45:00+00:00;0.088;;
966771;unknown;control;2023-07-25 03:00:00+00:00;0.085;;
966771;unknown;control;2023-07-25 03:15:00+00:00;0.082;;
966771;unknown;control;2023-07-25 03:30:00+00:00;0.092;;
966771;unknown;control;2023-07-25 03:45:00+00:00;0.085;;
966771;unknown;control;2023-07-25 04:00:00+00:00;0.081;;
966771;unknown;control;2023-07-25 04:15:00+00:00;0.094;;
966771;unknown;control;2023-07-25 04:30:00+00:00;0.085;;
966771;unknown;control;2023-07-25 04:45:00+00:00;0.082;;
966771;unknown;control;2023-07-25 05:00:00+00:00;0.093;;
966771;unknown;control;2023-07-25 05:15:00+00:00;0.085;;
966771;unknown;control;2023-07-25 05:30:00+00:00;0.082;;
966771;unknown;control;2023-07-25 05:45:00+00:00;0.092;;
966771;unknown;control;2023-07-25 06:00:00+00:00;0.084;;
966771;unknown;control;2023-07-25 06:15:00+00:00;0.085;;
966771;unknown;control;2023-07-25 06:30:00+00:00;0.089;;
966771;unknown;control;2023-07-25 06:45:00+00:00;0.084;;
966771;unknown;control;2023-07-25 07:00:00+00:00;0.088;;
966771;unknown;control;2023-07-25 07:15:00+00:00;0.087;;
966771;unknown;control;2023-07-25 07:30:00+00:00;0.083;;
966771;unknown;control;2023-07-25 07:45:00+00:00;0.09;;
966771;unknown;control;2023-07-25 08:00:00+00:00;0.086;;
966771;unknown;control;2023-07-25 08:15:00+00:00;0.081;;
966771;unknown;control;2023-07-25 08:30:00+00:00;0.093;;
966771;unknown;control;2023-07-25 08:45:00+00:00;0.085;;
966771;unknown;control;2023-07-25 09:00:00+00:00;0.081;;
966771;unknown;control;2023-07-25 09:15:00+00:00;0.093;;
966771;unknown;control;2023-07-25 09:30:00+00:00;0.086;;
966771;unknown;control;2023-07-25 09:45:00+00:00;0.081;;
966771;unknown;control;2023-07-25 10:00:00+00:00;0.093;;
966771;unknown;control;2023-07-25 10:15:00+00:00;0.086;;
966771;unknown;control;2023-07-25 10:30:00+00:00;0.083;;
966771;unknown;control;2023-07-25 10:45:00+00:00;0.091;;
966771;unknown;control;2023-07-25 11:00:00+00:00;0.084;;
966771;unknown;control;2023-07-25 11:15:00+00:00;0.086;;
966771;unknown;control;2023-07-25 11:30:00+00:00;0.088;;
966771;unknown;control;2023-07-25 11:45:00+00:00;0.084;;
966771;unknown;control;2023-07-25 12:00:00+00:00;0.088;;
966771;unknown;control;2023-07-25 12:15:00+00:00;0.087;;
966771;unknown;control;2023-07-25 12:30:00+00:00;0.087;;
966771;unknown;control;2023-07-25 12:45:00+00:00;0.095;;
966771;unknown;control;2023-07-25 13:00:00+00:00;0.09;;
966771;unknown;control;2023-07-25 13:15:00+00:00;0.085;;
966771;unknown;control;2023-07-25 13:30:00+00:00;0.096;;
966771;unknown;control;2023-07-25 13:45:00+00:00;0.091;;
966771;unknown;control;2023-07-25 14:00:00+00:00;0.084;;
966771;unknown;control;2023-07-25 14:15:00+00:00;0.098;;
966771;unknown;control;2023-07-25 14:30:00+00:00;0.09;;
966771;unknown;control;2023-07-25 14:45:00+00:00;0.085;;
966771;unknown;control;2023-07-25 15:00:00+00:00;0.097;;
966771;unknown;control;2023-07-25 15:15:00+00:00;0.092;;
966771;unknown;control;2023-07-25 15:30:00+00:00;0.086;;
966771;unknown;control;2023-07-25 15:45:00+00:00;0.096;;
966771;unknown;control;2023-07-25 16:00:00+00:00;0.09;;
966771;unknown;control;2023-07-25 16:15:00+00:00;0.089;;
966771;unknown;control;2023-07-25 16:30:00+00:00;0.093;;
966771;unknown;control;2023-07-25 16:45:00+00:00;0.09;;
966771;unknown;control;2023-07-25 17:00:00+00:00;0.094;;
966771;unknown;control;2023-07-25 17:15:00+00:00;0.093;;
966771;unknown;control;2023-07-25 17:30:00+00:00;0.089;;
966771;unknown;control;2023-07-25 17:45:00+00:00;0.097;;
966771;unknown;control;2023-07-25 18:00:00+00:00;0.093;;
966771;unknown;control;2023-07-25 18:15:00+00:00;0.087;;
966771;unknown;control;2023-07-25 18:30:00+00:00;0.098;;
966771;unknown;control;2023-07-25 18:45:00+00:00;0.092;;
966771;unknown;control;2023-07-25 19:00:00+00:00;0.086;;
966771;unknown;control;2023-07-25 19:15:00+00:00;0.099;;
966771;unknown;control;2023-07-25 19:30:00+00:00;0.093;;
966771;unknown;control;2023-07-25 19:45:00+00:00;0.085;;
966771;unknown;control;2023-07-25 20:00:00+00:00;0.099;;
966771;unknown;control;2023-07-25 20:15:00+00:00;0.093;;
966771;unknown;control;2023-07-25 20:30:00+00:00;0.088;;
966771;unknown;control;2023-07-25 20:45:00+00:00;0.097;;
966771;unknown;control;2023-07-25 21:00:00+00:00;0.092;;
966771;unknown;control;2023-07-25 21:15:00+00:00;0.091;;
966771;unknown;control;2023-07-25 21:30:00+00:00;0.095;;
966771;unknown;control;2023-07-25 21:45:00+00:00;0.093;;
966771;unknown;control;2023-07-25 22:00:00+00:00;0.093;;
966771;unknown;control;2023-07-25 22:15:00+00:00;0.094;;
966771;unknown;control;2023-07-25 22:30:00+00:00;0.09;;
966771;unknown;control;2023-07-25 22:45:00+00:00;0.096;;
966771;unknown;control;2023-07-25 23:00:00+00:00;0.094;;
966771;unknown;control;2023-07-25 23:15:00+00:00;0.087;;
966771;unknown;control;2023-07-25 23:30:00+00:00;1.376;;
966771;unknown;control;2023-07-25 23:45:00+00:00;1.33;;
966771;unknown;control;2023-07-26 00:00:00+00:00;0.379;;
966771;unknown;control;2023-07-26 00:15:00+00:00;0.098;;
966771;unknown;control;2023-07-26 00:30:00+00:00;0.093;;
966771;unknown;control;2023-07-26 00:45:00+00:00;0.086;;
966771;unknown;control;2023-07-26 01:00:00+00:00;0.098;;
966771;unknown;control;2023-07-26 01:15:00+00:00;0.1;;
966771;unknown;control;2023-07-26 01:30:00+00:00;0.088;;
966771;unknown;control;2023-07-26 01:45:00+00:00;0.094;;
966771;unknown;control;2023-07-26 02:00:00+00:00;0.088;;
966771;unknown;control;2023-07-26 02:15:00+00:00;0.088;;
966771;unknown;control;2023-07-26 02:30:00+00:00;0.094;;
966771;unknown;control;2023-07-26 02:45:00+00:00;0.092;;
966771;unknown;control;2023-07-26 03:00:00+00:00;0.099;;
966771;unknown;control;2023-07-26 03:15:00+00:00;0.099;;
966771;unknown;control;2023-07-26 03:30:00+00:00;0.088;;
966771;unknown;control;2023-07-26 03:45:00+00:00;0.091;;
966771;unknown;control;2023-07-26 04:00:00+00:00;0.099;;
966771;unknown;control;2023-07-26 04:15:00+00:00;0.088;;
966771;unknown;control;2023-07-26 04:30:00+00:00;0.092;;
966771;unknown;control;2023-07-26 04:45:00+00:00;0.097;;
966771;unknown;control;2023-07-26 05:00:00+00:00;0.089;;
966771;unknown;control;2023-07-26 05:15:00+00:00;0.094;;
966771;unknown;control;2023-07-26 05:30:00+00:00;0.095;;
966771;unknown;control;2023-07-26 05:45:00+00:00;0.089;;
966771;unknown;control;2023-07-26 06:00:00+00:00;0.095;;
966771;unknown;control;2023-07-26 06:15:00+00:00;0.093;;
966771;unknown;control;2023-07-26 06:30:00+00:00;0.09;;
966771;unknown;control;2023-07-26 06:45:00+00:00;0.096;;
966771;unknown;control;2023-07-26 07:00:00+00:00;0.09;;
966771;unknown;control;2023-07-26 07:15:00+00:00;0.092;;
966771;unknown;control;2023-07-26 07:30:00+00:00;0.098;;
966771;unknown;control;2023-07-26 07:45:00+00:00;0.088;;
966771;unknown;control;2023-07-26 08:00:00+00:00;0.092;;
966771;unknown;control;2023-07-26 08:15:00+00:00;0.098;;
966771;unknown;control;2023-07-26 08:30:00+00:00;0.088;;
966771;unknown;control;2023-07-26 08:45:00+00:00;0.092;;
966771;unknown;control;2023-07-26 09:00:00+00:00;0.099;;
966771;unknown;control;2023-07-26 09:15:00+00:00;0.087;;
966771;unknown;control;2023-07-26 09:30:00+00:00;0.093;;
966771;unknown;control;2023-07-26 09:45:00+00:00;0.099;;
966771;unknown;control;2023-07-26 10:00:00+00:00;0.088;;
966771;unknown;control;2023-07-26 10:15:00+00:00;0.092;;
966771;unknown;control;2023-07-26 10:30:00+00:00;0.099;;
966771;unknown;control;2023-07-26 10:45:00+00:00;0.089;;
966771;unknown;control;2023-07-26 11:00:00+00:00;0.092;;
966771;unknown;control;2023-07-26 11:15:00+00:00;0.096;;
966771;unknown;control;2023-07-26 11:30:00+00:00;0.089;;
966771;unknown;control;2023-07-26 11:45:00+00:00;0.095;;
966771;unknown;control;2023-07-26 12:00:00+00:00;0.093;;
966771;unknown;control;2023-07-26 12:15:00+00:00;0.09;;
966771;unknown;control;2023-07-26 12:30:00+00:00;0.097;;
966771;unknown;control;2023-07-26 12:45:00+00:00;0.09;;
966771;unknown;control;2023-07-26 13:00:00+00:00;0.092;;
966771;unknown;control;2023-07-26 13:15:00+00:00;0.099;;
966771;unknown;control;2023-07-26 13:30:00+00:00;0.089;;
966771;unknown;control;2023-07-26 13:45:00+00:00;0.092;;
966771;unknown;control;2023-07-26 14:00:00+00:00;0.1;;
966771;unknown;control;2023-07-26 14:15:00+00:00;0.088;;
966771;unknown;control;2023-07-26 14:30:00+00:00;0.091;;
966771;unknown;control;2023-07-26 14:45:00+00:00;0.1;;
966771;unknown;control;2023-07-26 15:00:00+00:00;0.089;;
966771;unknown;control;2023-07-26 15:15:00+00:00;0.089;;
966771;unknown;control;2023-07-26 15:30:00+00:00;0.099;;
966771;unknown;control;2023-07-26 15:45:00+00:00;0.09;;
966771;unknown;control;2023-07-26 16:00:00+00:00;0.09;;
966771;unknown;control;2023-07-26 16:15:00+00:00;0.098;;
966771;unknown;control;2023-07-26 16:30:00+00:00;0.089;;
966771;unknown;control;2023-07-26 16:45:00+00:00;0.094;;
966771;unknown;control;2023-07-26 17:00:00+00:00;0.095;;
966771;unknown;control;2023-07-26 17:15:00+00:00;0.097;;
966771;unknown;control;2023-07-26 17:30:00+00:00;0.107;;
966771;unknown;control;2023-07-26 17:45:00+00:00;0.103;;
966771;unknown;control;2023-07-26 18:00:00+00:00;0.092;;
966771;unknown;control;2023-07-26 18:15:00+00:00;0.109;;
966771;unknown;control;2023-07-26 18:30:00+00:00;0.103;;
966771;unknown;control;2023-07-26 18:45:00+00:00;0.129;;
966771;unknown;control;2023-07-26 19:00:00+00:00;0.608;;
966771;unknown;control;2023-07-26 19:15:00+00:00;0.18;;
966771;unknown;control;2023-07-26 19:30:00+00:00;0.19;;
966771;unknown;control;2023-07-26 19:45:00+00:00;0.223;;
966771;unknown;control;2023-07-26 20:00:00+00:00;0.191;;
966771;unknown;control;2023-07-26 20:15:00+00:00;0.17;;
966771;unknown;control;2023-07-26 20:30:00+00:00;0.179;;
966771;unknown;control;2023-07-26 20:45:00+00:00;0.171;;
966771;unknown;control;2023-07-26 21:00:00+00:00;0.166;;
966771;unknown;control;2023-07-26 21:15:00+00:00;0.122;;
966771;unknown;control;2023-07-26 21:30:00+00:00;0.093;;
966771;unknown;control;2023-07-26 21:45:00+00:00;0.093;;
966771;unknown;control;2023-07-26 22:00:00+00:00;0.098;;
966771;unknown;control;2023-07-26 22:15:00+00:00;0.088;;
966771;unknown;control;2023-07-26 22:30:00+00:00;0.091;;
966771;unknown;control;2023-07-26 22:45:00+00:00;0.089;;
966771;unknown;control;2023-07-26 23:00:00+00:00;0.087;;
966771;unknown;control;2023-07-26 23:15:00+00:00;0.099;;
966771;unknown;control;2023-07-26 23:30:00+00:00;1.345;;
966771;unknown;control;2023-07-26 23:45:00+00:00;1.303;;
966771;unknown;control;2023-07-27 00:00:00+00:00;0.465;;
966771;unknown;control;2023-07-27 00:15:00+00:00;0.086;;
966771;unknown;control;2023-07-27 00:30:00+00:00;0.085;;
966771;unknown;control;2023-07-27 00:45:00+00:00;0.098;;
966771;unknown;control;2023-07-27 01:00:00+00:00;0.087;;
966771;unknown;control;2023-07-27 01:15:00+00:00;0.086;;
966771;unknown;control;2023-07-27 01:30:00+00:00;0.098;;
966771;unknown;control;2023-07-27 01:45:00+00:00;0.094;;
966771;unknown;control;2023-07-27 02:00:00+00:00;0.098;;
966771;unknown;control;2023-07-27 02:15:00+00:00;0.094;;
966771;unknown;control;2023-07-27 02:30:00+00:00;0.083;;
966771;unknown;control;2023-07-27 02:45:00+00:00;0.088;;
966771;unknown;control;2023-07-27 03:00:00+00:00;0.091;;
966771;unknown;control;2023-07-27 03:15:00+00:00;0.083;;
966771;unknown;control;2023-07-27 03:30:00+00:00;0.096;;
966771;unknown;control;2023-07-27 03:45:00+00:00;0.095;;
966771;unknown;control;2023-07-27 04:00:00+00:00;0.082;;
966771;unknown;control;2023-07-27 04:15:00+00:00;0.104;;
966771;unknown;control;2023-07-27 04:30:00+00:00;0.094;;
966771;unknown;control;2023-07-27 04:45:00+00:00;0.086;;
966771;unknown;control;2023-07-27 05:00:00+00:00;0.11;;
966771;unknown;control;2023-07-27 05:15:00+00:00;0.113;;
966771;unknown;control;2023-07-27 05:30:00+00:00;0.093;;
966771;unknown;control;2023-07-27 05:45:00+00:00;0.094;;
966771;unknown;control;2023-07-27 06:00:00+00:00;0.085;;
966771;unknown;control;2023-07-27 06:15:00+00:00;0.091;;
966771;unknown;control;2023-07-27 06:30:00+00:00;0.094;;
966771;unknown;control;2023-07-27 06:45:00+00:00;0.091;;
966771;unknown;control;2023-07-27 07:00:00+00:00;0.096;;
966771;unknown;control;2023-07-27 07:15:00+00:00;0.111;;
966771;unknown;control;2023-07-27 07:30:00+00:00;0.142;;
966771;unknown;control;2023-07-27 07:45:00+00:00;0.102;;
966771;unknown;control;2023-07-27 08:00:00+00:00;0.106;;
966771;unknown;control;2023-07-27 08:15:00+00:00;0.101;;
966771;unknown;control;2023-07-27 08:30:00+00:00;0.098;;
966771;unknown;control;2023-07-27 08:45:00+00:00;0.089;;
966771;unknown;control;2023-07-27 09:00:00+00:00;0.093;;
966771;unknown;control;2023-07-27 09:15:00+00:00;0.092;;
966771;unknown;control;2023-07-27 09:30:00+00:00;0.089;;
966771;unknown;control;2023-07-27 09:45:00+00:00;0.092;;
966771;unknown;control;2023-07-27 10:00:00+00:00;0.091;;
966771;unknown;control;2023-07-27 10:15:00+00:00;0.086;;
966771;unknown;control;2023-07-27 10:30:00+00:00;0.093;;
966771;unknown;control;2023-07-27 10:45:00+00:00;0.094;;
966771;unknown;control;2023-07-27 11:00:00+00:00;0.083;;
966771;unknown;control;2023-07-27 11:15:00+00:00;0.094;;
966771;unknown;control;2023-07-27 11:30:00+00:00;0.095;;
966771;unknown;control;2023-07-27 11:45:00+00:00;0.082;;
966771;unknown;control;2023-07-27 12:00:00+00:00;0.093;;
966771;unknown;control;2023-07-27 12:15:00+00:00;0.095;;
966771;unknown;control;2023-07-27 12:30:00+00:00;0.082;;
966771;unknown;control;2023-07-27 12:45:00+00:00;0.094;;
966771;unknown;control;2023-07-27 13:00:00+00:00;0.096;;
966771;unknown;control;2023-07-27 13:15:00+00:00;0.09;;
966771;unknown;control;2023-07-27 13:30:00+00:00;0.094;;
966771;unknown;control;2023-07-27 13:45:00+00:00;0.096;;
966771;unknown;control;2023-07-27 14:00:00+00:00;0.095;;
966771;unknown;control;2023-07-27 14:15:00+00:00;0.1;;
966771;unknown;control;2023-07-27 14:30:00+00:00;0.086;;
966771;unknown;control;2023-07-27 14:45:00+00:00;0.091;;
966771;unknown;control;2023-07-27 15:00:00+00:00;0.095;;
966771;unknown;control;2023-07-27 15:15:00+00:00;0.083;;
966771;unknown;control;2023-07-27 15:30:00+00:00;0.09;;
966771;unknown;control;2023-07-27 15:45:00+00:00;0.096;;
966771;unknown;control;2023-07-27 16:00:00+00:00;0.086;;
966771;unknown;control;2023-07-27 16:15:00+00:00;0.088;;
966771;unknown;control;2023-07-27 16:30:00+00:00;0.092;;
966771;unknown;control;2023-07-27 16:45:00+00:00;0.087;;
966771;unknown;control;2023-07-27 17:00:00+00:00;0.092;;
966771;unknown;control;2023-07-27 17:15:00+00:00;0.095;;
966771;unknown;control;2023-07-27 17:30:00+00:00;0.1;;
966771;unknown;control;2023-07-27 17:45:00+00:00;0.099;;
966771;unknown;control;2023-07-27 18:00:00+00:00;0.093;;
966771;unknown;control;2023-07-27 18:15:00+00:00;0.107;;
966771;unknown;control;2023-07-27 18:30:00+00:00;0.099;;
966771;unknown;control;2023-07-27 18:45:00+00:00;0.147;;
966771;unknown;control;2023-07-27 19:00:00+00:00;0.179;;
966771;unknown;control;2023-07-27 19:15:00+00:00;0.201;;
966771;unknown;control;2023-07-27 19:30:00+00:00;0.209;;
966771;unknown;control;2023-07-27 19:45:00+00:00;0.189;;
966771;unknown;control;2023-07-27 20:00:00+00:00;0.188;;
966771;unknown;control;2023-07-27 20:15:00+00:00;0.183;;
966771;unknown;control;2023-07-27 20:30:00+00:00;0.188;;
966771;unknown;control;2023-07-27 20:45:00+00:00;0.184;;
966771;unknown;control;2023-07-27 21:00:00+00:00;0.181;;
966771;unknown;control;2023-07-27 21:15:00+00:00;0.127;;
966771;unknown;control;2023-07-27 21:30:00+00:00;0.09;;
966771;unknown;control;2023-07-27 21:45:00+00:00;0.09;;
966771;unknown;control;2023-07-27 22:00:00+00:00;0.099;;
966771;unknown;control;2023-07-27 22:15:00+00:00;0.088;;
966771;unknown;control;2023-07-27 22:30:00+00:00;0.087;;
966771;unknown;control;2023-07-27 22:45:00+00:00;0.097;;
966771;unknown;control;2023-07-27 23:00:00+00:00;0.087;;
966771;unknown;control;2023-07-27 23:15:00+00:00;0.087;;
966771;unknown;control;2023-07-27 23:30:00+00:00;1.348;;
966771;unknown;control;2023-07-27 23:45:00+00:00;1.298;;
966771;unknown;control;2023-07-28 00:00:00+00:00;1.306;;
966771;unknown;control;2023-07-28 00:15:00+00:00;0.094;;
966771;unknown;control;2023-07-28 00:30:00+00:00;0.089;;
966771;unknown;control;2023-07-28 00:45:00+00:00;0.097;;
966771;unknown;control;2023-07-28 01:00:00+00:00;0.089;;
966771;unknown;control;2023-07-28 01:15:00+00:00;0.088;;
966771;unknown;control;2023-07-28 01:30:00+00:00;0.097;;
966771;unknown;control;2023-07-28 01:45:00+00:00;0.088;;
966771;unknown;control;2023-07-28 02:00:00+00:00;0.087;;
966771;unknown;control;2023-07-28 02:15:00+00:00;0.098;;
966771;unknown;control;2023-07-28 02:30:00+00:00;0.096;;
966771;unknown;control;2023-07-28 02:45:00+00:00;0.088;;
966771;unknown;control;2023-07-28 03:00:00+00:00;0.09;;
966771;unknown;control;2023-07-28 03:15:00+00:00;0.094;;
966771;unknown;control;2023-07-28 03:30:00+00:00;0.092;;
966771;unknown;control;2023-07-28 03:45:00+00:00;0.093;;
966771;unknown;control;2023-07-28 04:00:00+00:00;0.088;;
966771;unknown;control;2023-07-28 04:15:00+00:00;0.093;;
966771;unknown;control;2023-07-28 04:30:00+00:00;0.09;;
966771;unknown;control;2023-07-28 04:45:00+00:00;0.097;;
966771;unknown;control;2023-07-28 05:00:00+00:00;0.098;;
966771;unknown;control;2023-07-28 05:15:00+00:00;0.094;;
966771;unknown;control;2023-07-28 05:30:00+00:00;0.079;;
966771;unknown;control;2023-07-28 05:45:00+00:00;0.092;;
966771;unknown;control;2023-07-28 06:00:00+00:00;0.089;;
966771;unknown;control;2023-07-28 06:15:00+00:00;0.082;;
966771;unknown;control;2023-07-28 06:30:00+00:00;0.09;;
966771;unknown;control;2023-07-28 06:45:00+00:00;0.088;;
966771;unknown;control;2023-07-28 07:00:00+00:00;0.086;;
966771;unknown;control;2023-07-28 07:15:00+00:00;0.089;;
966771;unknown;control;2023-07-28 07:30:00+00:00;0.085;;
966771;unknown;control;2023-07-28 07:45:00+00:00;0.09;;
966771;unknown;control;2023-07-28 08:00:00+00:00;0.089;;
966771;unknown;control;2023-07-28 08:15:00+00:00;0.081;;
966771;unknown;control;2023-07-28 08:30:00+00:00;0.091;;
966771;unknown;control;2023-07-28 08:45:00+00:00;0.091;;
966771;unknown;control;2023-07-28 09:00:00+00:00;0.079;;
966771;unknown;control;2023-07-28 09:15:00+00:00;0.091;;
966771;unknown;control;2023-07-28 09:30:00+00:00;0.091;;
966771;unknown;control;2023-07-28 09:45:00+00:00;0.08;;
966771;unknown;control;2023-07-28 10:00:00+00:00;0.089;;
966771;unknown;control;2023-07-28 10:15:00+00:00;0.09;;
966771;unknown;control;2023-07-28 10:30:00+00:00;0.083;;
966771;unknown;control;2023-07-28 10:45:00+00:00;0.088;;
966771;unknown;control;2023-07-28 11:00:00+00:00;0.087;;
966771;unknown;control;2023-07-28 11:15:00+00:00;0.088;;
966771;unknown;control;2023-07-28 11:30:00+00:00;0.088;;
966771;unknown;control;2023-07-28 11:45:00+00:00;0.084;;
966771;unknown;control;2023-07-28 12:00:00+00:00;0.088;;
966771;unknown;control;2023-07-28 12:15:00+00:00;0.09;;
966771;unknown;control;2023-07-28 12:30:00+00:00;0.08;;
966771;unknown;control;2023-07-28 12:45:00+00:00;0.092;;
966771;unknown;control;2023-07-28 13:00:00+00:00;0.093;;
966771;unknown;control;2023-07-28 13:15:00+00:00;0.086;;
966771;unknown;control;2023-07-28 13:30:00+00:00;0.209;;
966771;unknown;control;2023-07-28 13:45:00+00:00;0.139;;
966771;unknown;control;2023-07-28 14:00:00+00:00;0.081;;
966771;unknown;control;2023-07-28 14:15:00+00:00;0.104;;
966771;unknown;control;2023-07-28 14:30:00+00:00;0.101;;
966771;unknown;control;2023-07-28 14:45:00+00:00;0.093;;
966771;unknown;control;2023-07-28 15:00:00+00:00;0.095;;
966771;unknown;control;2023-07-28 15:15:00+00:00;0.204;;
966771;unknown;control;2023-07-28 15:30:00+00:00;0.11;;
966771;unknown;control;2023-07-28 15:45:00+00:00;0.102;;
966771;unknown;control;2023-07-28 16:00:00+00:00;0.091;;
966771;unknown;control;2023-07-28 16:15:00+00:00;0.092;;
966771;unknown;control;2023-07-28 16:30:00+00:00;0.094;;
966771;unknown;control;2023-07-28 16:45:00+00:00;0.088;;
966771;unknown;control;2023-07-28 17:00:00+00:00;0.093;;
966771;unknown;control;2023-07-28 17:15:00+00:00;0.098;;
966771;unknown;control;2023-07-28 17:30:00+00:00;0.086;;
966771;unknown;control;2023-07-28 17:45:00+00:00;0.091;;
966771;unknown;control;2023-07-28 18:00:00+00:00;0.096;;
966771;unknown;control;2023-07-28 18:15:00+00:00;0.088;;
966771;unknown;control;2023-07-28 18:30:00+00:00;0.094;;
966771;unknown;control;2023-07-28 18:45:00+00:00;0.102;;
966771;unknown;control;2023-07-28 19:00:00+00:00;0.123;;
966771;unknown;control;2023-07-28 19:15:00+00:00;0.136;;
966771;unknown;control;2023-07-28 19:30:00+00:00;0.128;;
966771;unknown;control;2023-07-28 19:45:00+00:00;0.122;;
966771;unknown;control;2023-07-28 20:00:00+00:00;0.134;;
966771;unknown;control;2023-07-28 20:15:00+00:00;0.144;;
966771;unknown;control;2023-07-28 20:30:00+00:00;0.125;;
966771;unknown;control;2023-07-28 20:45:00+00:00;0.129;;
966771;unknown;control;2023-07-28 21:00:00+00:00;0.119;;
966771;unknown;control;2023-07-28 21:15:00+00:00;0.126;;
966771;unknown;control;2023-07-28 21:30:00+00:00;0.131;;
966771;unknown;control;2023-07-28 21:45:00+00:00;0.117;;
966771;unknown;control;2023-07-28 22:00:00+00:00;0.096;;
966771;unknown;control;2023-07-28 22:15:00+00:00;0.097;;
966771;unknown;control;2023-07-28 22:30:00+00:00;0.083;;
966771;unknown;control;2023-07-28 22:45:00+00:00;0.096;;
966771;unknown;control;2023-07-28 23:00:00+00:00;0.096;;
966771;unknown;control;2023-07-28 23:15:00+00:00;0.085;;
966771;unknown;control;2023-07-28 23:30:00+00:00;1.365;;
966771;unknown;control;2023-07-28 23:45:00+00:00;1.322;;
966771;unknown;control;2023-07-29 00:00:00+00:00;1.323;;
966771;unknown;control;2023-07-29 00:15:00+00:00;0.882;;
966771;unknown;control;2023-07-29 00:30:00+00:00;0.088;;
966771;unknown;control;2023-07-29 00:45:00+00:00;0.089;;
966771;unknown;control;2023-07-29 01:00:00+00:00;0.097;;
966771;unknown;control;2023-07-29 01:15:00+00:00;0.089;;
966771;unknown;control;2023-07-29 01:30:00+00:00;0.09;;
966771;unknown;control;2023-07-29 01:45:00+00:00;0.099;;
966771;unknown;control;2023-07-29 02:00:00+00:00;0.092;;
966771;unknown;control;2023-07-29 02:15:00+00:00;0.088;;
966771;unknown;control;2023-07-29 02:30:00+00:00;0.097;;
966771;unknown;control;2023-07-29 02:45:00+00:00;0.092;;
966771;unknown;control;2023-07-29 03:00:00+00:00;0.098;;
966771;unknown;control;2023-07-29 03:15:00+00:00;0.098;;
966771;unknown;control;2023-07-29 03:30:00+00:00;0.083;;
966771;unknown;control;2023-07-29 03:45:00+00:00;0.089;;
966771;unknown;control;2023-07-29 04:00:00+00:00;0.091;;
966771;unknown;control;2023-07-29 04:15:00+00:00;0.096;;
966771;unknown;control;2023-07-29 04:30:00+00:00;0.092;;
966771;unknown;control;2023-07-29 04:45:00+00:00;0.09;;
966771;unknown;control;2023-07-29 05:00:00+00:00;0.089;;
966771;unknown;control;2023-07-29 05:15:00+00:00;0.099;;
966771;unknown;control;2023-07-29 05:30:00+00:00;0.094;;
966771;unknown;control;2023-07-29 05:45:00+00:00;0.097;;
966771;unknown;control;2023-07-29 06:00:00+00:00;0.092;;
966771;unknown;control;2023-07-29 06:15:00+00:00;0.092;;
966771;unknown;control;2023-07-29 06:30:00+00:00;0.089;;
966771;unknown;control;2023-07-29 06:45:00+00:00;0.091;;
966771;unknown;control;2023-07-29 07:00:00+00:00;0.099;;
966771;unknown;control;2023-07-29 07:15:00+00:00;0.094;;
966771;unknown;control;2023-07-29 07:30:00+00:00;0.378;;
966771;unknown;control;2023-07-29 07:45:00+00:00;0.177;;
966771;unknown;control;2023-07-29 08:00:00+00:00;0.158;;
966771;unknown;control;2023-07-29 08:15:00+00:00;0.154;;
966771;unknown;control;2023-07-29 08:30:00+00:00;0.132;;
966771;unknown;control;2023-07-29 08:45:00+00:00;0.19;;
966771;unknown;control;2023-07-29 09:00:00+00:00;0.157;;
966771;unknown;control;2023-07-29 09:15:00+00:00;0.599;;
966771;unknown;control;2023-07-29 09:30:00+00:00;0.16;;
966771;unknown;control;2023-07-29 09:45:00+00:00;0.118;;
966771;unknown;control;2023-07-29 10:00:00+00:00;0.445;;
966771;unknown;control;2023-07-29 10:15:00+00:00;0.138;;
966771;unknown;control;2023-07-29 10:30:00+00:00;0.121;;
966771;unknown;control;2023-07-29 10:45:00+00:00;0.11;;
966771;unknown;control;2023-07-29 11:00:00+00:00;0.119;;
966771;unknown;control;2023-07-29 11:15:00+00:00;0.421;;
966771;unknown;control;2023-07-29 11:30:00+00:00;0.838;;
966771;unknown;control;2023-07-29 11:45:00+00:00;0.254;;
966771;unknown;control;2023-07-29 12:00:00+00:00;0.262;;
966771;unknown;control;2023-07-29 12:15:00+00:00;0.26;;
966771;unknown;control;2023-07-29 12:30:00+00:00;0.254;;
966771;unknown;control;2023-07-29 12:45:00+00:00;0.23;;
966771;unknown;control;2023-07-29 13:00:00+00:00;0.226;;
966771;unknown;control;2023-07-29 13:15:00+00:00;0.315;;
966771;unknown;control;2023-07-29 13:30:00+00:00;0.606;;
966771;unknown;control;2023-07-29 13:45:00+00:00;0.539;;
966771;unknown;control;2023-07-29 14:00:00+00:00;0.542;;
966771;unknown;control;2023-07-29 14:15:00+00:00;0.494;;
966771;unknown;control;2023-07-29 14:30:00+00:00;0.387;;
966771;unknown;control;2023-07-29 14:45:00+00:00;0.353;;
966771;unknown;control;2023-07-29 15:00:00+00:00;0.526;;
966771;unknown;control;2023-07-29 15:15:00+00:00;0.527;;
966771;unknown;control;2023-07-29 15:30:00+00:00;0.457;;
966771;unknown;control;2023-07-29 15:45:00+00:00;0.371;;
966771;unknown;control;2023-07-29 16:00:00+00:00;0.339;;
966771;unknown;control;2023-07-29 16:15:00+00:00;0.791;;
966771;unknown;control;2023-07-29 16:30:00+00:00;0.468;;
966771;unknown;control;2023-07-29 16:45:00+00:00;0.508;;
966771;unknown;control;2023-07-29 17:00:00+00:00;0.275;;
966771;unknown;control;2023-07-29 17:15:00+00:00;0.226;;
966771;unknown;control;2023-07-29 17:30:00+00:00;0.225;;
966771;unknown;control;2023-07-29 17:45:00+00:00;0.229;;
966771;unknown;control;2023-07-29 18:00:00+00:00;0.238;;
966771;unknown;control;2023-07-29 18:15:00+00:00;0.226;;
966771;unknown;control;2023-07-29 18:30:00+00:00;0.212;;
966771;unknown;control;2023-07-29 18:45:00+00:00;0.22;;
966771;unknown;control;2023-07-29 19:00:00+00:00;0.163;;
966771;unknown;control;2023-07-29 19:15:00+00:00;0.115;;
966771;unknown;control;2023-07-29 19:30:00+00:00;0.189;;
966771;unknown;control;2023-07-29 19:45:00+00:00;0.17;;
966771;unknown;control;2023-07-29 20:00:00+00:00;0.141;;
966771;unknown;control;2023-07-29 20:15:00+00:00;0.14;;
966771;unknown;control;2023-07-29 20:30:00+00:00;0.108;;
966771;unknown;control;2023-07-29 20:45:00+00:00;0.104;;
966771;unknown;control;2023-07-29 21:00:00+00:00;0.096;;
966771;unknown;control;2023-07-29 21:15:00+00:00;0.092;;
966771;unknown;control;2023-07-29 21:30:00+00:00;0.092;;
966771;unknown;control;2023-07-29 21:45:00+00:00;0.094;;
966771;unknown;control;2023-07-29 22:00:00+00:00;0.088;;
966771;unknown;control;2023-07-29 22:15:00+00:00;0.1;;
966771;unknown;control;2023-07-29 22:30:00+00:00;0.096;;
966771;unknown;control;2023-07-29 22:45:00+00:00;0.082;;
966771;unknown;control;2023-07-29 23:00:00+00:00;0.104;;
966771;unknown;control;2023-07-29 23:15:00+00:00;0.096;;
966771;unknown;control;2023-07-29 23:30:00+00:00;1.352;;
966771;unknown;control;2023-07-29 23:45:00+00:00;1.313;;
966771;unknown;control;2023-07-30 00:00:00+00:00;1.317;;
966771;unknown;control;2023-07-30 00:15:00+00:00;1.324;;
966771;unknown;control;2023-07-30 00:30:00+00:00;0.712;;
966771;unknown;control;2023-07-30 00:45:00+00:00;0.094;;
966771;unknown;control;2023-07-30 01:00:00+00:00;0.1;;
966771;unknown;control;2023-07-30 01:15:00+00:00;0.094;;
966771;unknown;control;2023-07-30 01:30:00+00:00;0.086;;
966771;unknown;control;2023-07-30 01:45:00+00:00;0.092;;
966771;unknown;control;2023-07-30 02:00:00+00:00;0.098;;
966771;unknown;control;2023-07-30 02:15:00+00:00;0.09;;
966771;unknown;control;2023-07-30 02:30:00+00:00;0.089;;
966771;unknown;control;2023-07-30 02:45:00+00:00;0.106;;
966771;unknown;control;2023-07-30 03:00:00+00:00;0.088;;
966771;unknown;control;2023-07-30 03:15:00+00:00;0.092;;
966771;unknown;control;2023-07-30 03:30:00+00:00;0.092;;
966771;unknown;control;2023-07-30 03:45:00+00:00;0.084;;
966771;unknown;control;2023-07-30 04:00:00+00:00;0.098;;
966771;unknown;control;2023-07-30 04:15:00+00:00;0.099;;
966771;unknown;control;2023-07-30 04:30:00+00:00;0.082;;
966771;unknown;control;2023-07-30 04:45:00+00:00;0.091;;
966771;unknown;control;2023-07-30 05:00:00+00:00;0.089;;
966771;unknown;control;2023-07-30 05:15:00+00:00;0.083;;
966771;unknown;control;2023-07-30 05:30:00+00:00;0.091;;
966771;unknown;control;2023-07-30 05:45:00+00:00;0.087;;
966771;unknown;control;2023-07-30 06:00:00+00:00;0.084;;
966771;unknown;control;2023-07-30 06:15:00+00:00;0.092;;
966771;unknown;control;2023-07-30 06:30:00+00:00;0.09;;
966771;unknown;control;2023-07-30 06:45:00+00:00;0.393;;
966771;unknown;control;2023-07-30 07:00:00+00:00;0.314;;
966771;unknown;control;2023-07-30 07:15:00+00:00;0.122;;
966771;unknown;control;2023-07-30 07:30:00+00:00;0.11;;
966771;unknown;control;2023-07-30 07:45:00+00:00;0.12;;
966771;unknown;control;2023-07-30 08:00:00+00:00;0.159;;
966771;unknown;control;2023-07-30 08:15:00+00:00;0.482;;
966771;unknown;control;2023-07-30 08:30:00+00:00;0.173;;
966771;unknown;control;2023-07-30 08:45:00+00:00;0.159;;
966771;unknown;control;2023-07-30 09:00:00+00:00;0.18;;
966771;unknown;control;2023-07-30 09:15:00+00:00;0.181;;
966771;unknown;control;2023-07-30 09:30:00+00:00;0.521;;
966771;unknown;control;2023-07-30 09:45:00+00:00;0.171;;
966771;unknown;control;2023-07-30 10:00:00+00:00;0.172;;
966771;unknown;control;2023-07-30 10:15:00+00:00;0.173;;
966771;unknown;control;2023-07-30 10:30:00+00:00;0.239;;
966771;unknown;control;2023-07-30 10:45:00+00:00;0.16;;
966771;unknown;control;2023-07-30 11:00:00+00:00;0.13;;
966771;unknown;control;2023-07-30 11:15:00+00:00;0.139;;
966771;unknown;control;2023-07-30 11:30:00+00:00;0.162;;
966771;unknown;control;2023-07-30 11:45:00+00:00;0.16;;
966771;unknown;control;2023-07-30 12:00:00+00:00;0.154;;
966771;unknown;control;2023-07-30 12:15:00+00:00;0.131;;
966771;unknown;control;2023-07-30 12:30:00+00:00;0.126;;
966771;unknown;control;2023-07-30 12:45:00+00:00;0.12;;
966771;unknown;control;2023-07-30 13:00:00+00:00;0.112;;
966771;unknown;control;2023-07-30 13:15:00+00:00;0.12;;
966771;unknown;control;2023-07-30 13:30:00+00:00;0.116;;
966771;unknown;control;2023-07-30 13:45:00+00:00;0.117;;
966771;unknown;control;2023-07-30 14:00:00+00:00;0.119;;
966771;unknown;control;2023-07-30 14:15:00+00:00;0.13;;
966771;unknown;control;2023-07-30 14:30:00+00:00;0.112;;
966771;unknown;control;2023-07-30 14:45:00+00:00;0.124;;
966771;unknown;control;2023-07-30 15:00:00+00:00;0.115;;
966771;unknown;control;2023-07-30 15:15:00+00:00;0.313;;
966771;unknown;control;2023-07-30 15:30:00+00:00;0.195;;
966771;unknown;control;2023-07-30 15:45:00+00:00;0.13;;
966771;unknown;control;2023-07-30 16:00:00+00:00;0.478;;
966771;unknown;control;2023-07-30 16:15:00+00:00;0.555;;
966771;unknown;control;2023-07-30 16:30:00+00:00;0.455;;
966771;unknown;control;2023-07-30 16:45:00+00:00;0.149;;
966771;unknown;control;2023-07-30 17:00:00+00:00;0.152;;
966771;unknown;control;2023-07-30 17:15:00+00:00;0.12;;
966771;unknown;control;2023-07-30 17:30:00+00:00;0.11;;
966771;unknown;control;2023-07-30 17:45:00+00:00;0.123;;
966771;unknown;control;2023-07-30 18:00:00+00:00;0.625;;
966771;unknown;control;2023-07-30 18:15:00+00:00;0.221;;
966771;unknown;control;2023-07-30 18:30:00+00:00;0.157;;
966771;unknown;control;2023-07-30 18:45:00+00:00;0.239;;
966771;unknown;control;2023-07-30 19:00:00+00:00;0.443;;
966771;unknown;control;2023-07-30 19:15:00+00:00;0.149;;
966771;unknown;control;2023-07-30 19:30:00+00:00;0.137;;
966771;unknown;control;2023-07-30 19:45:00+00:00;0.136;;
966771;unknown;control;2023-07-30 20:00:00+00:00;0.098;;
966771;unknown;control;2023-07-30 20:15:00+00:00;0.094;;
966771;unknown;control;2023-07-30 20:30:00+00:00;0.102;;
966771;unknown;control;2023-07-30 20:45:00+00:00;0.093;;
966771;unknown;control;2023-07-30 21:00:00+00:00;0.087;;
966771;unknown;control;2023-07-30 21:15:00+00:00;0.096;;
966771;unknown;control;2023-07-30 21:30:00+00:00;0.091;;
966771;unknown;control;2023-07-30 21:45:00+00:00;0.105;;
966771;unknown;control;2023-07-30 22:00:00+00:00;0.093;;
966771;unknown;control;2023-07-30 22:15:00+00:00;0.089;;
966771;unknown;control;2023-07-30 22:30:00+00:00;0.092;;
966771;unknown;control;2023-07-30 22:45:00+00:00;0.091;;
966771;unknown;control;2023-07-30 23:00:00+00:00;0.086;;
966771;unknown;control;2023-07-30 23:15:00+00:00;0.095;;
966771;unknown;control;2023-07-30 23:30:00+00:00;1.347;;
966771;unknown;control;2023-07-30 23:45:00+00:00;1.287;;
966771;unknown;control;2023-07-31 00:00:00+00:00;1.307;;
966771;unknown;control;2023-07-31 00:15:00+00:00;1.325;;
966771;unknown;control;2023-07-31 00:30:00+00:00;0.872;;
966771;unknown;control;2023-07-31 00:45:00+00:00;0.094;;
966771;unknown;control;2023-07-31 01:00:00+00:00;0.092;;
966771;unknown;control;2023-07-31 01:15:00+00:00;0.088;;
966771;unknown;control;2023-07-31 01:30:00+00:00;0.092;;
966771;unknown;control;2023-07-31 01:45:00+00:00;0.089;;
966771;unknown;control;2023-07-31 02:00:00+00:00;0.093;;
966771;unknown;control;2023-07-31 02:15:00+00:00;0.108;;
966771;unknown;control;2023-07-31 02:30:00+00:00;0.088;;
966771;unknown;control;2023-07-31 02:45:00+00:00;0.094;;
966771;unknown;control;2023-07-31 03:00:00+00:00;0.103;;
966771;unknown;control;2023-07-31 03:15:00+00:00;0.091;;
966771;unknown;control;2023-07-31 03:30:00+00:00;0.099;;
966771;unknown;control;2023-07-31 03:45:00+00:00;0.098;;
966771;unknown;control;2023-07-31 04:00:00+00:00;0.083;;
966771;unknown;control;2023-07-31 04:15:00+00:00;0.094;;
966771;unknown;control;2023-07-31 04:30:00+00:00;0.093;;
966771;unknown;control;2023-07-31 04:45:00+00:00;0.1;;
966771;unknown;control;2023-07-31 05:00:00+00:00;0.104;;
966771;unknown;control;2023-07-31 05:15:00+00:00;0.097;;
966771;unknown;control;2023-07-31 05:30:00+00:00;0.103;;
966771;unknown;control;2023-07-31 05:45:00+00:00;0.1;;
966771;unknown;control;2023-07-31 06:00:00+00:00;0.087;;
966771;unknown;control;2023-07-31 06:15:00+00:00;0.086;;
966771;unknown;control;2023-07-31 06:30:00+00:00;0.09;;
966771;unknown;control;2023-07-31 06:45:00+00:00;0.081;;
966771;unknown;control;2023-07-31 07:00:00+00:00;0.093;;
966771;unknown;control;2023-07-31 07:15:00+00:00;0.101;;
966771;unknown;control;2023-07-31 07:30:00+00:00;0.088;;
966771;unknown;control;2023-07-31 07:45:00+00:00;0.101;;
966771;unknown;control;2023-07-31 08:00:00+00:00;0.1;;
966771;unknown;control;2023-07-31 08:15:00+00:00;0.088;;
966771;unknown;control;2023-07-31 08:30:00+00:00;0.096;;
966771;unknown;control;2023-07-31 08:45:00+00:00;0.1;;
966771;unknown;control;2023-07-31 09:00:00+00:00;0.092;;
966771;unknown;control;2023-07-31 09:15:00+00:00;0.096;;
966771;unknown;control;2023-07-31 09:30:00+00:00;0.096;;
966771;unknown;control;2023-07-31 09:45:00+00:00;0.093;;
966771;unknown;control;2023-07-31 10:00:00+00:00;0.302;;
966771;unknown;control;2023-07-31 10:15:00+00:00;0.11;;
966771;unknown;control;2023-07-31 10:30:00+00:00;0.097;;
966771;unknown;control;2023-07-31 10:45:00+00:00;0.1;;
966771;unknown;control;2023-07-31 11:00:00+00:00;0.088;;
966771;unknown;control;2023-07-31 11:15:00+00:00;0.094;;
966771;unknown;control;2023-07-31 11:30:00+00:00;0.1;;
966771;unknown;control;2023-07-31 11:45:00+00:00;0.089;;
966771;unknown;control;2023-07-31 12:00:00+00:00;0.092;;
966771;unknown;control;2023-07-31 12:15:00+00:00;0.102;;
966771;unknown;control;2023-07-31 12:30:00+00:00;0.101;;
966771;unknown;control;2023-07-31 12:45:00+00:00;0.093;;
966771;unknown;control;2023-07-31 13:00:00+00:00;0.099;;
966771;unknown;control;2023-07-31 13:15:00+00:00;0.091;;
966771;unknown;control;2023-07-31 13:30:00+00:00;0.096;;
966771;unknown;control;2023-07-31 13:45:00+00:00;0.096;;
966771;unknown;control;2023-07-31 14:00:00+00:00;0.093;;
966771;unknown;control;2023-07-31 14:15:00+00:00;0.098;;
966771;unknown;control;2023-07-31 14:30:00+00:00;0.093;;
966771;unknown;control;2023-07-31 14:45:00+00:00;0.11;;
966771;unknown;control;2023-07-31 15:00:00+00:00;0.102;;
966771;unknown;control;2023-07-31 15:15:00+00:00;0.12;;
966771;unknown;control;2023-07-31 15:30:00+00:00;0.123;;
966771;unknown;control;2023-07-31 15:45:00+00:00;0.128;;
966771;unknown;control;2023-07-31 16:00:00+00:00;0.124;;
966771;unknown;control;2023-07-31 16:15:00+00:00;0.126;;
966771;unknown;control;2023-07-31 16:30:00+00:00;0.137;;
966771;unknown;control;2023-07-31 16:45:00+00:00;0.124;;
966771;unknown;control;2023-07-31 17:00:00+00:00;0.129;;
966771;unknown;control;2023-07-31 17:15:00+00:00;0.099;;
966771;unknown;control;2023-07-31 17:30:00+00:00;0.089;;
966771;unknown;control;2023-07-31 17:45:00+00:00;0.098;;
966771;unknown;control;2023-07-31 18:00:00+00:00;0.098;;
966771;unknown;control;2023-07-31 18:15:00+00:00;0.087;;
966771;unknown;control;2023-07-31 18:30:00+00:00;0.099;;
966771;unknown;control;2023-07-31 18:45:00+00:00;0.096;;
966771;unknown;control;2023-07-31 19:00:00+00:00;0.101;;
966771;unknown;control;2023-07-31 19:15:00+00:00;0.112;;
966771;unknown;control;2023-07-31 19:30:00+00:00;0.104;;
966771;unknown;control;2023-07-31 19:45:00+00:00;0.094;;
966771;unknown;control;2023-07-31 20:00:00+00:00;0.096;;
966771;unknown;control;2023-07-31 20:15:00+00:00;0.089;;
966771;unknown;control;2023-07-31 20:30:00+00:00;0.082;;
966771;unknown;control;2023-07-31 20:45:00+00:00;0.096;;
966771;unknown;control;2023-07-31 21:00:00+00:00;0.093;;
966771;unknown;control;2023-07-31 21:15:00+00:00;0.162;;
966771;unknown;control;2023-07-31 21:30:00+00:00;0.179;;
966771;unknown;control;2023-07-31 21:45:00+00:00;0.166;;
966771;unknown;control;2023-07-31 22:00:00+00:00;0.151;;
966771;unknown;control;2023-07-31 22:15:00+00:00;0.117;;
966771;unknown;control;2023-07-31 22:30:00+00:00;0.095;;
966771;unknown;control;2023-07-31 22:45:00+00:00;0.089;;
966771;unknown;control;2023-07-31 23:00:00+00:00;0.1;;
966771;unknown;control;2023-07-31 23:15:00+00:00;0.095;;
966771;unknown;control;2023-07-31 23:30:00+00:00;1.357;;
966771;unknown;control;2023-07-31 23:45:00+00:00;1.31;;
966771;unknown;control;2023-08-01 00:00:00+00:00;1.31;;
966771;unknown;control;2023-08-01 00:15:00+00:00;1.335;;
966771;unknown;control;2023-08-01 00:30:00+00:00;1.336;;
966771;unknown;control;2023-08-01 00:45:00+00:00;0.141;;
966771;unknown;control;2023-08-01 01:00:00+00:00;0.096;;
966771;unknown;control;2023-08-01 01:15:00+00:00;0.096;;
966771;unknown;control;2023-08-01 01:30:00+00:00;0.089;;
966771;unknown;control;2023-08-01 01:45:00+00:00;0.094;;
966771;unknown;control;2023-08-01 02:00:00+00:00;0.095;;
966771;unknown;control;2023-08-01 02:15:00+00:00;0.09;;
966771;unknown;control;2023-08-01 02:30:00+00:00;0.095;;
966771;unknown;control;2023-08-01 02:45:00+00:00;0.094;;
966771;unknown;control;2023-08-01 03:00:00+00:00;0.089;;
966771;unknown;control;2023-08-01 03:15:00+00:00;0.093;;
966771;unknown;control;2023-08-01 03:30:00+00:00;0.09;;
966771;unknown;control;2023-08-01 03:45:00+00:00;0.09;;
966771;unknown;control;2023-08-01 04:00:00+00:00;0.092;;
966771;unknown;control;2023-08-01 04:15:00+00:00;0.089;;
966771;unknown;control;2023-08-01 04:30:00+00:00;0.09;;
966771;unknown;control;2023-08-01 04:45:00+00:00;0.095;;
966771;unknown;control;2023-08-01 05:00:00+00:00;0.086;;
966771;unknown;control;2023-08-01 05:15:00+00:00;0.092;;
966771;unknown;control;2023-08-01 05:30:00+00:00;0.093;;
966771;unknown;control;2023-08-01 05:45:00+00:00;0.101;;
966771;unknown;control;2023-08-01 06:00:00+00:00;0.093;;
966771;unknown;control;2023-08-01 06:15:00+00:00;0.096;;
966771;unknown;control;2023-08-01 06:30:00+00:00;0.098;;
966771;unknown;control;2023-08-01 06:45:00+00:00;0.097;;
966771;unknown;control;2023-08-01 07:00:00+00:00;0.117;;
966771;unknown;control;2023-08-01 07:15:00+00:00;0.434;;
966771;unknown;control;2023-08-01 07:30:00+00:00;0.271;;
966771;unknown;control;2023-08-01 07:45:00+00:00;0.103;;
966771;unknown;control;2023-08-01 08:00:00+00:00;0.102;;
966771;unknown;control;2023-08-01 08:15:00+00:00;0.106;;
966771;unknown;control;2023-08-01 08:30:00+00:00;0.094;;
966771;unknown;control;2023-08-01 08:45:00+00:00;0.101;;
966771;unknown;control;2023-08-01 09:00:00+00:00;0.107;;
966771;unknown;control;2023-08-01 09:15:00+00:00;0.1;;
966771;unknown;control;2023-08-01 09:30:00+00:00;0.103;;
966771;unknown;control;2023-08-01 09:45:00+00:00;0.119;;
966771;unknown;control;2023-08-01 10:00:00+00:00;0.113;;
966771;unknown;control;2023-08-01 10:15:00+00:00;0.116;;
966771;unknown;control;2023-08-01 10:30:00+00:00;0.103;;
966771;unknown;control;2023-08-01 10:45:00+00:00;0.102;;
966771;unknown;control;2023-08-01 11:00:00+00:00;0.108;;
966771;unknown;control;2023-08-01 11:15:00+00:00;0.12;;
966771;unknown;control;2023-08-01 11:30:00+00:00;0.125;;
966771;unknown;control;2023-08-01 11:45:00+00:00;0.138;;
966771;unknown;control;2023-08-01 12:00:00+00:00;0.119;;
966771;unknown;control;2023-08-01 12:15:00+00:00;0.105;;
966771;unknown;control;2023-08-01 12:30:00+00:00;0.108;;
966771;unknown;control;2023-08-01 12:45:00+00:00;0.119;;
966771;unknown;control;2023-08-01 13:00:00+00:00;0.104;;
966771;unknown;control;2023-08-01 13:15:00+00:00;0.107;;
966771;unknown;control;2023-08-01 13:30:00+00:00;0.104;;
966771;unknown;control;2023-08-01 13:45:00+00:00;0.115;;
966771;unknown;control;2023-08-01 14:00:00+00:00;0.132;;
966771;unknown;control;2023-08-01 14:15:00+00:00;0.126;;
966771;unknown;control;2023-08-01 14:30:00+00:00;0.122;;
966771;unknown;control;2023-08-01 14:45:00+00:00;0.13;;
966771;unknown;control;2023-08-01 15:00:00+00:00;0.124;;
966771;unknown;control;2023-08-01 15:15:00+00:00;0.408;;
966771;unknown;control;2023-08-01 15:30:00+00:00;0.26;;
966771;unknown;control;2023-08-01 15:45:00+00:00;0.441;;
966771;unknown;control;2023-08-01 16:00:00+00:00;0.339;;
966771;unknown;control;2023-08-01 16:15:00+00:00;0.333;;
966771;unknown;control;2023-08-01 16:30:00+00:00;0.264;;
966771;unknown;control;2023-08-01 16:45:00+00:00;0.09;;
966771;unknown;control;2023-08-01 17:00:00+00:00;0.128;;
966771;unknown;control;2023-08-01 17:15:00+00:00;0.241;;
966771;unknown;control;2023-08-01 17:30:00+00:00;0.392;;
966771;unknown;control;2023-08-01 17:45:00+00:00;0.393;;
966771;unknown;control;2023-08-01 18:00:00+00:00;0.187;;
966771;unknown;control;2023-08-01 18:15:00+00:00;0.149;;
966771;unknown;control;2023-08-01 18:30:00+00:00;0.108;;
966771;unknown;control;2023-08-01 18:45:00+00:00;0.308;;
966771;unknown;control;2023-08-01 19:00:00+00:00;0.275;;
966771;unknown;control;2023-08-01 19:15:00+00:00;0.117;;
966771;unknown;control;2023-08-01 19:30:00+00:00;0.137;;
966771;unknown;control;2023-08-01 19:45:00+00:00;0.152;;
966771;unknown;control;2023-08-01 20:00:00+00:00;0.126;;
966771;unknown;control;2023-08-01 20:15:00+00:00;0.095;;
966771;unknown;control;2023-08-01 20:30:00+00:00;0.097;;
966771;unknown;control;2023-08-01 20:45:00+00:00;0.093;;
966771;unknown;control;2023-08-01 21:00:00+00:00;0.093;;
966771;unknown;control;2023-08-01 21:15:00+00:00;0.099;;
966771;unknown;control;2023-08-01 21:30:00+00:00;0.091;;
966771;unknown;control;2023-08-01 21:45:00+00:00;0.089;;
966771;unknown;control;2023-08-01 22:00:00+00:00;0.101;;
966771;unknown;control;2023-08-01 22:15:00+00:00;0.093;;
966771;unknown;control;2023-08-01 22:30:00+00:00;0.092;;
966771;unknown;control;2023-08-01 22:45:00+00:00;0.095;;
966771;unknown;control;2023-08-01 23:00:00+00:00;0.093;;
966771;unknown;control;2023-08-01 23:15:00+00:00;0.097;;
966771;unknown;control;2023-08-01 23:30:00+00:00;1.367;;
966771;unknown;control;2023-08-01 23:45:00+00:00;1.317;;
966771;unknown;control;2023-08-02 00:00:00+00:00;1.322;;
966771;unknown;control;2023-08-02 00:15:00+00:00;1.348;;
966771;unknown;control;2023-08-02 00:30:00+00:00;1.048;;
966771;unknown;control;2023-08-02 00:45:00+00:00;0.105;;
966771;unknown;control;2023-08-02 01:00:00+00:00;0.109;;
966771;unknown;control;2023-08-02 01:15:00+00:00;0.109;;
966771;unknown;control;2023-08-02 01:30:00+00:00;0.104;;
966771;unknown;control;2023-08-02 01:45:00+00:00;0.09;;
966771;unknown;control;2023-08-02 02:00:00+00:00;0.114;;
966771;unknown;control;2023-08-02 02:15:00+00:00;0.103;;
966771;unknown;control;2023-08-02 02:30:00+00:00;0.096;;
966771;unknown;control;2023-08-02 02:45:00+00:00;0.09;;
966771;unknown;control;2023-08-02 03:00:00+00:00;0.098;;
966771;unknown;control;2023-08-02 03:15:00+00:00;0.094;;
966771;unknown;control;2023-08-02 03:30:00+00:00;0.094;;
966771;unknown;control;2023-08-02 03:45:00+00:00;0.095;;
966771;unknown;control;2023-08-02 04:00:00+00:00;0.095;;
966771;unknown;control;2023-08-02 04:15:00+00:00;0.098;;
966771;unknown;control;2023-08-02 04:30:00+00:00;0.098;;
966771;unknown;control;2023-08-02 04:45:00+00:00;0.11;;
966771;unknown;control;2023-08-02 05:00:00+00:00;0.098;;
966771;unknown;control;2023-08-02 05:15:00+00:00;0.107;;
966771;unknown;control;2023-08-02 05:30:00+00:00;0.092;;
966771;unknown;control;2023-08-02 05:45:00+00:00;0.101;;
966771;unknown;control;2023-08-02 06:00:00+00:00;0.085;;
966771;unknown;control;2023-08-02 06:15:00+00:00;0.083;;
966771;unknown;control;2023-08-02 06:30:00+00:00;0.095;;
966771;unknown;control;2023-08-02 06:45:00+00:00;0.091;;
966771;unknown;control;2023-08-02 07:00:00+00:00;0.104;;
966771;unknown;control;2023-08-02 07:15:00+00:00;0.101;;
966771;unknown;control;2023-08-02 07:30:00+00:00;0.256;;
966771;unknown;control;2023-08-02 07:45:00+00:00;0.145;;
966771;unknown;control;2023-08-02 08:00:00+00:00;0.118;;
966771;unknown;control;2023-08-02 08:15:00+00:00;0.107;;
966771;unknown;control;2023-08-02 08:30:00+00:00;0.121;;
966771;unknown;control;2023-08-02 08:45:00+00:00;0.097;;
966771;unknown;control;2023-08-02 09:00:00+00:00;0.138;;
966771;unknown;control;2023-08-02 09:15:00+00:00;0.138;;
966771;unknown;control;2023-08-02 09:30:00+00:00;0.183;;
966771;unknown;control;2023-08-02 09:45:00+00:00;0.093;;
966771;unknown;control;2023-08-02 10:00:00+00:00;0.096;;
966771;unknown;control;2023-08-02 10:15:00+00:00;0.105;;
966771;unknown;control;2023-08-02 10:30:00+00:00;0.091;;
966771;unknown;control;2023-08-02 10:45:00+00:00;0.23;;
966771;unknown;control;2023-08-02 11:00:00+00:00;0.198;;
966771;unknown;control;2023-08-02 11:15:00+00:00;0.126;;
966771;unknown;control;2023-08-02 11:30:00+00:00;0.135;;
966771;unknown;control;2023-08-02 11:45:00+00:00;0.134;;
966771;unknown;control;2023-08-02 12:00:00+00:00;0.105;;
966771;unknown;control;2023-08-02 12:15:00+00:00;0.098;;
966771;unknown;control;2023-08-02 12:30:00+00:00;0.092;;
966771;unknown;control;2023-08-02 12:45:00+00:00;0.09;;
966771;unknown;control;2023-08-02 13:00:00+00:00;0.09;;
966771;unknown;control;2023-08-02 13:15:00+00:00;0.085;;
966771;unknown;control;2023-08-02 13:30:00+00:00;0.096;;
966771;unknown;control;2023-08-02 13:45:00+00:00;0.091;;
966771;unknown;control;2023-08-02 14:00:00+00:00;0.083;;
966771;unknown;control;2023-08-02 14:15:00+00:00;0.094;;
966771;unknown;control;2023-08-02 14:30:00+00:00;0.092;;
966771;unknown;control;2023-08-02 14:45:00+00:00;0.089;;
966771;unknown;control;2023-08-02 15:00:00+00:00;0.091;;
966771;unknown;control;2023-08-02 15:15:00+00:00;0.084;;
966771;unknown;control;2023-08-02 15:30:00+00:00;0.092;;
966771;unknown;control;2023-08-02 15:45:00+00:00;0.096;;
966771;unknown;control;2023-08-02 16:00:00+00:00;0.085;;
966771;unknown;control;2023-08-02 16:15:00+00:00;0.087;;
966771;unknown;control;2023-08-02 16:30:00+00:00;0.094;;
966771;unknown;control;2023-08-02 16:45:00+00:00;0.087;;
966771;unknown;control;2023-08-02 17:00:00+00:00;0.094;;
966771;unknown;control;2023-08-02 17:15:00+00:00;0.089;;
966771;unknown;control;2023-08-02 17:30:00+00:00;0.082;;
966771;unknown;control;2023-08-02 17:45:00+00:00;0.096;;
966771;unknown;control;2023-08-02 18:00:00+00:00;0.092;;
966771;unknown;control;2023-08-02 18:15:00+00:00;0.084;;
966771;unknown;control;2023-08-02 18:30:00+00:00;0.091;;
966771;unknown;control;2023-08-02 18:45:00+00:00;0.09;;
966771;unknown;control;2023-08-02 19:00:00+00:00;0.101;;
966771;unknown;control;2023-08-02 19:15:00+00:00;0.106;;
966771;unknown;control;2023-08-02 19:30:00+00:00;0.096;;
966771;unknown;control;2023-08-02 19:45:00+00:00;0.1;;
966771;unknown;control;2023-08-02 20:00:00+00:00;0.097;;
966771;unknown;control;2023-08-02 20:15:00+00:00;0.088;;
966771;unknown;control;2023-08-02 20:30:00+00:00;0.087;;
966771;unknown;control;2023-08-02 20:45:00+00:00;0.092;;
966771;unknown;control;2023-08-02 21:00:00+00:00;0.088;;
966771;unknown;control;2023-08-02 21:15:00+00:00;0.093;;
966771;unknown;control;2023-08-02 21:30:00+00:00;0.092;;
966771;unknown;control;2023-08-02 21:45:00+00:00;0.081;;
966771;unknown;control;2023-08-02 22:00:00+00:00;0.094;;
966771;unknown;control;2023-08-02 22:15:00+00:00;0.093;;
966771;unknown;control;2023-08-02 22:30:00+00:00;0.085;;
966771;unknown;control;2023-08-02 22:45:00+00:00;0.104;;
966771;unknown;control;2023-08-02 23:00:00+00:00;0.095;;
966771;unknown;control;2023-08-02 23:15:00+00:00;0.092;;
966771;unknown;control;2023-08-02 23:30:00+00:00;1.362;;
966771;unknown;control;2023-08-02 23:45:00+00:00;1.304;;
966771;unknown;control;2023-08-03 00:00:00+00:00;1.309;;
966771;unknown;control;2023-08-03 00:15:00+00:00;0.778;;
966771;unknown;control;2023-08-03 00:30:00+00:00;0.088;;
966771;unknown;control;2023-08-03 00:45:00+00:00;0.09;;
966771;unknown;control;2023-08-03 01:00:00+00:00;0.105;;
966771;unknown;control;2023-08-03 01:15:00+00:00;0.085;;
966771;unknown;control;2023-08-03 01:30:00+00:00;0.093;;
966771;unknown;control;2023-08-03 01:45:00+00:00;0.096;;
966771;unknown;control;2023-08-03 02:00:00+00:00;0.085;;
966771;unknown;control;2023-08-03 02:15:00+00:00;0.093;;
966771;unknown;control;2023-08-03 02:30:00+00:00;0.097;;
966771;unknown;control;2023-08-03 02:45:00+00:00;0.091;;
966771;unknown;control;2023-08-03 03:00:00+00:00;0.096;;
966771;unknown;control;2023-08-03 03:15:00+00:00;0.086;;
966771;unknown;control;2023-08-03 03:30:00+00:00;0.088;;
966771;unknown;control;2023-08-03 03:45:00+00:00;0.097;;
966771;unknown;control;2023-08-03 04:00:00+00:00;0.089;;
966771;unknown;control;2023-08-03 04:15:00+00:00;0.085;;
966771;unknown;control;2023-08-03 04:30:00+00:00;0.092;;
966771;unknown;control;2023-08-03 04:45:00+00:00;0.184;;
966771;unknown;control;2023-08-03 05:00:00+00:00;0.218;;
966771;unknown;control;2023-08-03 05:15:00+00:00;0.212;;
966771;unknown;control;2023-08-03 05:30:00+00:00;0.211;;
966771;unknown;control;2023-08-03 05:45:00+00:00;0.211;;
966771;unknown;control;2023-08-03 06:00:00+00:00;0.213;;
966771;unknown;control;2023-08-03 06:15:00+00:00;0.42;;
966771;unknown;control;2023-08-03 06:30:00+00:00;0.23;;
966771;unknown;control;2023-08-03 06:45:00+00:00;0.233;;
966771;unknown;control;2023-08-03 07:00:00+00:00;0.231;;
966771;unknown;control;2023-08-03 07:15:00+00:00;0.245;;
966771;unknown;control;2023-08-03 07:30:00+00:00;0.454;;
966771;unknown;control;2023-08-03 07:45:00+00:00;0.218;;
966771;unknown;control;2023-08-03 08:00:00+00:00;0.245;;
966771;unknown;control;2023-08-03 08:15:00+00:00;0.266;;
966771;unknown;control;2023-08-03 08:30:00+00:00;0.26;;
966771;unknown;control;2023-08-03 08:45:00+00:00;0.242;;
966771;unknown;control;2023-08-03 09:00:00+00:00;0.23;;
966771;unknown;control;2023-08-03 09:15:00+00:00;0.212;;
966771;unknown;control;2023-08-03 09:30:00+00:00;0.177;;
966771;unknown;control;2023-08-03 09:45:00+00:00;0.096;;
966771;unknown;control;2023-08-03 10:00:00+00:00;0.113;;
966771;unknown;control;2023-08-03 10:15:00+00:00;0.103;;
966771;unknown;control;2023-08-03 10:30:00+00:00;0.094;;
966771;unknown;control;2023-08-03 10:45:00+00:00;0.096;;
966771;unknown;control;2023-08-03 11:00:00+00:00;0.096;;
966771;unknown;control;2023-08-03 11:15:00+00:00;0.092;;
966771;unknown;control;2023-08-03 11:30:00+00:00;0.118;;
966771;unknown;control;2023-08-03 11:45:00+00:00;0.489;;
966771;unknown;control;2023-08-03 12:00:00+00:00;0.56;;
966771;unknown;control;2023-08-03 12:15:00+00:00;0.14;;
966771;unknown;control;2023-08-03 12:30:00+00:00;0.151;;
966771;unknown;control;2023-08-03 12:45:00+00:00;0.144;;
966771;unknown;control;2023-08-03 13:00:00+00:00;0.11;;
966771;unknown;control;2023-08-03 13:15:00+00:00;0.221;;
966771;unknown;control;2023-08-03 13:30:00+00:00;0.263;;
966771;unknown;control;2023-08-03 13:45:00+00:00;0.296;;
966771;unknown;control;2023-08-03 14:00:00+00:00;0.285;;
966771;unknown;control;2023-08-03 14:15:00+00:00;0.225;;
966771;unknown;control;2023-08-03 14:30:00+00:00;0.283;;
966771;unknown;control;2023-08-03 14:45:00+00:00;0.281;;
966771;unknown;control;2023-08-03 15:00:00+00:00;0.14;;
966771;unknown;control;2023-08-03 15:15:00+00:00;0.101;;
966771;unknown;control;2023-08-03 15:30:00+00:00;0.098;;
966771;unknown;control;2023-08-03 15:45:00+00:00;0.101;;
966771;unknown;control;2023-08-03 16:00:00+00:00;0.243;;
966771;unknown;control;2023-08-03 16:15:00+00:00;0.117;;
966771;unknown;control;2023-08-03 16:30:00+00:00;0.099;;
966771;unknown;control;2023-08-03 16:45:00+00:00;0.102;;
966771;unknown;control;2023-08-03 17:00:00+00:00;0.105;;
966771;unknown;control;2023-08-03 17:15:00+00:00;0.105;;
966771;unknown;control;2023-08-03 17:30:00+00:00;0.107;;
966771;unknown;control;2023-08-03 17:45:00+00:00;0.294;;
966771;unknown;control;2023-08-03 18:00:00+00:00;0.133;;
966771;unknown;control;2023-08-03 18:15:00+00:00;0.1;;
966771;unknown;control;2023-08-03 18:30:00+00:00;0.121;;
966771;unknown;control;2023-08-03 18:45:00+00:00;0.175;;
966771;unknown;control;2023-08-03 19:00:00+00:00;0.191;;
966771;unknown;control;2023-08-03 19:15:00+00:00;0.214;;
966771;unknown;control;2023-08-03 19:30:00+00:00;0.215;;
966771;unknown;control;2023-08-03 19:45:00+00:00;0.213;;
966771;unknown;control;2023-08-03 20:00:00+00:00;0.195;;
966771;unknown;control;2023-08-03 20:15:00+00:00;0.127;;
966771;unknown;control;2023-08-03 20:30:00+00:00;0.093;;
966771;unknown;control;2023-08-03 20:45:00+00:00;0.095;;
966771;unknown;control;2023-08-03 21:00:00+00:00;0.096;;
966771;unknown;control;2023-08-03 21:15:00+00:00;0.089;;
966771;unknown;control;2023-08-03 21:30:00+00:00;0.094;;
966771;unknown;control;2023-08-03 21:45:00+00:00;0.097;;
966771;unknown;control;2023-08-03 22:00:00+00:00;0.088;;
966771;unknown;control;2023-08-03 22:15:00+00:00;0.091;;
966771;unknown;control;2023-08-03 22:30:00+00:00;0.095;;
966771;unknown;control;2023-08-03 22:45:00+00:00;0.088;;
966771;unknown;control;2023-08-03 23:00:00+00:00;0.096;;
966771;unknown;control;2023-08-03 23:15:00+00:00;0.091;;
966771;unknown;control;2023-08-03 23:30:00+00:00;1.357;;
966771;unknown;control;2023-08-03 23:45:00+00:00;1.326;;
966771;unknown;control;2023-08-04 00:00:00+00:00;1.327;;
966771;unknown;control;2023-08-04 00:15:00+00:00;1.35;;
966771;unknown;control;2023-08-04 00:30:00+00:00;0.232;;
966771;unknown;control;2023-08-04 00:45:00+00:00;0.088;;
966771;unknown;control;2023-08-04 01:00:00+00:00;0.092;;
966771;unknown;control;2023-08-04 01:15:00+00:00;0.097;;
966771;unknown;control;2023-08-04 01:30:00+00:00;0.089;;
966771;unknown;control;2023-08-04 01:45:00+00:00;0.089;;
966771;unknown;control;2023-08-04 02:00:00+00:00;0.096;;
966771;unknown;control;2023-08-04 02:15:00+00:00;0.09;;
966771;unknown;control;2023-08-04 02:30:00+00:00;0.094;;
966771;unknown;control;2023-08-04 02:45:00+00:00;0.095;;
966771;unknown;control;2023-08-04 03:00:00+00:00;0.081;;
966771;unknown;control;2023-08-04 03:15:00+00:00;0.094;;
966771;unknown;control;2023-08-04 03:30:00+00:00;0.095;;
966771;unknown;control;2023-08-04 03:45:00+00:00;0.097;;
966771;unknown;control;2023-08-04 04:00:00+00:00;0.089;;
966771;unknown;control;2023-08-04 04:15:00+00:00;0.103;;
966771;unknown;control;2023-08-04 04:30:00+00:00;0.088;;
966771;unknown;control;2023-08-04 04:45:00+00:00;0.097;;
966771;unknown;control;2023-08-04 05:00:00+00:00;0.096;;
966771;unknown;control;2023-08-04 05:15:00+00:00;0.082;;
966771;unknown;control;2023-08-04 05:30:00+00:00;0.106;;
966771;unknown;control;2023-08-04 05:45:00+00:00;0.107;;
966771;unknown;control;2023-08-04 06:00:00+00:00;0.126;;
966771;unknown;control;2023-08-04 06:15:00+00:00;0.124;;
966771;unknown;control;2023-08-04 06:30:00+00:00;0.121;;
966771;unknown;control;2023-08-04 06:45:00+00:00;0.113;;
966771;unknown;control;2023-08-04 07:00:00+00:00;0.107;;
966771;unknown;control;2023-08-04 07:15:00+00:00;0.107;;
966771;unknown;control;2023-08-04 07:30:00+00:00;0.104;;
966771;unknown;control;2023-08-04 07:45:00+00:00;0.121;;
966771;unknown;control;2023-08-04 08:00:00+00:00;0.596;;
966771;unknown;control;2023-08-04 08:15:00+00:00;0.147;;
966771;unknown;control;2023-08-04 08:30:00+00:00;0.108;;
966771;unknown;control;2023-08-04 08:45:00+00:00;0.249;;
966771;unknown;control;2023-08-04 09:00:00+00:00;0.377;;
966771;unknown;control;2023-08-04 09:15:00+00:00;0.09;;
966771;unknown;control;2023-08-04 09:30:00+00:00;0.083;;
966771;unknown;control;2023-08-04 09:45:00+00:00;0.093;;
966771;unknown;control;2023-08-04 10:00:00+00:00;0.09;;
966771;unknown;control;2023-08-04 10:15:00+00:00;0.081;;
966771;unknown;control;2023-08-04 10:30:00+00:00;0.093;;
966771;unknown;control;2023-08-04 10:45:00+00:00;0.093;;
966771;unknown;control;2023-08-04 11:00:00+00:00;0.089;;
966771;unknown;control;2023-08-04 11:15:00+00:00;0.095;;
966771;unknown;control;2023-08-04 11:30:00+00:00;0.084;;
966771;unknown;control;2023-08-04 11:45:00+00:00;0.085;;
966771;unknown;control;2023-08-04 12:00:00+00:00;0.095;;
966771;unknown;control;2023-08-04 12:15:00+00:00;0.086;;
966771;unknown;control;2023-08-04 12:30:00+00:00;0.089;;
966771;unknown;control;2023-08-04 12:45:00+00:00;0.091;;
966771;unknown;control;2023-08-04 13:00:00+00:00;0.083;;
966771;unknown;control;2023-08-04 13:15:00+00:00;0.093;;
966771;unknown;control;2023-08-04 13:30:00+00:00;0.096;;
966771;unknown;control;2023-08-04 13:45:00+00:00;0.082;;
966771;unknown;control;2023-08-04 14:00:00+00:00;0.088;;
966771;unknown;control;2023-08-04 14:15:00+00:00;0.095;;
966771;unknown;control;2023-08-04 14:30:00+00:00;0.086;;
966771;unknown;control;2023-08-04 14:45:00+00:00;0.092;;
966771;unknown;control;2023-08-04 15:00:00+00:00;0.097;;
966771;unknown;control;2023-08-04 15:15:00+00:00;0.101;;
966771;unknown;control;2023-08-04 15:30:00+00:00;0.096;;
966771;unknown;control;2023-08-04 15:45:00+00:00;0.091;;
966771;unknown;control;2023-08-04 16:00:00+00:00;0.081;;
966771;unknown;control;2023-08-04 16:15:00+00:00;0.092;;
966771;unknown;control;2023-08-04 16:30:00+00:00;0.089;;
966771;unknown;control;2023-08-04 16:45:00+00:00;0.088;;
966771;unknown;control;2023-08-04 17:00:00+00:00;0.092;;
966771;unknown;control;2023-08-04 17:15:00+00:00;0.083;;
966771;unknown;control;2023-08-04 17:30:00+00:00;0.089;;
966771;unknown;control;2023-08-04 17:45:00+00:00;0.094;;
966771;unknown;control;2023-08-04 18:00:00+00:00;0.086;;
966771;unknown;control;2023-08-04 18:15:00+00:00;0.086;;
966771;unknown;control;2023-08-04 18:30:00+00:00;0.092;;
966771;unknown;control;2023-08-04 18:45:00+00:00;0.087;;
966771;unknown;control;2023-08-04 19:00:00+00:00;0.103;;
966771;unknown;control;2023-08-04 19:15:00+00:00;0.102;;
966771;unknown;control;2023-08-04 19:30:00+00:00;0.094;;
966771;unknown;control;2023-08-04 19:45:00+00:00;0.106;;
966771;unknown;control;2023-08-04 20:00:00+00:00;0.093;;
966771;unknown;control;2023-08-04 20:15:00+00:00;0.081;;
966771;unknown;control;2023-08-04 20:30:00+00:00;0.089;;
966771;unknown;control;2023-08-04 20:45:00+00:00;0.093;;
966771;unknown;control;2023-08-04 21:00:00+00:00;0.084;;
966771;unknown;control;2023-08-04 21:15:00+00:00;0.093;;
966771;unknown;control;2023-08-04 21:30:00+00:00;0.086;;
966771;unknown;control;2023-08-04 21:45:00+00:00;0.085;;
966771;unknown;control;2023-08-04 22:00:00+00:00;0.095;;
966771;unknown;control;2023-08-04 22:15:00+00:00;0.09;;
966771;unknown;control;2023-08-04 22:30:00+00:00;0.082;;
966771;unknown;control;2023-08-04 22:45:00+00:00;0.09;;
966771;unknown;control;2023-08-04 23:00:00+00:00;0.091;;
966771;unknown;control;2023-08-04 23:15:00+00:00;0.089;;
966771;unknown;control;2023-08-04 23:30:00+00:00;1.357;;
966771;unknown;control;2023-08-04 23:45:00+00:00;1.299;;
966771;unknown;control;2023-08-05 00:00:00+00:00;1.31;;
966771;unknown;control;2023-08-05 00:15:00+00:00;1.326;;
966771;unknown;control;2023-08-05 00:30:00+00:00;0.087;;
966771;unknown;control;2023-08-05 00:45:00+00:00;0.088;;
966771;unknown;control;2023-08-05 01:00:00+00:00;0.093;;
966771;unknown;control;2023-08-05 01:15:00+00:00;0.088;;
966771;unknown;control;2023-08-05 01:30:00+00:00;0.093;;
966771;unknown;control;2023-08-05 01:45:00+00:00;0.092;;
966771;unknown;control;2023-08-05 02:00:00+00:00;0.081;;
966771;unknown;control;2023-08-05 02:15:00+00:00;0.093;;
966771;unknown;control;2023-08-05 02:30:00+00:00;0.094;;
966771;unknown;control;2023-08-05 02:45:00+00:00;0.084;;
966771;unknown;control;2023-08-05 03:00:00+00:00;0.089;;
966771;unknown;control;2023-08-05 03:15:00+00:00;0.09;;
966771;unknown;control;2023-08-05 03:30:00+00:00;0.087;;
966771;unknown;control;2023-08-05 03:45:00+00:00;0.095;;
966771;unknown;control;2023-08-05 04:00:00+00:00;0.09;;
966771;unknown;control;2023-08-05 04:15:00+00:00;0.09;;
966771;unknown;control;2023-08-05 04:30:00+00:00;0.096;;
966771;unknown;control;2023-08-05 04:45:00+00:00;0.129;;
966771;unknown;control;2023-08-05 05:00:00+00:00;0.129;;
966771;unknown;control;2023-08-05 05:15:00+00:00;0.097;;
966771;unknown;control;2023-08-05 05:30:00+00:00;0.103;;
966771;unknown;control;2023-08-05 05:45:00+00:00;0.103;;
966771;unknown;control;2023-08-05 06:00:00+00:00;0.095;;
966771;unknown;control;2023-08-05 06:15:00+00:00;0.082;;
966771;unknown;control;2023-08-05 06:30:00+00:00;0.091;;
966771;unknown;control;2023-08-05 06:45:00+00:00;0.095;;
966771;unknown;control;2023-08-05 07:00:00+00:00;0.085;;
966771;unknown;control;2023-08-05 07:15:00+00:00;0.092;;
966771;unknown;control;2023-08-05 07:30:00+00:00;0.088;;
966771;unknown;control;2023-08-05 07:45:00+00:00;0.084;;
966771;unknown;control;2023-08-05 08:00:00+00:00;0.095;;
966771;unknown;control;2023-08-05 08:15:00+00:00;0.096;;
966771;unknown;control;2023-08-05 08:30:00+00:00;0.081;;
966771;unknown;control;2023-08-05 08:45:00+00:00;0.093;;
966771;unknown;control;2023-08-05 09:00:00+00:00;0.091;;
966771;unknown;control;2023-08-05 09:15:00+00:00;0.091;;
966771;unknown;control;2023-08-05 09:30:00+00:00;0.091;;
966771;unknown;control;2023-08-05 09:45:00+00:00;0.086;;
966771;unknown;control;2023-08-05 10:00:00+00:00;0.091;;
966771;unknown;control;2023-08-05 10:15:00+00:00;0.101;;
966771;unknown;control;2023-08-05 10:30:00+00:00;0.084;;
966771;unknown;control;2023-08-05 10:45:00+00:00;0.086;;
966771;unknown;control;2023-08-05 11:00:00+00:00;0.09;;
966771;unknown;control;2023-08-05 11:15:00+00:00;0.081;;
966771;unknown;control;2023-08-05 11:30:00+00:00;0.088;;
966771;unknown;control;2023-08-05 11:45:00+00:00;0.094;;
966771;unknown;control;2023-08-05 12:00:00+00:00;0.089;;
966771;unknown;control;2023-08-05 12:15:00+00:00;0.095;;
966771;unknown;control;2023-08-05 12:30:00+00:00;0.091;;
966771;unknown;control;2023-08-05 12:45:00+00:00;0.08;;
966771;unknown;control;2023-08-05 13:00:00+00:00;0.093;;
966771;unknown;control;2023-08-05 13:15:00+00:00;0.091;;
966771;unknown;control;2023-08-05 13:30:00+00:00;0.087;;
966771;unknown;control;2023-08-05 13:45:00+00:00;0.092;;
966771;unknown;control;2023-08-05 14:00:00+00:00;0.085;;
966771;unknown;control;2023-08-05 14:15:00+00:00;0.089;;
966771;unknown;control;2023-08-05 14:30:00+00:00;0.095;;
966771;unknown;control;2023-08-05 14:45:00+00:00;0.086;;
966771;unknown;control;2023-08-05 15:00:00+00:00;0.087;;
966771;unknown;control;2023-08-05 15:15:00+00:00;0.093;;
966771;unknown;control;2023-08-05 15:30:00+00:00;0.086;;
966771;unknown;control;2023-08-05 15:45:00+00:00;0.093;;
966771;unknown;control;2023-08-05 16:00:00+00:00;0.089;;
966771;unknown;control;2023-08-05 16:15:00+00:00;0.081;;
966771;unknown;control;2023-08-05 16:30:00+00:00;0.094;;
966771;unknown;control;2023-08-05 16:45:00+00:00;0.092;;
966771;unknown;control;2023-08-05 17:00:00+00:00;0.083;;
966771;unknown;control;2023-08-05 17:15:00+00:00;0.094;;
966771;unknown;control;2023-08-05 17:30:00+00:00;0.089;;
966771;unknown;control;2023-08-05 17:45:00+00:00;0.088;;
966771;unknown;control;2023-08-05 18:00:00+00:00;0.094;;
966771;unknown;control;2023-08-05 18:15:00+00:00;0.084;;
966771;unknown;control;2023-08-05 18:30:00+00:00;0.086;;
966771;unknown;control;2023-08-05 18:45:00+00:00;0.096;;
966771;unknown;control;2023-08-05 19:00:00+00:00;0.099;;
966771;unknown;control;2023-08-05 19:15:00+00:00;0.098;;
966771;unknown;control;2023-08-05 19:30:00+00:00;0.102;;
966771;unknown;control;2023-08-05 19:45:00+00:00;0.097;;
966771;unknown;control;2023-08-05 20:00:00+00:00;0.093;;
966771;unknown;control;2023-08-05 20:15:00+00:00;0.09;;
966771;unknown;control;2023-08-05 20:30:00+00:00;0.08;;
966771;unknown;control;2023-08-05 20:45:00+00:00;0.093;;
966771;unknown;control;2023-08-05 21:00:00+00:00;0.092;;
966771;unknown;control;2023-08-05 21:15:00+00:00;0.084;;
966771;unknown;control;2023-08-05 21:30:00+00:00;0.091;;
966771;unknown;control;2023-08-05 21:45:00+00:00;0.088;;
966771;unknown;control;2023-08-05 22:00:00+00:00;0.086;;
966771;unknown;control;2023-08-05 22:15:00+00:00;0.094;;
966771;unknown;control;2023-08-05 22:30:00+00:00;0.085;;
966771;unknown;control;2023-08-05 22:45:00+00:00;0.084;;
966771;unknown;control;2023-08-05 23:00:00+00:00;0.095;;
966771;unknown;control;2023-08-05 23:15:00+00:00;0.087;;
966771;unknown;control;2023-08-05 23:30:00+00:00;1.346;;
966771;unknown;control;2023-08-05 23:45:00+00:00;1.297;;
966771;unknown;control;2023-08-06 00:00:00+00:00;0.557;;
966771;unknown;control;2023-08-06 00:15:00+00:00;0.091;;
966771;unknown;control;2023-08-06 00:30:00+00:00;0.091;;
966771;unknown;control;2023-08-06 00:45:00+00:00;0.081;;
966771;unknown;control;2023-08-06 01:00:00+00:00;0.093;;
966771;unknown;control;2023-08-06 01:15:00+00:00;0.093;;
966771;unknown;control;2023-08-06 01:30:00+00:00;0.088;;
966771;unknown;control;2023-08-06 01:45:00+00:00;0.09;;
966771;unknown;control;2023-08-06 02:00:00+00:00;0.086;;
966771;unknown;control;2023-08-06 02:15:00+00:00;0.089;;
966771;unknown;control;2023-08-06 02:30:00+00:00;0.096;;
966771;unknown;control;2023-08-06 02:45:00+00:00;0.086;;
966771;unknown;control;2023-08-06 03:00:00+00:00;0.084;;
966771;unknown;control;2023-08-06 03:15:00+00:00;0.095;;
966771;unknown;control;2023-08-06 03:30:00+00:00;0.088;;
966771;unknown;control;2023-08-06 03:45:00+00:00;0.089;;
966771;unknown;control;2023-08-06 04:00:00+00:00;0.091;;
966771;unknown;control;2023-08-06 04:15:00+00:00;0.084;;
966771;unknown;control;2023-08-06 04:30:00+00:00;0.093;;
966771;unknown;control;2023-08-06 04:45:00+00:00;0.095;;
966771;unknown;control;2023-08-06 05:00:00+00:00;0.081;;
966771;unknown;control;2023-08-06 05:15:00+00:00;0.09;;
966771;unknown;control;2023-08-06 05:30:00+00:00;0.094;;
966771;unknown;control;2023-08-06 05:45:00+00:00;0.086;;
966771;unknown;control;2023-08-06 06:00:00+00:00;0.093;;
966771;unknown;control;2023-08-06 06:15:00+00:00;0.087;;
966771;unknown;control;2023-08-06 06:30:00+00:00;0.085;;
966771;unknown;control;2023-08-06 06:45:00+00:00;0.096;;
966771;unknown;control;2023-08-06 07:00:00+00:00;0.088;;
966771;unknown;control;2023-08-06 07:15:00+00:00;0.083;;
966771;unknown;control;2023-08-06 07:30:00+00:00;0.091;;
966771;unknown;control;2023-08-06 07:45:00+00:00;0.089;;
966771;unknown;control;2023-08-06 08:00:00+00:00;0.089;;
966771;unknown;control;2023-08-06 08:15:00+00:00;0.091;;
966771;unknown;control;2023-08-06 08:30:00+00:00;0.081;;
966771;unknown;control;2023-08-06 08:45:00+00:00;0.091;;
966771;unknown;control;2023-08-06 09:00:00+00:00;0.094;;
966771;unknown;control;2023-08-06 09:15:00+00:00;0.083;;
966771;unknown;control;2023-08-06 09:30:00+00:00;0.087;;
966771;unknown;control;2023-08-06 09:45:00+00:00;0.091;;
966771;unknown;control;2023-08-06 10:00:00+00:00;0.085;;
966771;unknown;control;2023-08-06 10:15:00+00:00;0.094;;
966771;unknown;control;2023-08-06 10:30:00+00:00;0.086;;
966771;unknown;control;2023-08-06 10:45:00+00:00;0.081;;
966771;unknown;control;2023-08-06 11:00:00+00:00;0.097;;
966771;unknown;control;2023-08-06 11:15:00+00:00;0.095;;
966771;unknown;control;2023-08-06 11:30:00+00:00;0.082;;
966771;unknown;control;2023-08-06 11:45:00+00:00;0.09;;
966771;unknown;control;2023-08-06 12:00:00+00:00;0.085;;
966771;unknown;control;2023-08-06 12:15:00+00:00;0.084;;
966771;unknown;control;2023-08-06 12:30:00+00:00;0.09;;
966771;unknown;control;2023-08-06 12:45:00+00:00;0.09;;
966771;unknown;control;2023-08-06 13:00:00+00:00;0.092;;
966771;unknown;control;2023-08-06 13:15:00+00:00;0.096;;
966771;unknown;control;2023-08-06 13:30:00+00:00;0.083;;
966771;unknown;control;2023-08-06 13:45:00+00:00;0.087;;
966771;unknown;control;2023-08-06 14:00:00+00:00;0.092;;
966771;unknown;control;2023-08-06 14:15:00+00:00;0.086;;
966771;unknown;control;2023-08-06 14:30:00+00:00;0.093;;
966771;unknown;control;2023-08-06 14:45:00+00:00;0.089;;
966771;unknown;control;2023-08-06 15:00:00+00:00;0.08;;
966771;unknown;control;2023-08-06 15:15:00+00:00;0.095;;
966771;unknown;control;2023-08-06 15:30:00+00:00;0.104;;
966771;unknown;control;2023-08-06 15:45:00+00:00;0.09;;
966771;unknown;control;2023-08-06 16:00:00+00:00;0.096;;
966771;unknown;control;2023-08-06 16:15:00+00:00;0.087;;
966771;unknown;control;2023-08-06 16:30:00+00:00;0.106;;
966771;unknown;control;2023-08-06 16:45:00+00:00;0.128;;
966771;unknown;control;2023-08-06 17:00:00+00:00;0.12;;
966771;unknown;control;2023-08-06 17:15:00+00:00;0.117;;
966771;unknown;control;2023-08-06 17:30:00+00:00;0.31;;
966771;unknown;control;2023-08-06 17:45:00+00:00;0.362;;
966771;unknown;control;2023-08-06 18:00:00+00:00;0.093;;
966771;unknown;control;2023-08-06 18:15:00+00:00;0.127;;
966771;unknown;control;2023-08-06 18:30:00+00:00;0.135;;
966771;unknown;control;2023-08-06 18:45:00+00:00;0.145;;
966771;unknown;control;2023-08-06 19:00:00+00:00;0.147;;
966771;unknown;control;2023-08-06 19:15:00+00:00;0.147;;
966771;unknown;control;2023-08-06 19:30:00+00:00;0.142;;
966771;unknown;control;2023-08-06 19:45:00+00:00;0.106;;
966771;unknown;control;2023-08-06 20:00:00+00:00;0.088;;
966771;unknown;control;2023-08-06 20:15:00+00:00;0.099;;
966771;unknown;control;2023-08-06 20:30:00+00:00;0.094;;
966771;unknown;control;2023-08-06 20:45:00+00:00;0.084;;
966771;unknown;control;2023-08-06 21:00:00+00:00;0.096;;
966771;unknown;control;2023-08-06 21:15:00+00:00;0.092;;
966771;unknown;control;2023-08-06 21:30:00+00:00;0.09;;
966771;unknown;control;2023-08-06 21:45:00+00:00;0.096;;
966771;unknown;control;2023-08-06 22:00:00+00:00;0.086;;
966771;unknown;control;2023-08-06 22:15:00+00:00;0.092;;
966771;unknown;control;2023-08-06 22:30:00+00:00;0.097;;
966771;unknown;control;2023-08-06 22:45:00+00:00;0.084;;
966771;unknown;control;2023-08-06 23:00:00+00:00;0.108;;
966771;unknown;control;2023-08-06 23:15:00+00:00;0.105;;
966771;unknown;control;2023-08-06 23:30:00+00:00;1.338;;
966771;unknown;control;2023-08-06 23:45:00+00:00;1.293;;
966771;unknown;control;2023-08-07 00:00:00+00:00;0.709;;
966771;unknown;control;2023-08-07 00:15:00+00:00;0.082;;
966771;unknown;control;2023-08-07 00:30:00+00:00;0.097;;
966771;unknown;control;2023-08-07 00:45:00+00:00;0.091;;
966771;unknown;control;2023-08-07 01:00:00+00:00;0.084;;
966771;unknown;control;2023-08-07 01:15:00+00:00;0.091;;
966771;unknown;control;2023-08-07 01:30:00+00:00;0.091;;
966771;unknown;control;2023-08-07 01:45:00+00:00;0.092;;
966771;unknown;control;2023-08-07 02:00:00+00:00;0.096;;
966771;unknown;control;2023-08-07 02:15:00+00:00;0.084;;
966771;unknown;control;2023-08-07 02:30:00+00:00;0.091;;
966771;unknown;control;2023-08-07 02:45:00+00:00;0.097;;
966771;unknown;control;2023-08-07 03:00:00+00:00;0.085;;
966771;unknown;control;2023-08-07 03:15:00+00:00;0.101;;
966771;unknown;control;2023-08-07 03:30:00+00:00;0.092;;
966771;unknown;control;2023-08-07 03:45:00+00:00;0.087;;
966771;unknown;control;2023-08-07 04:00:00+00:00;0.096;;
966771;unknown;control;2023-08-07 04:15:00+00:00;0.095;;
966771;unknown;control;2023-08-07 04:30:00+00:00;0.092;;
966771;unknown;control;2023-08-07 04:45:00+00:00;0.104;;
966771;unknown;control;2023-08-07 05:00:00+00:00;0.099;;
966771;unknown;control;2023-08-07 05:15:00+00:00;0.086;;
966771;unknown;control;2023-08-07 05:30:00+00:00;0.095;;
966771;unknown;control;2023-08-07 05:45:00+00:00;0.277;;
966771;unknown;control;2023-08-07 06:00:00+00:00;0.304;;
966771;unknown;control;2023-08-07 06:15:00+00:00;0.142;;
966771;unknown;control;2023-08-07 06:30:00+00:00;0.123;;
966771;unknown;control;2023-08-07 06:45:00+00:00;0.141;;
966771;unknown;control;2023-08-07 07:00:00+00:00;0.198;;
966771;unknown;control;2023-08-07 07:15:00+00:00;0.129;;
966771;unknown;control;2023-08-07 07:30:00+00:00;0.113;;
966771;unknown;control;2023-08-07 07:45:00+00:00;0.111;;
966771;unknown;control;2023-08-07 08:00:00+00:00;0.109;;
966771;unknown;control;2023-08-07 08:15:00+00:00;0.118;;
966771;unknown;control;2023-08-07 08:30:00+00:00;0.099;;
966771;unknown;control;2023-08-07 08:45:00+00:00;0.088;;
966771;unknown;control;2023-08-07 09:00:00+00:00;0.1;;
966771;unknown;control;2023-08-07 09:15:00+00:00;0.279;;
966771;unknown;control;2023-08-07 09:30:00+00:00;0.426;;
966771;unknown;control;2023-08-07 09:45:00+00:00;0.201;;
966771;unknown;control;2023-08-07 10:00:00+00:00;0.101;;
966771;unknown;control;2023-08-07 10:15:00+00:00;0.107;;
966771;unknown;control;2023-08-07 10:30:00+00:00;0.109;;
966771;unknown;control;2023-08-07 10:45:00+00:00;0.099;;
966771;unknown;control;2023-08-07 11:00:00+00:00;0.102;;
966771;unknown;control;2023-08-07 11:15:00+00:00;0.104;;
966771;unknown;control;2023-08-07 11:30:00+00:00;0.093;;
966771;unknown;control;2023-08-07 11:45:00+00:00;0.103;;
966771;unknown;control;2023-08-07 12:00:00+00:00;0.102;;
966771;unknown;control;2023-08-07 12:15:00+00:00;0.086;;
966771;unknown;control;2023-08-07 12:30:00+00:00;0.096;;
966771;unknown;control;2023-08-07 12:45:00+00:00;0.094;;
966771;unknown;control;2023-08-07 13:00:00+00:00;0.088;;
966771;unknown;control;2023-08-07 13:15:00+00:00;0.097;;
966771;unknown;control;2023-08-07 13:30:00+00:00;0.113;;
966771;unknown;control;2023-08-07 13:45:00+00:00;0.121;;
966771;unknown;control;2023-08-07 14:00:00+00:00;0.124;;
966771;unknown;control;2023-08-07 14:15:00+00:00;0.114;;
966771;unknown;control;2023-08-07 14:30:00+00:00;0.104;;
966771;unknown;control;2023-08-07 14:45:00+00:00;0.107;;
966771;unknown;control;2023-08-07 15:00:00+00:00;0.093;;
966771;unknown;control;2023-08-07 15:15:00+00:00;0.099;;
966771;unknown;control;2023-08-07 15:30:00+00:00;0.094;;
966771;unknown;control;2023-08-07 15:45:00+00:00;0.111;;
966771;unknown;control;2023-08-07 16:00:00+00:00;0.099;;
966771;unknown;control;2023-08-07 16:15:00+00:00;0.169;;
966771;unknown;control;2023-08-07 16:30:00+00:00;0.206;;
966771;unknown;control;2023-08-07 16:45:00+00:00;0.134;;
966771;unknown;control;2023-08-07 17:00:00+00:00;0.129;;
966771;unknown;control;2023-08-07 17:15:00+00:00;0.12;;
966771;unknown;control;2023-08-07 17:30:00+00:00;0.099;;
966771;unknown;control;2023-08-07 17:45:00+00:00;0.105;;
966771;unknown;control;2023-08-07 18:00:00+00:00;0.123;;
966771;unknown;control;2023-08-07 18:15:00+00:00;0.139;;
966771;unknown;control;2023-08-07 18:30:00+00:00;0.131;;
966771;unknown;control;2023-08-07 18:45:00+00:00;0.132;;
966771;unknown;control;2023-08-07 19:00:00+00:00;0.145;;
966771;unknown;control;2023-08-07 19:15:00+00:00;0.142;;
966771;unknown;control;2023-08-07 19:30:00+00:00;0.141;;
966771;unknown;control;2023-08-07 19:45:00+00:00;0.145;;
966771;unknown;control;2023-08-07 20:00:00+00:00;0.089;;
966771;unknown;control;2023-08-07 20:15:00+00:00;0.095;;
966771;unknown;control;2023-08-07 20:30:00+00:00;0.09;;
966771;unknown;control;2023-08-07 20:45:00+00:00;0.087;;
966771;unknown;control;2023-08-07 21:00:00+00:00;0.097;;
966771;unknown;control;2023-08-07 21:15:00+00:00;0.092;;
966771;unknown;control;2023-08-07 21:30:00+00:00;0.086;;
966771;unknown;control;2023-08-07 21:45:00+00:00;0.095;;
966771;unknown;control;2023-08-07 22:00:00+00:00;0.091;;
966771;unknown;control;2023-08-07 22:15:00+00:00;0.09;;
966771;unknown;control;2023-08-07 22:30:00+00:00;0.095;;
966771;unknown;control;2023-08-07 22:45:00+00:00;0.086;;
966771;unknown;control;2023-08-07 23:00:00+00:00;0.09;;
966771;unknown;control;2023-08-07 23:15:00+00:00;0.098;;
966771;unknown;control;2023-08-07 23:30:00+00:00;1.338;;
966771;unknown;control;2023-08-07 23:45:00+00:00;1.287;;
966771;unknown;control;2023-08-08 00:00:00+00:00;1.3;;
966771;unknown;control;2023-08-08 00:15:00+00:00;0.833;;
966771;unknown;control;2023-08-08 00:30:00+00:00;0.093;;
966771;unknown;control;2023-08-08 00:45:00+00:00;0.095;;
966771;unknown;control;2023-08-08 01:00:00+00:00;0.082;;
966771;unknown;control;2023-08-08 01:15:00+00:00;0.093;;
966771;unknown;control;2023-08-08 01:30:00+00:00;0.108;;
966771;unknown;control;2023-08-08 01:45:00+00:00;0.089;;
966771;unknown;control;2023-08-08 02:00:00+00:00;0.096;;
966771;unknown;control;2023-08-08 02:15:00+00:00;0.088;;
966771;unknown;control;2023-08-08 02:30:00+00:00;0.09;;
966771;unknown;control;2023-08-08 02:45:00+00:00;0.109;;
966771;unknown;control;2023-08-08 03:00:00+00:00;0.088;;
966771;unknown;control;2023-08-08 03:15:00+00:00;0.086;;
966771;unknown;control;2023-08-08 03:30:00+00:00;0.092;;
966771;unknown;control;2023-08-08 03:45:00+00:00;0.092;;
966771;unknown;control;2023-08-08 04:00:00+00:00;0.094;;
966771;unknown;control;2023-08-08 04:15:00+00:00;0.095;;
966771;unknown;control;2023-08-08 04:30:00+00:00;0.083;;
966771;unknown;control;2023-08-08 04:45:00+00:00;0.116;;
966771;unknown;control;2023-08-08 05:00:00+00:00;0.1;;
966771;unknown;control;2023-08-08 05:15:00+00:00;0.088;;
966771;unknown;control;2023-08-08 05:30:00+00:00;0.1;;
966771;unknown;control;2023-08-08 05:45:00+00:00;0.088;;
966771;unknown;control;2023-08-08 06:00:00+00:00;0.085;;
966771;unknown;control;2023-08-08 06:15:00+00:00;0.096;;
966771;unknown;control;2023-08-08 06:30:00+00:00;0.464;;
966771;unknown;control;2023-08-08 06:45:00+00:00;0.109;;
966771;unknown;control;2023-08-08 07:00:00+00:00;0.131;;
966771;unknown;control;2023-08-08 07:15:00+00:00;0.131;;
966771;unknown;control;2023-08-08 07:30:00+00:00;0.119;;
966771;unknown;control;2023-08-08 07:45:00+00:00;0.144;;
966771;unknown;control;2023-08-08 08:00:00+00:00;0.483;;
966771;unknown;control;2023-08-08 08:15:00+00:00;0.276;;
966771;unknown;control;2023-08-08 08:30:00+00:00;0.136;;
966771;unknown;control;2023-08-08 08:45:00+00:00;0.147;;
966771;unknown;control;2023-08-08 09:00:00+00:00;0.11;;
966771;unknown;control;2023-08-08 09:15:00+00:00;0.119;;
966771;unknown;control;2023-08-08 09:30:00+00:00;0.157;;
966771;unknown;control;2023-08-08 09:45:00+00:00;0.126;;
966771;unknown;control;2023-08-08 10:00:00+00:00;0.115;;
966771;unknown;control;2023-08-08 10:15:00+00:00;0.112;;
966771;unknown;control;2023-08-08 10:30:00+00:00;0.106;;
966771;unknown;control;2023-08-08 10:45:00+00:00;0.096;;
966771;unknown;control;2023-08-08 11:00:00+00:00;0.097;;
966771;unknown;control;2023-08-08 11:15:00+00:00;0.103;;
966771;unknown;control;2023-08-08 11:30:00+00:00;0.095;;
966771;unknown;control;2023-08-08 11:45:00+00:00;0.089;;
966771;unknown;control;2023-08-08 12:00:00+00:00;0.1;;
966771;unknown;control;2023-08-08 12:15:00+00:00;0.098;;
966771;unknown;control;2023-08-08 12:30:00+00:00;0.097;;
966771;unknown;control;2023-08-08 12:45:00+00:00;0.107;;
966771;unknown;control;2023-08-08 13:00:00+00:00;0.101;;
966771;unknown;control;2023-08-08 13:15:00+00:00;0.18;;
966771;unknown;control;2023-08-08 13:30:00+00:00;0.118;;
966771;unknown;control;2023-08-08 13:45:00+00:00;0.089;;
966771;unknown;control;2023-08-08 14:00:00+00:00;0.1;;
966771;unknown;control;2023-08-08 14:15:00+00:00;0.106;;
966771;unknown;control;2023-08-08 14:30:00+00:00;0.096;;
966771;unknown;control;2023-08-08 14:45:00+00:00;0.099;;
966771;unknown;control;2023-08-08 15:00:00+00:00;0.097;;
966771;unknown;control;2023-08-08 15:15:00+00:00;0.095;;
966771;unknown;control;2023-08-08 15:30:00+00:00;0.115;;
966771;unknown;control;2023-08-08 15:45:00+00:00;0.191;;
966771;unknown;control;2023-08-08 16:00:00+00:00;0.095;;
966771;unknown;control;2023-08-08 16:15:00+00:00;0.099;;
966771;unknown;control;2023-08-08 16:30:00+00:00;0.114;;
966771;unknown;control;2023-08-08 16:45:00+00:00;0.13;;
966771;unknown;control;2023-08-08 17:00:00+00:00;0.134;;
966771;unknown;control;2023-08-08 17:15:00+00:00;0.124;;
966771;unknown;control;2023-08-08 17:30:00+00:00;0.126;;
966771;unknown;control;2023-08-08 17:45:00+00:00;0.134;;
966771;unknown;control;2023-08-08 18:00:00+00:00;0.123;;
966771;unknown;control;2023-08-08 18:15:00+00:00;0.125;;
966771;unknown;control;2023-08-08 18:30:00+00:00;0.132;;
966771;unknown;control;2023-08-08 18:45:00+00:00;0.127;;
966771;unknown;control;2023-08-08 19:00:00+00:00;0.141;;
966771;unknown;control;2023-08-08 19:15:00+00:00;0.141;;
966771;unknown;control;2023-08-08 19:30:00+00:00;0.127;;
966771;unknown;control;2023-08-08 19:45:00+00:00;0.149;;
966771;unknown;control;2023-08-08 20:00:00+00:00;0.108;;
966771;unknown;control;2023-08-08 20:15:00+00:00;0.088;;
966771;unknown;control;2023-08-08 20:30:00+00:00;0.1;;
966771;unknown;control;2023-08-08 20:45:00+00:00;0.091;;
966771;unknown;control;2023-08-08 21:00:00+00:00;0.089;;
966771;unknown;control;2023-08-08 21:15:00+00:00;0.095;;
966771;unknown;control;2023-08-08 21:30:00+00:00;0.093;;
966771;unknown;control;2023-08-08 21:45:00+00:00;0.091;;
966771;unknown;control;2023-08-08 22:00:00+00:00;0.092;;
966771;unknown;control;2023-08-08 22:15:00+00:00;0.087;;
966771;unknown;control;2023-08-08 22:30:00+00:00;0.096;;
966771;unknown;control;2023-08-08 22:45:00+00:00;0.092;;
966771;unknown;control;2023-08-08 23:00:00+00:00;0.083;;
966771;unknown;control;2023-08-08 23:15:00+00:00;0.099;;
966771;unknown;control;2023-08-08 23:30:00+00:00;1.359;;
966771;unknown;control;2023-08-08 23:45:00+00:00;1.301;;
966771;unknown;control;2023-08-09 00:00:00+00:00;1.307;;
966771;unknown;control;2023-08-09 00:15:00+00:00;1.34;;
966771;unknown;control;2023-08-09 00:30:00+00:00;0.426;;
966771;unknown;control;2023-08-09 00:45:00+00:00;0.093;;
966771;unknown;control;2023-08-09 01:00:00+00:00;0.088;;
966771;unknown;control;2023-08-09 01:15:00+00:00;0.095;;
966771;unknown;control;2023-08-09 01:30:00+00:00;0.093;;
966771;unknown;control;2023-08-09 01:45:00+00:00;0.085;;
966771;unknown;control;2023-08-09 02:00:00+00:00;0.097;;
966771;unknown;control;2023-08-09 02:15:00+00:00;0.121;;
966771;unknown;control;2023-08-09 02:30:00+00:00;0.091;;
966771;unknown;control;2023-08-09 02:45:00+00:00;0.097;;
966771;unknown;control;2023-08-09 03:00:00+00:00;0.095;;
966771;unknown;control;2023-08-09 03:15:00+00:00;0.088;;
966771;unknown;control;2023-08-09 03:30:00+00:00;0.092;;
966771;unknown;control;2023-08-09 03:45:00+00:00;0.089;;
966771;unknown;control;2023-08-09 04:00:00+00:00;0.092;;
966771;unknown;control;2023-08-09 04:15:00+00:00;0.109;;
966771;unknown;control;2023-08-09 04:30:00+00:00;0.085;;
966771;unknown;control;2023-08-09 04:45:00+00:00;0.091;;
966771;unknown;control;2023-08-09 05:00:00+00:00;0.117;;
966771;unknown;control;2023-08-09 05:15:00+00:00;0.084;;
966771;unknown;control;2023-08-09 05:30:00+00:00;0.143;;
966771;unknown;control;2023-08-09 05:45:00+00:00;0.606;;
966771;unknown;control;2023-08-09 06:00:00+00:00;0.138;;
966771;unknown;control;2023-08-09 06:15:00+00:00;0.609;;
966771;unknown;control;2023-08-09 06:30:00+00:00;0.727;;
966771;unknown;control;2023-08-09 06:45:00+00:00;0.413;;
966771;unknown;control;2023-08-09 07:00:00+00:00;0.146;;
966771;unknown;control;2023-08-09 07:15:00+00:00;0.138;;
966771;unknown;control;2023-08-09 07:30:00+00:00;0.095;;
966771;unknown;control;2023-08-09 07:45:00+00:00;0.104;;
966771;unknown;control;2023-08-09 08:00:00+00:00;0.09;;
966771;unknown;control;2023-08-09 08:15:00+00:00;0.093;;
966771;unknown;control;2023-08-09 08:30:00+00:00;0.108;;
966771;unknown;control;2023-08-09 08:45:00+00:00;0.111;;
966771;unknown;control;2023-08-09 09:00:00+00:00;0.1;;
966771;unknown;control;2023-08-09 09:15:00+00:00;0.094;;
966771;unknown;control;2023-08-09 09:30:00+00:00;0.1;;
966771;unknown;control;2023-08-09 09:45:00+00:00;0.287;;
966771;unknown;control;2023-08-09 10:00:00+00:00;0.267;;
966771;unknown;control;2023-08-09 10:15:00+00:00;0.095;;
966771;unknown;control;2023-08-09 10:30:00+00:00;0.096;;
966771;unknown;control;2023-08-09 10:45:00+00:00;0.09;;
966771;unknown;control;2023-08-09 11:00:00+00:00;0.096;;
966771;unknown;control;2023-08-09 11:15:00+00:00;0.198;;
966771;unknown;control;2023-08-09 11:30:00+00:00;0.234;;
966771;unknown;control;2023-08-09 11:45:00+00:00;0.264;;
966771;unknown;control;2023-08-09 12:00:00+00:00;0.275;;
966771;unknown;control;2023-08-09 12:15:00+00:00;0.267;;
966771;unknown;control;2023-08-09 12:30:00+00:00;0.161;;
966771;unknown;control;2023-08-09 12:45:00+00:00;0.094;;
966771;unknown;control;2023-08-09 13:00:00+00:00;0.089;;
966771;unknown;control;2023-08-09 13:15:00+00:00;0.105;;
966771;unknown;control;2023-08-09 13:30:00+00:00;0.098;;
966771;unknown;control;2023-08-09 13:45:00+00:00;0.09;;
966771;unknown;control;2023-08-09 14:00:00+00:00;0.097;;
966771;unknown;control;2023-08-09 14:15:00+00:00;0.09;;
966771;unknown;control;2023-08-09 14:30:00+00:00;0.096;;
966771;unknown;control;2023-08-09 14:45:00+00:00;0.104;;
966771;unknown;control;2023-08-09 15:00:00+00:00;0.094;;
966771;unknown;control;2023-08-09 15:15:00+00:00;0.096;;
966771;unknown;control;2023-08-09 15:30:00+00:00;0.096;;
966771;unknown;control;2023-08-09 15:45:00+00:00;0.095;;
966771;unknown;control;2023-08-09 16:00:00+00:00;0.335;;
966771;unknown;control;2023-08-09 16:15:00+00:00;0.402;;
966771;unknown;control;2023-08-09 16:30:00+00:00;0.094;;
966771;unknown;control;2023-08-09 16:45:00+00:00;0.102;;
966771;unknown;control;2023-08-09 17:00:00+00:00;0.132;;
966771;unknown;control;2023-08-09 17:15:00+00:00;0.124;;
966771;unknown;control;2023-08-09 17:30:00+00:00;0.136;;
966771;unknown;control;2023-08-09 17:45:00+00:00;0.128;;
966771;unknown;control;2023-08-09 18:00:00+00:00;0.125;;
966771;unknown;control;2023-08-09 18:15:00+00:00;0.132;;
966771;unknown;control;2023-08-09 18:30:00+00:00;0.128;;
966771;unknown;control;2023-08-09 18:45:00+00:00;0.131;;
966771;unknown;control;2023-08-09 19:00:00+00:00;0.144;;
966771;unknown;control;2023-08-09 19:15:00+00:00;0.133;;
966771;unknown;control;2023-08-09 19:30:00+00:00;0.141;;
966771;unknown;control;2023-08-09 19:45:00+00:00;0.142;;
966771;unknown;control;2023-08-09 20:00:00+00:00;0.122;;
966771;unknown;control;2023-08-09 20:15:00+00:00;0.102;;
966771;unknown;control;2023-08-09 20:30:00+00:00;0.098;;
966771;unknown;control;2023-08-09 20:45:00+00:00;0.093;;
966771;unknown;control;2023-08-09 21:00:00+00:00;0.098;;
966771;unknown;control;2023-08-09 21:15:00+00:00;0.091;;
966771;unknown;control;2023-08-09 21:30:00+00:00;0.088;;
966771;unknown;control;2023-08-09 21:45:00+00:00;0.095;;
966771;unknown;control;2023-08-09 22:00:00+00:00;0.103;;
966771;unknown;control;2023-08-09 22:15:00+00:00;0.093;;
966771;unknown;control;2023-08-09 22:30:00+00:00;0.092;;
966771;unknown;control;2023-08-09 22:45:00+00:00;0.086;;
966771;unknown;control;2023-08-09 23:00:00+00:00;0.094;;
966771;unknown;control;2023-08-09 23:15:00+00:00;0.093;;
966771;unknown;control;2023-08-09 23:30:00+00:00;1.333;;
966771;unknown;control;2023-08-09 23:45:00+00:00;1.303;;
966771;unknown;control;2023-08-10 00:00:00+00:00;1.3;;
966771;unknown;control;2023-08-10 00:15:00+00:00;1.33;;
966771;unknown;control;2023-08-10 00:30:00+00:00;1.34;;
966771;unknown;control;2023-08-10 00:45:00+00:00;0.557;;
966771;unknown;control;2023-08-10 01:00:00+00:00;0.091;;
966771;unknown;control;2023-08-10 01:15:00+00:00;0.092;;
966771;unknown;control;2023-08-10 01:30:00+00:00;0.087;;
966771;unknown;control;2023-08-10 01:45:00+00:00;0.093;;
966771;unknown;control;2023-08-10 02:00:00+00:00;0.095;;
966771;unknown;control;2023-08-10 02:15:00+00:00;0.086;;
966771;unknown;control;2023-08-10 02:30:00+00:00;0.096;;
966771;unknown;control;2023-08-10 02:45:00+00:00;0.095;;
966771;unknown;control;2023-08-10 03:00:00+00:00;0.082;;
966771;unknown;control;2023-08-10 03:15:00+00:00;0.095;;
966771;unknown;control;2023-08-10 03:30:00+00:00;0.094;;
966771;unknown;control;2023-08-10 03:45:00+00:00;0.096;;
966771;unknown;control;2023-08-10 04:00:00+00:00;0.095;;
966771;unknown;control;2023-08-10 04:15:00+00:00;0.092;;
966771;unknown;control;2023-08-10 04:30:00+00:00;0.088;;
966771;unknown;control;2023-08-10 04:45:00+00:00;0.103;;
966771;unknown;control;2023-08-10 05:00:00+00:00;0.353;;
966771;unknown;control;2023-08-10 05:15:00+00:00;0.714;;
966771;unknown;control;2023-08-10 05:30:00+00:00;0.126;;
966771;unknown;control;2023-08-10 05:45:00+00:00;0.132;;
966771;unknown;control;2023-08-10 06:00:00+00:00;0.323;;
966771;unknown;control;2023-08-10 06:15:00+00:00;0.274;;
966771;unknown;control;2023-08-10 06:30:00+00:00;0.199;;
966771;unknown;control;2023-08-10 06:45:00+00:00;0.229;;
966771;unknown;control;2023-08-10 07:00:00+00:00;0.285;;
966771;unknown;control;2023-08-10 07:15:00+00:00;0.256;;
966771;unknown;control;2023-08-10 07:30:00+00:00;0.19;;
966771;unknown;control;2023-08-10 07:45:00+00:00;0.1;;
966771;unknown;control;2023-08-10 08:00:00+00:00;0.093;;
966771;unknown;control;2023-08-10 08:15:00+00:00;0.096;;
966771;unknown;control;2023-08-10 08:30:00+00:00;0.09;;
966771;unknown;control;2023-08-10 08:45:00+00:00;0.097;;
966771;unknown;control;2023-08-10 09:00:00+00:00;0.099;;
966771;unknown;control;2023-08-10 09:15:00+00:00;0.089;;
966771;unknown;control;2023-08-10 09:30:00+00:00;0.107;;
966771;unknown;control;2023-08-10 09:45:00+00:00;0.099;;
966771;unknown;control;2023-08-10 10:00:00+00:00;0.089;;
966771;unknown;control;2023-08-10 10:15:00+00:00;0.249;;
966771;unknown;control;2023-08-10 10:30:00+00:00;0.222;;
966771;unknown;control;2023-08-10 10:45:00+00:00;0.379;;
966771;unknown;control;2023-08-10 11:00:00+00:00;0.205;;
966771;unknown;control;2023-08-10 11:15:00+00:00;0.374;;
966771;unknown;control;2023-08-10 11:30:00+00:00;0.337;;
966771;unknown;control;2023-08-10 11:45:00+00:00;0.266;;
966771;unknown;control;2023-08-10 12:00:00+00:00;0.254;;
966771;unknown;control;2023-08-10 12:15:00+00:00;0.107;;
966771;unknown;control;2023-08-10 12:30:00+00:00;0.102;;
966771;unknown;control;2023-08-10 12:45:00+00:00;0.493;;
966771;unknown;control;2023-08-10 13:00:00+00:00;0.343;;
966771;unknown;control;2023-08-10 13:15:00+00:00;0.308;;
966771;unknown;control;2023-08-10 13:30:00+00:00;0.183;;
966771;unknown;control;2023-08-10 13:45:00+00:00;0.107;;
966771;unknown;control;2023-08-10 14:00:00+00:00;0.109;;
966771;unknown;control;2023-08-10 14:15:00+00:00;0.097;;
966771;unknown;control;2023-08-10 14:30:00+00:00;0.099;;
966771;unknown;control;2023-08-10 14:45:00+00:00;0.092;;
966771;unknown;control;2023-08-10 15:00:00+00:00;0.265;;
966771;unknown;control;2023-08-10 15:15:00+00:00;0.152;;
966771;unknown;control;2023-08-10 15:30:00+00:00;0.096;;
966771;unknown;control;2023-08-10 15:45:00+00:00;0.105;;
966771;unknown;control;2023-08-10 16:00:00+00:00;0.1;;
966771;unknown;control;2023-08-10 16:15:00+00:00;0.092;;
966771;unknown;control;2023-08-10 16:30:00+00:00;0.113;;
966771;unknown;control;2023-08-10 16:45:00+00:00;0.102;;
966771;unknown;control;2023-08-10 17:00:00+00:00;0.091;;
966771;unknown;control;2023-08-10 17:15:00+00:00;0.107;;
966771;unknown;control;2023-08-10 17:30:00+00:00;0.105;;
966771;unknown;control;2023-08-10 17:45:00+00:00;0.1;;
966771;unknown;control;2023-08-10 18:00:00+00:00;0.105;;
966771;unknown;control;2023-08-10 18:15:00+00:00;0.095;;
966771;unknown;control;2023-08-10 18:30:00+00:00;0.096;;
966771;unknown;control;2023-08-10 18:45:00+00:00;0.113;;
966771;unknown;control;2023-08-10 19:00:00+00:00;0.107;;
966771;unknown;control;2023-08-10 19:15:00+00:00;0.107;;
966771;unknown;control;2023-08-10 19:30:00+00:00;0.116;;
966771;unknown;control;2023-08-10 19:45:00+00:00;0.108;;
966771;unknown;control;2023-08-10 20:00:00+00:00;0.094;;
966771;unknown;control;2023-08-10 20:15:00+00:00;0.104;;
966771;unknown;control;2023-08-10 20:30:00+00:00;0.09;;
966771;unknown;control;2023-08-10 20:45:00+00:00;0.093;;
966771;unknown;control;2023-08-10 21:00:00+00:00;0.097;;
966771;unknown;control;2023-08-10 21:15:00+00:00;0.089;;
966771;unknown;control;2023-08-10 21:30:00+00:00;0.093;;
966771;unknown;control;2023-08-10 21:45:00+00:00;0.092;;
966771;unknown;control;2023-08-10 22:00:00+00:00;0.087;;
966771;unknown;control;2023-08-10 22:15:00+00:00;0.091;;
966771;unknown;control;2023-08-10 22:30:00+00:00;0.093;;
966771;unknown;control;2023-08-10 22:45:00+00:00;0.092;;
966771;unknown;control;2023-08-10 23:00:00+00:00;0.092;;
966771;unknown;control;2023-08-10 23:15:00+00:00;0.088;;
966771;unknown;control;2023-08-10 23:30:00+00:00;1.345;;
966771;unknown;control;2023-08-10 23:45:00+00:00;1.294;;
966771;unknown;control;2023-08-11 00:00:00+00:00;1.288;;
966771;unknown;control;2023-08-11 00:15:00+00:00;1.326;;
966771;unknown;control;2023-08-11 00:30:00+00:00;0.783;;
966771;unknown;control;2023-08-11 00:45:00+00:00;0.088;;
966771;unknown;control;2023-08-11 01:00:00+00:00;0.095;;
966771;unknown;control;2023-08-11 01:15:00+00:00;0.088;;
966771;unknown;control;2023-08-11 01:30:00+00:00;0.087;;
966771;unknown;control;2023-08-11 01:45:00+00:00;0.097;;
966771;unknown;control;2023-08-11 02:00:00+00:00;0.087;;
966771;unknown;control;2023-08-11 02:15:00+00:00;0.089;;
966771;unknown;control;2023-08-11 02:30:00+00:00;0.105;;
966771;unknown;control;2023-08-11 02:45:00+00:00;0.086;;
966771;unknown;control;2023-08-11 03:00:00+00:00;0.09;;
966771;unknown;control;2023-08-11 03:15:00+00:00;0.096;;
966771;unknown;control;2023-08-11 03:30:00+00:00;0.083;;
966771;unknown;control;2023-08-11 03:45:00+00:00;0.092;;
966771;unknown;control;2023-08-11 04:00:00+00:00;0.095;;
966771;unknown;control;2023-08-11 04:15:00+00:00;0.083;;
966771;unknown;control;2023-08-11 04:30:00+00:00;0.104;;
966771;unknown;control;2023-08-11 04:45:00+00:00;0.108;;
966771;unknown;control;2023-08-11 05:00:00+00:00;0.088;;
966771;unknown;control;2023-08-11 05:15:00+00:00;0.108;;
966771;unknown;control;2023-08-11 05:30:00+00:00;0.093;;
966771;unknown;control;2023-08-11 05:45:00+00:00;0.087;;
966771;unknown;control;2023-08-11 06:00:00+00:00;0.095;;
966771;unknown;control;2023-08-11 06:15:00+00:00;0.091;;
966771;unknown;control;2023-08-11 06:30:00+00:00;0.086;;
966771;unknown;control;2023-08-11 06:45:00+00:00;0.093;;
966771;unknown;control;2023-08-11 07:00:00+00:00;0.095;;
966771;unknown;control;2023-08-11 07:15:00+00:00;0.092;;
966771;unknown;control;2023-08-11 07:30:00+00:00;0.101;;
966771;unknown;control;2023-08-11 07:45:00+00:00;0.094;;
966771;unknown;control;2023-08-11 08:00:00+00:00;0.097;;
966771;unknown;control;2023-08-11 08:15:00+00:00;0.095;;
966771;unknown;control;2023-08-11 08:30:00+00:00;0.089;;
966771;unknown;control;2023-08-11 08:45:00+00:00;0.101;;
966771;unknown;control;2023-08-11 09:00:00+00:00;0.095;;
966771;unknown;control;2023-08-11 09:15:00+00:00;0.137;;
966771;unknown;control;2023-08-11 09:30:00+00:00;0.125;;
966771;unknown;control;2023-08-11 09:45:00+00:00;0.1;;
966771;unknown;control;2023-08-11 10:00:00+00:00;0.095;;
966771;unknown;control;2023-08-11 10:15:00+00:00;0.102;;
966771;unknown;control;2023-08-11 10:30:00+00:00;0.114;;
966771;unknown;control;2023-08-11 10:45:00+00:00;0.34;;
966771;unknown;control;2023-08-11 11:00:00+00:00;0.436;;
966771;unknown;control;2023-08-11 11:15:00+00:00;0.13;;
966771;unknown;control;2023-08-11 11:30:00+00:00;0.332;;
966771;unknown;control;2023-08-11 11:45:00+00:00;0.104;;
966771;unknown;control;2023-08-11 12:00:00+00:00;0.094;;
966771;unknown;control;2023-08-11 12:15:00+00:00;0.123;;
966771;unknown;control;2023-08-11 12:30:00+00:00;0.118;;
966771;unknown;control;2023-08-11 12:45:00+00:00;0.096;;
966771;unknown;control;2023-08-11 13:00:00+00:00;0.101;;
966771;unknown;control;2023-08-11 13:15:00+00:00;0.101;;
966771;unknown;control;2023-08-11 13:30:00+00:00;0.102;;
966771;unknown;control;2023-08-11 13:45:00+00:00;0.101;;
966771;unknown;control;2023-08-11 14:00:00+00:00;0.154;;
966771;unknown;control;2023-08-11 14:15:00+00:00;0.123;;
966771;unknown;control;2023-08-11 14:30:00+00:00;0.118;;
966771;unknown;control;2023-08-11 14:45:00+00:00;0.189;;
966771;unknown;control;2023-08-11 15:00:00+00:00;0.367;;
966771;unknown;control;2023-08-11 15:15:00+00:00;0.268;;
966771;unknown;control;2023-08-11 15:30:00+00:00;0.132;;
966771;unknown;control;2023-08-11 15:45:00+00:00;0.13;;
966771;unknown;control;2023-08-11 16:00:00+00:00;0.118;;
966771;unknown;control;2023-08-11 16:15:00+00:00;0.155;;
966771;unknown;control;2023-08-11 16:30:00+00:00;0.141;;
966771;unknown;control;2023-08-11 16:45:00+00:00;0.128;;
966771;unknown;control;2023-08-11 17:00:00+00:00;0.128;;
966771;unknown;control;2023-08-11 17:15:00+00:00;0.127;;
966771;unknown;control;2023-08-11 17:30:00+00:00;0.123;;
966771;unknown;control;2023-08-11 17:45:00+00:00;0.14;;
966771;unknown;control;2023-08-11 18:00:00+00:00;0.129;;
966771;unknown;control;2023-08-11 18:15:00+00:00;0.123;;
966771;unknown;control;2023-08-11 18:30:00+00:00;0.129;;
966771;unknown;control;2023-08-11 18:45:00+00:00;0.112;;
966771;unknown;control;2023-08-11 19:00:00+00:00;0.113;;
966771;unknown;control;2023-08-11 19:15:00+00:00;0.122;;
966771;unknown;control;2023-08-11 19:30:00+00:00;0.111;;
966771;unknown;control;2023-08-11 19:45:00+00:00;0.103;;
966771;unknown;control;2023-08-11 20:00:00+00:00;0.103;;
966771;unknown;control;2023-08-11 20:15:00+00:00;0.094;;
966771;unknown;control;2023-08-11 20:30:00+00:00;0.091;;
966771;unknown;control;2023-08-11 20:45:00+00:00;0.103;;
966771;unknown;control;2023-08-11 21:00:00+00:00;0.093;;
966771;unknown;control;2023-08-11 21:15:00+00:00;0.092;;
966771;unknown;control;2023-08-11 21:30:00+00:00;0.098;;
966771;unknown;control;2023-08-11 21:45:00+00:00;0.09;;
966771;unknown;control;2023-08-11 22:00:00+00:00;0.095;;
966771;unknown;control;2023-08-11 22:15:00+00:00;0.093;;
966771;unknown;control;2023-08-11 22:30:00+00:00;0.091;;
966771;unknown;control;2023-08-11 22:45:00+00:00;0.1;;
966771;unknown;control;2023-08-11 23:00:00+00:00;0.092;;
966771;unknown;control;2023-08-11 23:15:00+00:00;0.089;;
966771;unknown;control;2023-08-11 23:30:00+00:00;1.363;;
966771;unknown;control;2023-08-11 23:45:00+00:00;1.321;;
966771;unknown;control;2023-08-12 00:00:00+00:00;1.308;;
966771;unknown;control;2023-08-12 00:15:00+00:00;1.346;;
966771;unknown;control;2023-08-12 00:30:00+00:00;0.986;;
966771;unknown;control;2023-08-12 00:45:00+00:00;0.096;;
966771;unknown;control;2023-08-12 01:00:00+00:00;0.097;;
966771;unknown;control;2023-08-12 01:15:00+00:00;0.09;;
966771;unknown;control;2023-08-12 01:30:00+00:00;0.109;;
966771;unknown;control;2023-08-12 01:45:00+00:00;0.097;;
966771;unknown;control;2023-08-12 02:00:00+00:00;0.087;;
966771;unknown;control;2023-08-12 02:15:00+00:00;0.099;;
966771;unknown;control;2023-08-12 02:30:00+00:00;0.097;;
966771;unknown;control;2023-08-12 02:45:00+00:00;0.09;;
966771;unknown;control;2023-08-12 03:00:00+00:00;0.096;;
966771;unknown;control;2023-08-12 03:15:00+00:00;0.093;;
966771;unknown;control;2023-08-12 03:30:00+00:00;0.094;;
966771;unknown;control;2023-08-12 03:45:00+00:00;0.112;;
966771;unknown;control;2023-08-12 04:00:00+00:00;0.091;;
966771;unknown;control;2023-08-12 04:15:00+00:00;0.091;;
966771;unknown;control;2023-08-12 04:30:00+00:00;0.098;;
966771;unknown;control;2023-08-12 04:45:00+00:00;0.1;;
966771;unknown;control;2023-08-12 05:00:00+00:00;0.097;;
966771;unknown;control;2023-08-12 05:15:00+00:00;0.107;;
966771;unknown;control;2023-08-12 05:30:00+00:00;0.096;;
966771;unknown;control;2023-08-12 05:45:00+00:00;0.099;;
966771;unknown;control;2023-08-12 06:00:00+00:00;0.093;;
966771;unknown;control;2023-08-12 06:15:00+00:00;0.086;;
966771;unknown;control;2023-08-12 06:30:00+00:00;0.098;;
966771;unknown;control;2023-08-12 06:45:00+00:00;0.093;;
966771;unknown;control;2023-08-12 07:00:00+00:00;0.099;;
966771;unknown;control;2023-08-12 07:15:00+00:00;0.166;;
966771;unknown;control;2023-08-12 07:30:00+00:00;0.102;;
966771;unknown;control;2023-08-12 07:45:00+00:00;0.1;;
966771;unknown;control;2023-08-12 08:00:00+00:00;0.116;;
966771;unknown;control;2023-08-12 08:15:00+00:00;0.091;;
966771;unknown;control;2023-08-12 08:30:00+00:00;0.106;;
966771;unknown;control;2023-08-12 08:45:00+00:00;0.107;;
966771;unknown;control;2023-08-12 09:00:00+00:00;0.102;;
966771;unknown;control;2023-08-12 09:15:00+00:00;0.131;;
966771;unknown;control;2023-08-12 09:30:00+00:00;0.132;;
966771;unknown;control;2023-08-12 09:45:00+00:00;0.123;;
966771;unknown;control;2023-08-12 10:00:00+00:00;0.131;;
966771;unknown;control;2023-08-12 10:15:00+00:00;0.127;;
966771;unknown;control;2023-08-12 10:30:00+00:00;0.128;;
966771;unknown;control;2023-08-12 10:45:00+00:00;0.14;;
966771;unknown;control;2023-08-12 11:00:00+00:00;0.128;;
966771;unknown;control;2023-08-12 11:15:00+00:00;0.136;;
966771;unknown;control;2023-08-12 11:30:00+00:00;0.148;;
966771;unknown;control;2023-08-12 11:45:00+00:00;0.134;;
966771;unknown;control;2023-08-12 12:00:00+00:00;0.158;;
966771;unknown;control;2023-08-12 12:15:00+00:00;0.129;;
966771;unknown;control;2023-08-12 12:30:00+00:00;0.129;;
966771;unknown;control;2023-08-12 12:45:00+00:00;0.128;;
966771;unknown;control;2023-08-12 13:00:00+00:00;0.092;;
966771;unknown;control;2023-08-12 13:15:00+00:00;0.098;;
966771;unknown;control;2023-08-12 13:30:00+00:00;0.101;;
966771;unknown;control;2023-08-12 13:45:00+00:00;0.094;;
966771;unknown;control;2023-08-12 14:00:00+00:00;0.09;;
966771;unknown;control;2023-08-12 14:15:00+00:00;0.1;;
966771;unknown;control;2023-08-12 14:30:00+00:00;0.099;;
966771;unknown;control;2023-08-12 14:45:00+00:00;0.101;;
966771;unknown;control;2023-08-12 15:00:00+00:00;0.097;;
966771;unknown;control;2023-08-12 15:15:00+00:00;0.086;;
966771;unknown;control;2023-08-12 15:30:00+00:00;0.096;;
966771;unknown;control;2023-08-12 15:45:00+00:00;0.097;;
966771;unknown;control;2023-08-12 16:00:00+00:00;0.093;;
966771;unknown;control;2023-08-12 16:15:00+00:00;0.101;;
966771;unknown;control;2023-08-12 16:30:00+00:00;0.092;;
966771;unknown;control;2023-08-12 16:45:00+00:00;0.091;;
966771;unknown;control;2023-08-12 17:00:00+00:00;0.101;;
966771;unknown;control;2023-08-12 17:15:00+00:00;0.09;;
966771;unknown;control;2023-08-12 17:30:00+00:00;0.094;;
966771;unknown;control;2023-08-12 17:45:00+00:00;0.101;;
966771;unknown;control;2023-08-12 18:00:00+00:00;0.089;;
966771;unknown;control;2023-08-12 18:15:00+00:00;0.096;;
966771;unknown;control;2023-08-12 18:30:00+00:00;0.101;;
966771;unknown;control;2023-08-12 18:45:00+00:00;0.087;;
966771;unknown;control;2023-08-12 19:00:00+00:00;0.113;;
966771;unknown;control;2023-08-12 19:15:00+00:00;0.111;;
966771;unknown;control;2023-08-12 19:30:00+00:00;0.095;;
966771;unknown;control;2023-08-12 19:45:00+00:00;0.107;;
966771;unknown;control;2023-08-12 20:00:00+00:00;0.093;;
966771;unknown;control;2023-08-12 20:15:00+00:00;0.084;;
966771;unknown;control;2023-08-12 20:30:00+00:00;0.095;;
966771;unknown;control;2023-08-12 20:45:00+00:00;0.089;;
966771;unknown;control;2023-08-12 21:00:00+00:00;0.085;;
966771;unknown;control;2023-08-12 21:15:00+00:00;0.121;;
966771;unknown;control;2023-08-12 21:30:00+00:00;0.096;;
966771;unknown;control;2023-08-12 21:45:00+00:00;0.088;;
966771;unknown;control;2023-08-12 22:00:00+00:00;0.094;;
966771;unknown;control;2023-08-12 22:15:00+00:00;0.094;;
966771;unknown;control;2023-08-12 22:30:00+00:00;0.09;;
966771;unknown;control;2023-08-12 22:45:00+00:00;0.094;;
966771;unknown;control;2023-08-12 23:00:00+00:00;0.091;;
966771;unknown;control;2023-08-12 23:15:00+00:00;0.09;;
966771;unknown;control;2023-08-12 23:30:00+00:00;1.351;;
966771;unknown;control;2023-08-12 23:45:00+00:00;1.299;;
966771;unknown;control;2023-08-13 00:00:00+00:00;1.304;;
966771;unknown;control;2023-08-13 00:15:00+00:00;1.318;;
966771;unknown;control;2023-08-13 00:30:00+00:00;0.379;;
966771;unknown;control;2023-08-13 00:45:00+00:00;0.095;;
966771;unknown;control;2023-08-13 01:00:00+00:00;0.09;;
966771;unknown;control;2023-08-13 01:15:00+00:00;0.091;;
966771;unknown;control;2023-08-13 01:30:00+00:00;0.097;;
966771;unknown;control;2023-08-13 01:45:00+00:00;0.087;;
966771;unknown;control;2023-08-13 02:00:00+00:00;0.092;;
966771;unknown;control;2023-08-13 02:15:00+00:00;0.096;;
966771;unknown;control;2023-08-13 02:30:00+00:00;0.084;;
966771;unknown;control;2023-08-13 02:45:00+00:00;0.094;;
966771;unknown;control;2023-08-13 03:00:00+00:00;0.095;;
966771;unknown;control;2023-08-13 03:15:00+00:00;0.098;;
966771;unknown;control;2023-08-13 03:30:00+00:00;0.096;;
966771;unknown;control;2023-08-13 03:45:00+00:00;0.098;;
966771;unknown;control;2023-08-13 04:00:00+00:00;0.084;;
966771;unknown;control;2023-08-13 04:15:00+00:00;0.097;;
966771;unknown;control;2023-08-13 04:30:00+00:00;0.093;;
966771;unknown;control;2023-08-13 04:45:00+00:00;0.085;;
966771;unknown;control;2023-08-13 05:00:00+00:00;0.097;;
966771;unknown;control;2023-08-13 05:15:00+00:00;0.09;;
966771;unknown;control;2023-08-13 05:30:00+00:00;0.086;;
966771;unknown;control;2023-08-13 05:45:00+00:00;0.096;;
966771;unknown;control;2023-08-13 06:00:00+00:00;0.089;;
966771;unknown;control;2023-08-13 06:15:00+00:00;0.088;;
966771;unknown;control;2023-08-13 06:30:00+00:00;0.106;;
966771;unknown;control;2023-08-13 06:45:00+00:00;0.091;;
966771;unknown;control;2023-08-13 07:00:00+00:00;0.416;;
966771;unknown;control;2023-08-13 07:15:00+00:00;0.167;;
966771;unknown;control;2023-08-13 07:30:00+00:00;0.105;;
966771;unknown;control;2023-08-13 07:45:00+00:00;0.102;;
966771;unknown;control;2023-08-13 08:00:00+00:00;0.265;;
966771;unknown;control;2023-08-13 08:15:00+00:00;0.101;;
966771;unknown;control;2023-08-13 08:30:00+00:00;0.102;;
966771;unknown;control;2023-08-13 08:45:00+00:00;0.112;;
966771;unknown;control;2023-08-13 09:00:00+00:00;0.091;;
966771;unknown;control;2023-08-13 09:15:00+00:00;0.102;;
966771;unknown;control;2023-08-13 09:30:00+00:00;0.107;;
966771;unknown;control;2023-08-13 09:45:00+00:00;0.122;;
966771;unknown;control;2023-08-13 10:00:00+00:00;0.117;;
966771;unknown;control;2023-08-13 10:15:00+00:00;0.106;;
966771;unknown;control;2023-08-13 10:30:00+00:00;0.109;;
966771;unknown;control;2023-08-13 10:45:00+00:00;0.118;;
966771;unknown;control;2023-08-13 11:00:00+00:00;0.095;;
966771;unknown;control;2023-08-13 11:15:00+00:00;0.095;;
966771;unknown;control;2023-08-13 11:30:00+00:00;0.095;;
966771;unknown;control;2023-08-13 11:45:00+00:00;0.09;;
966771;unknown;control;2023-08-13 12:00:00+00:00;0.099;;
966771;unknown;control;2023-08-13 12:15:00+00:00;0.09;;
966771;unknown;control;2023-08-13 12:30:00+00:00;0.087;;
966771;unknown;control;2023-08-13 12:45:00+00:00;0.1;;
966771;unknown;control;2023-08-13 13:00:00+00:00;0.091;;
966771;unknown;control;2023-08-13 13:15:00+00:00;0.092;;
966771;unknown;control;2023-08-13 13:30:00+00:00;0.092;;
966771;unknown;control;2023-08-13 13:45:00+00:00;0.089;;
966771;unknown;control;2023-08-13 14:00:00+00:00;0.095;;
966771;unknown;control;2023-08-13 14:15:00+00:00;0.102;;
966771;unknown;control;2023-08-13 14:30:00+00:00;0.089;;
966771;unknown;control;2023-08-13 14:45:00+00:00;0.342;;
966771;unknown;control;2023-08-13 15:00:00+00:00;0.541;;
966771;unknown;control;2023-08-13 15:15:00+00:00;0.107;;
966771;unknown;control;2023-08-13 15:30:00+00:00;0.124;;
966771;unknown;control;2023-08-13 15:45:00+00:00;0.118;;
966771;unknown;control;2023-08-13 16:00:00+00:00;0.113;;
966771;unknown;control;2023-08-13 16:15:00+00:00;0.147;;
966771;unknown;control;2023-08-13 16:30:00+00:00;0.301;;
966771;unknown;control;2023-08-13 16:45:00+00:00;0.631;;
966771;unknown;control;2023-08-13 17:00:00+00:00;0.162;;
966771;unknown;control;2023-08-13 17:15:00+00:00;0.116;;
966771;unknown;control;2023-08-13 17:30:00+00:00;0.118;;
966771;unknown;control;2023-08-13 17:45:00+00:00;0.528;;
966771;unknown;control;2023-08-13 18:00:00+00:00;0.137;;
966771;unknown;control;2023-08-13 18:15:00+00:00;0.137;;
966771;unknown;control;2023-08-13 18:30:00+00:00;0.144;;
966771;unknown;control;2023-08-13 18:45:00+00:00;0.137;;
966771;unknown;control;2023-08-13 19:00:00+00:00;0.153;;
966771;unknown;control;2023-08-13 19:15:00+00:00;0.147;;
966771;unknown;control;2023-08-13 19:30:00+00:00;0.106;;
966771;unknown;control;2023-08-13 19:45:00+00:00;0.101;;
966771;unknown;control;2023-08-13 20:00:00+00:00;0.102;;
966771;unknown;control;2023-08-13 20:15:00+00:00;0.094;;
966771;unknown;control;2023-08-13 20:30:00+00:00;0.098;;
966771;unknown;control;2023-08-13 20:45:00+00:00;0.099;;
966771;unknown;control;2023-08-13 21:00:00+00:00;0.086;;
966771;unknown;control;2023-08-13 21:15:00+00:00;0.097;;
966771;unknown;control;2023-08-13 21:30:00+00:00;0.103;;
966771;unknown;control;2023-08-13 21:45:00+00:00;0.09;;
966771;unknown;control;2023-08-13 22:00:00+00:00;0.097;;
966771;unknown;control;2023-08-13 22:15:00+00:00;0.093;;
966771;unknown;control;2023-08-13 22:30:00+00:00;0.089;;
966771;unknown;control;2023-08-13 22:45:00+00:00;0.1;;
966771;unknown;control;2023-08-13 23:00:00+00:00;0.098;;
966771;unknown;control;2023-08-13 23:15:00+00:00;0.089;;
966771;unknown;control;2023-08-13 23:30:00+00:00;1.368;;
966771;unknown;control;2023-08-13 23:45:00+00:00;1.311;;
966771;unknown;control;2023-08-14 00:00:00+00:00;1.307;;
966771;unknown;control;2023-08-14 00:15:00+00:00;1.333;;
966771;unknown;control;2023-08-14 00:30:00+00:00;0.86;;
966771;unknown;control;2023-08-14 00:45:00+00:00;0.088;;
966771;unknown;control;2023-08-14 01:00:00+00:00;0.096;;
966771;unknown;control;2023-08-14 01:15:00+00:00;0.094;;
966771;unknown;control;2023-08-14 01:30:00+00:00;0.096;;
966771;unknown;control;2023-08-14 01:45:00+00:00;0.101;;
966771;unknown;control;2023-08-14 02:00:00+00:00;0.089;;
966771;unknown;control;2023-08-14 02:15:00+00:00;0.109;;
966771;unknown;control;2023-08-14 02:30:00+00:00;0.101;;
966771;unknown;control;2023-08-14 02:45:00+00:00;0.091;;
966771;unknown;control;2023-08-14 03:00:00+00:00;0.097;;
966771;unknown;control;2023-08-14 03:15:00+00:00;0.094;;
966771;unknown;control;2023-08-14 03:30:00+00:00;0.096;;
966771;unknown;control;2023-08-14 03:45:00+00:00;0.098;;
966771;unknown;control;2023-08-14 04:00:00+00:00;0.103;;
966771;unknown;control;2023-08-14 04:15:00+00:00;0.093;;
966771;unknown;control;2023-08-14 04:30:00+00:00;0.098;;
966771;unknown;control;2023-08-14 04:45:00+00:00;0.091;;
966771;unknown;control;2023-08-14 05:00:00+00:00;0.089;;
966771;unknown;control;2023-08-14 05:15:00+00:00;0.1;;
966771;unknown;control;2023-08-14 05:30:00+00:00;0.243;;
966771;unknown;control;2023-08-14 05:45:00+00:00;0.358;;
966771;unknown;control;2023-08-14 06:00:00+00:00;0.128;;
966771;unknown;control;2023-08-14 06:15:00+00:00;0.119;;
966771;unknown;control;2023-08-14 06:30:00+00:00;0.144;;
966771;unknown;control;2023-08-14 06:45:00+00:00;0.188;;
966771;unknown;control;2023-08-14 07:00:00+00:00;0.118;;
966771;unknown;control;2023-08-14 07:15:00+00:00;0.121;;
966771;unknown;control;2023-08-14 07:30:00+00:00;0.102;;
966771;unknown;control;2023-08-14 07:45:00+00:00;0.098;;
966771;unknown;control;2023-08-14 08:00:00+00:00;0.097;;
966771;unknown;control;2023-08-14 08:15:00+00:00;0.101;;
966771;unknown;control;2023-08-14 08:30:00+00:00;0.098;;
966771;unknown;control;2023-08-14 08:45:00+00:00;0.106;;
966771;unknown;control;2023-08-14 09:00:00+00:00;0.111;;
966771;unknown;control;2023-08-14 09:15:00+00:00;0.141;;
966771;unknown;control;2023-08-14 09:30:00+00:00;0.226;;
966771;unknown;control;2023-08-14 09:45:00+00:00;0.108;;
966771;unknown;control;2023-08-14 10:00:00+00:00;0.114;;
966771;unknown;control;2023-08-14 10:15:00+00:00;0.109;;
966771;unknown;control;2023-08-14 10:30:00+00:00;0.103;;
966771;unknown;control;2023-08-14 10:45:00+00:00;0.093;;
966771;unknown;control;2023-08-14 11:00:00+00:00;0.488;;
966771;unknown;control;2023-08-14 11:15:00+00:00;0.837;;
966771;unknown;control;2023-08-14 11:30:00+00:00;0.124;;
966771;unknown;control;2023-08-14 11:45:00+00:00;0.145;;
966771;unknown;control;2023-08-14 12:00:00+00:00;0.156;;
966771;unknown;control;2023-08-14 12:15:00+00:00;0.405;;
966771;unknown;control;2023-08-14 12:30:00+00:00;0.538;;
966771;unknown;control;2023-08-14 12:45:00+00:00;0.442;;
966771;unknown;control;2023-08-14 13:00:00+00:00;0.276;;
966771;unknown;control;2023-08-14 13:15:00+00:00;0.295;;
966771;unknown;control;2023-08-14 13:30:00+00:00;0.16;;
966771;unknown;control;2023-08-14 13:45:00+00:00;0.095;;
966771;unknown;control;2023-08-14 14:00:00+00:00;0.097;;
966771;unknown;control;2023-08-14 14:15:00+00:00;0.093;;
966771;unknown;control;2023-08-14 14:30:00+00:00;0.096;;
966771;unknown;control;2023-08-14 14:45:00+00:00;0.132;;
966771;unknown;control;2023-08-14 15:00:00+00:00;0.362;;
966771;unknown;control;2023-08-14 15:15:00+00:00;0.391;;
966771;unknown;control;2023-08-14 15:30:00+00:00;0.213;;
966771;unknown;control;2023-08-14 15:45:00+00:00;0.112;;
966771;unknown;control;2023-08-14 16:00:00+00:00;0.126;;
966771;unknown;control;2023-08-14 16:15:00+00:00;0.127;;
966771;unknown;control;2023-08-14 16:30:00+00:00;0.097;;
966771;unknown;control;2023-08-14 16:45:00+00:00;0.098;;
966771;unknown;control;2023-08-14 17:00:00+00:00;0.115;;
966771;unknown;control;2023-08-14 17:15:00+00:00;0.122;;
966771;unknown;control;2023-08-14 17:30:00+00:00;0.122;;
966771;unknown;control;2023-08-14 17:45:00+00:00;0.14;;
966771;unknown;control;2023-08-14 18:00:00+00:00;0.201;;
966771;unknown;control;2023-08-14 18:15:00+00:00;0.185;;
966771;unknown;control;2023-08-14 18:30:00+00:00;0.139;;
966771;unknown;control;2023-08-14 18:45:00+00:00;0.162;;
966771;unknown;control;2023-08-14 19:00:00+00:00;0.123;;
966771;unknown;control;2023-08-14 19:15:00+00:00;0.136;;
966771;unknown;control;2023-08-14 19:30:00+00:00;0.122;;
966771;unknown;control;2023-08-14 19:45:00+00:00;0.125;;
966771;unknown;control;2023-08-14 20:00:00+00:00;0.09;;
966771;unknown;control;2023-08-14 20:15:00+00:00;0.103;;
966771;unknown;control;2023-08-14 20:30:00+00:00;0.102;;
966771;unknown;control;2023-08-14 20:45:00+00:00;0.096;;
966771;unknown;control;2023-08-14 21:00:00+00:00;0.093;;
966771;unknown;control;2023-08-14 21:15:00+00:00;0.104;;
966771;unknown;control;2023-08-14 21:30:00+00:00;0.089;;
966771;unknown;control;2023-08-14 21:45:00+00:00;0.092;;
966771;unknown;control;2023-08-14 22:00:00+00:00;0.091;;
966771;unknown;control;2023-08-14 22:15:00+00:00;0.088;;
966771;unknown;control;2023-08-14 22:30:00+00:00;0.094;;
966771;unknown;control;2023-08-14 22:45:00+00:00;0.089;;
966771;unknown;control;2023-08-14 23:00:00+00:00;0.085;;
966771;unknown;control;2023-08-14 23:15:00+00:00;0.096;;
966771;unknown;control;2023-08-14 23:30:00+00:00;1.362;;
966771;unknown;control;2023-08-14 23:45:00+00:00;1.298;;
966771;unknown;control;2023-08-15 00:00:00+00:00;1.322;;
966771;unknown;control;2023-08-15 00:15:00+00:00;1.027;;
966771;unknown;control;2023-08-15 00:30:00+00:00;0.085;;
966771;unknown;control;2023-08-15 00:45:00+00:00;0.097;;
966771;unknown;control;2023-08-15 01:00:00+00:00;0.094;;
966771;unknown;control;2023-08-15 01:15:00+00:00;0.093;;
966771;unknown;control;2023-08-15 01:30:00+00:00;0.093;;
966771;unknown;control;2023-08-15 01:45:00+00:00;0.088;;
966771;unknown;control;2023-08-15 02:00:00+00:00;0.093;;
966771;unknown;control;2023-08-15 02:15:00+00:00;0.093;;
966771;unknown;control;2023-08-15 02:30:00+00:00;0.085;;
966771;unknown;control;2023-08-15 02:45:00+00:00;0.094;;
966771;unknown;control;2023-08-15 03:00:00+00:00;0.093;;
966771;unknown;control;2023-08-15 03:15:00+00:00;0.082;;
966771;unknown;control;2023-08-15 03:30:00+00:00;0.096;;
966771;unknown;control;2023-08-15 03:45:00+00:00;0.095;;
966771;unknown;control;2023-08-15 04:00:00+00:00;0.082;;
966771;unknown;control;2023-08-15 04:15:00+00:00;0.096;;
966771;unknown;control;2023-08-15 04:30:00+00:00;0.093;;
966771;unknown;control;2023-08-15 04:45:00+00:00;0.093;;
966771;unknown;control;2023-08-15 05:00:00+00:00;0.117;;
966771;unknown;control;2023-08-15 05:15:00+00:00;0.096;;
966771;unknown;control;2023-08-15 05:30:00+00:00;0.095;;
966771;unknown;control;2023-08-15 05:45:00+00:00;0.105;;
966771;unknown;control;2023-08-15 06:00:00+00:00;0.083;;
966771;unknown;control;2023-08-15 06:15:00+00:00;0.09;;
966771;unknown;control;2023-08-15 06:30:00+00:00;0.097;;
966771;unknown;control;2023-08-15 06:45:00+00:00;0.098;;
966771;unknown;control;2023-08-15 07:00:00+00:00;0.426;;
966771;unknown;control;2023-08-15 07:15:00+00:00;0.137;;
966771;unknown;control;2023-08-15 07:30:00+00:00;0.138;;
966771;unknown;control;2023-08-15 07:45:00+00:00;0.164;;
966771;unknown;control;2023-08-15 08:00:00+00:00;0.52;;
966771;unknown;control;2023-08-15 08:15:00+00:00;0.258;;
966771;unknown;control;2023-08-15 08:30:00+00:00;0.246;;
966771;unknown;control;2023-08-15 08:45:00+00:00;0.23;;
966771;unknown;control;2023-08-15 09:00:00+00:00;0.23;;
966771;unknown;control;2023-08-15 09:15:00+00:00;0.228;;
966771;unknown;control;2023-08-15 09:30:00+00:00;0.227;;
966771;unknown;control;2023-08-15 09:45:00+00:00;0.228;;
966771;unknown;control;2023-08-15 10:00:00+00:00;0.226;;
966771;unknown;control;2023-08-15 10:15:00+00:00;0.222;;
966771;unknown;control;2023-08-15 10:30:00+00:00;0.298;;
966771;unknown;control;2023-08-15 10:45:00+00:00;0.332;;
966771;unknown;control;2023-08-15 11:00:00+00:00;0.145;;
966771;unknown;control;2023-08-15 11:15:00+00:00;0.095;;
966771;unknown;control;2023-08-15 11:30:00+00:00;0.116;;
966771;unknown;control;2023-08-15 11:45:00+00:00;0.094;;
966771;unknown;control;2023-08-15 12:00:00+00:00;0.095;;
966771;unknown;control;2023-08-15 12:15:00+00:00;0.093;;
966771;unknown;control;2023-08-15 12:30:00+00:00;0.087;;
966771;unknown;control;2023-08-15 12:45:00+00:00;0.097;;
966771;unknown;control;2023-08-15 13:00:00+00:00;0.096;;
966771;unknown;control;2023-08-15 13:15:00+00:00;0.092;;
966771;unknown;control;2023-08-15 13:30:00+00:00;0.105;;
966771;unknown;control;2023-08-15 13:45:00+00:00;0.1;;
966771;unknown;control;2023-08-15 14:00:00+00:00;0.091;;
966771;unknown;control;2023-08-15 14:15:00+00:00;0.097;;
966771;unknown;control;2023-08-15 14:30:00+00:00;0.094;;
966771;unknown;control;2023-08-15 14:45:00+00:00;0.094;;
966771;unknown;control;2023-08-15 15:00:00+00:00;0.11;;
966771;unknown;control;2023-08-15 15:15:00+00:00;0.118;;
966771;unknown;control;2023-08-15 15:30:00+00:00;0.127;;
966771;unknown;control;2023-08-15 15:45:00+00:00;0.329;;
966771;unknown;control;2023-08-15 16:00:00+00:00;0.543;;
966771;unknown;control;2023-08-15 16:15:00+00:00;0.261;;
966771;unknown;control;2023-08-15 16:30:00+00:00;0.103;;
966771;unknown;control;2023-08-15 16:45:00+00:00;0.093;;
966771;unknown;control;2023-08-15 17:00:00+00:00;0.306;;
966771;unknown;control;2023-08-15 17:15:00+00:00;0.508;;
966771;unknown;control;2023-08-15 17:30:00+00:00;0.141;;
966771;unknown;control;2023-08-15 17:45:00+00:00;0.371;;
966771;unknown;control;2023-08-15 18:00:00+00:00;0.133;;
966771;unknown;control;2023-08-15 18:15:00+00:00;0.127;;
966771;unknown;control;2023-08-15 18:30:00+00:00;0.133;;
966771;unknown;control;2023-08-15 18:45:00+00:00;0.139;;
966771;unknown;control;2023-08-15 19:00:00+00:00;0.141;;
966771;unknown;control;2023-08-15 19:15:00+00:00;0.147;;
966771;unknown;control;2023-08-15 19:30:00+00:00;0.143;;
966771;unknown;control;2023-08-15 19:45:00+00:00;0.139;;
966771;unknown;control;2023-08-15 20:00:00+00:00;0.116;;
966771;unknown;control;2023-08-15 20:15:00+00:00;0.093;;
966771;unknown;control;2023-08-15 20:30:00+00:00;0.09;;
966771;unknown;control;2023-08-15 20:45:00+00:00;0.092;;
966771;unknown;control;2023-08-15 21:00:00+00:00;0.089;;
966771;unknown;control;2023-08-15 21:15:00+00:00;0.093;;
966771;unknown;control;2023-08-15 21:30:00+00:00;0.095;;
966771;unknown;control;2023-08-15 21:45:00+00:00;0.082;;
966771;unknown;control;2023-08-15 22:00:00+00:00;0.095;;
966771;unknown;control;2023-08-15 22:15:00+00:00;0.096;;
966771;unknown;control;2023-08-15 22:30:00+00:00;0.087;;
966771;unknown;control;2023-08-15 22:45:00+00:00;0.091;;
966771;unknown;control;2023-08-15 23:00:00+00:00;0.091;;
966771;unknown;control;2023-08-15 23:15:00+00:00;0.088;;
966771;unknown;control;2023-08-15 23:30:00+00:00;1.369;;
966771;unknown;control;2023-08-15 23:45:00+00:00;1.309;;
966771;unknown;control;2023-08-16 00:00:00+00:00;1.307;;
966771;unknown;control;2023-08-16 00:15:00+00:00;1.13;;
966771;unknown;control;2023-08-16 00:30:00+00:00;0.093;;
966771;unknown;control;2023-08-16 00:45:00+00:00;0.09;;
966771;unknown;control;2023-08-16 01:00:00+00:00;0.093;;
966771;unknown;control;2023-08-16 01:15:00+00:00;0.09;;
966771;unknown;control;2023-08-16 01:30:00+00:00;0.092;;
966771;unknown;control;2023-08-16 01:45:00+00:00;0.095;;
966771;unknown;control;2023-08-16 02:00:00+00:00;0.084;;
966771;unknown;control;2023-08-16 02:15:00+00:00;0.09;;
966771;unknown;control;2023-08-16 02:30:00+00:00;0.097;;
966771;unknown;control;2023-08-16 02:45:00+00:00;0.086;;
966771;unknown;control;2023-08-16 03:00:00+00:00;0.089;;
966771;unknown;control;2023-08-16 03:15:00+00:00;0.091;;
966771;unknown;control;2023-08-16 03:30:00+00:00;0.087;;
966771;unknown;control;2023-08-16 03:45:00+00:00;0.117;;
966771;unknown;control;2023-08-16 04:00:00+00:00;0.09;;
966771;unknown;control;2023-08-16 04:15:00+00:00;0.084;;
966771;unknown;control;2023-08-16 04:30:00+00:00;0.097;;
966771;unknown;control;2023-08-16 04:45:00+00:00;0.088;;
966771;unknown;control;2023-08-16 05:00:00+00:00;0.081;;
966771;unknown;control;2023-08-16 05:15:00+00:00;0.107;;
966771;unknown;control;2023-08-16 05:30:00+00:00;0.091;;
966771;unknown;control;2023-08-16 05:45:00+00:00;0.098;;
966771;unknown;control;2023-08-16 06:00:00+00:00;0.101;;
966771;unknown;control;2023-08-16 06:15:00+00:00;0.109;;
966771;unknown;control;2023-08-16 06:30:00+00:00;0.094;;
966771;unknown;control;2023-08-16 06:45:00+00:00;0.111;;
966771;unknown;control;2023-08-16 07:00:00+00:00;0.095;;
966771;unknown;control;2023-08-16 07:15:00+00:00;0.104;;
966771;unknown;control;2023-08-16 07:30:00+00:00;0.102;;
966771;unknown;control;2023-08-16 07:45:00+00:00;0.094;;
966771;unknown;control;2023-08-16 08:00:00+00:00;0.095;;
966771;unknown;control;2023-08-16 08:15:00+00:00;0.096;;
966771;unknown;control;2023-08-16 08:30:00+00:00;0.091;;
966771;unknown;control;2023-08-16 08:45:00+00:00;0.12;;
966771;unknown;control;2023-08-16 09:00:00+00:00;0.093;;
966771;unknown;control;2023-08-16 09:15:00+00:00;0.361;;
966771;unknown;control;2023-08-16 09:30:00+00:00;0.253;;
966771;unknown;control;2023-08-16 09:45:00+00:00;0.141;;
966771;unknown;control;2023-08-16 10:00:00+00:00;0.22;;
966771;unknown;control;2023-08-16 10:15:00+00:00;0.291;;
966771;unknown;control;2023-08-16 10:30:00+00:00;0.306;;
966771;unknown;control;2023-08-16 10:45:00+00:00;0.302;;
966771;unknown;control;2023-08-16 11:00:00+00:00;0.31;;
966771;unknown;control;2023-08-16 11:15:00+00:00;0.121;;
966771;unknown;control;2023-08-16 11:30:00+00:00;0.095;;
966771;unknown;control;2023-08-16 11:45:00+00:00;0.096;;
966771;unknown;control;2023-08-16 12:00:00+00:00;0.088;;
966771;unknown;control;2023-08-16 12:15:00+00:00;0.098;;
966771;unknown;control;2023-08-16 12:30:00+00:00;0.1;;
966771;unknown;control;2023-08-16 12:45:00+00:00;0.087;;
966771;unknown;control;2023-08-16 13:00:00+00:00;0.098;;
966771;unknown;control;2023-08-16 13:15:00+00:00;0.102;;
966771;unknown;control;2023-08-16 13:30:00+00:00;0.091;;
966771;unknown;control;2023-08-16 13:45:00+00:00;0.095;;
966771;unknown;control;2023-08-16 14:00:00+00:00;0.095;;
966771;unknown;control;2023-08-16 14:15:00+00:00;0.095;;
966771;unknown;control;2023-08-16 14:30:00+00:00;0.104;;
966771;unknown;control;2023-08-16 14:45:00+00:00;0.095;;
966771;unknown;control;2023-08-16 15:00:00+00:00;0.086;;
966771;unknown;control;2023-08-16 15:15:00+00:00;0.102;;
966771;unknown;control;2023-08-16 15:30:00+00:00;0.095;;
966771;unknown;control;2023-08-16 15:45:00+00:00;0.109;;
966771;unknown;control;2023-08-16 16:00:00+00:00;0.319;;
966771;unknown;control;2023-08-16 16:15:00+00:00;0.525;;
966771;unknown;control;2023-08-16 16:30:00+00:00;0.307;;
966771;unknown;control;2023-08-16 16:45:00+00:00;0.356;;
966771;unknown;control;2023-08-16 17:00:00+00:00;0.217;;
966771;unknown;control;2023-08-16 17:15:00+00:00;0.143;;
966771;unknown;control;2023-08-16 17:30:00+00:00;0.118;;
966771;unknown;control;2023-08-16 17:45:00+00:00;0.123;;
966771;unknown;control;2023-08-16 18:00:00+00:00;0.126;;
966771;unknown;control;2023-08-16 18:15:00+00:00;0.105;;
966771;unknown;control;2023-08-16 18:30:00+00:00;0.099;;
966771;unknown;control;2023-08-16 18:45:00+00:00;0.096;;
966771;unknown;control;2023-08-16 19:00:00+00:00;0.133;;
966771;unknown;control;2023-08-16 19:15:00+00:00;0.158;;
966771;unknown;control;2023-08-16 19:30:00+00:00;0.12;;
966771;unknown;control;2023-08-16 19:45:00+00:00;0.122;;
966771;unknown;control;2023-08-16 20:00:00+00:00;0.098;;
966771;unknown;control;2023-08-16 20:15:00+00:00;0.095;;
966771;unknown;control;2023-08-16 20:30:00+00:00;0.101;;
966771;unknown;control;2023-08-16 20:45:00+00:00;0.09;;
966771;unknown;control;2023-08-16 21:00:00+00:00;0.092;;
966771;unknown;control;2023-08-16 21:15:00+00:00;0.097;;
966771;unknown;control;2023-08-16 21:30:00+00:00;0.088;;
966771;unknown;control;2023-08-16 21:45:00+00:00;0.093;;
966771;unknown;control;2023-08-16 22:00:00+00:00;0.097;;
966771;unknown;control;2023-08-16 22:15:00+00:00;0.087;;
966771;unknown;control;2023-08-16 22:30:00+00:00;0.094;;
966771;unknown;control;2023-08-16 22:45:00+00:00;0.097;;
966771;unknown;control;2023-08-16 23:00:00+00:00;0.083;;
966771;unknown;control;2023-08-16 23:15:00+00:00;0.095;;
966771;unknown;control;2023-08-16 23:30:00+00:00;1.36;;
966771;unknown;control;2023-08-16 23:45:00+00:00;1.3;;
966771;unknown;control;2023-08-17 00:00:00+00:00;1.328;;
966771;unknown;control;2023-08-17 00:15:00+00:00;1.341;;
966771;unknown;control;2023-08-17 00:30:00+00:00;0.927;;
966771;unknown;control;2023-08-17 00:45:00+00:00;0.098;;
966771;unknown;control;2023-08-17 01:00:00+00:00;0.094;;
966771;unknown;control;2023-08-17 01:15:00+00:00;0.089;;
966771;unknown;control;2023-08-17 01:30:00+00:00;0.096;;
966771;unknown;control;2023-08-17 01:45:00+00:00;0.089;;
966771;unknown;control;2023-08-17 02:00:00+00:00;0.09;;
966771;unknown;control;2023-08-17 02:15:00+00:00;0.097;;
966771;unknown;control;2023-08-17 02:30:00+00:00;0.087;;
966771;unknown;control;2023-08-17 02:45:00+00:00;0.092;;
966771;unknown;control;2023-08-17 03:00:00+00:00;0.097;;
966771;unknown;control;2023-08-17 03:15:00+00:00;0.085;;
966771;unknown;control;2023-08-17 03:30:00+00:00;0.089;;
966771;unknown;control;2023-08-17 03:45:00+00:00;0.116;;
966771;unknown;control;2023-08-17 04:00:00+00:00;0.088;;
966771;unknown;control;2023-08-17 04:15:00+00:00;0.096;;
966771;unknown;control;2023-08-17 04:30:00+00:00;0.095;;
966771;unknown;control;2023-08-17 04:45:00+00:00;0.113;;
966771;unknown;control;2023-08-17 05:00:00+00:00;0.091;;
966771;unknown;control;2023-08-17 05:15:00+00:00;0.099;;
966771;unknown;control;2023-08-17 05:30:00+00:00;0.086;;
966771;unknown;control;2023-08-17 05:45:00+00:00;0.35;;
966771;unknown;control;2023-08-17 06:00:00+00:00;0.112;;
966771;unknown;control;2023-08-17 06:15:00+00:00;0.106;;
966771;unknown;control;2023-08-17 06:30:00+00:00;0.096;;
966771;unknown;control;2023-08-17 06:45:00+00:00;0.091;;
966771;unknown;control;2023-08-17 07:00:00+00:00;0.09;;
966771;unknown;control;2023-08-17 07:15:00+00:00;0.096;;
966771;unknown;control;2023-08-17 07:30:00+00:00;0.098;;
966771;unknown;control;2023-08-17 07:45:00+00:00;0.081;;
966771;unknown;control;2023-08-17 08:00:00+00:00;0.094;;
966771;unknown;control;2023-08-17 08:15:00+00:00;0.09;;
966771;unknown;control;2023-08-17 08:30:00+00:00;0.083;;
966771;unknown;control;2023-08-17 08:45:00+00:00;0.091;;
966771;unknown;control;2023-08-17 09:00:00+00:00;0.09;;
966771;unknown;control;2023-08-17 09:15:00+00:00;0.088;;
966771;unknown;control;2023-08-17 09:30:00+00:00;0.09;;
966771;unknown;control;2023-08-17 09:45:00+00:00;0.089;;
966771;unknown;control;2023-08-17 10:00:00+00:00;0.09;;
966771;unknown;control;2023-08-17 10:15:00+00:00;0.092;;
966771;unknown;control;2023-08-17 10:30:00+00:00;0.085;;
966771;unknown;control;2023-08-17 10:45:00+00:00;0.091;;
966771;unknown;control;2023-08-17 11:00:00+00:00;0.094;;
966771;unknown;control;2023-08-17 11:15:00+00:00;0.082;;
966771;unknown;control;2023-08-17 11:30:00+00:00;0.091;;
966771;unknown;control;2023-08-17 11:45:00+00:00;0.096;;
966771;unknown;control;2023-08-17 12:00:00+00:00;0.081;;
966771;unknown;control;2023-08-17 12:15:00+00:00;0.089;;
966771;unknown;control;2023-08-17 12:30:00+00:00;0.096;;
966771;unknown;control;2023-08-17 12:45:00+00:00;0.084;;
966771;unknown;control;2023-08-17 13:00:00+00:00;0.087;;
966771;unknown;control;2023-08-17 13:15:00+00:00;0.095;;
966771;unknown;control;2023-08-17 13:30:00+00:00;0.085;;
966771;unknown;control;2023-08-17 13:45:00+00:00;0.088;;
966771;unknown;control;2023-08-17 14:00:00+00:00;0.092;;
966771;unknown;control;2023-08-17 14:15:00+00:00;0.085;;
966771;unknown;control;2023-08-17 14:30:00+00:00;0.092;;
966771;unknown;control;2023-08-17 14:45:00+00:00;0.088;;
966771;unknown;control;2023-08-17 15:00:00+00:00;0.086;;
966771;unknown;control;2023-08-17 15:15:00+00:00;0.095;;
966771;unknown;control;2023-08-17 15:30:00+00:00;0.086;;
966771;unknown;control;2023-08-17 15:45:00+00:00;0.083;;
966771;unknown;control;2023-08-17 16:00:00+00:00;0.095;;
966771;unknown;control;2023-08-17 16:15:00+00:00;0.088;;
966771;unknown;control;2023-08-17 16:30:00+00:00;0.082;;
966771;unknown;control;2023-08-17 16:45:00+00:00;0.095;;
966771;unknown;control;2023-08-17 17:00:00+00:00;0.095;;
966771;unknown;control;2023-08-17 17:15:00+00:00;0.084;;
966771;unknown;control;2023-08-17 17:30:00+00:00;0.089;;
966771;unknown;control;2023-08-17 17:45:00+00:00;0.083;;
966771;unknown;control;2023-08-17 18:00:00+00:00;0.085;;
966771;unknown;control;2023-08-17 18:15:00+00:00;0.089;;
966771;unknown;control;2023-08-17 18:30:00+00:00;0.084;;
966771;unknown;control;2023-08-17 18:45:00+00:00;0.093;;
966771;unknown;control;2023-08-17 19:00:00+00:00;0.11;;
966771;unknown;control;2023-08-17 19:15:00+00:00;0.097;;
966771;unknown;control;2023-08-17 19:30:00+00:00;0.101;;
966771;unknown;control;2023-08-17 19:45:00+00:00;0.105;;
966771;unknown;control;2023-08-17 20:00:00+00:00;0.086;;
966771;unknown;control;2023-08-17 20:15:00+00:00;0.092;;
966771;unknown;control;2023-08-17 20:30:00+00:00;0.089;;
966771;unknown;control;2023-08-17 20:45:00+00:00;0.085;;
966771;unknown;control;2023-08-17 21:00:00+00:00;0.094;;
966771;unknown;control;2023-08-17 21:15:00+00:00;0.089;;
966771;unknown;control;2023-08-17 21:30:00+00:00;0.083;;
966771;unknown;control;2023-08-17 21:45:00+00:00;0.095;;
966771;unknown;control;2023-08-17 22:00:00+00:00;0.092;;
966771;unknown;control;2023-08-17 22:15:00+00:00;0.09;;
966771;unknown;control;2023-08-17 22:30:00+00:00;0.095;;
966771;unknown;control;2023-08-17 22:45:00+00:00;0.121;;
966771;unknown;control;2023-08-17 23:00:00+00:00;0.135;;
966771;unknown;control;2023-08-17 23:15:00+00:00;0.098;;
966771;unknown;control;2023-08-17 23:30:00+00:00;1.373;;
966771;unknown;control;2023-08-17 23:45:00+00:00;1.316;;
966771;unknown;control;2023-08-18 00:00:00+00:00;1.319;;
966771;unknown;control;2023-08-18 00:15:00+00:00;1.337;;
966771;unknown;control;2023-08-18 00:30:00+00:00;0.417;;
966771;unknown;control;2023-08-18 00:45:00+00:00;0.091;;
966771;unknown;control;2023-08-18 01:00:00+00:00;0.089;;
966771;unknown;control;2023-08-18 01:15:00+00:00;0.09;;
966771;unknown;control;2023-08-18 01:30:00+00:00;0.09;;
966771;unknown;control;2023-08-18 01:45:00+00:00;0.087;;
966771;unknown;control;2023-08-18 02:00:00+00:00;0.091;;
966771;unknown;control;2023-08-18 02:15:00+00:00;0.094;;
966771;unknown;control;2023-08-18 02:30:00+00:00;0.083;;
966771;unknown;control;2023-08-18 02:45:00+00:00;0.094;;
966771;unknown;control;2023-08-18 03:00:00+00:00;0.096;;
966771;unknown;control;2023-08-18 03:15:00+00:00;0.08;;
966771;unknown;control;2023-08-18 03:30:00+00:00;0.09;;
966771;unknown;control;2023-08-18 03:45:00+00:00;0.094;;
966771;unknown;control;2023-08-18 04:00:00+00:00;0.083;;
966771;unknown;control;2023-08-18 04:15:00+00:00;0.09;;
966771;unknown;control;2023-08-18 04:30:00+00:00;0.093;;
966771;unknown;control;2023-08-18 04:45:00+00:00;0.084;;
966771;unknown;control;2023-08-18 05:00:00+00:00;0.09;;
966771;unknown;control;2023-08-18 05:15:00+00:00;0.091;;
966771;unknown;control;2023-08-18 05:30:00+00:00;0.086;;
966771;unknown;control;2023-08-18 05:45:00+00:00;0.091;;
966771;unknown;control;2023-08-18 06:00:00+00:00;0.087;;
966771;unknown;control;2023-08-18 06:15:00+00:00;0.087;;
966771;unknown;control;2023-08-18 06:30:00+00:00;0.094;;
966771;unknown;control;2023-08-18 06:45:00+00:00;0.084;;
966771;unknown;control;2023-08-18 07:00:00+00:00;0.088;;
966771;unknown;control;2023-08-18 07:15:00+00:00;0.095;;
966771;unknown;control;2023-08-18 07:30:00+00:00;0.084;;
966771;unknown;control;2023-08-18 07:45:00+00:00;0.087;;
966771;unknown;control;2023-08-18 08:00:00+00:00;0.096;;
966771;unknown;control;2023-08-18 08:15:00+00:00;0.084;;
966771;unknown;control;2023-08-18 08:30:00+00:00;0.087;;
966771;unknown;control;2023-08-18 08:45:00+00:00;0.095;;
966771;unknown;control;2023-08-18 09:00:00+00:00;0.086;;
966771;unknown;control;2023-08-18 09:15:00+00:00;0.088;;
966771;unknown;control;2023-08-18 09:30:00+00:00;0.092;;
966771;unknown;control;2023-08-18 09:45:00+00:00;0.086;;
966771;unknown;control;2023-08-18 10:00:00+00:00;0.091;;
966771;unknown;control;2023-08-18 10:15:00+00:00;0.089;;
966771;unknown;control;2023-08-18 10:30:00+00:00;0.086;;
966771;unknown;control;2023-08-18 10:45:00+00:00;0.094;;
966771;unknown;control;2023-08-18 11:00:00+00:00;0.087;;
966771;unknown;control;2023-08-18 11:15:00+00:00;0.085;;
966771;unknown;control;2023-08-18 11:30:00+00:00;0.094;;
966771;unknown;control;2023-08-18 11:45:00+00:00;0.086;;
966771;unknown;control;2023-08-18 12:00:00+00:00;0.085;;
966771;unknown;control;2023-08-18 12:15:00+00:00;0.094;;
966771;unknown;control;2023-08-18 12:30:00+00:00;0.088;;
966771;unknown;control;2023-08-18 12:45:00+00:00;0.084;;
966771;unknown;control;2023-08-18 13:00:00+00:00;0.094;;
966771;unknown;control;2023-08-18 13:15:00+00:00;0.088;;
966771;unknown;control;2023-08-18 13:30:00+00:00;0.086;;
966771;unknown;control;2023-08-18 13:45:00+00:00;0.091;;
966771;unknown;control;2023-08-18 14:00:00+00:00;0.087;;
966771;unknown;control;2023-08-18 14:15:00+00:00;0.09;;
966771;unknown;control;2023-08-18 14:30:00+00:00;0.089;;
966771;unknown;control;2023-08-18 14:45:00+00:00;0.085;;
966771;unknown;control;2023-08-18 15:00:00+00:00;0.093;;
966771;unknown;control;2023-08-18 15:15:00+00:00;0.09;;
966771;unknown;control;2023-08-18 15:30:00+00:00;0.082;;
966771;unknown;control;2023-08-18 15:45:00+00:00;0.093;;
966771;unknown;control;2023-08-18 16:00:00+00:00;0.091;;
966771;unknown;control;2023-08-18 16:15:00+00:00;0.079;;
966771;unknown;control;2023-08-18 16:30:00+00:00;0.095;;
966771;unknown;control;2023-08-18 16:45:00+00:00;0.091;;
966771;unknown;control;2023-08-18 17:00:00+00:00;0.08;;
966771;unknown;control;2023-08-18 17:15:00+00:00;0.093;;
966771;unknown;control;2023-08-18 17:30:00+00:00;0.091;;
966771;unknown;control;2023-08-18 17:45:00+00:00;0.092;;
966771;unknown;control;2023-08-18 18:00:00+00:00;0.093;;
966771;unknown;control;2023-08-18 18:15:00+00:00;0.084;;
966771;unknown;control;2023-08-18 18:30:00+00:00;0.083;;
966771;unknown;control;2023-08-18 18:45:00+00:00;0.089;;
966771;unknown;control;2023-08-18 19:00:00+00:00;0.095;;
966771;unknown;control;2023-08-18 19:15:00+00:00;0.098;;
966771;unknown;control;2023-08-18 19:30:00+00:00;0.109;;
966771;unknown;control;2023-08-18 19:45:00+00:00;0.099;;
966771;unknown;control;2023-08-18 20:00:00+00:00;0.09;;
966771;unknown;control;2023-08-18 20:15:00+00:00;0.089;;
966771;unknown;control;2023-08-18 20:30:00+00:00;0.085;;
966771;unknown;control;2023-08-18 20:45:00+00:00;0.091;;
966771;unknown;control;2023-08-18 21:00:00+00:00;0.091;;
966771;unknown;control;2023-08-18 21:15:00+00:00;0.081;;
966771;unknown;control;2023-08-18 21:30:00+00:00;0.094;;
966771;unknown;control;2023-08-18 21:45:00+00:00;0.092;;
966771;unknown;control;2023-08-18 22:00:00+00:00;0.079;;
966771;unknown;control;2023-08-18 22:15:00+00:00;0.093;;
966771;unknown;control;2023-08-18 22:30:00+00:00;0.092;;
966771;unknown;control;2023-08-18 22:45:00+00:00;0.083;;
966771;unknown;control;2023-08-18 23:00:00+00:00;0.092;;
966771;unknown;control;2023-08-18 23:15:00+00:00;0.092;;
966771;unknown;control;2023-08-18 23:30:00+00:00;1.356;;
966771;unknown;control;2023-08-18 23:45:00+00:00;1.313;;
966771;unknown;control;2023-08-19 00:00:00+00:00;0.721;;
966771;unknown;control;2023-08-19 00:15:00+00:00;0.087;;
966771;unknown;control;2023-08-19 00:30:00+00:00;0.089;;
966771;unknown;control;2023-08-19 00:45:00+00:00;0.086;;
966771;unknown;control;2023-08-19 01:00:00+00:00;0.089;;
966771;unknown;control;2023-08-19 01:15:00+00:00;0.093;;
966771;unknown;control;2023-08-19 01:30:00+00:00;0.083;;
966771;unknown;control;2023-08-19 01:45:00+00:00;0.09;;
966771;unknown;control;2023-08-19 02:00:00+00:00;0.095;;
966771;unknown;control;2023-08-19 02:15:00+00:00;0.083;;
966771;unknown;control;2023-08-19 02:30:00+00:00;0.089;;
966771;unknown;control;2023-08-19 02:45:00+00:00;0.095;;
966771;unknown;control;2023-08-19 03:00:00+00:00;0.084;;
966771;unknown;control;2023-08-19 03:15:00+00:00;0.086;;
966771;unknown;control;2023-08-19 03:30:00+00:00;0.095;;
966771;unknown;control;2023-08-19 03:45:00+00:00;0.085;;
966771;unknown;control;2023-08-19 04:00:00+00:00;0.087;;
966771;unknown;control;2023-08-19 04:15:00+00:00;0.092;;
966771;unknown;control;2023-08-19 04:30:00+00:00;0.085;;
966771;unknown;control;2023-08-19 04:45:00+00:00;0.09;;
966771;unknown;control;2023-08-19 05:00:00+00:00;0.088;;
966771;unknown;control;2023-08-19 05:15:00+00:00;0.085;;
966771;unknown;control;2023-08-19 05:30:00+00:00;0.093;;
966771;unknown;control;2023-08-19 05:45:00+00:00;0.086;;
966771;unknown;control;2023-08-19 06:00:00+00:00;0.083;;
966771;unknown;control;2023-08-19 06:15:00+00:00;0.095;;
966771;unknown;control;2023-08-19 06:30:00+00:00;0.087;;
966771;unknown;control;2023-08-19 06:45:00+00:00;0.082;;
966771;unknown;control;2023-08-19 07:00:00+00:00;0.094;;
966771;unknown;control;2023-08-19 07:15:00+00:00;0.088;;
966771;unknown;control;2023-08-19 07:30:00+00:00;0.082;;
966771;unknown;control;2023-08-19 07:45:00+00:00;0.095;;
966771;unknown;control;2023-08-19 08:00:00+00:00;0.089;;
966771;unknown;control;2023-08-19 08:15:00+00:00;0.083;;
966771;unknown;control;2023-08-19 08:30:00+00:00;0.092;;
966771;unknown;control;2023-08-19 08:45:00+00:00;0.088;;
966771;unknown;control;2023-08-19 09:00:00+00:00;0.087;;
966771;unknown;control;2023-08-19 09:15:00+00:00;0.089;;
966771;unknown;control;2023-08-19 09:30:00+00:00;0.087;;
966771;unknown;control;2023-08-19 09:45:00+00:00;0.09;;
966771;unknown;control;2023-08-19 10:00:00+00:00;0.089;;
966771;unknown;control;2023-08-19 10:15:00+00:00;0.085;;
966771;unknown;control;2023-08-19 10:30:00+00:00;0.091;;
966771;unknown;control;2023-08-19 10:45:00+00:00;0.092;;
966771;unknown;control;2023-08-19 11:00:00+00:00;0.08;;
966771;unknown;control;2023-08-19 11:15:00+00:00;0.093;;
966771;unknown;control;2023-08-19 11:30:00+00:00;0.094;;
966771;unknown;control;2023-08-19 11:45:00+00:00;0.08;;
966771;unknown;control;2023-08-19 12:00:00+00:00;0.092;;
966771;unknown;control;2023-08-19 12:15:00+00:00;0.093;;
966771;unknown;control;2023-08-19 12:30:00+00:00;0.082;;
966771;unknown;control;2023-08-19 12:45:00+00:00;0.09;;
966771;unknown;control;2023-08-19 13:00:00+00:00;0.092;;
966771;unknown;control;2023-08-19 13:15:00+00:00;0.084;;
966771;unknown;control;2023-08-19 13:30:00+00:00;0.09;;
966771;unknown;control;2023-08-19 13:45:00+00:00;0.09;;
966771;unknown;control;2023-08-19 14:00:00+00:00;0.086;;
966771;unknown;control;2023-08-19 14:15:00+00:00;0.091;;
966771;unknown;control;2023-08-19 14:30:00+00:00;0.088;;
966771;unknown;control;2023-08-19 14:45:00+00:00;0.087;;
966771;unknown;control;2023-08-19 15:00:00+00:00;0.093;;
966771;unknown;control;2023-08-19 15:15:00+00:00;0.084;;
966771;unknown;control;2023-08-19 15:30:00+00:00;0.088;;
966771;unknown;control;2023-08-19 15:45:00+00:00;0.094;;
966771;unknown;control;2023-08-19 16:00:00+00:00;0.084;;
966771;unknown;control;2023-08-19 16:15:00+00:00;0.085;;
966771;unknown;control;2023-08-19 16:30:00+00:00;0.094;;
966771;unknown;control;2023-08-19 16:45:00+00:00;0.085;;
966771;unknown;control;2023-08-19 17:00:00+00:00;0.085;;
966771;unknown;control;2023-08-19 17:15:00+00:00;0.093;;
966771;unknown;control;2023-08-19 17:30:00+00:00;0.087;;
966771;unknown;control;2023-08-19 17:45:00+00:00;0.086;;
966771;unknown;control;2023-08-19 18:00:00+00:00;0.091;;
966771;unknown;control;2023-08-19 18:15:00+00:00;0.087;;
966771;unknown;control;2023-08-19 18:30:00+00:00;0.096;;
966771;unknown;control;2023-08-19 18:45:00+00:00;0.093;;
966771;unknown;control;2023-08-19 19:00:00+00:00;0.09;;
966771;unknown;control;2023-08-19 19:15:00+00:00;0.099;;
966771;unknown;control;2023-08-19 19:30:00+00:00;0.101;;
966771;unknown;control;2023-08-19 19:45:00+00:00;0.091;;
966771;unknown;control;2023-08-19 20:00:00+00:00;0.091;;
966771;unknown;control;2023-08-19 20:15:00+00:00;0.097;;
966771;unknown;control;2023-08-19 20:30:00+00:00;0.085;;
966771;unknown;control;2023-08-19 20:45:00+00:00;0.091;;
966771;unknown;control;2023-08-19 21:00:00+00:00;0.087;;
966771;unknown;control;2023-08-19 21:15:00+00:00;0.087;;
966771;unknown;control;2023-08-19 21:30:00+00:00;0.095;;
966771;unknown;control;2023-08-19 21:45:00+00:00;0.087;;
966771;unknown;control;2023-08-19 22:00:00+00:00;0.082;;
966771;unknown;control;2023-08-19 22:15:00+00:00;0.097;;
966771;unknown;control;2023-08-19 22:30:00+00:00;0.088;;
966771;unknown;control;2023-08-19 22:45:00+00:00;0.082;;
966771;unknown;control;2023-08-19 23:00:00+00:00;0.096;;
966771;unknown;control;2023-08-19 23:15:00+00:00;0.089;;
966771;unknown;control;2023-08-19 23:30:00+00:00;1.32;;
966771;unknown;control;2023-08-19 23:45:00+00:00;1.206;;
966771;unknown;control;2023-08-20 00:00:00+00:00;0.086;;
966771;unknown;control;2023-08-20 00:15:00+00:00;0.086;;
966771;unknown;control;2023-08-20 00:30:00+00:00;0.088;;
966771;unknown;control;2023-08-20 00:45:00+00:00;0.086;;
966771;unknown;control;2023-08-20 01:00:00+00:00;0.089;;
966771;unknown;control;2023-08-20 01:15:00+00:00;0.09;;
966771;unknown;control;2023-08-20 01:30:00+00:00;0.085;;
966771;unknown;control;2023-08-20 01:45:00+00:00;0.09;;
966771;unknown;control;2023-08-20 02:00:00+00:00;0.092;;
966771;unknown;control;2023-08-20 02:15:00+00:00;0.082;;
966771;unknown;control;2023-08-20 02:30:00+00:00;0.092;;
966771;unknown;control;2023-08-20 02:45:00+00:00;0.096;;
966771;unknown;control;2023-08-20 03:00:00+00:00;0.082;;
966771;unknown;control;2023-08-20 03:15:00+00:00;0.092;;
966771;unknown;control;2023-08-20 03:30:00+00:00;0.095;;
966771;unknown;control;2023-08-20 03:45:00+00:00;0.081;;
966771;unknown;control;2023-08-20 04:00:00+00:00;0.09;;
966771;unknown;control;2023-08-20 04:15:00+00:00;0.094;;
966771;unknown;control;2023-08-20 04:30:00+00:00;0.084;;
966771;unknown;control;2023-08-20 04:45:00+00:00;0.089;;
966771;unknown;control;2023-08-20 05:00:00+00:00;0.093;;
966771;unknown;control;2023-08-20 05:15:00+00:00;0.084;;
966771;unknown;control;2023-08-20 05:30:00+00:00;0.091;;
966771;unknown;control;2023-08-20 05:45:00+00:00;0.089;;
966771;unknown;control;2023-08-20 06:00:00+00:00;0.085;;
966771;unknown;control;2023-08-20 06:15:00+00:00;0.093;;
966771;unknown;control;2023-08-20 06:30:00+00:00;0.085;;
966771;unknown;control;2023-08-20 06:45:00+00:00;0.087;;
966771;unknown;control;2023-08-20 07:00:00+00:00;0.094;;
966771;unknown;control;2023-08-20 07:15:00+00:00;0.085;;
966771;unknown;control;2023-08-20 07:30:00+00:00;0.084;;
966771;unknown;control;2023-08-20 07:45:00+00:00;0.095;;
966771;unknown;control;2023-08-20 08:00:00+00:00;0.087;;
966771;unknown;control;2023-08-20 08:15:00+00:00;0.083;;
966771;unknown;control;2023-08-20 08:30:00+00:00;0.094;;
966771;unknown;control;2023-08-20 08:45:00+00:00;0.089;;
966771;unknown;control;2023-08-20 09:00:00+00:00;0.084;;
966771;unknown;control;2023-08-20 09:15:00+00:00;0.092;;
966771;unknown;control;2023-08-20 09:30:00+00:00;0.088;;
966771;unknown;control;2023-08-20 09:45:00+00:00;0.087;;
966771;unknown;control;2023-08-20 10:00:00+00:00;0.089;;
966771;unknown;control;2023-08-20 10:15:00+00:00;0.087;;
966771;unknown;control;2023-08-20 10:30:00+00:00;0.1;;
966771;unknown;control;2023-08-20 10:45:00+00:00;0.106;;
966771;unknown;control;2023-08-20 11:00:00+00:00;0.091;;
966771;unknown;control;2023-08-20 11:15:00+00:00;0.094;;
966771;unknown;control;2023-08-20 11:30:00+00:00;0.096;;
966771;unknown;control;2023-08-20 11:45:00+00:00;0.087;;
966771;unknown;control;2023-08-20 12:00:00+00:00;0.093;;
966771;unknown;control;2023-08-20 12:15:00+00:00;0.11;;
966771;unknown;control;2023-08-20 12:30:00+00:00;0.09;;
966771;unknown;control;2023-08-20 12:45:00+00:00;0.095;;
966771;unknown;control;2023-08-20 13:00:00+00:00;0.096;;
966771;unknown;control;2023-08-20 13:15:00+00:00;0.087;;
966771;unknown;control;2023-08-20 13:30:00+00:00;0.098;;
966771;unknown;control;2023-08-20 13:45:00+00:00;0.109;;
966771;unknown;control;2023-08-20 14:00:00+00:00;0.092;;
966771;unknown;control;2023-08-20 14:15:00+00:00;0.098;;
966771;unknown;control;2023-08-20 14:30:00+00:00;0.097;;
966771;unknown;control;2023-08-20 14:45:00+00:00;0.088;;
966771;unknown;control;2023-08-20 15:00:00+00:00;0.096;;
966771;unknown;control;2023-08-20 15:15:00+00:00;0.096;;
966771;unknown;control;2023-08-20 15:30:00+00:00;0.392;;
966771;unknown;control;2023-08-20 15:45:00+00:00;0.419;;
966771;unknown;control;2023-08-20 16:00:00+00:00;0.096;;
966771;unknown;control;2023-08-20 16:15:00+00:00;0.086;;
966771;unknown;control;2023-08-20 16:30:00+00:00;0.096;;
966771;unknown;control;2023-08-20 16:45:00+00:00;0.108;;
966771;unknown;control;2023-08-20 17:00:00+00:00;0.131;;
966771;unknown;control;2023-08-20 17:15:00+00:00;0.152;;
966771;unknown;control;2023-08-20 17:30:00+00:00;0.14;;
966771;unknown;control;2023-08-20 17:45:00+00:00;0.129;;
966771;unknown;control;2023-08-20 18:00:00+00:00;0.135;;
966771;unknown;control;2023-08-20 18:15:00+00:00;0.133;;
966771;unknown;control;2023-08-20 18:30:00+00:00;0.122;;
966771;unknown;control;2023-08-20 18:45:00+00:00;0.118;;
966771;unknown;control;2023-08-20 19:00:00+00:00;0.141;;
966771;unknown;control;2023-08-20 19:15:00+00:00;0.142;;
966771;unknown;control;2023-08-20 19:30:00+00:00;0.14;;
966771;unknown;control;2023-08-20 19:45:00+00:00;0.123;;
966771;unknown;control;2023-08-20 20:00:00+00:00;0.1;;
966771;unknown;control;2023-08-20 20:15:00+00:00;0.105;;
966771;unknown;control;2023-08-20 20:30:00+00:00;0.1;;
966771;unknown;control;2023-08-20 20:45:00+00:00;0.098;;
966771;unknown;control;2023-08-20 21:00:00+00:00;0.109;;
966771;unknown;control;2023-08-20 21:15:00+00:00;0.11;;
966771;unknown;control;2023-08-20 21:30:00+00:00;0.107;;
966771;unknown;control;2023-08-20 21:45:00+00:00;0.111;;
966771;unknown;control;2023-08-20 22:00:00+00:00;0.103;;
966771;unknown;control;2023-08-20 22:15:00+00:00;0.102;;
966771;unknown;control;2023-08-20 22:30:00+00:00;0.11;;
966771;unknown;control;2023-08-20 22:45:00+00:00;0.105;;
966771;unknown;control;2023-08-20 23:00:00+00:00;0.103;;
966771;unknown;control;2023-08-20 23:15:00+00:00;0.107;;
966771;unknown;control;2023-08-20 23:30:00+00:00;1.358;;
966771;unknown;control;2023-08-20 23:45:00+00:00;1.317;;
966771;unknown;control;2023-08-21 00:00:00+00:00;0.55;;
966771;unknown;control;2023-08-21 00:15:00+00:00;0.103;;
966771;unknown;control;2023-08-21 00:30:00+00:00;0.109;;
966771;unknown;control;2023-08-21 00:45:00+00:00;0.112;;
966771;unknown;control;2023-08-21 01:00:00+00:00;0.103;;
966771;unknown;control;2023-08-21 01:15:00+00:00;0.11;;
966771;unknown;control;2023-08-21 01:30:00+00:00;0.112;;
966771;unknown;control;2023-08-21 01:45:00+00:00;0.101;;
966771;unknown;control;2023-08-21 02:00:00+00:00;0.111;;
966771;unknown;control;2023-08-21 02:15:00+00:00;0.114;;
966771;unknown;control;2023-08-21 02:30:00+00:00;0.108;;
966771;unknown;control;2023-08-21 02:45:00+00:00;0.113;;
966771;unknown;control;2023-08-21 03:00:00+00:00;0.121;;
966771;unknown;control;2023-08-21 03:15:00+00:00;0.15;;
966771;unknown;control;2023-08-21 03:30:00+00:00;0.118;;
966771;unknown;control;2023-08-21 03:45:00+00:00;0.113;;
966771;unknown;control;2023-08-21 04:00:00+00:00;0.11;;
966771;unknown;control;2023-08-21 04:15:00+00:00;0.104;;
966771;unknown;control;2023-08-21 04:30:00+00:00;0.102;;
966771;unknown;control;2023-08-21 04:45:00+00:00;0.095;;
966771;unknown;control;2023-08-21 05:00:00+00:00;0.117;;
966771;unknown;control;2023-08-21 05:15:00+00:00;0.464;;
966771;unknown;control;2023-08-21 05:30:00+00:00;0.129;;
966771;unknown;control;2023-08-21 05:45:00+00:00;0.137;;
966771;unknown;control;2023-08-21 06:00:00+00:00;0.178;;
966771;unknown;control;2023-08-21 06:15:00+00:00;0.356;;
966771;unknown;control;2023-08-21 06:30:00+00:00;0.872;;
966771;unknown;control;2023-08-21 06:45:00+00:00;0.165;;
966771;unknown;control;2023-08-21 07:00:00+00:00;0.218;;
966771;unknown;control;2023-08-21 07:15:00+00:00;0.433;;
966771;unknown;control;2023-08-21 07:30:00+00:00;0.132;;
966771;unknown;control;2023-08-21 07:45:00+00:00;0.12;;
966771;unknown;control;2023-08-21 08:00:00+00:00;0.73;;
966771;unknown;control;2023-08-21 08:15:00+00:00;0.403;;
966771;unknown;control;2023-08-21 08:30:00+00:00;0.127;;
966771;unknown;control;2023-08-21 08:45:00+00:00;0.138;;
966771;unknown;control;2023-08-21 09:00:00+00:00;0.134;;
966771;unknown;control;2023-08-21 09:15:00+00:00;0.093;;
966771;unknown;control;2023-08-21 09:30:00+00:00;0.238;;
966771;unknown;control;2023-08-21 09:45:00+00:00;0.205;;
966771;unknown;control;2023-08-21 10:00:00+00:00;0.093;;
966771;unknown;control;2023-08-21 10:15:00+00:00;0.102;;
966771;unknown;control;2023-08-21 10:30:00+00:00;0.095;;
966771;unknown;control;2023-08-21 10:45:00+00:00;0.093;;
966771;unknown;control;2023-08-21 11:00:00+00:00;0.199;;
966771;unknown;control;2023-08-21 11:15:00+00:00;0.267;;
966771;unknown;control;2023-08-21 11:30:00+00:00;0.295;;
966771;unknown;control;2023-08-21 11:45:00+00:00;0.296;;
966771;unknown;control;2023-08-21 12:00:00+00:00;0.279;;
966771;unknown;control;2023-08-21 12:15:00+00:00;0.17;;
966771;unknown;control;2023-08-21 12:30:00+00:00;0.114;;
966771;unknown;control;2023-08-21 12:45:00+00:00;0.23;;
966771;unknown;control;2023-08-21 13:00:00+00:00;0.303;;
966771;unknown;control;2023-08-21 13:15:00+00:00;0.296;;
966771;unknown;control;2023-08-21 13:30:00+00:00;0.156;;
966771;unknown;control;2023-08-21 13:45:00+00:00;0.117;;
966771;unknown;control;2023-08-21 14:00:00+00:00;0.136;;
966771;unknown;control;2023-08-21 14:15:00+00:00;0.129;;
966771;unknown;control;2023-08-21 14:30:00+00:00;0.131;;
966771;unknown;control;2023-08-21 14:45:00+00:00;0.106;;
966771;unknown;control;2023-08-21 15:00:00+00:00;0.095;;
966771;unknown;control;2023-08-21 15:15:00+00:00;0.096;;
966771;unknown;control;2023-08-21 15:30:00+00:00;0.111;;
966771;unknown;control;2023-08-21 15:45:00+00:00;0.092;;
966771;unknown;control;2023-08-21 16:00:00+00:00;0.1;;
966771;unknown;control;2023-08-21 16:15:00+00:00;0.098;;
966771;unknown;control;2023-08-21 16:30:00+00:00;0.105;;
966771;unknown;control;2023-08-21 16:45:00+00:00;0.101;;
966771;unknown;control;2023-08-21 17:00:00+00:00;0.095;;
966771;unknown;control;2023-08-21 17:15:00+00:00;0.09;;
966771;unknown;control;2023-08-21 17:30:00+00:00;0.099;;
966771;unknown;control;2023-08-21 17:45:00+00:00;0.097;;
966771;unknown;control;2023-08-21 18:00:00+00:00;0.086;;
966771;unknown;control;2023-08-21 18:15:00+00:00;0.111;;
966771;unknown;control;2023-08-21 18:30:00+00:00;0.111;;
966771;unknown;control;2023-08-21 18:45:00+00:00;0.135;;
966771;unknown;control;2023-08-21 19:00:00+00:00;0.149;;
966771;unknown;control;2023-08-21 19:15:00+00:00;0.19;;
966771;unknown;control;2023-08-21 19:30:00+00:00;0.221;;
966771;unknown;control;2023-08-21 19:45:00+00:00;0.188;;
966771;unknown;control;2023-08-21 20:00:00+00:00;0.134;;
966771;unknown;control;2023-08-21 20:15:00+00:00;0.123;;
966771;unknown;control;2023-08-21 20:30:00+00:00;0.104;;
966771;unknown;control;2023-08-21 20:45:00+00:00;0.089;;
966771;unknown;control;2023-08-21 21:00:00+00:00;0.089;;
966771;unknown;control;2023-08-21 21:15:00+00:00;0.094;;
966771;unknown;control;2023-08-21 21:30:00+00:00;0.086;;
966771;unknown;control;2023-08-21 21:45:00+00:00;0.086;;
966771;unknown;control;2023-08-21 22:00:00+00:00;0.09;;
966771;unknown;control;2023-08-21 22:15:00+00:00;0.094;;
966771;unknown;control;2023-08-21 22:30:00+00:00;0.096;;
966771;unknown;control;2023-08-21 22:45:00+00:00;0.097;;
966771;unknown;control;2023-08-21 23:00:00+00:00;0.086;;
966771;unknown;control;2023-08-21 23:15:00+00:00;0.09;;
966771;unknown;control;2023-08-21 23:30:00+00:00;1.36;;
966771;unknown;control;2023-08-21 23:45:00+00:00;1.299;;
966771;unknown;control;2023-08-22 00:00:00+00:00;1.314;;
966771;unknown;control;2023-08-22 00:15:00+00:00;1.346;;
966771;unknown;control;2023-08-22 00:30:00+00:00;1.353;;
966771;unknown;control;2023-08-22 00:45:00+00:00;0.173;;
966771;unknown;control;2023-08-22 01:00:00+00:00;0.094;;
966771;unknown;control;2023-08-22 01:15:00+00:00;0.084;;
966771;unknown;control;2023-08-22 01:30:00+00:00;0.097;;
966771;unknown;control;2023-08-22 01:45:00+00:00;0.094;;
966771;unknown;control;2023-08-22 02:00:00+00:00;0.085;;
966771;unknown;control;2023-08-22 02:15:00+00:00;0.094;;
966771;unknown;control;2023-08-22 02:30:00+00:00;0.092;;
966771;unknown;control;2023-08-22 02:45:00+00:00;0.088;;
966771;unknown;control;2023-08-22 03:00:00+00:00;0.092;;
966771;unknown;control;2023-08-22 03:15:00+00:00;0.087;;
966771;unknown;control;2023-08-22 03:30:00+00:00;0.09;;
966771;unknown;control;2023-08-22 03:45:00+00:00;0.096;;
966771;unknown;control;2023-08-22 04:00:00+00:00;0.085;;
966771;unknown;control;2023-08-22 04:15:00+00:00;0.089;;
966771;unknown;control;2023-08-22 04:30:00+00:00;0.114;;
966771;unknown;control;2023-08-22 04:45:00+00:00;0.089;;
966771;unknown;control;2023-08-22 05:00:00+00:00;0.105;;
966771;unknown;control;2023-08-22 05:15:00+00:00;0.1;;
966771;unknown;control;2023-08-22 05:30:00+00:00;0.091;;
966771;unknown;control;2023-08-22 05:45:00+00:00;0.11;;
966771;unknown;control;2023-08-22 06:00:00+00:00;0.097;;
966771;unknown;control;2023-08-22 06:15:00+00:00;0.087;;
966771;unknown;control;2023-08-22 06:30:00+00:00;0.098;;
966771;unknown;control;2023-08-22 06:45:00+00:00;0.09;;
966771;unknown;control;2023-08-22 07:00:00+00:00;0.086;;
966771;unknown;control;2023-08-22 07:15:00+00:00;0.1;;
966771;unknown;control;2023-08-22 07:30:00+00:00;0.095;;
966771;unknown;control;2023-08-22 07:45:00+00:00;0.086;;
966771;unknown;control;2023-08-22 08:00:00+00:00;0.1;;
966771;unknown;control;2023-08-22 08:15:00+00:00;0.095;;
966771;unknown;control;2023-08-22 08:30:00+00:00;0.087;;
966771;unknown;control;2023-08-22 08:45:00+00:00;0.099;;
966771;unknown;control;2023-08-22 09:00:00+00:00;0.096;;
966771;unknown;control;2023-08-22 09:15:00+00:00;0.094;;
966771;unknown;control;2023-08-22 09:30:00+00:00;0.096;;
966771;unknown;control;2023-08-22 09:45:00+00:00;0.096;;
966771;unknown;control;2023-08-22 10:00:00+00:00;0.101;;
966771;unknown;control;2023-08-22 10:15:00+00:00;0.117;;
966771;unknown;control;2023-08-22 10:30:00+00:00;0.111;;
966771;unknown;control;2023-08-22 10:45:00+00:00;0.1;;
966771;unknown;control;2023-08-22 11:00:00+00:00;0.11;;
966771;unknown;control;2023-08-22 11:15:00+00:00;0.099;;
966771;unknown;control;2023-08-22 11:30:00+00:00;0.093;;
966771;unknown;control;2023-08-22 11:45:00+00:00;0.1;;
966771;unknown;control;2023-08-22 12:00:00+00:00;0.098;;
966771;unknown;control;2023-08-22 12:15:00+00:00;0.092;;
966771;unknown;control;2023-08-22 12:30:00+00:00;0.101;;
966771;unknown;control;2023-08-22 12:45:00+00:00;0.096;;
966771;unknown;control;2023-08-22 13:00:00+00:00;0.089;;
966771;unknown;control;2023-08-22 13:15:00+00:00;0.101;;
966771;unknown;control;2023-08-22 13:30:00+00:00;0.096;;
966771;unknown;control;2023-08-22 13:45:00+00:00;0.092;;
966771;unknown;control;2023-08-22 14:00:00+00:00;0.099;;
966771;unknown;control;2023-08-22 14:15:00+00:00;0.171;;
966771;unknown;control;2023-08-22 14:30:00+00:00;0.362;;
966771;unknown;control;2023-08-22 14:45:00+00:00;0.101;;
966771;unknown;control;2023-08-22 15:00:00+00:00;0.102;;
966771;unknown;control;2023-08-22 15:15:00+00:00;0.097;;
966771;unknown;control;2023-08-22 15:30:00+00:00;0.103;;
966771;unknown;control;2023-08-22 15:45:00+00:00;0.097;;
966771;unknown;control;2023-08-22 16:00:00+00:00;0.385;;
966771;unknown;control;2023-08-22 16:15:00+00:00;0.158;;
966771;unknown;control;2023-08-22 16:30:00+00:00;0.097;;
966771;unknown;control;2023-08-22 16:45:00+00:00;0.099;;
966771;unknown;control;2023-08-22 17:00:00+00:00;0.1;;
966771;unknown;control;2023-08-22 17:15:00+00:00;0.094;;
966771;unknown;control;2023-08-22 17:30:00+00:00;0.098;;
966771;unknown;control;2023-08-22 17:45:00+00:00;0.125;;
966771;unknown;control;2023-08-22 18:00:00+00:00;0.093;;
966771;unknown;control;2023-08-22 18:15:00+00:00;0.101;;
966771;unknown;control;2023-08-22 18:30:00+00:00;0.112;;
966771;unknown;control;2023-08-22 18:45:00+00:00;0.102;;
966771;unknown;control;2023-08-22 19:00:00+00:00;0.114;;
966771;unknown;control;2023-08-22 19:15:00+00:00;0.115;;
966771;unknown;control;2023-08-22 19:30:00+00:00;0.1;;
966771;unknown;control;2023-08-22 19:45:00+00:00;0.113;;
966771;unknown;control;2023-08-22 20:00:00+00:00;0.108;;
966771;unknown;control;2023-08-22 20:15:00+00:00;0.087;;
966771;unknown;control;2023-08-22 20:30:00+00:00;0.096;;
966771;unknown;control;2023-08-22 20:45:00+00:00;0.097;;
966771;unknown;control;2023-08-22 21:00:00+00:00;0.082;;
966771;unknown;control;2023-08-22 21:15:00+00:00;0.102;;
966771;unknown;control;2023-08-22 21:30:00+00:00;0.113;;
966771;unknown;control;2023-08-22 21:45:00+00:00;0.083;;
966771;unknown;control;2023-08-22 22:00:00+00:00;0.092;;
966771;unknown;control;2023-08-22 22:15:00+00:00;0.088;;
966771;unknown;control;2023-08-22 22:30:00+00:00;0.082;;
966771;unknown;control;2023-08-22 22:45:00+00:00;0.09;;
966771;unknown;control;2023-08-22 23:00:00+00:00;0.088;;
966771;unknown;control;2023-08-22 23:15:00+00:00;0.09;;
966771;unknown;control;2023-08-22 23:30:00+00:00;1.36;;
966771;unknown;control;2023-08-22 23:45:00+00:00;1.301;;
966771;unknown;control;2023-08-23 00:00:00+00:00;1.3;;
966771;unknown;control;2023-08-23 00:15:00+00:00;1.275;;
966771;unknown;control;2023-08-23 00:30:00+00:00;0.091;;
966771;unknown;control;2023-08-23 00:45:00+00:00;0.091;;
966771;unknown;control;2023-08-23 01:00:00+00:00;0.097;;
966771;unknown;control;2023-08-23 01:15:00+00:00;0.086;;
966771;unknown;control;2023-08-23 01:30:00+00:00;0.091;;
966771;unknown;control;2023-08-23 01:45:00+00:00;0.097;;
966771;unknown;control;2023-08-23 02:00:00+00:00;0.086;;
966771;unknown;control;2023-08-23 02:15:00+00:00;0.091;;
966771;unknown;control;2023-08-23 02:30:00+00:00;0.095;;
966771;unknown;control;2023-08-23 02:45:00+00:00;0.086;;
966771;unknown;control;2023-08-23 03:00:00+00:00;0.091;;
966771;unknown;control;2023-08-23 03:15:00+00:00;0.092;;
966771;unknown;control;2023-08-23 03:30:00+00:00;0.087;;
966771;unknown;control;2023-08-23 03:45:00+00:00;0.091;;
966771;unknown;control;2023-08-23 04:00:00+00:00;0.091;;
966771;unknown;control;2023-08-23 04:15:00+00:00;0.105;;
966771;unknown;control;2023-08-23 04:30:00+00:00;0.091;;
966771;unknown;control;2023-08-23 04:45:00+00:00;0.107;;
966771;unknown;control;2023-08-23 05:00:00+00:00;0.097;;
966771;unknown;control;2023-08-23 05:15:00+00:00;0.095;;
966771;unknown;control;2023-08-23 05:30:00+00:00;0.102;;
966771;unknown;control;2023-08-23 05:45:00+00:00;0.088;;
966771;unknown;control;2023-08-23 06:00:00+00:00;0.087;;
966771;unknown;control;2023-08-23 06:15:00+00:00;0.096;;
966771;unknown;control;2023-08-23 06:30:00+00:00;0.084;;
966771;unknown;control;2023-08-23 06:45:00+00:00;0.086;;
966771;unknown;control;2023-08-23 07:00:00+00:00;0.1;;
966771;unknown;control;2023-08-23 07:15:00+00:00;0.088;;
966771;unknown;control;2023-08-23 07:30:00+00:00;0.094;;
966771;unknown;control;2023-08-23 07:45:00+00:00;0.103;;
966771;unknown;control;2023-08-23 08:00:00+00:00;0.103;;
966771;unknown;control;2023-08-23 08:15:00+00:00;0.1;;
966771;unknown;control;2023-08-23 08:30:00+00:00;0.098;;
966771;unknown;control;2023-08-23 08:45:00+00:00;0.089;;
966771;unknown;control;2023-08-23 09:00:00+00:00;0.098;;
966771;unknown;control;2023-08-23 09:15:00+00:00;0.1;;
966771;unknown;control;2023-08-23 09:30:00+00:00;0.244;;
966771;unknown;control;2023-08-23 09:45:00+00:00;0.467;;
966771;unknown;control;2023-08-23 10:00:00+00:00;0.31;;
966771;unknown;control;2023-08-23 10:15:00+00:00;0.271;;
966771;unknown;control;2023-08-23 10:30:00+00:00;0.315;;
966771;unknown;control;2023-08-23 10:45:00+00:00;0.189;;
966771;unknown;control;2023-08-23 11:00:00+00:00;0.095;;
966771;unknown;control;2023-08-23 11:15:00+00:00;0.101;;
966771;unknown;control;2023-08-23 11:30:00+00:00;0.337;;
966771;unknown;control;2023-08-23 11:45:00+00:00;0.284;;
966771;unknown;control;2023-08-23 12:00:00+00:00;0.395;;
966771;unknown;control;2023-08-23 12:15:00+00:00;0.322;;
966771;unknown;control;2023-08-23 12:30:00+00:00;0.135;;
966771;unknown;control;2023-08-23 12:45:00+00:00;0.255;;
966771;unknown;control;2023-08-23 13:00:00+00:00;0.269;;
966771;unknown;control;2023-08-23 13:15:00+00:00;0.386;;
966771;unknown;control;2023-08-23 13:30:00+00:00;0.379;;
966771;unknown;control;2023-08-23 13:45:00+00:00;0.273;;
966771;unknown;control;2023-08-23 14:00:00+00:00;0.242;;
966771;unknown;control;2023-08-23 14:15:00+00:00;0.199;;
966771;unknown;control;2023-08-23 14:30:00+00:00;0.108;;
966771;unknown;control;2023-08-23 14:45:00+00:00;0.107;;
966771;unknown;control;2023-08-23 15:00:00+00:00;0.108;;
966771;unknown;control;2023-08-23 15:15:00+00:00;0.113;;
966771;unknown;control;2023-08-23 15:30:00+00:00;0.103;;
966771;unknown;control;2023-08-23 15:45:00+00:00;0.102;;
966771;unknown;control;2023-08-23 16:00:00+00:00;0.102;;
966771;unknown;control;2023-08-23 16:15:00+00:00;0.115;;
966771;unknown;control;2023-08-23 16:30:00+00:00;0.12;;
966771;unknown;control;2023-08-23 16:45:00+00:00;0.16;;
966771;unknown;control;2023-08-23 17:00:00+00:00;0.115;;
966771;unknown;control;2023-08-23 17:15:00+00:00;0.144;;
966771;unknown;control;2023-08-23 17:30:00+00:00;0.139;;
966771;unknown;control;2023-08-23 17:45:00+00:00;0.139;;
966771;unknown;control;2023-08-23 18:00:00+00:00;0.139;;
966771;unknown;control;2023-08-23 18:15:00+00:00;0.138;;
966771;unknown;control;2023-08-23 18:30:00+00:00;0.128;;
966771;unknown;control;2023-08-23 18:45:00+00:00;0.127;;
966771;unknown;control;2023-08-23 19:00:00+00:00;0.116;;
966771;unknown;control;2023-08-23 19:15:00+00:00;0.114;;
966771;unknown;control;2023-08-23 19:30:00+00:00;0.107;;
966771;unknown;control;2023-08-23 19:45:00+00:00;0.104;;
966771;unknown;control;2023-08-23 20:00:00+00:00;0.094;;
966771;unknown;control;2023-08-23 20:15:00+00:00;0.087;;
966771;unknown;control;2023-08-23 20:30:00+00:00;0.093;;
966771;unknown;control;2023-08-23 20:45:00+00:00;0.095;;
966771;unknown;control;2023-08-23 21:00:00+00:00;0.095;;
966771;unknown;control;2023-08-23 21:15:00+00:00;0.088;;
966771;unknown;control;2023-08-23 21:30:00+00:00;0.088;;
966771;unknown;control;2023-08-23 21:45:00+00:00;0.107;;
966771;unknown;control;2023-08-23 22:00:00+00:00;0.095;;
966771;unknown;control;2023-08-23 22:15:00+00:00;0.092;;
966771;unknown;control;2023-08-23 22:30:00+00:00;0.095;;
966771;unknown;control;2023-08-23 22:45:00+00:00;0.09;;
966771;unknown;control;2023-08-23 23:00:00+00:00;0.09;;
966771;unknown;control;2023-08-23 23:15:00+00:00;0.082;;
966771;unknown;control;2023-08-23 23:30:00+00:00;1.346;;
966771;unknown;control;2023-08-23 23:45:00+00:00;1.296;;
966771;unknown;control;2023-08-24 00:00:00+00:00;1.308;;
966771;unknown;control;2023-08-24 00:15:00+00:00;0.93;;
966771;unknown;control;2023-08-24 00:30:00+00:00;0.098;;
966771;unknown;control;2023-08-24 00:45:00+00:00;0.095;;
966771;unknown;control;2023-08-24 01:00:00+00:00;0.087;;
966771;unknown;control;2023-08-24 01:15:00+00:00;0.093;;
966771;unknown;control;2023-08-24 01:30:00+00:00;0.111;;
966771;unknown;control;2023-08-24 01:45:00+00:00;0.094;;
966771;unknown;control;2023-08-24 02:00:00+00:00;0.084;;
966771;unknown;control;2023-08-24 02:15:00+00:00;0.097;;
966771;unknown;control;2023-08-24 02:30:00+00:00;0.094;;
966771;unknown;control;2023-08-24 02:45:00+00:00;0.084;;
966771;unknown;control;2023-08-24 03:00:00+00:00;0.093;;
966771;unknown;control;2023-08-24 03:15:00+00:00;0.094;;
966771;unknown;control;2023-08-24 03:30:00+00:00;0.091;;
966771;unknown;control;2023-08-24 03:45:00+00:00;0.101;;
966771;unknown;control;2023-08-24 04:00:00+00:00;0.105;;
966771;unknown;control;2023-08-24 04:15:00+00:00;0.109;;
966771;unknown;control;2023-08-24 04:30:00+00:00;0.287;;
966771;unknown;control;2023-08-24 04:45:00+00:00;0.663;;
966771;unknown;control;2023-08-24 05:00:00+00:00;0.128;;
966771;unknown;control;2023-08-24 05:15:00+00:00;0.123;;
966771;unknown;control;2023-08-24 05:30:00+00:00;0.13;;
966771;unknown;control;2023-08-24 05:45:00+00:00;0.122;;
966771;unknown;control;2023-08-24 06:00:00+00:00;0.214;;
966771;unknown;control;2023-08-24 06:15:00+00:00;0.27;;
966771;unknown;control;2023-08-24 06:30:00+00:00;0.141;;
966771;unknown;control;2023-08-24 06:45:00+00:00;0.109;;
966771;unknown;control;2023-08-24 07:00:00+00:00;0.12;;
966771;unknown;control;2023-08-24 07:15:00+00:00;0.407;;
966771;unknown;control;2023-08-24 07:30:00+00:00;0.326;;
966771;unknown;control;2023-08-24 07:45:00+00:00;0.187;;
966771;unknown;control;2023-08-24 08:00:00+00:00;0.25;;
966771;unknown;control;2023-08-24 08:15:00+00:00;0.099;;
966771;unknown;control;2023-08-24 08:30:00+00:00;0.098;;
966771;unknown;control;2023-08-24 08:45:00+00:00;0.106;;
966771;unknown;control;2023-08-24 09:00:00+00:00;0.108;;
966771;unknown;control;2023-08-24 09:15:00+00:00;0.099;;
966771;unknown;control;2023-08-24 09:30:00+00:00;0.106;;
966771;unknown;control;2023-08-24 09:45:00+00:00;0.099;;
966771;unknown;control;2023-08-24 10:00:00+00:00;0.096;;
966771;unknown;control;2023-08-24 10:15:00+00:00;0.092;;
966771;unknown;control;2023-08-24 10:30:00+00:00;0.106;;
966771;unknown;control;2023-08-24 10:45:00+00:00;0.098;;
966771;unknown;control;2023-08-24 11:00:00+00:00;0.094;;
966771;unknown;control;2023-08-24 11:15:00+00:00;0.092;;
966771;unknown;control;2023-08-24 11:30:00+00:00;0.097;;
966771;unknown;control;2023-08-24 11:45:00+00:00;0.095;;
966771;unknown;control;2023-08-24 12:00:00+00:00;0.09;;
966771;unknown;control;2023-08-24 12:15:00+00:00;0.097;;
966771;unknown;control;2023-08-24 12:30:00+00:00;0.095;;
966771;unknown;control;2023-08-24 12:45:00+00:00;0.094;;
966771;unknown;control;2023-08-24 13:00:00+00:00;0.104;;
966771;unknown;control;2023-08-24 13:15:00+00:00;0.099;;
966771;unknown;control;2023-08-24 13:30:00+00:00;0.091;;
966771;unknown;control;2023-08-24 13:45:00+00:00;0.094;;
966771;unknown;control;2023-08-24 14:00:00+00:00;0.1;;
966771;unknown;control;2023-08-24 14:15:00+00:00;0.096;;
966771;unknown;control;2023-08-24 14:30:00+00:00;0.089;;
966771;unknown;control;2023-08-24 14:45:00+00:00;0.101;;
966771;unknown;control;2023-08-24 15:00:00+00:00;0.123;;
966771;unknown;control;2023-08-24 15:15:00+00:00;0.095;;
966771;unknown;control;2023-08-24 15:30:00+00:00;0.099;;
966771;unknown;control;2023-08-24 15:45:00+00:00;0.104;;
966771;unknown;control;2023-08-24 16:00:00+00:00;0.108;;
966771;unknown;control;2023-08-24 16:15:00+00:00;0.101;;
966771;unknown;control;2023-08-24 16:30:00+00:00;0.105;;
966771;unknown;control;2023-08-24 16:45:00+00:00;0.094;;
966771;unknown;control;2023-08-24 17:00:00+00:00;0.106;;
966771;unknown;control;2023-08-24 17:15:00+00:00;0.149;;
966771;unknown;control;2023-08-24 17:30:00+00:00;0.136;;
966771;unknown;control;2023-08-24 17:45:00+00:00;0.132;;
966771;unknown;control;2023-08-24 18:00:00+00:00;0.135;;
966771;unknown;control;2023-08-24 18:15:00+00:00;0.137;;
966771;unknown;control;2023-08-24 18:30:00+00:00;0.127;;
966771;unknown;control;2023-08-24 18:45:00+00:00;0.132;;
966771;unknown;control;2023-08-24 19:00:00+00:00;0.147;;
966771;unknown;control;2023-08-24 19:15:00+00:00;0.135;;
966771;unknown;control;2023-08-24 19:30:00+00:00;0.135;;
966771;unknown;control;2023-08-24 19:45:00+00:00;0.132;;
966771;unknown;control;2023-08-24 20:00:00+00:00;0.127;;
966771;unknown;control;2023-08-24 20:15:00+00:00;0.103;;
966771;unknown;control;2023-08-24 20:30:00+00:00;0.099;;
966771;unknown;control;2023-08-24 20:45:00+00:00;0.098;;
966771;unknown;control;2023-08-24 21:00:00+00:00;0.086;;
966771;unknown;control;2023-08-24 21:15:00+00:00;0.098;;
966771;unknown;control;2023-08-24 21:30:00+00:00;0.099;;
966771;unknown;control;2023-08-24 21:45:00+00:00;0.087;;
966771;unknown;control;2023-08-24 22:00:00+00:00;0.099;;
966771;unknown;control;2023-08-24 22:15:00+00:00;0.1;;
966771;unknown;control;2023-08-24 22:30:00+00:00;0.092;;
966771;unknown;control;2023-08-24 22:45:00+00:00;0.096;;
966771;unknown;control;2023-08-24 23:00:00+00:00;0.095;;
966771;unknown;control;2023-08-24 23:15:00+00:00;0.084;;
966771;unknown;control;2023-08-24 23:30:00+00:00;1.355;;
966771;unknown;control;2023-08-24 23:45:00+00:00;1.307;;
966771;unknown;control;2023-08-25 00:00:00+00:00;1.3;;
966771;unknown;control;2023-08-25 00:15:00+00:00;1.311;;
966771;unknown;control;2023-08-25 00:30:00+00:00;0.091;;
966771;unknown;control;2023-08-25 00:45:00+00:00;0.084;;
966771;unknown;control;2023-08-25 01:00:00+00:00;0.091;;
966771;unknown;control;2023-08-25 01:15:00+00:00;0.094;;
966771;unknown;control;2023-08-25 01:30:00+00:00;0.093;;
966771;unknown;control;2023-08-25 01:45:00+00:00;0.1;;
966771;unknown;control;2023-08-25 02:00:00+00:00;0.099;;
966771;unknown;control;2023-08-25 02:15:00+00:00;0.087;;
966771;unknown;control;2023-08-25 02:30:00+00:00;0.092;;
966771;unknown;control;2023-08-25 02:45:00+00:00;0.097;;
966771;unknown;control;2023-08-25 03:00:00+00:00;0.089;;
966771;unknown;control;2023-08-25 03:15:00+00:00;0.091;;
966771;unknown;control;2023-08-25 03:30:00+00:00;0.094;;
966771;unknown;control;2023-08-25 03:45:00+00:00;0.102;;
966771;unknown;control;2023-08-25 04:00:00+00:00;0.095;;
966771;unknown;control;2023-08-25 04:15:00+00:00;0.094;;
966771;unknown;control;2023-08-25 04:30:00+00:00;0.092;;
966771;unknown;control;2023-08-25 04:45:00+00:00;0.094;;
966771;unknown;control;2023-08-25 05:00:00+00:00;0.1;;
966771;unknown;control;2023-08-25 05:15:00+00:00;0.1;;
966771;unknown;control;2023-08-25 05:30:00+00:00;0.093;;
966771;unknown;control;2023-08-25 05:45:00+00:00;0.104;;
966771;unknown;control;2023-08-25 06:00:00+00:00;0.087;;
966771;unknown;control;2023-08-25 06:15:00+00:00;0.091;;
966771;unknown;control;2023-08-25 06:30:00+00:00;0.098;;
966771;unknown;control;2023-08-25 06:45:00+00:00;0.088;;
966771;unknown;control;2023-08-25 07:00:00+00:00;0.107;;
966771;unknown;control;2023-08-25 07:15:00+00:00;0.097;;
966771;unknown;control;2023-08-25 07:30:00+00:00;0.09;;
966771;unknown;control;2023-08-25 07:45:00+00:00;0.096;;
966771;unknown;control;2023-08-25 08:00:00+00:00;0.099;;
966771;unknown;control;2023-08-25 08:15:00+00:00;0.086;;
966771;unknown;control;2023-08-25 08:30:00+00:00;0.096;;
966771;unknown;control;2023-08-25 08:45:00+00:00;0.101;;
966771;unknown;control;2023-08-25 09:00:00+00:00;0.091;;
966771;unknown;control;2023-08-25 09:15:00+00:00;0.098;;
966771;unknown;control;2023-08-25 09:30:00+00:00;0.156;;
966771;unknown;control;2023-08-25 09:45:00+00:00;0.104;;
966771;unknown;control;2023-08-25 10:00:00+00:00;0.097;;
966771;unknown;control;2023-08-25 10:15:00+00:00;0.1;;
966771;unknown;control;2023-08-25 10:30:00+00:00;0.096;;
966771;unknown;control;2023-08-25 10:45:00+00:00;0.095;;
966771;unknown;control;2023-08-25 11:00:00+00:00;0.099;;
966771;unknown;control;2023-08-25 11:15:00+00:00;0.088;;
966771;unknown;control;2023-08-25 11:30:00+00:00;0.098;;
966771;unknown;control;2023-08-25 11:45:00+00:00;0.101;;
966771;unknown;control;2023-08-25 12:00:00+00:00;0.093;;
966771;unknown;control;2023-08-25 12:15:00+00:00;0.1;;
966771;unknown;control;2023-08-25 12:30:00+00:00;0.115;;
966771;unknown;control;2023-08-25 12:45:00+00:00;0.108;;
966771;unknown;control;2023-08-25 13:00:00+00:00;0.113;;
966771;unknown;control;2023-08-25 13:15:00+00:00;0.195;;
966771;unknown;control;2023-08-25 13:30:00+00:00;0.221;;
966771;unknown;control;2023-08-25 13:45:00+00:00;0.231;;
966771;unknown;control;2023-08-25 14:00:00+00:00;0.234;;
966771;unknown;control;2023-08-25 14:15:00+00:00;0.23;;
966771;unknown;control;2023-08-25 14:30:00+00:00;0.241;;
966771;unknown;control;2023-08-25 14:45:00+00:00;0.232;;
966771;unknown;control;2023-08-25 15:00:00+00:00;0.223;;
966771;unknown;control;2023-08-25 15:15:00+00:00;0.226;;
966771;unknown;control;2023-08-25 15:30:00+00:00;0.225;;
966771;unknown;control;2023-08-25 15:45:00+00:00;0.224;;
966771;unknown;control;2023-08-25 16:00:00+00:00;0.111;;
966771;unknown;control;2023-08-25 16:15:00+00:00;0.131;;
966771;unknown;control;2023-08-25 16:30:00+00:00;0.121;;
966771;unknown;control;2023-08-25 16:45:00+00:00;0.114;;
966771;unknown;control;2023-08-25 17:00:00+00:00;0.099;;
966771;unknown;control;2023-08-25 17:15:00+00:00;0.111;;
966771;unknown;control;2023-08-25 17:30:00+00:00;0.146;;
966771;unknown;control;2023-08-25 17:45:00+00:00;0.138;;
966771;unknown;control;2023-08-25 18:00:00+00:00;0.136;;
966771;unknown;control;2023-08-25 18:15:00+00:00;0.176;;
966771;unknown;control;2023-08-25 18:30:00+00:00;0.196;;
966771;unknown;control;2023-08-25 18:45:00+00:00;0.189;;
966771;unknown;control;2023-08-25 19:00:00+00:00;0.188;;
966771;unknown;control;2023-08-25 19:15:00+00:00;0.197;;
966771;unknown;control;2023-08-25 19:30:00+00:00;0.193;;
966771;unknown;control;2023-08-25 19:45:00+00:00;0.188;;
966771;unknown;control;2023-08-25 20:00:00+00:00;0.182;;
966771;unknown;control;2023-08-25 20:15:00+00:00;0.18;;
966771;unknown;control;2023-08-25 20:30:00+00:00;0.134;;
966771;unknown;control;2023-08-25 20:45:00+00:00;0.129;;
966771;unknown;control;2023-08-25 21:00:00+00:00;0.132;;
966771;unknown;control;2023-08-25 21:15:00+00:00;0.101;;
966771;unknown;control;2023-08-25 21:30:00+00:00;0.095;;
966771;unknown;control;2023-08-25 21:45:00+00:00;0.086;;
966771;unknown;control;2023-08-25 22:00:00+00:00;0.091;;
966771;unknown;control;2023-08-25 22:15:00+00:00;0.097;;
966771;unknown;control;2023-08-25 22:30:00+00:00;0.088;;
966771;unknown;control;2023-08-25 22:45:00+00:00;0.088;;
966771;unknown;control;2023-08-25 23:00:00+00:00;0.101;;
966771;unknown;control;2023-08-25 23:15:00+00:00;0.092;;
966771;unknown;control;2023-08-25 23:30:00+00:00;1.355;;
966771;unknown;control;2023-08-25 23:45:00+00:00;1.318;;
966771;unknown;control;2023-08-26 00:00:00+00:00;1.328;;
966771;unknown;control;2023-08-26 00:15:00+00:00;1.308;;
966771;unknown;control;2023-08-26 00:30:00+00:00;0.099;;
966771;unknown;control;2023-08-26 00:45:00+00:00;0.09;;
966771;unknown;control;2023-08-26 01:00:00+00:00;0.085;;
966771;unknown;control;2023-08-26 01:15:00+00:00;0.094;;
966771;unknown;control;2023-08-26 01:30:00+00:00;0.088;;
966771;unknown;control;2023-08-26 01:45:00+00:00;0.087;;
966771;unknown;control;2023-08-26 02:00:00+00:00;0.091;;
966771;unknown;control;2023-08-26 02:15:00+00:00;0.086;;
966771;unknown;control;2023-08-26 02:30:00+00:00;0.085;;
966771;unknown;control;2023-08-26 02:45:00+00:00;0.096;;
966771;unknown;control;2023-08-26 03:00:00+00:00;0.101;;
966771;unknown;control;2023-08-26 03:15:00+00:00;0.089;;
966771;unknown;control;2023-08-26 03:30:00+00:00;0.093;;
966771;unknown;control;2023-08-26 03:45:00+00:00;0.084;;
966771;unknown;control;2023-08-26 04:00:00+00:00;0.094;;
966771;unknown;control;2023-08-26 04:15:00+00:00;0.105;;
966771;unknown;control;2023-08-26 04:30:00+00:00;0.09;;
966771;unknown;control;2023-08-26 04:45:00+00:00;0.089;;
966771;unknown;control;2023-08-26 05:00:00+00:00;0.123;;
966771;unknown;control;2023-08-26 05:15:00+00:00;0.139;;
966771;unknown;control;2023-08-26 05:30:00+00:00;0.128;;
966771;unknown;control;2023-08-26 05:45:00+00:00;0.103;;
966771;unknown;control;2023-08-26 06:00:00+00:00;0.095;;
966771;unknown;control;2023-08-26 06:15:00+00:00;0.105;;
966771;unknown;control;2023-08-26 06:30:00+00:00;0.104;;
966771;unknown;control;2023-08-26 06:45:00+00:00;0.103;;
966771;unknown;control;2023-08-26 07:00:00+00:00;0.103;;
966771;unknown;control;2023-08-26 07:15:00+00:00;0.125;;
966771;unknown;control;2023-08-26 07:30:00+00:00;0.253;;
966771;unknown;control;2023-08-26 07:45:00+00:00;0.097;;
966771;unknown;control;2023-08-26 08:00:00+00:00;0.114;;
966771;unknown;control;2023-08-26 08:15:00+00:00;0.102;;
966771;unknown;control;2023-08-26 08:30:00+00:00;0.159;;
966771;unknown;control;2023-08-26 08:45:00+00:00;0.177;;
966771;unknown;control;2023-08-26 09:00:00+00:00;0.106;;
966771;unknown;control;2023-08-26 09:15:00+00:00;0.114;;
966771;unknown;control;2023-08-26 09:30:00+00:00;0.139;;
966771;unknown;control;2023-08-26 09:45:00+00:00;0.117;;
966771;unknown;control;2023-08-26 10:00:00+00:00;0.118;;
966771;unknown;control;2023-08-26 10:15:00+00:00;0.095;;
966771;unknown;control;2023-08-26 10:30:00+00:00;0.091;;
966771;unknown;control;2023-08-26 10:45:00+00:00;0.1;;
966771;unknown;control;2023-08-26 11:00:00+00:00;0.537;;
966771;unknown;control;2023-08-26 11:15:00+00:00;0.38;;
966771;unknown;control;2023-08-26 11:30:00+00:00;0.226;;
966771;unknown;control;2023-08-26 11:45:00+00:00;0.155;;
966771;unknown;control;2023-08-26 12:00:00+00:00;0.103;;
966771;unknown;control;2023-08-26 12:15:00+00:00;0.093;;
966771;unknown;control;2023-08-26 12:30:00+00:00;0.098;;
966771;unknown;control;2023-08-26 12:45:00+00:00;0.093;;
966771;unknown;control;2023-08-26 13:00:00+00:00;0.092;;
966771;unknown;control;2023-08-26 13:15:00+00:00;0.097;;
966771;unknown;control;2023-08-26 13:30:00+00:00;0.099;;
966771;unknown;control;2023-08-26 13:45:00+00:00;0.088;;
966771;unknown;control;2023-08-26 14:00:00+00:00;0.094;;
966771;unknown;control;2023-08-26 14:15:00+00:00;0.099;;
966771;unknown;control;2023-08-26 14:30:00+00:00;0.091;;
966771;unknown;control;2023-08-26 14:45:00+00:00;0.112;;
966771;unknown;control;2023-08-26 15:00:00+00:00;0.176;;
966771;unknown;control;2023-08-26 15:15:00+00:00;0.123;;
966771;unknown;control;2023-08-26 15:30:00+00:00;0.13;;
966771;unknown;control;2023-08-26 15:45:00+00:00;0.132;;
966771;unknown;control;2023-08-26 16:00:00+00:00;0.122;;
966771;unknown;control;2023-08-26 16:15:00+00:00;0.124;;
966771;unknown;control;2023-08-26 16:30:00+00:00;0.13;;
966771;unknown;control;2023-08-26 16:45:00+00:00;0.124;;
966771;unknown;control;2023-08-26 17:00:00+00:00;0.142;;
966771;unknown;control;2023-08-26 17:15:00+00:00;0.141;;
966771;unknown;control;2023-08-26 17:30:00+00:00;0.12;;
966771;unknown;control;2023-08-26 17:45:00+00:00;0.137;;
966771;unknown;control;2023-08-26 18:00:00+00:00;0.124;;
966771;unknown;control;2023-08-26 18:15:00+00:00;0.141;;
966771;unknown;control;2023-08-26 18:30:00+00:00;0.147;;
966771;unknown;control;2023-08-26 18:45:00+00:00;0.168;;
966771;unknown;control;2023-08-26 19:00:00+00:00;0.152;;
966771;unknown;control;2023-08-26 19:15:00+00:00;0.145;;
966771;unknown;control;2023-08-26 19:30:00+00:00;0.152;;
966771;unknown;control;2023-08-26 19:45:00+00:00;0.163;;
966771;unknown;control;2023-08-26 20:00:00+00:00;0.104;;
966771;unknown;control;2023-08-26 20:15:00+00:00;0.092;;
966771;unknown;control;2023-08-26 20:30:00+00:00;0.093;;
966771;unknown;control;2023-08-26 20:45:00+00:00;0.091;;
966771;unknown;control;2023-08-26 21:00:00+00:00;0.093;;
966771;unknown;control;2023-08-26 21:15:00+00:00;0.093;;
966771;unknown;control;2023-08-26 21:30:00+00:00;0.089;;
966771;unknown;control;2023-08-26 21:45:00+00:00;0.102;;
966771;unknown;control;2023-08-26 22:00:00+00:00;0.101;;
966771;unknown;control;2023-08-26 22:15:00+00:00;0.083;;
966771;unknown;control;2023-08-26 22:30:00+00:00;0.093;;
966771;unknown;control;2023-08-26 22:45:00+00:00;0.094;;
966771;unknown;control;2023-08-26 23:00:00+00:00;0.085;;
966771;unknown;control;2023-08-26 23:15:00+00:00;0.093;;
966771;unknown;control;2023-08-26 23:30:00+00:00;1.351;;
966771;unknown;control;2023-08-26 23:45:00+00:00;1.292;;
966771;unknown;control;2023-08-27 00:00:00+00:00;1.303;;
966771;unknown;control;2023-08-27 00:15:00+00:00;1.322;;
966771;unknown;control;2023-08-27 00:30:00+00:00;0.313;;
966771;unknown;control;2023-08-27 00:45:00+00:00;0.093;;
966771;unknown;control;2023-08-27 01:00:00+00:00;0.095;;
966771;unknown;control;2023-08-27 01:15:00+00:00;0.082;;
966771;unknown;control;2023-08-27 01:30:00+00:00;0.096;;
966771;unknown;control;2023-08-27 01:45:00+00:00;0.103;;
966771;unknown;control;2023-08-27 02:00:00+00:00;0.089;;
966771;unknown;control;2023-08-27 02:15:00+00:00;0.09;;
966771;unknown;control;2023-08-27 02:30:00+00:00;0.09;;
966771;unknown;control;2023-08-27 02:45:00+00:00;0.083;;
966771;unknown;control;2023-08-27 03:00:00+00:00;0.09;;
966771;unknown;control;2023-08-27 03:15:00+00:00;0.089;;
966771;unknown;control;2023-08-27 03:30:00+00:00;0.081;;
966771;unknown;control;2023-08-27 03:45:00+00:00;0.091;;
966771;unknown;control;2023-08-27 04:00:00+00:00;0.096;;
966771;unknown;control;2023-08-27 04:15:00+00:00;0.089;;
966771;unknown;control;2023-08-27 04:30:00+00:00;0.096;;
966771;unknown;control;2023-08-27 04:45:00+00:00;0.101;;
966771;unknown;control;2023-08-27 05:00:00+00:00;0.084;;
966771;unknown;control;2023-08-27 05:15:00+00:00;0.096;;
966771;unknown;control;2023-08-27 05:30:00+00:00;0.105;;
966771;unknown;control;2023-08-27 05:45:00+00:00;0.242;;
966771;unknown;control;2023-08-27 06:00:00+00:00;0.292;;
966771;unknown;control;2023-08-27 06:15:00+00:00;0.106;;
966771;unknown;control;2023-08-27 06:30:00+00:00;0.093;;
966771;unknown;control;2023-08-27 06:45:00+00:00;0.1;;
966771;unknown;control;2023-08-27 07:00:00+00:00;0.098;;
966771;unknown;control;2023-08-27 07:15:00+00:00;0.362;;
966771;unknown;control;2023-08-27 07:30:00+00:00;0.208;;
966771;unknown;control;2023-08-27 07:45:00+00:00;0.232;;
966771;unknown;control;2023-08-27 08:00:00+00:00;0.132;;
966771;unknown;control;2023-08-27 08:15:00+00:00;0.151;;
966771;unknown;control;2023-08-27 08:30:00+00:00;0.121;;
966771;unknown;control;2023-08-27 08:45:00+00:00;0.366;;
966771;unknown;control;2023-08-27 09:00:00+00:00;0.424;;
966771;unknown;control;2023-08-27 09:15:00+00:00;0.205;;
966771;unknown;control;2023-08-27 09:30:00+00:00;0.202;;
966771;unknown;control;2023-08-27 09:45:00+00:00;0.368;;
966771;unknown;control;2023-08-27 10:00:00+00:00;0.098;;
966771;unknown;control;2023-08-27 10:15:00+00:00;0.105;;
966771;unknown;control;2023-08-27 10:30:00+00:00;0.107;;
966771;unknown;control;2023-08-27 10:45:00+00:00;0.095;;
966771;unknown;control;2023-08-27 11:00:00+00:00;0.106;;
966771;unknown;control;2023-08-27 11:15:00+00:00;0.102;;
966771;unknown;control;2023-08-27 11:30:00+00:00;0.101;;
966771;unknown;control;2023-08-27 11:45:00+00:00;0.1;;
966771;unknown;control;2023-08-27 12:00:00+00:00;0.105;;
966771;unknown;control;2023-08-27 12:15:00+00:00;0.126;;
966771;unknown;control;2023-08-27 12:30:00+00:00;0.152;;
966771;unknown;control;2023-08-27 12:45:00+00:00;0.128;;
966771;unknown;control;2023-08-27 13:00:00+00:00;0.124;;
966771;unknown;control;2023-08-27 13:15:00+00:00;0.127;;
966771;unknown;control;2023-08-27 13:30:00+00:00;0.123;;
966771;unknown;control;2023-08-27 13:45:00+00:00;0.13;;
966771;unknown;control;2023-08-27 14:00:00+00:00;0.13;;
966771;unknown;control;2023-08-27 14:15:00+00:00;0.122;;
966771;unknown;control;2023-08-27 14:30:00+00:00;0.123;;
966771;unknown;control;2023-08-27 14:45:00+00:00;0.136;;
966771;unknown;control;2023-08-27 15:00:00+00:00;0.355;;
966771;unknown;control;2023-08-27 15:15:00+00:00;0.843;;
966771;unknown;control;2023-08-27 15:30:00+00:00;0.593;;
966771;unknown;control;2023-08-27 15:45:00+00:00;0.093;;
966771;unknown;control;2023-08-27 16:00:00+00:00;0.089;;
966771;unknown;control;2023-08-27 16:15:00+00:00;0.105;;
966771;unknown;control;2023-08-27 16:30:00+00:00;0.091;;
966771;unknown;control;2023-08-27 16:45:00+00:00;0.204;;
966771;unknown;control;2023-08-27 17:00:00+00:00;0.207;;
966771;unknown;control;2023-08-27 17:15:00+00:00;0.191;;
966771;unknown;control;2023-08-27 17:30:00+00:00;0.185;;
966771;unknown;control;2023-08-27 17:45:00+00:00;0.161;;
966771;unknown;control;2023-08-27 18:00:00+00:00;0.136;;
966771;unknown;control;2023-08-27 18:15:00+00:00;0.138;;
966771;unknown;control;2023-08-27 18:30:00+00:00;0.14;;
966771;unknown;control;2023-08-27 18:45:00+00:00;0.144;;
966771;unknown;control;2023-08-27 19:00:00+00:00;0.14;;
966771;unknown;control;2023-08-27 19:15:00+00:00;0.138;;
966771;unknown;control;2023-08-27 19:30:00+00:00;0.14;;
966771;unknown;control;2023-08-27 19:45:00+00:00;0.1;;
966771;unknown;control;2023-08-27 20:00:00+00:00;0.099;;
966771;unknown;control;2023-08-27 20:15:00+00:00;0.097;;
966771;unknown;control;2023-08-27 20:30:00+00:00;0.09;;
966771;unknown;control;2023-08-27 20:45:00+00:00;0.09;;
966771;unknown;control;2023-08-27 21:00:00+00:00;0.096;;
966771;unknown;control;2023-08-27 21:15:00+00:00;0.091;;
966771;unknown;control;2023-08-27 21:30:00+00:00;0.095;;
966771;unknown;control;2023-08-27 21:45:00+00:00;0.091;;
966771;unknown;control;2023-08-27 22:00:00+00:00;0.089;;
966771;unknown;control;2023-08-27 22:15:00+00:00;0.093;;
966771;unknown;control;2023-08-27 22:30:00+00:00;0.092;;
966771;unknown;control;2023-08-27 22:45:00+00:00;0.085;;
966771;unknown;control;2023-08-27 23:00:00+00:00;0.095;;
966771;unknown;control;2023-08-27 23:15:00+00:00;0.093;;
966771;unknown;control;2023-08-27 23:30:00+00:00;1.343;;
966771;unknown;control;2023-08-27 23:45:00+00:00;1.304;;
966771;unknown;control;2023-08-28 00:00:00+00:00;1.314;;
966771;unknown;control;2023-08-28 00:15:00+00:00;1.338;;
966771;unknown;control;2023-08-28 00:30:00+00:00;0.931;;
966771;unknown;control;2023-08-28 00:45:00+00:00;0.094;;
966771;unknown;control;2023-08-28 01:00:00+00:00;0.085;;
966771;unknown;control;2023-08-28 01:15:00+00:00;0.095;;
966771;unknown;control;2023-08-28 01:30:00+00:00;0.095;;
966771;unknown;control;2023-08-28 01:45:00+00:00;0.088;;
966771;unknown;control;2023-08-28 02:00:00+00:00;0.093;;
966771;unknown;control;2023-08-28 02:15:00+00:00;0.093;;
966771;unknown;control;2023-08-28 02:30:00+00:00;0.09;;
966771;unknown;control;2023-08-28 02:45:00+00:00;0.092;;
966771;unknown;control;2023-08-28 03:00:00+00:00;0.088;;
966771;unknown;control;2023-08-28 03:15:00+00:00;0.098;;
966771;unknown;control;2023-08-28 03:30:00+00:00;0.094;;
966771;unknown;control;2023-08-28 03:45:00+00:00;0.106;;
966771;unknown;control;2023-08-28 04:00:00+00:00;0.091;;
966771;unknown;control;2023-08-28 04:15:00+00:00;0.091;;
966771;unknown;control;2023-08-28 04:30:00+00:00;0.086;;
966771;unknown;control;2023-08-28 04:45:00+00:00;0.097;;
966771;unknown;control;2023-08-28 05:00:00+00:00;0.111;;
966771;unknown;control;2023-08-28 05:15:00+00:00;0.115;;
966771;unknown;control;2023-08-28 05:30:00+00:00;0.094;;
966771;unknown;control;2023-08-28 05:45:00+00:00;0.094;;
966771;unknown;control;2023-08-28 06:00:00+00:00;0.084;;
966771;unknown;control;2023-08-28 06:15:00+00:00;0.127;;
966771;unknown;control;2023-08-28 06:30:00+00:00;0.388;;
966771;unknown;control;2023-08-28 06:45:00+00:00;0.121;;
966771;unknown;control;2023-08-28 07:00:00+00:00;0.129;;
966771;unknown;control;2023-08-28 07:15:00+00:00;0.128;;
966771;unknown;control;2023-08-28 07:30:00+00:00;0.439;;
966771;unknown;control;2023-08-28 07:45:00+00:00;0.236;;
966771;unknown;control;2023-08-28 08:00:00+00:00;0.255;;
966771;unknown;control;2023-08-28 08:15:00+00:00;0.262;;
966771;unknown;control;2023-08-28 08:30:00+00:00;0.262;;
966771;unknown;control;2023-08-28 08:45:00+00:00;0.19;;
966771;unknown;control;2023-08-28 09:00:00+00:00;0.1;;
966771;unknown;control;2023-08-28 09:15:00+00:00;0.116;;
966771;unknown;control;2023-08-28 09:30:00+00:00;0.567;;
966771;unknown;control;2023-08-28 09:45:00+00:00;0.46;;
966771;unknown;control;2023-08-28 10:00:00+00:00;0.102;;
966771;unknown;control;2023-08-28 10:15:00+00:00;0.087;;
966771;unknown;control;2023-08-28 10:30:00+00:00;0.119;;
966771;unknown;control;2023-08-28 10:45:00+00:00;0.108;;
966771;unknown;control;2023-08-28 11:00:00+00:00;0.114;;
966771;unknown;control;2023-08-28 11:15:00+00:00;0.609;;
966771;unknown;control;2023-08-28 11:30:00+00:00;0.698;;
966771;unknown;control;2023-08-28 11:45:00+00:00;0.251;;
966771;unknown;control;2023-08-28 12:00:00+00:00;0.248;;
966771;unknown;control;2023-08-28 12:15:00+00:00;0.252;;
966771;unknown;control;2023-08-28 12:30:00+00:00;0.21;;
966771;unknown;control;2023-08-28 12:45:00+00:00;0.216;;
966771;unknown;control;2023-08-28 13:00:00+00:00;0.294;;
966771;unknown;control;2023-08-28 13:15:00+00:00;0.359;;
966771;unknown;control;2023-08-28 13:30:00+00:00;0.395;;
966771;unknown;control;2023-08-28 13:45:00+00:00;0.395;;
966771;unknown;control;2023-08-28 14:00:00+00:00;0.391;;
966771;unknown;control;2023-08-28 14:15:00+00:00;0.395;;
966771;unknown;control;2023-08-28 14:30:00+00:00;0.385;;
966771;unknown;control;2023-08-28 14:45:00+00:00;0.424;;
966771;unknown;control;2023-08-28 15:00:00+00:00;0.413;;
966771;unknown;control;2023-08-28 15:15:00+00:00;0.295;;
966771;unknown;control;2023-08-28 15:30:00+00:00;0.292;;
966771;unknown;control;2023-08-28 15:45:00+00:00;0.237;;
966771;unknown;control;2023-08-28 16:00:00+00:00;0.084;;
966771;unknown;control;2023-08-28 16:15:00+00:00;0.294;;
966771;unknown;control;2023-08-28 16:30:00+00:00;0.105;;
966771;unknown;control;2023-08-28 16:45:00+00:00;0.144;;
966771;unknown;control;2023-08-28 17:00:00+00:00;0.141;;
966771;unknown;control;2023-08-28 17:15:00+00:00;0.132;;
966771;unknown;control;2023-08-28 17:30:00+00:00;0.125;;
966771;unknown;control;2023-08-28 17:45:00+00:00;0.127;;
966771;unknown;control;2023-08-28 18:00:00+00:00;0.125;;
966771;unknown;control;2023-08-28 18:15:00+00:00;0.133;;
966771;unknown;control;2023-08-28 18:30:00+00:00;0.138;;
966771;unknown;control;2023-08-28 18:45:00+00:00;0.133;;
966771;unknown;control;2023-08-28 19:00:00+00:00;0.111;;
966771;unknown;control;2023-08-28 19:15:00+00:00;0.116;;
966771;unknown;control;2023-08-28 19:30:00+00:00;0.101;;
966771;unknown;control;2023-08-28 19:45:00+00:00;0.132;;
966771;unknown;control;2023-08-28 20:00:00+00:00;0.154;;
966771;unknown;control;2023-08-28 20:15:00+00:00;0.144;;
966771;unknown;control;2023-08-28 20:30:00+00:00;0.129;;
966771;unknown;control;2023-08-28 20:45:00+00:00;0.132;;
966771;unknown;control;2023-08-28 21:00:00+00:00;0.099;;
966771;unknown;control;2023-08-28 21:15:00+00:00;0.088;;
966771;unknown;control;2023-08-28 21:30:00+00:00;0.096;;
966771;unknown;control;2023-08-28 21:45:00+00:00;0.092;;
966771;unknown;control;2023-08-28 22:00:00+00:00;0.088;;
966771;unknown;control;2023-08-28 22:15:00+00:00;0.094;;
966771;unknown;control;2023-08-28 22:30:00+00:00;0.092;;
966771;unknown;control;2023-08-28 22:45:00+00:00;0.092;;
966771;unknown;control;2023-08-28 23:00:00+00:00;0.092;;
966771;unknown;control;2023-08-28 23:15:00+00:00;0.092;;
966771;unknown;control;2023-08-28 23:30:00+00:00;1.36;;
966771;unknown;control;2023-08-28 23:45:00+00:00;1.319;;
966771;unknown;control;2023-08-29 00:00:00+00:00;1.299;;
966771;unknown;control;2023-08-29 00:15:00+00:00;1.318;;
966771;unknown;control;2023-08-29 00:30:00+00:00;1.266;;
966771;unknown;control;2023-08-29 00:45:00+00:00;0.087;;
966771;unknown;control;2023-08-29 01:00:00+00:00;0.094;;
966771;unknown;control;2023-08-29 01:15:00+00:00;0.093;;
966771;unknown;control;2023-08-29 01:30:00+00:00;0.085;;
966771;unknown;control;2023-08-29 01:45:00+00:00;0.097;;
966771;unknown;control;2023-08-29 02:00:00+00:00;0.092;;
966771;unknown;control;2023-08-29 02:15:00+00:00;0.085;;
966771;unknown;control;2023-08-29 02:30:00+00:00;0.098;;
966771;unknown;control;2023-08-29 02:45:00+00:00;0.093;;
966771;unknown;control;2023-08-29 03:00:00+00:00;0.085;;
966771;unknown;control;2023-08-29 03:15:00+00:00;0.107;;
966771;unknown;control;2023-08-29 03:30:00+00:00;0.095;;
966771;unknown;control;2023-08-29 03:45:00+00:00;0.083;;
966771;unknown;control;2023-08-29 04:00:00+00:00;0.369;;
966771;unknown;control;2023-08-29 04:15:00+00:00;0.136;;
966771;unknown;control;2023-08-29 04:30:00+00:00;0.12;;
966771;unknown;control;2023-08-29 04:45:00+00:00;0.142;;
966771;unknown;control;2023-08-29 05:00:00+00:00;0.1;;
966771;unknown;control;2023-08-29 05:15:00+00:00;0.094;;
966771;unknown;control;2023-08-29 05:30:00+00:00;0.116;;
966771;unknown;control;2023-08-29 05:45:00+00:00;0.205;;
966771;unknown;control;2023-08-29 06:00:00+00:00;0.194;;
966771;unknown;control;2023-08-29 06:15:00+00:00;0.212;;
966771;unknown;control;2023-08-29 06:30:00+00:00;0.089;;
966771;unknown;control;2023-08-29 06:45:00+00:00;0.09;;
966771;unknown;control;2023-08-29 07:00:00+00:00;0.096;;
966771;unknown;control;2023-08-29 07:15:00+00:00;0.086;;
966771;unknown;control;2023-08-29 07:30:00+00:00;0.096;;
966771;unknown;control;2023-08-29 07:45:00+00:00;0.097;;
966771;unknown;control;2023-08-29 08:00:00+00:00;0.087;;
966771;unknown;control;2023-08-29 08:15:00+00:00;0.1;;
966771;unknown;control;2023-08-29 08:30:00+00:00;0.113;;
966771;unknown;control;2023-08-29 08:45:00+00:00;0.089;;
966771;unknown;control;2023-08-29 09:00:00+00:00;0.184;;
966771;unknown;control;2023-08-29 09:15:00+00:00;0.448;;
966771;unknown;control;2023-08-29 09:30:00+00:00;0.231;;
966771;unknown;control;2023-08-29 09:45:00+00:00;0.181;;
966771;unknown;control;2023-08-29 10:00:00+00:00;0.089;;
966771;unknown;control;2023-08-29 10:15:00+00:00;0.086;;
966771;unknown;control;2023-08-29 10:30:00+00:00;0.114;;
966771;unknown;control;2023-08-29 10:45:00+00:00;0.092;;
966771;unknown;control;2023-08-29 11:00:00+00:00;0.092;;
966771;unknown;control;2023-08-29 11:15:00+00:00;0.1;;
966771;unknown;control;2023-08-29 11:30:00+00:00;0.088;;
966771;unknown;control;2023-08-29 11:45:00+00:00;0.085;;
966771;unknown;control;2023-08-29 12:00:00+00:00;0.092;;
966771;unknown;control;2023-08-29 12:15:00+00:00;0.089;;
966771;unknown;control;2023-08-29 12:30:00+00:00;0.088;;
966771;unknown;control;2023-08-29 12:45:00+00:00;0.093;;
966771;unknown;control;2023-08-29 13:00:00+00:00;0.09;;
966771;unknown;control;2023-08-29 13:15:00+00:00;0.091;;
966771;unknown;control;2023-08-29 13:30:00+00:00;0.087;;
966771;unknown;control;2023-08-29 13:45:00+00:00;0.081;;
966771;unknown;control;2023-08-29 14:00:00+00:00;0.089;;
966771;unknown;control;2023-08-29 14:15:00+00:00;0.09;;
966771;unknown;control;2023-08-29 14:30:00+00:00;0.082;;
966771;unknown;control;2023-08-29 14:45:00+00:00;0.091;;
966771;unknown;control;2023-08-29 15:00:00+00:00;0.09;;
966771;unknown;control;2023-08-29 15:15:00+00:00;0.175;;
966771;unknown;control;2023-08-29 15:30:00+00:00;0.138;;
966771;unknown;control;2023-08-29 15:45:00+00:00;0.092;;
966771;unknown;control;2023-08-29 16:00:00+00:00;0.099;;
966771;unknown;control;2023-08-29 16:15:00+00:00;0.379;;
966771;unknown;control;2023-08-29 16:30:00+00:00;0.459;;
966771;unknown;control;2023-08-29 16:45:00+00:00;0.145;;
966771;unknown;control;2023-08-29 17:00:00+00:00;0.154;;
966771;unknown;control;2023-08-29 17:15:00+00:00;0.5;;
966771;unknown;control;2023-08-29 17:30:00+00:00;0.131;;
966771;unknown;control;2023-08-29 17:45:00+00:00;0.142;;
966771;unknown;control;2023-08-29 18:00:00+00:00;0.127;;
966771;unknown;control;2023-08-29 18:15:00+00:00;0.192;;
966771;unknown;control;2023-08-29 18:30:00+00:00;0.198;;
966771;unknown;control;2023-08-29 18:45:00+00:00;0.185;;
966771;unknown;control;2023-08-29 19:00:00+00:00;0.188;;
966771;unknown;control;2023-08-29 19:15:00+00:00;0.195;;
966771;unknown;control;2023-08-29 19:30:00+00:00;0.175;;
966771;unknown;control;2023-08-29 19:45:00+00:00;0.144;;
966771;unknown;control;2023-08-29 20:00:00+00:00;0.153;;
966771;unknown;control;2023-08-29 20:15:00+00:00;0.142;;
966771;unknown;control;2023-08-29 20:30:00+00:00;0.143;;
966771;unknown;control;2023-08-29 20:45:00+00:00;0.144;;
966771;unknown;control;2023-08-29 21:00:00+00:00;0.103;;
966771;unknown;control;2023-08-29 21:15:00+00:00;0.096;;
966771;unknown;control;2023-08-29 21:30:00+00:00;0.098;;
966771;unknown;control;2023-08-29 21:45:00+00:00;0.085;;
966771;unknown;control;2023-08-29 22:00:00+00:00;0.094;;
966771;unknown;control;2023-08-29 22:15:00+00:00;0.092;;
966771;unknown;control;2023-08-29 22:30:00+00:00;0.085;;
966771;unknown;control;2023-08-29 22:45:00+00:00;0.097;;
966771;unknown;control;2023-08-29 23:00:00+00:00;0.092;;
966771;unknown;control;2023-08-29 23:15:00+00:00;0.084;;
966771;unknown;control;2023-08-29 23:30:00+00:00;1.357;;
966771;unknown;control;2023-08-29 23:45:00+00:00;1.302;;
966771;unknown;control;2023-08-30 00:00:00+00:00;1.285;;
966771;unknown;control;2023-08-30 00:15:00+00:00;1.032;;
966771;unknown;control;2023-08-30 00:30:00+00:00;0.093;;
966771;unknown;control;2023-08-30 00:45:00+00:00;0.083;;
966771;unknown;control;2023-08-30 01:00:00+00:00;0.096;;
966771;unknown;control;2023-08-30 01:15:00+00:00;0.092;;
966771;unknown;control;2023-08-30 01:30:00+00:00;0.088;;
966771;unknown;control;2023-08-30 01:45:00+00:00;0.096;;
966771;unknown;control;2023-08-30 02:00:00+00:00;0.093;;
966771;unknown;control;2023-08-30 02:15:00+00:00;0.09;;
966771;unknown;control;2023-08-30 02:30:00+00:00;0.095;;
966771;unknown;control;2023-08-30 02:45:00+00:00;0.092;;
966771;unknown;control;2023-08-30 03:00:00+00:00;0.089;;
966771;unknown;control;2023-08-30 03:15:00+00:00;0.092;;
966771;unknown;control;2023-08-30 03:30:00+00:00;0.103;;
966771;unknown;control;2023-08-30 03:45:00+00:00;0.092;;
966771;unknown;control;2023-08-30 04:00:00+00:00;0.098;;
966771;unknown;control;2023-08-30 04:15:00+00:00;0.108;;
966771;unknown;control;2023-08-30 04:30:00+00:00;0.133;;
966771;unknown;control;2023-08-30 04:45:00+00:00;0.114;;
966771;unknown;control;2023-08-30 05:00:00+00:00;0.089;;
966771;unknown;control;2023-08-30 05:15:00+00:00;0.099;;
966771;unknown;control;2023-08-30 05:30:00+00:00;0.1;;
966771;unknown;control;2023-08-30 05:45:00+00:00;0.089;;
966771;unknown;control;2023-08-30 06:00:00+00:00;0.101;;
966771;unknown;control;2023-08-30 06:15:00+00:00;0.104;;
966771;unknown;control;2023-08-30 06:30:00+00:00;0.083;;
966771;unknown;control;2023-08-30 06:45:00+00:00;0.095;;
966771;unknown;control;2023-08-30 07:00:00+00:00;0.099;;
966771;unknown;control;2023-08-30 07:15:00+00:00;0.09;;
966771;unknown;control;2023-08-30 07:30:00+00:00;0.098;;
966771;unknown;control;2023-08-30 07:45:00+00:00;0.1;;
966771;unknown;control;2023-08-30 08:00:00+00:00;0.093;;
966771;unknown;control;2023-08-30 08:15:00+00:00;0.099;;
966771;unknown;control;2023-08-30 08:30:00+00:00;0.097;;
966771;unknown;control;2023-08-30 08:45:00+00:00;0.097;;
966771;unknown;control;2023-08-30 09:00:00+00:00;0.099;;
966771;unknown;control;2023-08-30 09:15:00+00:00;0.276;;
966771;unknown;control;2023-08-30 09:30:00+00:00;0.18;;
966771;unknown;control;2023-08-30 09:45:00+00:00;0.114;;
966771;unknown;control;2023-08-30 10:00:00+00:00;0.118;;
966771;unknown;control;2023-08-30 10:15:00+00:00;0.112;;
966771;unknown;control;2023-08-30 10:30:00+00:00;0.109;;
966771;unknown;control;2023-08-30 10:45:00+00:00;0.095;;
966771;unknown;control;2023-08-30 11:00:00+00:00;0.105;;
966771;unknown;control;2023-08-30 11:15:00+00:00;0.12;;
966771;unknown;control;2023-08-30 11:30:00+00:00;0.107;;
966771;unknown;control;2023-08-30 11:45:00+00:00;0.117;;
966771;unknown;control;2023-08-30 12:00:00+00:00;0.111;;
966771;unknown;control;2023-08-30 12:15:00+00:00;0.094;;
966771;unknown;control;2023-08-30 12:30:00+00:00;0.1;;
966771;unknown;control;2023-08-30 12:45:00+00:00;0.105;;
966771;unknown;control;2023-08-30 13:00:00+00:00;0.094;;
966771;unknown;control;2023-08-30 13:15:00+00:00;0.116;;
966771;unknown;control;2023-08-30 13:30:00+00:00;0.106;;
966771;unknown;control;2023-08-30 13:45:00+00:00;0.11;;
966771;unknown;control;2023-08-30 14:00:00+00:00;0.133;;
966771;unknown;control;2023-08-30 14:15:00+00:00;0.135;;
966771;unknown;control;2023-08-30 14:30:00+00:00;0.135;;
966771;unknown;control;2023-08-30 14:45:00+00:00;0.253;;
966771;unknown;control;2023-08-30 15:00:00+00:00;0.185;;
966771;unknown;control;2023-08-30 15:15:00+00:00;0.137;;
966771;unknown;control;2023-08-30 15:30:00+00:00;0.177;;
966771;unknown;control;2023-08-30 15:45:00+00:00;0.142;;
966771;unknown;control;2023-08-30 16:00:00+00:00;0.123;;
966771;unknown;control;2023-08-30 16:15:00+00:00;0.107;;
966771;unknown;control;2023-08-30 16:30:00+00:00;0.096;;
966771;unknown;control;2023-08-30 16:45:00+00:00;0.099;;
966771;unknown;control;2023-08-30 17:00:00+00:00;0.111;;
966771;unknown;control;2023-08-30 17:15:00+00:00;0.115;;
966771;unknown;control;2023-08-30 17:30:00+00:00;0.094;;
966771;unknown;control;2023-08-30 17:45:00+00:00;0.102;;
966771;unknown;control;2023-08-30 18:00:00+00:00;0.094;;
966771;unknown;control;2023-08-30 18:15:00+00:00;0.103;;
966771;unknown;control;2023-08-30 18:30:00+00:00;0.133;;
966771;unknown;control;2023-08-30 18:45:00+00:00;0.196;;
966771;unknown;control;2023-08-30 19:00:00+00:00;0.178;;
966771;unknown;control;2023-08-30 19:15:00+00:00;0.175;;
966771;unknown;control;2023-08-30 19:30:00+00:00;0.164;;
966771;unknown;control;2023-08-30 19:45:00+00:00;0.173;;
966771;unknown;control;2023-08-30 20:00:00+00:00;0.142;;
966771;unknown;control;2023-08-30 20:15:00+00:00;0.098;;
966771;unknown;control;2023-08-30 20:30:00+00:00;0.095;;
966771;unknown;control;2023-08-30 20:45:00+00:00;0.12;;
966771;unknown;control;2023-08-30 21:00:00+00:00;0.148;;
966771;unknown;control;2023-08-30 21:15:00+00:00;0.1;;
966771;unknown;control;2023-08-30 21:30:00+00:00;0.107;;
966771;unknown;control;2023-08-30 21:45:00+00:00;0.109;;
966771;unknown;control;2023-08-30 22:00:00+00:00;0.108;;
966771;unknown;control;2023-08-30 22:15:00+00:00;0.089;;
966771;unknown;control;2023-08-30 22:30:00+00:00;0.098;;
966771;unknown;control;2023-08-30 22:45:00+00:00;0.099;;
966771;unknown;control;2023-08-30 23:00:00+00:00;0.091;;
966771;unknown;control;2023-08-30 23:15:00+00:00;0.092;;
966771;unknown;control;2023-08-30 23:30:00+00:00;1.347;;
966771;unknown;control;2023-08-30 23:45:00+00:00;1.304;;
966771;unknown;control;2023-08-31 00:00:00+00:00;1.299;;
966771;unknown;control;2023-08-31 00:15:00+00:00;1.319;;
966771;unknown;control;2023-08-31 00:30:00+00:00;0.674;;
966771;unknown;control;2023-08-31 00:45:00+00:00;0.088;;
966771;unknown;control;2023-08-31 01:00:00+00:00;0.109;;
966771;unknown;control;2023-08-31 01:15:00+00:00;0.095;;
966771;unknown;control;2023-08-31 01:30:00+00:00;0.107;;
966771;unknown;control;2023-08-31 01:45:00+00:00;0.105;;
966771;unknown;control;2023-08-31 02:00:00+00:00;0.097;;
966771;unknown;control;2023-08-31 02:15:00+00:00;0.096;;
966771;unknown;control;2023-08-31 02:30:00+00:00;0.096;;
966771;unknown;control;2023-08-31 02:45:00+00:00;0.091;;
966771;unknown;control;2023-08-31 03:00:00+00:00;0.1;;
966771;unknown;control;2023-08-31 03:15:00+00:00;0.093;;
966771;unknown;control;2023-08-31 03:30:00+00:00;0.088;;
966771;unknown;control;2023-08-31 03:45:00+00:00;0.101;;
966771;unknown;control;2023-08-31 04:00:00+00:00;0.097;;
966771;unknown;control;2023-08-31 04:15:00+00:00;0.105;;
966771;unknown;control;2023-08-31 04:30:00+00:00;0.118;;
966771;unknown;control;2023-08-31 04:45:00+00:00;0.115;;
966771;unknown;control;2023-08-31 05:00:00+00:00;0.113;;
966771;unknown;control;2023-08-31 05:15:00+00:00;0.111;;
966771;unknown;control;2023-08-31 05:30:00+00:00;0.088;;
966771;unknown;control;2023-08-31 05:45:00+00:00;0.094;;
966771;unknown;control;2023-08-31 06:00:00+00:00;0.107;;
966771;unknown;control;2023-08-31 06:15:00+00:00;0.095;;
966771;unknown;control;2023-08-31 06:30:00+00:00;0.108;;
966771;unknown;control;2023-08-31 06:45:00+00:00;0.473;;
966771;unknown;control;2023-08-31 07:00:00+00:00;0.167;;
966771;unknown;control;2023-08-31 07:15:00+00:00;0.125;;
966771;unknown;control;2023-08-31 07:30:00+00:00;0.133;;
966771;unknown;control;2023-08-31 07:45:00+00:00;0.132;;
966771;unknown;control;2023-08-31 08:00:00+00:00;0.105;;
966771;unknown;control;2023-08-31 08:15:00+00:00;0.108;;
966771;unknown;control;2023-08-31 08:30:00+00:00;0.109;;
966771;unknown;control;2023-08-31 08:45:00+00:00;0.194;;
966771;unknown;control;2023-08-31 09:00:00+00:00;0.496;;
966771;unknown;control;2023-08-31 09:15:00+00:00;0.104;;
966771;unknown;control;2023-08-31 09:30:00+00:00;0.125;;
966771;unknown;control;2023-08-31 09:45:00+00:00;0.096;;
966771;unknown;control;2023-08-31 10:00:00+00:00;0.092;;
966771;unknown;control;2023-08-31 10:15:00+00:00;0.112;;
966771;unknown;control;2023-08-31 10:30:00+00:00;0.093;;
966771;unknown;control;2023-08-31 10:45:00+00:00;0.093;;
966771;unknown;control;2023-08-31 11:00:00+00:00;0.1;;
966771;unknown;control;2023-08-31 11:15:00+00:00;0.094;;
966771;unknown;control;2023-08-31 11:30:00+00:00;0.094;;
966771;unknown;control;2023-08-31 11:45:00+00:00;0.1;;
966771;unknown;control;2023-08-31 12:00:00+00:00;0.094;;
966771;unknown;control;2023-08-31 12:15:00+00:00;0.097;;
966771;unknown;control;2023-08-31 12:30:00+00:00;0.103;;
966771;unknown;control;2023-08-31 12:45:00+00:00;0.094;;
966771;unknown;control;2023-08-31 13:00:00+00:00;0.098;;
966771;unknown;control;2023-08-31 13:15:00+00:00;0.091;;
966771;unknown;control;2023-08-31 13:30:00+00:00;0.094;;
966771;unknown;control;2023-08-31 13:45:00+00:00;0.1;;
966771;unknown;control;2023-08-31 14:00:00+00:00;0.09;;
966771;unknown;control;2023-08-31 14:15:00+00:00;0.097;;
966771;unknown;control;2023-08-31 14:30:00+00:00;0.1;;
966771;unknown;control;2023-08-31 14:45:00+00:00;0.165;;
966771;unknown;control;2023-08-31 15:00:00+00:00;0.391;;
966771;unknown;control;2023-08-31 15:15:00+00:00;0.102;;
966771;unknown;control;2023-08-31 15:30:00+00:00;0.089;;
966771;unknown;control;2023-08-31 15:45:00+00:00;0.125;;
966771;unknown;control;2023-08-31 16:00:00+00:00;0.13;;
966771;unknown;control;2023-08-31 16:15:00+00:00;0.125;;
966771;unknown;control;2023-08-31 16:30:00+00:00;0.124;;
966771;unknown;control;2023-08-31 16:45:00+00:00;0.125;;
966771;unknown;control;2023-08-31 17:00:00+00:00;0.126;;
966771;unknown;control;2023-08-31 17:15:00+00:00;0.131;;
966771;unknown;control;2023-08-31 17:30:00+00:00;0.124;;
966771;unknown;control;2023-08-31 17:45:00+00:00;0.129;;
966771;unknown;control;2023-08-31 18:00:00+00:00;0.17;;
966771;unknown;control;2023-08-31 18:15:00+00:00;0.141;;
966771;unknown;control;2023-08-31 18:30:00+00:00;0.152;;
966771;unknown;control;2023-08-31 18:45:00+00:00;0.161;;
966771;unknown;control;2023-08-31 19:00:00+00:00;0.177;;
966771;unknown;control;2023-08-31 19:15:00+00:00;0.209;;
966771;unknown;control;2023-08-31 19:30:00+00:00;0.204;;
966771;unknown;control;2023-08-31 19:45:00+00:00;0.195;;
966771;unknown;control;2023-08-31 20:00:00+00:00;0.195;;
966771;unknown;control;2023-08-31 20:15:00+00:00;0.19;;
966771;unknown;control;2023-08-31 20:30:00+00:00;0.168;;
966771;unknown;control;2023-08-31 20:45:00+00:00;0.114;;
966771;unknown;control;2023-08-31 21:00:00+00:00;0.101;;
966771;unknown;control;2023-08-31 21:15:00+00:00;0.086;;
966771;unknown;control;2023-08-31 21:30:00+00:00;0.096;;
966771;unknown;control;2023-08-31 21:45:00+00:00;0.097;;
966771;unknown;control;2023-08-31 22:00:00+00:00;0.087;;
966771;unknown;control;2023-08-31 22:15:00+00:00;0.095;;
966771;unknown;control;2023-08-31 22:30:00+00:00;0.091;;
966771;unknown;control;2023-08-31 22:45:00+00:00;0.089;;
966771;unknown;control;2023-08-31 23:00:00+00:00;0.094;;
966771;unknown;control;2023-08-31 23:15:00+00:00;0.09;;
966771;unknown;control;2023-08-31 23:30:00+00:00;1.35;;
966771;unknown;control;2023-08-31 23:45:00+00:00;1.294;;
966771;unknown;control;2023-09-01 00:00:00+00:00;1.287;;
966771;unknown;control;2023-09-01 00:15:00+00:00;1.301;;
966771;unknown;control;2023-09-01 00:30:00+00:00;0.3;;
966771;unknown;control;2023-09-01 00:45:00+00:00;0.091;;
966771;unknown;control;2023-09-01 01:00:00+00:00;0.108;;
966771;unknown;control;2023-09-01 01:15:00+00:00;0.104;;
966771;unknown;control;2023-09-01 01:30:00+00:00;0.09;;
966771;unknown;control;2023-09-01 01:45:00+00:00;0.1;;
966771;unknown;control;2023-09-01 02:00:00+00:00;0.095;;
966771;unknown;control;2023-09-01 02:15:00+00:00;0.086;;
966771;unknown;control;2023-09-01 02:30:00+00:00;0.093;;
966771;unknown;control;2023-09-01 02:45:00+00:00;0.093;;
966771;unknown;control;2023-09-01 03:00:00+00:00;0.089;;
966771;unknown;control;2023-09-01 03:15:00+00:00;0.092;;
966771;unknown;control;2023-09-01 03:30:00+00:00;0.089;;
966771;unknown;control;2023-09-01 03:45:00+00:00;0.093;;
966771;unknown;control;2023-09-01 04:00:00+00:00;0.094;;
966771;unknown;control;2023-09-01 04:15:00+00:00;0.094;;
966771;unknown;control;2023-09-01 04:30:00+00:00;0.096;;
966771;unknown;control;2023-09-01 04:45:00+00:00;0.1;;
966771;unknown;control;2023-09-01 05:00:00+00:00;0.1;;
966771;unknown;control;2023-09-01 05:15:00+00:00;0.099;;
966771;unknown;control;2023-09-01 05:30:00+00:00;0.099;;
966771;unknown;control;2023-09-01 05:45:00+00:00;0.093;;
966771;unknown;control;2023-09-01 06:00:00+00:00;0.092;;
966771;unknown;control;2023-09-01 06:15:00+00:00;0.084;;
966771;unknown;control;2023-09-01 06:30:00+00:00;0.079;;
966771;unknown;control;2023-09-01 06:45:00+00:00;0.098;;
966771;unknown;control;2023-09-01 07:00:00+00:00;0.102;;
966771;unknown;control;2023-09-01 07:15:00+00:00;0.097;;
966771;unknown;control;2023-09-01 07:30:00+00:00;0.101;;
966771;unknown;control;2023-09-01 07:45:00+00:00;0.098;;
966771;unknown;control;2023-09-01 08:00:00+00:00;0.11;;
966771;unknown;control;2023-09-01 08:15:00+00:00;0.101;;
966771;unknown;control;2023-09-01 08:30:00+00:00;0.106;;
966771;unknown;control;2023-09-01 08:45:00+00:00;0.097;;
966771;unknown;control;2023-09-01 09:00:00+00:00;0.234;;
966771;unknown;control;2023-09-01 09:15:00+00:00;0.105;;
966771;unknown;control;2023-09-01 09:30:00+00:00;0.094;;
966771;unknown;control;2023-09-01 09:45:00+00:00;0.093;;
966771;unknown;control;2023-09-01 10:00:00+00:00;0.112;;
966771;unknown;control;2023-09-01 10:15:00+00:00;0.096;;
966771;unknown;control;2023-09-01 10:30:00+00:00;0.099;;
966771;unknown;control;2023-09-01 10:45:00+00:00;0.098;;
966771;unknown;control;2023-09-01 11:00:00+00:00;0.105;;
966771;unknown;control;2023-09-01 11:15:00+00:00;0.123;;
966771;unknown;control;2023-09-01 11:30:00+00:00;0.111;;
966771;unknown;control;2023-09-01 11:45:00+00:00;0.1;;
966771;unknown;control;2023-09-01 12:00:00+00:00;0.111;;
966771;unknown;control;2023-09-01 12:15:00+00:00;0.105;;
966771;unknown;control;2023-09-01 12:30:00+00:00;0.094;;
966771;unknown;control;2023-09-01 12:45:00+00:00;0.102;;
966771;unknown;control;2023-09-01 13:00:00+00:00;0.106;;
966771;unknown;control;2023-09-01 13:15:00+00:00;0.093;;
966771;unknown;control;2023-09-01 13:30:00+00:00;0.102;;
966771;unknown;control;2023-09-01 13:45:00+00:00;0.094;;
966771;unknown;control;2023-09-01 14:00:00+00:00;0.092;;
966771;unknown;control;2023-09-01 14:15:00+00:00;0.103;;
966771;unknown;control;2023-09-01 14:30:00+00:00;0.093;;
966771;unknown;control;2023-09-01 14:45:00+00:00;0.092;;
966771;unknown;control;2023-09-01 15:00:00+00:00;0.104;;
966771;unknown;control;2023-09-01 15:15:00+00:00;0.197;;
966771;unknown;control;2023-09-01 15:30:00+00:00;0.098;;
966771;unknown;control;2023-09-01 15:45:00+00:00;0.098;;
966771;unknown;control;2023-09-01 16:00:00+00:00;0.094;;
966771;unknown;control;2023-09-01 16:15:00+00:00;0.088;;
966771;unknown;control;2023-09-01 16:30:00+00:00;0.097;;
966771;unknown;control;2023-09-01 16:45:00+00:00;0.094;;
966771;unknown;control;2023-09-01 17:00:00+00:00;0.104;;
966771;unknown;control;2023-09-01 17:15:00+00:00;0.129;;
966771;unknown;control;2023-09-01 17:30:00+00:00;0.125;;
966771;unknown;control;2023-09-01 17:45:00+00:00;0.127;;
966771;unknown;control;2023-09-01 18:00:00+00:00;0.134;;
966771;unknown;control;2023-09-01 18:15:00+00:00;0.139;;
966771;unknown;control;2023-09-01 18:30:00+00:00;0.134;;
966771;unknown;control;2023-09-01 18:45:00+00:00;0.143;;
966771;unknown;control;2023-09-01 19:00:00+00:00;0.134;;
966771;unknown;control;2023-09-01 19:15:00+00:00;0.137;;
966771;unknown;control;2023-09-01 19:30:00+00:00;0.138;;
966771;unknown;control;2023-09-01 19:45:00+00:00;0.13;;
966771;unknown;control;2023-09-01 20:00:00+00:00;0.087;;
966771;unknown;control;2023-09-01 20:15:00+00:00;0.093;;
966771;unknown;control;2023-09-01 20:30:00+00:00;0.083;;
966771;unknown;control;2023-09-01 20:45:00+00:00;0.086;;
966771;unknown;control;2023-09-01 21:00:00+00:00;0.096;;
966771;unknown;control;2023-09-01 21:15:00+00:00;0.089;;
966771;unknown;control;2023-09-01 21:30:00+00:00;0.088;;
966771;unknown;control;2023-09-01 21:45:00+00:00;0.09;;
966771;unknown;control;2023-09-01 22:00:00+00:00;0.087;;
966771;unknown;control;2023-09-01 22:15:00+00:00;0.093;;
966771;unknown;control;2023-09-01 22:30:00+00:00;0.091;;
966771;unknown;control;2023-09-01 22:45:00+00:00;0.087;;
966771;unknown;control;2023-09-01 23:00:00+00:00;0.096;;
966771;unknown;control;2023-09-01 23:15:00+00:00;0.091;;
966771;unknown;control;2023-09-01 23:30:00+00:00;1.357;;
966771;unknown;control;2023-09-01 23:45:00+00:00;1.324;;
966771;unknown;control;2023-09-02 00:00:00+00:00;1.33;;
966771;unknown;control;2023-09-02 00:15:00+00:00;1.334;;
966771;unknown;control;2023-09-02 00:30:00+00:00;0.509;;
966771;unknown;control;2023-09-02 00:45:00+00:00;0.093;;
966771;unknown;control;2023-09-02 01:00:00+00:00;0.092;;
966771;unknown;control;2023-09-02 01:15:00+00:00;0.096;;
966771;unknown;control;2023-09-02 01:30:00+00:00;0.092;;
966771;unknown;control;2023-09-02 01:45:00+00:00;0.093;;
966771;unknown;control;2023-09-02 02:00:00+00:00;0.099;;
966771;unknown;control;2023-09-02 02:15:00+00:00;0.096;;
966771;unknown;control;2023-09-02 02:30:00+00:00;0.095;;
966771;unknown;control;2023-09-02 02:45:00+00:00;0.103;;
966771;unknown;control;2023-09-02 03:00:00+00:00;0.093;;
966771;unknown;control;2023-09-02 03:15:00+00:00;0.089;;
966771;unknown;control;2023-09-02 03:30:00+00:00;0.102;;
966771;unknown;control;2023-09-02 03:45:00+00:00;0.093;;
966771;unknown;control;2023-09-02 04:00:00+00:00;0.109;;
966771;unknown;control;2023-09-02 04:15:00+00:00;0.106;;
966771;unknown;control;2023-09-02 04:30:00+00:00;0.103;;
966771;unknown;control;2023-09-02 04:45:00+00:00;0.115;;
966771;unknown;control;2023-09-02 05:00:00+00:00;0.236;;
966771;unknown;control;2023-09-02 05:15:00+00:00;0.369;;
966771;unknown;control;2023-09-02 05:30:00+00:00;0.268;;
966771;unknown;control;2023-09-02 05:45:00+00:00;0.203;;
966771;unknown;control;2023-09-02 06:00:00+00:00;0.222;;
966771;unknown;control;2023-09-02 06:15:00+00:00;0.155;;
966771;unknown;control;2023-09-02 06:30:00+00:00;0.102;;
966771;unknown;control;2023-09-02 06:45:00+00:00;0.09;;
966771;unknown;control;2023-09-02 07:00:00+00:00;0.095;;
966771;unknown;control;2023-09-02 07:15:00+00:00;0.113;;
966771;unknown;control;2023-09-02 07:30:00+00:00;0.182;;
966771;unknown;control;2023-09-02 07:45:00+00:00;0.218;;
966771;unknown;control;2023-09-02 08:00:00+00:00;0.16;;
966771;unknown;control;2023-09-02 08:15:00+00:00;0.096;;
966771;unknown;control;2023-09-02 08:30:00+00:00;0.101;;
966771;unknown;control;2023-09-02 08:45:00+00:00;0.104;;
966771;unknown;control;2023-09-02 09:00:00+00:00;0.1;;
966771;unknown;control;2023-09-02 09:15:00+00:00;0.204;;
966771;unknown;control;2023-09-02 09:30:00+00:00;0.597;;
966771;unknown;control;2023-09-02 09:45:00+00:00;0.126;;
966771;unknown;control;2023-09-02 10:00:00+00:00;0.136;;
966771;unknown;control;2023-09-02 10:15:00+00:00;0.477;;
966771;unknown;control;2023-09-02 10:30:00+00:00;0.101;;
966771;unknown;control;2023-09-02 10:45:00+00:00;0.104;;
966771;unknown;control;2023-09-02 11:00:00+00:00;0.112;;
966771;unknown;control;2023-09-02 11:15:00+00:00;0.107;;
966771;unknown;control;2023-09-02 11:30:00+00:00;0.122;;
966771;unknown;control;2023-09-02 11:45:00+00:00;0.103;;
966771;unknown;control;2023-09-02 12:00:00+00:00;0.11;;
966771;unknown;control;2023-09-02 12:15:00+00:00;0.118;;
966771;unknown;control;2023-09-02 12:30:00+00:00;0.1;;
966771;unknown;control;2023-09-02 12:45:00+00:00;0.093;;
966771;unknown;control;2023-09-02 13:00:00+00:00;0.1;;
966771;unknown;control;2023-09-02 13:15:00+00:00;0.094;;
966771;unknown;control;2023-09-02 13:30:00+00:00;0.095;;
966771;unknown;control;2023-09-02 13:45:00+00:00;0.098;;
966771;unknown;control;2023-09-02 14:00:00+00:00;0.094;;
966771;unknown;control;2023-09-02 14:15:00+00:00;0.097;;
966771;unknown;control;2023-09-02 14:30:00+00:00;0.096;;
966771;unknown;control;2023-09-02 14:45:00+00:00;0.095;;
966771;unknown;control;2023-09-02 15:00:00+00:00;0.1;;
966771;unknown;control;2023-09-02 15:15:00+00:00;0.098;;
966771;unknown;control;2023-09-02 15:30:00+00:00;0.117;;
966771;unknown;control;2023-09-02 15:45:00+00:00;0.107;;
966771;unknown;control;2023-09-02 16:00:00+00:00;0.093;;
966771;unknown;control;2023-09-02 16:15:00+00:00;0.094;;
966771;unknown;control;2023-09-02 16:30:00+00:00;0.101;;
966771;unknown;control;2023-09-02 16:45:00+00:00;0.092;;
966771;unknown;control;2023-09-02 17:00:00+00:00;0.096;;
966771;unknown;control;2023-09-02 17:15:00+00:00;0.101;;
966771;unknown;control;2023-09-02 17:30:00+00:00;0.091;;
966771;unknown;control;2023-09-02 17:45:00+00:00;0.096;;
966771;unknown;control;2023-09-02 18:00:00+00:00;0.102;;
966771;unknown;control;2023-09-02 18:15:00+00:00;0.101;;
966771;unknown;control;2023-09-02 18:30:00+00:00;0.127;;
966771;unknown;control;2023-09-02 18:45:00+00:00;0.153;;
966771;unknown;control;2023-09-02 19:00:00+00:00;0.145;;
966771;unknown;control;2023-09-02 19:15:00+00:00;0.143;;
966771;unknown;control;2023-09-02 19:30:00+00:00;0.148;;
966771;unknown;control;2023-09-02 19:45:00+00:00;0.122;;
966771;unknown;control;2023-09-02 20:00:00+00:00;0.104;;
966771;unknown;control;2023-09-02 20:15:00+00:00;0.1;;
966771;unknown;control;2023-09-02 20:30:00+00:00;0.088;;
966771;unknown;control;2023-09-02 20:45:00+00:00;0.089;;
966771;unknown;control;2023-09-02 21:00:00+00:00;0.1;;
966771;unknown;control;2023-09-02 21:15:00+00:00;0.087;;
966771;unknown;control;2023-09-02 21:30:00+00:00;0.089;;
966771;unknown;control;2023-09-02 21:45:00+00:00;0.105;;
966771;unknown;control;2023-09-02 22:00:00+00:00;0.095;;
966771;unknown;control;2023-09-02 22:15:00+00:00;0.089;;
966771;unknown;control;2023-09-02 22:30:00+00:00;0.099;;
966771;unknown;control;2023-09-02 22:45:00+00:00;0.091;;
966771;unknown;control;2023-09-02 23:00:00+00:00;0.09;;
966771;unknown;control;2023-09-02 23:15:00+00:00;0.098;;
966771;unknown;control;2023-09-02 23:30:00+00:00;1.348;;
966771;unknown;control;2023-09-02 23:45:00+00:00;1.294;;
966771;unknown;control;2023-09-03 00:00:00+00:00;1.309;;
966771;unknown;control;2023-09-03 00:15:00+00:00;1.317;;
966771;unknown;control;2023-09-03 00:30:00+00:00;1.326;;
966771;unknown;control;2023-09-03 00:45:00+00:00;1.351;;
966771;unknown;control;2023-09-03 01:00:00+00:00;0.226;;
966771;unknown;control;2023-09-03 01:15:00+00:00;0.095;;
966771;unknown;control;2023-09-03 01:30:00+00:00;0.147;;
966771;unknown;control;2023-09-03 01:45:00+00:00;0.124;;
966771;unknown;control;2023-09-03 02:00:00+00:00;0.106;;
966771;unknown;control;2023-09-03 02:15:00+00:00;0.103;;
966771;unknown;control;2023-09-03 02:30:00+00:00;0.107;;
966771;unknown;control;2023-09-03 02:45:00+00:00;0.097;;
966771;unknown;control;2023-09-03 03:00:00+00:00;0.09;;
966771;unknown;control;2023-09-03 03:15:00+00:00;0.101;;
966771;unknown;control;2023-09-03 03:30:00+00:00;0.098;;
966771;unknown;control;2023-09-03 03:45:00+00:00;0.089;;
966771;unknown;control;2023-09-03 04:00:00+00:00;0.099;;
966771;unknown;control;2023-09-03 04:15:00+00:00;0.096;;
966771;unknown;control;2023-09-03 04:30:00+00:00;0.088;;
966771;unknown;control;2023-09-03 04:45:00+00:00;0.098;;
966771;unknown;control;2023-09-03 05:00:00+00:00;0.109;;
966771;unknown;control;2023-09-03 05:15:00+00:00;0.09;;
966771;unknown;control;2023-09-03 05:30:00+00:00;0.107;;
966771;unknown;control;2023-09-03 05:45:00+00:00;0.092;;
966771;unknown;control;2023-09-03 06:00:00+00:00;0.432;;
966771;unknown;control;2023-09-03 06:15:00+00:00;0.183;;
966771;unknown;control;2023-09-03 06:30:00+00:00;0.095;;
966771;unknown;control;2023-09-03 06:45:00+00:00;0.126;;
966771;unknown;control;2023-09-03 07:00:00+00:00;0.101;;
966771;unknown;control;2023-09-03 07:15:00+00:00;0.106;;
966771;unknown;control;2023-09-03 07:30:00+00:00;0.28;;
966771;unknown;control;2023-09-03 07:45:00+00:00;0.124;;
966771;unknown;control;2023-09-03 08:00:00+00:00;0.109;;
966771;unknown;control;2023-09-03 08:15:00+00:00;0.124;;
966771;unknown;control;2023-09-03 08:30:00+00:00;0.455;;
966771;unknown;control;2023-09-03 08:45:00+00:00;0.25;;
966771;unknown;control;2023-09-03 09:00:00+00:00;0.274;;
966771;unknown;control;2023-09-03 09:15:00+00:00;0.587;;
966771;unknown;control;2023-09-03 09:30:00+00:00;0.141;;
966771;unknown;control;2023-09-03 09:45:00+00:00;0.156;;
966771;unknown;control;2023-09-03 10:00:00+00:00;0.16;;
966771;unknown;control;2023-09-03 10:15:00+00:00;0.123;;
966771;unknown;control;2023-09-03 10:30:00+00:00;0.131;;
966771;unknown;control;2023-09-03 10:45:00+00:00;0.102;;
966771;unknown;control;2023-09-03 11:00:00+00:00;0.103;;
966771;unknown;control;2023-09-03 11:15:00+00:00;0.139;;
966771;unknown;control;2023-09-03 11:30:00+00:00;0.099;;
966771;unknown;control;2023-09-03 11:45:00+00:00;0.102;;
966771;unknown;control;2023-09-03 12:00:00+00:00;0.103;;
966771;unknown;control;2023-09-03 12:15:00+00:00;0.095;;
966771;unknown;control;2023-09-03 12:30:00+00:00;0.102;;
966771;unknown;control;2023-09-03 12:45:00+00:00;0.102;;
966771;unknown;control;2023-09-03 13:00:00+00:00;0.091;;
966771;unknown;control;2023-09-03 13:15:00+00:00;0.1;;
966771;unknown;control;2023-09-03 13:30:00+00:00;0.102;;
966771;unknown;control;2023-09-03 13:45:00+00:00;0.096;;
966771;unknown;control;2023-09-03 14:00:00+00:00;0.101;;
966771;unknown;control;2023-09-03 14:15:00+00:00;0.102;;
966771;unknown;control;2023-09-03 14:30:00+00:00;0.123;;
966771;unknown;control;2023-09-03 14:45:00+00:00;0.104;;
966771;unknown;control;2023-09-03 15:00:00+00:00;0.099;;
966771;unknown;control;2023-09-03 15:15:00+00:00;0.093;;
966771;unknown;control;2023-09-03 15:30:00+00:00;0.102;;
966771;unknown;control;2023-09-03 15:45:00+00:00;0.096;;
966771;unknown;control;2023-09-03 16:00:00+00:00;0.098;;
966771;unknown;control;2023-09-03 16:15:00+00:00;0.103;;
966771;unknown;control;2023-09-03 16:30:00+00:00;0.09;;
966771;unknown;control;2023-09-03 16:45:00+00:00;0.098;;
966771;unknown;control;2023-09-03 17:00:00+00:00;0.116;;
966771;unknown;control;2023-09-03 17:15:00+00:00;0.118;;
966771;unknown;control;2023-09-03 17:30:00+00:00;0.1;;
966771;unknown;control;2023-09-03 17:45:00+00:00;0.103;;
966771;unknown;control;2023-09-03 18:00:00+00:00;0.105;;
966771;unknown;control;2023-09-03 18:15:00+00:00;0.117;;
966771;unknown;control;2023-09-03 18:30:00+00:00;0.134;;
966771;unknown;control;2023-09-03 18:45:00+00:00;0.146;;
966771;unknown;control;2023-09-03 19:00:00+00:00;0.17;;
966771;unknown;control;2023-09-03 19:15:00+00:00;0.14;;
966771;unknown;control;2023-09-03 19:30:00+00:00;0.119;;
966771;unknown;control;2023-09-03 19:45:00+00:00;0.127;;
966771;unknown;control;2023-09-03 20:00:00+00:00;0.104;;
966771;unknown;control;2023-09-03 20:15:00+00:00;0.098;;
966771;unknown;control;2023-09-03 20:30:00+00:00;0.102;;
966771;unknown;control;2023-09-03 20:45:00+00:00;0.097;;
966771;unknown;control;2023-09-03 21:00:00+00:00;0.09;;
966771;unknown;control;2023-09-03 21:15:00+00:00;0.094;;
966771;unknown;control;2023-09-03 21:30:00+00:00;0.092;;
966771;unknown;control;2023-09-03 21:45:00+00:00;0.089;;
966771;unknown;control;2023-09-03 22:00:00+00:00;0.095;;
966771;unknown;control;2023-09-03 22:15:00+00:00;0.092;;
966771;unknown;control;2023-09-03 22:30:00+00:00;0.09;;
966771;unknown;control;2023-09-03 22:45:00+00:00;0.097;;
966771;unknown;control;2023-09-03 23:00:00+00:00;0.09;;
966771;unknown;control;2023-09-03 23:15:00+00:00;0.091;;
966771;unknown;control;2023-09-03 23:30:00+00:00;1.347;;
966771;unknown;control;2023-09-03 23:45:00+00:00;1.292;;
966771;unknown;control;2023-09-04 00:00:00+00:00;1.32;;
966771;unknown;control;2023-09-04 00:15:00+00:00;1.327;;
966771;unknown;control;2023-09-04 00:30:00+00:00;0.874;;
966771;unknown;control;2023-09-04 00:45:00+00:00;0.093;;
966771;unknown;control;2023-09-04 01:00:00+00:00;0.108;;
966771;unknown;control;2023-09-04 01:15:00+00:00;0.09;;
966771;unknown;control;2023-09-04 01:30:00+00:00;0.097;;
966771;unknown;control;2023-09-04 01:45:00+00:00;0.09;;
966771;unknown;control;2023-09-04 02:00:00+00:00;0.094;;
966771;unknown;control;2023-09-04 02:15:00+00:00;0.099;;
966771;unknown;control;2023-09-04 02:30:00+00:00;0.098;;
966771;unknown;control;2023-09-04 02:45:00+00:00;0.1;;
966771;unknown;control;2023-09-04 03:00:00+00:00;0.109;;
966771;unknown;control;2023-09-04 03:15:00+00:00;0.088;;
966771;unknown;control;2023-09-04 03:30:00+00:00;0.095;;
966771;unknown;control;2023-09-04 03:45:00+00:00;0.095;;
966771;unknown;control;2023-09-04 04:00:00+00:00;0.094;;
966771;unknown;control;2023-09-04 04:15:00+00:00;0.111;;
966771;unknown;control;2023-09-04 04:30:00+00:00;0.111;;
966771;unknown;control;2023-09-04 04:45:00+00:00;0.121;;
966771;unknown;control;2023-09-04 05:00:00+00:00;0.096;;
966771;unknown;control;2023-09-04 05:15:00+00:00;0.11;;
966771;unknown;control;2023-09-04 05:30:00+00:00;0.101;;
966771;unknown;control;2023-09-04 05:45:00+00:00;0.362;;
966771;unknown;control;2023-09-04 06:00:00+00:00;0.134;;
966771;unknown;control;2023-09-04 06:15:00+00:00;0.281;;
966771;unknown;control;2023-09-04 06:30:00+00:00;0.289;;
966771;unknown;control;2023-09-04 06:45:00+00:00;0.112;;
966771;unknown;control;2023-09-04 07:00:00+00:00;0.104;;
966771;unknown;control;2023-09-04 07:15:00+00:00;0.106;;
966771;unknown;control;2023-09-04 07:30:00+00:00;0.199;;
966771;unknown;control;2023-09-04 07:45:00+00:00;0.275;;
966771;unknown;control;2023-09-04 08:00:00+00:00;0.131;;
966771;unknown;control;2023-09-04 08:15:00+00:00;0.123;;
966771;unknown;control;2023-09-04 08:30:00+00:00;0.138;;
966771;unknown;control;2023-09-04 08:45:00+00:00;0.116;;
966771;unknown;control;2023-09-04 09:00:00+00:00;0.103;;
966771;unknown;control;2023-09-04 09:15:00+00:00;0.095;;
966771;unknown;control;2023-09-04 09:30:00+00:00;0.101;;
966771;unknown;control;2023-09-04 09:45:00+00:00;0.091;;
966771;unknown;control;2023-09-04 10:00:00+00:00;0.113;;
966771;unknown;control;2023-09-04 10:15:00+00:00;0.101;;
966771;unknown;control;2023-09-04 10:30:00+00:00;0.093;;
966771;unknown;control;2023-09-04 10:45:00+00:00;0.099;;
966771;unknown;control;2023-09-04 11:00:00+00:00;0.488;;
966771;unknown;control;2023-09-04 11:15:00+00:00;0.598;;
966771;unknown;control;2023-09-04 11:30:00+00:00;0.131;;
966771;unknown;control;2023-09-04 11:45:00+00:00;0.126;;
966771;unknown;control;2023-09-04 12:00:00+00:00;0.137;;
966771;unknown;control;2023-09-04 12:15:00+00:00;0.098;;
966771;unknown;control;2023-09-04 12:30:00+00:00;0.09;;
966771;unknown;control;2023-09-04 12:45:00+00:00;0.093;;
966771;unknown;control;2023-09-04 13:00:00+00:00;0.099;;
966771;unknown;control;2023-09-04 13:15:00+00:00;0.089;;
966771;unknown;control;2023-09-04 13:30:00+00:00;0.092;;
966771;unknown;control;2023-09-04 13:45:00+00:00;0.218;;
966771;unknown;control;2023-09-04 14:00:00+00:00;0.244;;
966771;unknown;control;2023-09-04 14:15:00+00:00;0.262;;
966771;unknown;control;2023-09-04 14:30:00+00:00;0.283;;
966771;unknown;control;2023-09-04 14:45:00+00:00;0.277;;
966771;unknown;control;2023-09-04 15:00:00+00:00;0.223;;
966771;unknown;control;2023-09-04 15:15:00+00:00;0.278;;
966771;unknown;control;2023-09-04 15:30:00+00:00;0.242;;
966771;unknown;control;2023-09-04 15:45:00+00:00;0.125;;
966771;unknown;control;2023-09-04 16:00:00+00:00;0.098;;
966771;unknown;control;2023-09-04 16:15:00+00:00;0.101;;
966771;unknown;control;2023-09-04 16:30:00+00:00;0.096;;
966771;unknown;control;2023-09-04 16:45:00+00:00;0.096;;
966771;unknown;control;2023-09-04 17:00:00+00:00;0.085;;
966771;unknown;control;2023-09-04 17:15:00+00:00;0.095;;
966771;unknown;control;2023-09-04 17:30:00+00:00;0.096;;
966771;unknown;control;2023-09-04 17:45:00+00:00;0.085;;
966771;unknown;control;2023-09-04 18:00:00+00:00;0.119;;
966771;unknown;control;2023-09-04 18:15:00+00:00;0.142;;
966771;unknown;control;2023-09-04 18:30:00+00:00;0.128;;
966771;unknown;control;2023-09-04 18:45:00+00:00;0.137;;
966771;unknown;control;2023-09-04 19:00:00+00:00;0.117;;
966771;unknown;control;2023-09-04 19:15:00+00:00;0.111;;
966771;unknown;control;2023-09-04 19:30:00+00:00;0.108;;
966771;unknown;control;2023-09-04 19:45:00+00:00;0.1;;
966771;unknown;control;2023-09-04 20:00:00+00:00;0.106;;
966771;unknown;control;2023-09-04 20:15:00+00:00;0.101;;
966771;unknown;control;2023-09-04 20:30:00+00:00;0.088;;
966771;unknown;control;2023-09-04 20:45:00+00:00;0.094;;
966771;unknown;control;2023-09-04 21:00:00+00:00;0.102;;
966771;unknown;control;2023-09-04 21:15:00+00:00;0.087;;
966771;unknown;control;2023-09-04 21:30:00+00:00;0.092;;
966771;unknown;control;2023-09-04 21:45:00+00:00;0.096;;
966771;unknown;control;2023-09-04 22:00:00+00:00;0.084;;
966771;unknown;control;2023-09-04 22:15:00+00:00;0.089;;
966771;unknown;control;2023-09-04 22:30:00+00:00;0.096;;
966771;unknown;control;2023-09-04 22:45:00+00:00;0.099;;
966771;unknown;control;2023-09-04 23:00:00+00:00;0.091;;
966771;unknown;control;2023-09-04 23:15:00+00:00;0.089;;
966771;unknown;control;2023-09-04 23:30:00+00:00;1.341;;
966771;unknown;control;2023-09-04 23:45:00+00:00;1.29;;
966771;unknown;control;2023-09-05 00:00:00+00:00;1.295;;
966771;unknown;control;2023-09-05 00:15:00+00:00;1.316;;
966771;unknown;control;2023-09-05 00:30:00+00:00;0.677;;
966771;unknown;control;2023-09-05 00:45:00+00:00;0.088;;
966771;unknown;control;2023-09-05 01:00:00+00:00;0.085;;
966771;unknown;control;2023-09-05 01:15:00+00:00;0.098;;
966771;unknown;control;2023-09-05 01:30:00+00:00;0.087;;
966771;unknown;control;2023-09-05 01:45:00+00:00;0.086;;
966771;unknown;control;2023-09-05 02:00:00+00:00;0.099;;
966771;unknown;control;2023-09-05 02:15:00+00:00;0.09;;
966771;unknown;control;2023-09-05 02:30:00+00:00;0.087;;
966771;unknown;control;2023-09-05 02:45:00+00:00;0.098;;
966771;unknown;control;2023-09-05 03:00:00+00:00;0.092;;
966771;unknown;control;2023-09-05 03:15:00+00:00;0.088;;
966771;unknown;control;2023-09-05 03:30:00+00:00;0.095;;
966771;unknown;control;2023-09-05 03:45:00+00:00;0.09;;
966771;unknown;control;2023-09-05 04:00:00+00:00;0.089;;
966771;unknown;control;2023-09-05 04:15:00+00:00;0.093;;
966771;unknown;control;2023-09-05 04:30:00+00:00;0.101;;
966771;unknown;control;2023-09-05 04:45:00+00:00;0.118;;
966771;unknown;control;2023-09-05 05:00:00+00:00;0.1;;
966771;unknown;control;2023-09-05 05:15:00+00:00;0.093;;
966771;unknown;control;2023-09-05 05:30:00+00:00;0.093;;
966771;unknown;control;2023-09-05 05:45:00+00:00;0.1;;
966771;unknown;control;2023-09-05 06:00:00+00:00;0.085;;
966771;unknown;control;2023-09-05 06:15:00+00:00;0.091;;
966771;unknown;control;2023-09-05 06:30:00+00:00;0.092;;
966771;unknown;control;2023-09-05 06:45:00+00:00;0.082;;
966771;unknown;control;2023-09-05 07:00:00+00:00;0.094;;
966771;unknown;control;2023-09-05 07:15:00+00:00;0.102;;
966771;unknown;control;2023-09-05 07:30:00+00:00;0.098;;
966771;unknown;control;2023-09-05 07:45:00+00:00;0.095;;
966771;unknown;control;2023-09-05 08:00:00+00:00;0.094;;
966771;unknown;control;2023-09-05 08:15:00+00:00;0.088;;
966771;unknown;control;2023-09-05 08:30:00+00:00;0.101;;
966771;unknown;control;2023-09-05 08:45:00+00:00;0.109;;
966771;unknown;control;2023-09-05 09:00:00+00:00;0.093;;
966771;unknown;control;2023-09-05 09:15:00+00:00;0.104;;
966771;unknown;control;2023-09-05 09:30:00+00:00;0.098;;
966771;unknown;control;2023-09-05 09:45:00+00:00;0.088;;
966771;unknown;control;2023-09-05 10:00:00+00:00;0.103;;
966771;unknown;control;2023-09-05 10:15:00+00:00;0.095;;
966771;unknown;control;2023-09-05 10:30:00+00:00;0.093;;
966771;unknown;control;2023-09-05 10:45:00+00:00;0.1;;
966771;unknown;control;2023-09-05 11:00:00+00:00;0.262;;
966771;unknown;control;2023-09-05 11:15:00+00:00;0.605;;
966771;unknown;control;2023-09-05 11:30:00+00:00;0.159;;
966771;unknown;control;2023-09-05 11:45:00+00:00;0.109;;
966771;unknown;control;2023-09-05 12:00:00+00:00;0.109;;
966771;unknown;control;2023-09-05 12:15:00+00:00;0.521;;
966771;unknown;control;2023-09-05 12:30:00+00:00;0.097;;
966771;unknown;control;2023-09-05 12:45:00+00:00;0.113;;
966771;unknown;control;2023-09-05 13:00:00+00:00;0.109;;
966771;unknown;control;2023-09-05 13:15:00+00:00;0.099;;
966771;unknown;control;2023-09-05 13:30:00+00:00;0.099;;
966771;unknown;control;2023-09-05 13:45:00+00:00;0.105;;
966771;unknown;control;2023-09-05 14:00:00+00:00;0.095;;
966771;unknown;control;2023-09-05 14:15:00+00:00;0.109;;
966771;unknown;control;2023-09-05 14:30:00+00:00;0.099;;
966771;unknown;control;2023-09-05 14:45:00+00:00;0.091;;
966771;unknown;control;2023-09-05 15:00:00+00:00;0.115;;
966771;unknown;control;2023-09-05 15:15:00+00:00;0.115;;
966771;unknown;control;2023-09-05 15:30:00+00:00;0.094;;
966771;unknown;control;2023-09-05 15:45:00+00:00;0.101;;
966771;unknown;control;2023-09-05 16:00:00+00:00;0.101;;
966771;unknown;control;2023-09-05 16:15:00+00:00;0.096;;
966771;unknown;control;2023-09-05 16:30:00+00:00;0.106;;
966771;unknown;control;2023-09-05 16:45:00+00:00;0.105;;
966771;unknown;control;2023-09-05 17:00:00+00:00;0.094;;
966771;unknown;control;2023-09-05 17:15:00+00:00;0.108;;
966771;unknown;control;2023-09-05 17:30:00+00:00;0.105;;
966771;unknown;control;2023-09-05 17:45:00+00:00;0.097;;
966771;unknown;control;2023-09-05 18:00:00+00:00;0.128;;
966771;unknown;control;2023-09-05 18:15:00+00:00;0.106;;
966771;unknown;control;2023-09-05 18:30:00+00:00;0.126;;
966771;unknown;control;2023-09-05 18:45:00+00:00;0.131;;
966771;unknown;control;2023-09-05 19:00:00+00:00;0.138;;
966771;unknown;control;2023-09-05 19:15:00+00:00;0.154;;
966771;unknown;control;2023-09-05 19:30:00+00:00;0.143;;
966771;unknown;control;2023-09-05 19:45:00+00:00;0.13;;
966771;unknown;control;2023-09-05 20:00:00+00:00;0.098;;
966771;unknown;control;2023-09-05 20:15:00+00:00;0.099;;
966771;unknown;control;2023-09-05 20:30:00+00:00;0.1;;
966771;unknown;control;2023-09-05 20:45:00+00:00;0.09;;
966771;unknown;control;2023-09-05 21:00:00+00:00;0.093;;
966771;unknown;control;2023-09-05 21:15:00+00:00;0.096;;
966771;unknown;control;2023-09-05 21:30:00+00:00;0.091;;
966771;unknown;control;2023-09-05 21:45:00+00:00;0.094;;
966771;unknown;control;2023-09-05 22:00:00+00:00;0.093;;
966771;unknown;control;2023-09-05 22:15:00+00:00;0.091;;
966771;unknown;control;2023-09-05 22:30:00+00:00;0.099;;
966771;unknown;control;2023-09-05 22:45:00+00:00;0.091;;
966771;unknown;control;2023-09-05 23:00:00+00:00;0.089;;
966771;unknown;control;2023-09-05 23:15:00+00:00;0.101;;
966771;unknown;control;2023-09-05 23:30:00+00:00;1.362;;
966771;unknown;control;2023-09-05 23:45:00+00:00;1.307;;
966771;unknown;control;2023-09-06 00:00:00+00:00;1.332;;
966771;unknown;control;2023-09-06 00:15:00+00:00;1.34;;
966771;unknown;control;2023-09-06 00:30:00+00:00;0.794;;
966771;unknown;control;2023-09-06 00:45:00+00:00;0.099;;
966771;unknown;control;2023-09-06 01:00:00+00:00;0.111;;
966771;unknown;control;2023-09-06 01:15:00+00:00;0.089;;
966771;unknown;control;2023-09-06 01:30:00+00:00;0.098;;
966771;unknown;control;2023-09-06 01:45:00+00:00;0.098;;
966771;unknown;control;2023-09-06 02:00:00+00:00;0.093;;
966771;unknown;control;2023-09-06 02:15:00+00:00;0.097;;
966771;unknown;control;2023-09-06 02:30:00+00:00;0.096;;
966771;unknown;control;2023-09-06 02:45:00+00:00;0.101;;
966771;unknown;control;2023-09-06 03:00:00+00:00;0.101;;
966771;unknown;control;2023-09-06 03:15:00+00:00;0.092;;
966771;unknown;control;2023-09-06 03:30:00+00:00;0.092;;
966771;unknown;control;2023-09-06 03:45:00+00:00;0.101;;
966771;unknown;control;2023-09-06 04:00:00+00:00;0.107;;
966771;unknown;control;2023-09-06 04:15:00+00:00;0.103;;
966771;unknown;control;2023-09-06 04:30:00+00:00;0.127;;
966771;unknown;control;2023-09-06 04:45:00+00:00;0.343;;
966771;unknown;control;2023-09-06 05:00:00+00:00;0.711;;
966771;unknown;control;2023-09-06 05:15:00+00:00;0.12;;
966771;unknown;control;2023-09-06 05:30:00+00:00;0.145;;
966771;unknown;control;2023-09-06 05:45:00+00:00;0.14;;
966771;unknown;control;2023-09-06 06:00:00+00:00;0.139;;
966771;unknown;control;2023-09-06 06:15:00+00:00;0.133;;
966771;unknown;control;2023-09-06 06:30:00+00:00;0.1;;
966771;unknown;control;2023-09-06 06:45:00+00:00;0.102;;
966771;unknown;control;2023-09-06 07:00:00+00:00;0.104;;
966771;unknown;control;2023-09-06 07:15:00+00:00;0.099;;
966771;unknown;control;2023-09-06 07:30:00+00:00;0.093;;
966771;unknown;control;2023-09-06 07:45:00+00:00;0.105;;
966771;unknown;control;2023-09-06 08:00:00+00:00;0.104;;
966771;unknown;control;2023-09-06 08:15:00+00:00;0.088;;
966771;unknown;control;2023-09-06 08:30:00+00:00;0.114;;
966771;unknown;control;2023-09-06 08:45:00+00:00;0.099;;
966771;unknown;control;2023-09-06 09:00:00+00:00;0.092;;
966771;unknown;control;2023-09-06 09:15:00+00:00;0.22;;
966771;unknown;control;2023-09-06 09:30:00+00:00;0.367;;
966771;unknown;control;2023-09-06 09:45:00+00:00;0.095;;
966771;unknown;control;2023-09-06 10:00:00+00:00;0.098;;
966771;unknown;control;2023-09-06 10:15:00+00:00;0.095;;
966771;unknown;control;2023-09-06 10:30:00+00:00;0.097;;
966771;unknown;control;2023-09-06 10:45:00+00:00;0.124;;
966771;unknown;control;2023-09-06 11:00:00+00:00;0.457;;
966771;unknown;control;2023-09-06 11:15:00+00:00;0.605;;
966771;unknown;control;2023-09-06 11:30:00+00:00;0.124;;
966771;unknown;control;2023-09-06 11:45:00+00:00;0.121;;
966771;unknown;control;2023-09-06 12:00:00+00:00;0.123;;
966771;unknown;control;2023-09-06 12:15:00+00:00;0.153;;
966771;unknown;control;2023-09-06 12:30:00+00:00;0.102;;
966771;unknown;control;2023-09-06 12:45:00+00:00;0.105;;
966771;unknown;control;2023-09-06 13:00:00+00:00;0.119;;
966771;unknown;control;2023-09-06 13:15:00+00:00;0.096;;
966771;unknown;control;2023-09-06 13:30:00+00:00;0.102;;
966771;unknown;control;2023-09-06 13:45:00+00:00;0.098;;
966771;unknown;control;2023-09-06 14:00:00+00:00;0.097;;
966771;unknown;control;2023-09-06 14:15:00+00:00;0.102;;
966771;unknown;control;2023-09-06 14:30:00+00:00;0.101;;
966771;unknown;control;2023-09-06 14:45:00+00:00;0.097;;
966771;unknown;control;2023-09-06 15:00:00+00:00;0.099;;
966771;unknown;control;2023-09-06 15:15:00+00:00;0.106;;
966771;unknown;control;2023-09-06 15:30:00+00:00;0.098;;
966771;unknown;control;2023-09-06 15:45:00+00:00;0.102;;
966771;unknown;control;2023-09-06 16:00:00+00:00;0.09;;
966771;unknown;control;2023-09-06 16:15:00+00:00;0.095;;
966771;unknown;control;2023-09-06 16:30:00+00:00;0.101;;
966771;unknown;control;2023-09-06 16:45:00+00:00;0.087;;
966771;unknown;control;2023-09-06 17:00:00+00:00;0.096;;
966771;unknown;control;2023-09-06 17:15:00+00:00;0.101;;
966771;unknown;control;2023-09-06 17:30:00+00:00;0.089;;
966771;unknown;control;2023-09-06 17:45:00+00:00;0.092;;
966771;unknown;control;2023-09-06 18:00:00+00:00;0.098;;
966771;unknown;control;2023-09-06 18:15:00+00:00;0.111;;
966771;unknown;control;2023-09-06 18:30:00+00:00;0.121;;
966771;unknown;control;2023-09-06 18:45:00+00:00;0.117;;
966771;unknown;control;2023-09-06 19:00:00+00:00;0.123;;
966771;unknown;control;2023-09-06 19:15:00+00:00;0.126;;
966771;unknown;control;2023-09-06 19:30:00+00:00;0.125;;
966771;unknown;control;2023-09-06 19:45:00+00:00;0.136;;
966771;unknown;control;2023-09-06 20:00:00+00:00;0.138;;
966771;unknown;control;2023-09-06 20:15:00+00:00;0.13;;
966771;unknown;control;2023-09-06 20:30:00+00:00;0.118;;
966771;unknown;control;2023-09-06 20:45:00+00:00;0.096;;
966771;unknown;control;2023-09-06 21:00:00+00:00;0.091;;
966771;unknown;control;2023-09-06 21:15:00+00:00;0.09;;
966771;unknown;control;2023-09-06 21:30:00+00:00;0.099;;
966771;unknown;control;2023-09-06 21:45:00+00:00;0.091;;
966771;unknown;control;2023-09-06 22:00:00+00:00;0.092;;
966771;unknown;control;2023-09-06 22:15:00+00:00;0.098;;
966771;unknown;control;2023-09-06 22:30:00+00:00;0.09;;
966771;unknown;control;2023-09-06 22:45:00+00:00;0.09;;
966771;unknown;control;2023-09-06 23:00:00+00:00;0.094;;
966771;unknown;control;2023-09-06 23:15:00+00:00;0.083;;
966771;unknown;control;2023-09-06 23:30:00+00:00;1.344;;
966771;unknown;control;2023-09-06 23:45:00+00:00;1.298;;
966771;unknown;control;2023-09-07 00:00:00+00:00;1.31;;
966771;unknown;control;2023-09-07 00:15:00+00:00;1.332;;
966771;unknown;control;2023-09-07 00:30:00+00:00;1.043;;
966771;unknown;control;2023-09-07 00:45:00+00:00;0.091;;
966771;unknown;control;2023-09-07 01:00:00+00:00;0.094;;
966771;unknown;control;2023-09-07 01:15:00+00:00;0.09;;
966771;unknown;control;2023-09-07 01:30:00+00:00;0.092;;
966771;unknown;control;2023-09-07 01:45:00+00:00;0.098;;
966771;unknown;control;2023-09-07 02:00:00+00:00;0.087;;
966771;unknown;control;2023-09-07 02:15:00+00:00;0.088;;
966771;unknown;control;2023-09-07 02:30:00+00:00;0.101;;
966771;unknown;control;2023-09-07 02:45:00+00:00;0.091;;
966771;unknown;control;2023-09-07 03:00:00+00:00;0.088;;
966771;unknown;control;2023-09-07 03:15:00+00:00;0.097;;
966771;unknown;control;2023-09-07 03:30:00+00:00;0.09;;
966771;unknown;control;2023-09-07 03:45:00+00:00;0.103;;
966771;unknown;control;2023-09-07 04:00:00+00:00;0.106;;
966771;unknown;control;2023-09-07 04:15:00+00:00;0.092;;
966771;unknown;control;2023-09-07 04:30:00+00:00;0.091;;
966771;unknown;control;2023-09-07 04:45:00+00:00;0.092;;
966771;unknown;control;2023-09-07 05:00:00+00:00;0.088;;
966771;unknown;control;2023-09-07 05:15:00+00:00;0.094;;
966771;unknown;control;2023-09-07 05:30:00+00:00;0.103;;
966771;unknown;control;2023-09-07 05:45:00+00:00;0.104;;
966771;unknown;control;2023-09-07 06:00:00+00:00;0.096;;
966771;unknown;control;2023-09-07 06:15:00+00:00;0.096;;
966771;unknown;control;2023-09-07 06:30:00+00:00;0.084;;
966771;unknown;control;2023-09-07 06:45:00+00:00;0.114;;
966771;unknown;control;2023-09-07 07:00:00+00:00;0.1;;
966771;unknown;control;2023-09-07 07:15:00+00:00;0.097;;
966771;unknown;control;2023-09-07 07:30:00+00:00;0.109;;
966771;unknown;control;2023-09-07 07:45:00+00:00;0.471;;
966771;unknown;control;2023-09-07 08:00:00+00:00;0.121;;
966771;unknown;control;2023-09-07 08:15:00+00:00;0.136;;
966771;unknown;control;2023-09-07 08:30:00+00:00;0.136;;
966771;unknown;control;2023-09-07 08:45:00+00:00;0.144;;
966771;unknown;control;2023-09-07 09:00:00+00:00;0.114;;
966771;unknown;control;2023-09-07 09:15:00+00:00;0.088;;
966771;unknown;control;2023-09-07 09:30:00+00:00;0.092;;
966771;unknown;control;2023-09-07 09:45:00+00:00;0.1;;
966771;unknown;control;2023-09-07 10:00:00+00:00;0.093;;
966771;unknown;control;2023-09-07 10:15:00+00:00;0.095;;
966771;unknown;control;2023-09-07 10:30:00+00:00;0.094;;
966771;unknown;control;2023-09-07 10:45:00+00:00;0.09;;
966771;unknown;control;2023-09-07 11:00:00+00:00;0.099;;
966771;unknown;control;2023-09-07 11:15:00+00:00;0.094;;
966771;unknown;control;2023-09-07 11:30:00+00:00;0.086;;
966771;unknown;control;2023-09-07 11:45:00+00:00;0.102;;
966771;unknown;control;2023-09-07 12:00:00+00:00;0.093;;
966771;unknown;control;2023-09-07 12:15:00+00:00;0.085;;
966771;unknown;control;2023-09-07 12:30:00+00:00;0.1;;
966771;unknown;control;2023-09-07 12:45:00+00:00;0.167;;
966771;unknown;control;2023-09-07 13:00:00+00:00;0.09;;
966771;unknown;control;2023-09-07 13:15:00+00:00;0.114;;
966771;unknown;control;2023-09-07 13:30:00+00:00;0.257;;
966771;unknown;control;2023-09-07 13:45:00+00:00;0.675;;
966771;unknown;control;2023-09-07 14:00:00+00:00;0.38;;
966771;unknown;control;2023-09-07 14:15:00+00:00;0.215;;
966771;unknown;control;2023-09-07 14:30:00+00:00;0.35;;
966771;unknown;control;2023-09-07 14:45:00+00:00;0.098;;
966771;unknown;control;2023-09-07 15:00:00+00:00;0.094;;
966771;unknown;control;2023-09-07 15:15:00+00:00;0.101;;
966771;unknown;control;2023-09-07 15:30:00+00:00;0.117;;
966771;unknown;control;2023-09-07 15:45:00+00:00;0.091;;
966771;unknown;control;2023-09-07 16:00:00+00:00;0.098;;
966771;unknown;control;2023-09-07 16:15:00+00:00;0.102;;
966771;unknown;control;2023-09-07 16:30:00+00:00;0.104;;
966771;unknown;control;2023-09-07 16:45:00+00:00;0.101;;
966771;unknown;control;2023-09-07 17:00:00+00:00;0.097;;
966771;unknown;control;2023-09-07 17:15:00+00:00;0.087;;
966771;unknown;control;2023-09-07 17:30:00+00:00;0.101;;
966771;unknown;control;2023-09-07 17:45:00+00:00;0.096;;
966771;unknown;control;2023-09-07 18:00:00+00:00;0.107;;
966771;unknown;control;2023-09-07 18:15:00+00:00;0.167;;
966771;unknown;control;2023-09-07 18:30:00+00:00;0.149;;
966771;unknown;control;2023-09-07 18:45:00+00:00;0.147;;
966771;unknown;control;2023-09-07 19:00:00+00:00;0.151;;
966771;unknown;control;2023-09-07 19:15:00+00:00;0.141;;
966771;unknown;control;2023-09-07 19:30:00+00:00;0.147;;
966771;unknown;control;2023-09-07 19:45:00+00:00;0.144;;
966771;unknown;control;2023-09-07 20:00:00+00:00;0.097;;
966771;unknown;control;2023-09-07 20:15:00+00:00;0.09;;
966771;unknown;control;2023-09-07 20:30:00+00:00;0.099;;
966771;unknown;control;2023-09-07 20:45:00+00:00;0.085;;
966771;unknown;control;2023-09-07 21:00:00+00:00;0.09;;
966771;unknown;control;2023-09-07 21:15:00+00:00;0.096;;
966771;unknown;control;2023-09-07 21:30:00+00:00;0.088;;
966771;unknown;control;2023-09-07 21:45:00+00:00;0.089;;
966771;unknown;control;2023-09-07 22:00:00+00:00;0.096;;
966771;unknown;control;2023-09-07 22:15:00+00:00;0.101;;
966771;unknown;control;2023-09-07 22:30:00+00:00;0.094;;
966771;unknown;control;2023-09-07 22:45:00+00:00;0.091;;
966771;unknown;control;2023-09-07 23:00:00+00:00;0.089;;
966771;unknown;control;2023-09-07 23:15:00+00:00;0.095;;
966771;unknown;control;2023-09-07 23:30:00+00:00;1.336;;
966771;unknown;control;2023-09-07 23:45:00+00:00;1.295;;
966771;unknown;control;2023-09-08 00:00:00+00:00;1.301;;
966771;unknown;control;2023-09-08 00:15:00+00:00;1.256;;
966771;unknown;control;2023-09-08 00:30:00+00:00;0.091;;
966771;unknown;control;2023-09-08 00:45:00+00:00;0.1;;
966771;unknown;control;2023-09-08 01:00:00+00:00;0.087;;
966771;unknown;control;2023-09-08 01:15:00+00:00;0.092;;
966771;unknown;control;2023-09-08 01:30:00+00:00;0.099;;
966771;unknown;control;2023-09-08 01:45:00+00:00;0.096;;
966771;unknown;control;2023-09-08 02:00:00+00:00;0.099;;
966771;unknown;control;2023-09-08 02:15:00+00:00;0.101;;
966771;unknown;control;2023-09-08 02:30:00+00:00;0.088;;
966771;unknown;control;2023-09-08 02:45:00+00:00;0.093;;
966771;unknown;control;2023-09-08 03:00:00+00:00;0.111;;
966771;unknown;control;2023-09-08 03:15:00+00:00;0.083;;
966771;unknown;control;2023-09-08 03:30:00+00:00;0.087;;
966771;unknown;control;2023-09-08 03:45:00+00:00;0.09;;
966771;unknown;control;2023-09-08 04:00:00+00:00;0.089;;
966771;unknown;control;2023-09-08 04:15:00+00:00;0.093;;
966771;unknown;control;2023-09-08 04:30:00+00:00;0.087;;
966771;unknown;control;2023-09-08 04:45:00+00:00;0.119;;
966771;unknown;control;2023-09-08 05:00:00+00:00;0.1;;
966771;unknown;control;2023-09-08 05:15:00+00:00;0.088;;
966771;unknown;control;2023-09-08 05:30:00+00:00;0.096;;
966771;unknown;control;2023-09-08 05:45:00+00:00;0.093;;
966771;unknown;control;2023-09-08 06:00:00+00:00;0.088;;
966771;unknown;control;2023-09-08 06:15:00+00:00;0.113;;
966771;unknown;control;2023-09-08 06:30:00+00:00;0.097;;
966771;unknown;control;2023-09-08 06:45:00+00:00;0.082;;
966771;unknown;control;2023-09-08 07:00:00+00:00;0.094;;
966771;unknown;control;2023-09-08 07:15:00+00:00;0.105;;
966771;unknown;control;2023-09-08 07:30:00+00:00;0.368;;
966771;unknown;control;2023-09-08 07:45:00+00:00;0.139;;
966771;unknown;control;2023-09-08 08:00:00+00:00;0.128;;
966771;unknown;control;2023-09-08 08:15:00+00:00;0.108;;
966771;unknown;control;2023-09-08 08:30:00+00:00;0.097;;
966771;unknown;control;2023-09-08 08:45:00+00:00;0.104;;
966771;unknown;control;2023-09-08 09:00:00+00:00;0.13;;
966771;unknown;control;2023-09-08 09:15:00+00:00;0.183;;
966771;unknown;control;2023-09-08 09:30:00+00:00;0.099;;
966771;unknown;control;2023-09-08 09:45:00+00:00;0.099;;
966771;unknown;control;2023-09-08 10:00:00+00:00;0.1;;
966771;unknown;control;2023-09-08 10:15:00+00:00;0.105;;
966771;unknown;control;2023-09-08 10:30:00+00:00;0.087;;
966771;unknown;control;2023-09-08 10:45:00+00:00;0.093;;
966771;unknown;control;2023-09-08 11:00:00+00:00;0.097;;
966771;unknown;control;2023-09-08 11:15:00+00:00;0.088;;
966771;unknown;control;2023-09-08 11:30:00+00:00;0.1;;
966771;unknown;control;2023-09-08 11:45:00+00:00;0.098;;
966771;unknown;control;2023-09-08 12:00:00+00:00;0.091;;
966771;unknown;control;2023-09-08 12:15:00+00:00;0.097;;
966771;unknown;control;2023-09-08 12:30:00+00:00;0.095;;
966771;unknown;control;2023-09-08 12:45:00+00:00;0.093;;
966771;unknown;control;2023-09-08 13:00:00+00:00;0.101;;
966771;unknown;control;2023-09-08 13:15:00+00:00;0.095;;
966771;unknown;control;2023-09-08 13:30:00+00:00;0.339;;
966771;unknown;control;2023-09-08 13:45:00+00:00;0.355;;
966771;unknown;control;2023-09-08 14:00:00+00:00;0.328;;
966771;unknown;control;2023-09-08 14:15:00+00:00;0.262;;
966771;unknown;control;2023-09-08 14:30:00+00:00;0.214;;
966771;unknown;control;2023-09-08 14:45:00+00:00;0.255;;
966771;unknown;control;2023-09-08 15:00:00+00:00;0.29;;
966771;unknown;control;2023-09-08 15:15:00+00:00;0.107;;
966771;unknown;control;2023-09-08 15:30:00+00:00;0.091;;
966771;unknown;control;2023-09-08 15:45:00+00:00;0.265;;
966771;unknown;control;2023-09-08 16:00:00+00:00;0.127;;
966771;unknown;control;2023-09-08 16:15:00+00:00;0.088;;
966771;unknown;control;2023-09-08 16:30:00+00:00;0.102;;
966771;unknown;control;2023-09-08 16:45:00+00:00;0.119;;
966771;unknown;control;2023-09-08 17:00:00+00:00;0.123;;
966771;unknown;control;2023-09-08 17:15:00+00:00;0.184;;
966771;unknown;control;2023-09-08 17:30:00+00:00;0.136;;
966771;unknown;control;2023-09-08 17:45:00+00:00;0.151;;
966771;unknown;control;2023-09-08 18:00:00+00:00;0.142;;
966771;unknown;control;2023-09-08 18:15:00+00:00;0.146;;
966771;unknown;control;2023-09-08 18:30:00+00:00;0.142;;
966771;unknown;control;2023-09-08 18:45:00+00:00;0.129;;
966771;unknown;control;2023-09-08 19:00:00+00:00;0.134;;
966771;unknown;control;2023-09-08 19:15:00+00:00;0.141;;
966771;unknown;control;2023-09-08 19:30:00+00:00;0.134;;
966771;unknown;control;2023-09-08 19:45:00+00:00;0.139;;
966771;unknown;control;2023-09-08 20:00:00+00:00;0.102;;
966771;unknown;control;2023-09-08 20:15:00+00:00;0.092;;
966771;unknown;control;2023-09-08 20:30:00+00:00;0.095;;
966771;unknown;control;2023-09-08 20:45:00+00:00;0.093;;
966771;unknown;control;2023-09-08 21:00:00+00:00;0.09;;
966771;unknown;control;2023-09-08 21:15:00+00:00;0.098;;
966771;unknown;control;2023-09-08 21:30:00+00:00;0.092;;
966771;unknown;control;2023-09-08 21:45:00+00:00;0.093;;
966771;unknown;control;2023-09-08 22:00:00+00:00;0.099;;
966771;unknown;control;2023-09-08 22:15:00+00:00;0.089;;
966771;unknown;control;2023-09-08 22:30:00+00:00;0.09;;
966771;unknown;control;2023-09-08 22:45:00+00:00;0.099;;
966771;unknown;control;2023-09-08 23:00:00+00:00;0.09;;
966771;unknown;control;2023-09-08 23:15:00+00:00;0.09;;
966771;unknown;control;2023-09-08 23:30:00+00:00;1.361;;
966771;unknown;control;2023-09-08 23:45:00+00:00;1.299;;
966771;unknown;control;2023-09-09 00:00:00+00:00;1.32;;
966771;unknown;control;2023-09-09 00:15:00+00:00;1.338;;
966771;unknown;control;2023-09-09 00:30:00+00:00;0.782;;
966771;unknown;control;2023-09-09 00:45:00+00:00;0.093;;
966771;unknown;control;2023-09-09 01:00:00+00:00;0.095;;
966771;unknown;control;2023-09-09 01:15:00+00:00;0.092;;
966771;unknown;control;2023-09-09 01:30:00+00:00;0.1;;
966771;unknown;control;2023-09-09 01:45:00+00:00;0.09;;
966771;unknown;control;2023-09-09 02:00:00+00:00;0.094;;
966771;unknown;control;2023-09-09 02:15:00+00:00;0.095;;
966771;unknown;control;2023-09-09 02:30:00+00:00;0.097;;
966771;unknown;control;2023-09-09 02:45:00+00:00;0.088;;
966771;unknown;control;2023-09-09 03:00:00+00:00;0.094;;
966771;unknown;control;2023-09-09 03:15:00+00:00;0.082;;
966771;unknown;control;2023-09-09 03:30:00+00:00;0.103;;
966771;unknown;control;2023-09-09 03:45:00+00:00;0.099;;
966771;unknown;control;2023-09-09 04:00:00+00:00;0.088;;
966771;unknown;control;2023-09-09 04:15:00+00:00;0.092;;
966771;unknown;control;2023-09-09 04:30:00+00:00;0.096;;
966771;unknown;control;2023-09-09 04:45:00+00:00;0.09;;
966771;unknown;control;2023-09-09 05:00:00+00:00;0.094;;
966771;unknown;control;2023-09-09 05:15:00+00:00;0.115;;
966771;unknown;control;2023-09-09 05:30:00+00:00;0.093;;
966771;unknown;control;2023-09-09 05:45:00+00:00;0.138;;
966771;unknown;control;2023-09-09 06:00:00+00:00;0.187;;
966771;unknown;control;2023-09-09 06:15:00+00:00;0.333;;
966771;unknown;control;2023-09-09 06:30:00+00:00;0.205;;
966771;unknown;control;2023-09-09 06:45:00+00:00;0.114;;
966771;unknown;control;2023-09-09 07:00:00+00:00;0.128;;
966771;unknown;control;2023-09-09 07:15:00+00:00;0.176;;
966771;unknown;control;2023-09-09 07:30:00+00:00;0.164;;
966771;unknown;control;2023-09-09 07:45:00+00:00;0.103;;
966771;unknown;control;2023-09-09 08:00:00+00:00;0.1;;
966771;unknown;control;2023-09-09 08:15:00+00:00;0.096;;
966771;unknown;control;2023-09-09 08:30:00+00:00;0.265;;
966771;unknown;control;2023-09-09 08:45:00+00:00;0.133;;
966771;unknown;control;2023-09-09 09:00:00+00:00;0.119;;
966771;unknown;control;2023-09-09 09:15:00+00:00;0.11;;
966771;unknown;control;2023-09-09 09:30:00+00:00;0.105;;
966771;unknown;control;2023-09-09 09:45:00+00:00;0.1;;
966771;unknown;control;2023-09-09 10:00:00+00:00;0.129;;
966771;unknown;control;2023-09-09 10:15:00+00:00;0.423;;
966771;unknown;control;2023-09-09 10:30:00+00:00;0.164;;
966771;unknown;control;2023-09-09 10:45:00+00:00;0.096;;
966771;unknown;control;2023-09-09 11:00:00+00:00;0.092;;
966771;unknown;control;2023-09-09 11:15:00+00:00;0.21;;
966771;unknown;control;2023-09-09 11:30:00+00:00;0.267;;
966771;unknown;control;2023-09-09 11:45:00+00:00;0.089;;
966771;unknown;control;2023-09-09 12:00:00+00:00;0.101;;
966771;unknown;control;2023-09-09 12:15:00+00:00;0.099;;
966771;unknown;control;2023-09-09 12:30:00+00:00;0.094;;
966771;unknown;control;2023-09-09 12:45:00+00:00;0.104;;
966771;unknown;control;2023-09-09 13:00:00+00:00;0.099;;
966771;unknown;control;2023-09-09 13:15:00+00:00;0.091;;
966771;unknown;control;2023-09-09 13:30:00+00:00;0.101;;
966771;unknown;control;2023-09-09 13:45:00+00:00;0.1;;
966771;unknown;control;2023-09-09 14:00:00+00:00;0.097;;
966771;unknown;control;2023-09-09 14:15:00+00:00;0.108;;
966771;unknown;control;2023-09-09 14:30:00+00:00;0.094;;
966771;unknown;control;2023-09-09 14:45:00+00:00;0.093;;
966771;unknown;control;2023-09-09 15:00:00+00:00;0.094;;
966771;unknown;control;2023-09-09 15:15:00+00:00;0.102;;
966771;unknown;control;2023-09-09 15:30:00+00:00;0.1;;
966771;unknown;control;2023-09-09 15:45:00+00:00;0.095;;
966771;unknown;control;2023-09-09 16:00:00+00:00;0.094;;
966771;unknown;control;2023-09-09 16:15:00+00:00;0.094;;
966771;unknown;control;2023-09-09 16:30:00+00:00;0.094;;
966771;unknown;control;2023-09-09 16:45:00+00:00;0.087;;
966771;unknown;control;2023-09-09 17:00:00+00:00;0.134;;
966771;unknown;control;2023-09-09 17:15:00+00:00;0.097;;
966771;unknown;control;2023-09-09 17:30:00+00:00;0.094;;
966771;unknown;control;2023-09-09 17:45:00+00:00;0.101;;
966771;unknown;control;2023-09-09 18:00:00+00:00;0.098;;
966771;unknown;control;2023-09-09 18:15:00+00:00;0.144;;
966771;unknown;control;2023-09-09 18:30:00+00:00;0.146;;
966771;unknown;control;2023-09-09 18:45:00+00:00;0.153;;
966771;unknown;control;2023-09-09 19:00:00+00:00;0.153;;
966771;unknown;control;2023-09-09 19:15:00+00:00;0.124;;
966771;unknown;control;2023-09-09 19:30:00+00:00;0.135;;
966771;unknown;control;2023-09-09 19:45:00+00:00;0.128;;
966771;unknown;control;2023-09-09 20:00:00+00:00;2.574;;
966771;unknown;control;2023-09-09 20:15:00+00:00;2.777;;
966771;unknown;control;2023-09-09 20:30:00+00:00;2.78;;
966771;unknown;control;2023-09-09 20:45:00+00:00;2.77;;
966771;unknown;control;2023-09-09 21:00:00+00:00;2.78;;
966771;unknown;control;2023-09-09 21:15:00+00:00;2.776;;
966771;unknown;control;2023-09-09 21:30:00+00:00;2.776;;
966771;unknown;control;2023-09-09 21:45:00+00:00;2.781;;
966771;unknown;control;2023-09-09 22:00:00+00:00;2.778;;
966771;unknown;control;2023-09-09 22:15:00+00:00;2.778;;
966771;unknown;control;2023-09-09 22:30:00+00:00;2.784;;
966771;unknown;control;2023-09-09 22:45:00+00:00;2.792;;
966771;unknown;control;2023-09-09 23:00:00+00:00;2.162;;
966771;unknown;control;2023-09-09 23:15:00+00:00;0.09;;
966771;unknown;control;2023-09-09 23:30:00+00:00;1.367;;
966771;unknown;control;2023-09-09 23:45:00+00:00;1.311;;
966771;unknown;control;2023-09-10 00:00:00+00:00;1.318;;
966771;unknown;control;2023-09-10 00:15:00+00:00;1.337;;
966771;unknown;control;2023-09-10 00:30:00+00:00;1.334;;
966771;unknown;control;2023-09-10 00:45:00+00:00;1.362;;
966771;unknown;control;2023-09-10 01:00:00+00:00;0.273;;
966771;unknown;control;2023-09-10 01:15:00+00:00;0.09;;
966771;unknown;control;2023-09-10 01:30:00+00:00;0.098;;
966771;unknown;control;2023-09-10 01:45:00+00:00;0.089;;
966771;unknown;control;2023-09-10 02:00:00+00:00;0.09;;
966771;unknown;control;2023-09-10 02:15:00+00:00;0.096;;
966771;unknown;control;2023-09-10 02:30:00+00:00;0.085;;
966771;unknown;control;2023-09-10 02:45:00+00:00;0.084;;
966771;unknown;control;2023-09-10 03:00:00+00:00;0.093;;
966771;unknown;control;2023-09-10 03:15:00+00:00;0.095;;
966771;unknown;control;2023-09-10 03:30:00+00:00;0.085;;
966771;unknown;control;2023-09-10 03:45:00+00:00;0.092;;
966771;unknown;control;2023-09-10 04:00:00+00:00;0.094;;
966771;unknown;control;2023-09-10 04:15:00+00:00;0.092;;
966771;unknown;control;2023-09-10 04:30:00+00:00;0.092;;
966771;unknown;control;2023-09-10 04:45:00+00:00;0.095;;
966771;unknown;control;2023-09-10 05:00:00+00:00;0.108;;
966771;unknown;control;2023-09-10 05:15:00+00:00;0.109;;
966771;unknown;control;2023-09-10 05:30:00+00:00;0.104;;
966771;unknown;control;2023-09-10 05:45:00+00:00;0.103;;
966771;unknown;control;2023-09-10 06:00:00+00:00;0.084;;
966771;unknown;control;2023-09-10 06:15:00+00:00;0.083;;
966771;unknown;control;2023-09-10 06:30:00+00:00;0.097;;
966771;unknown;control;2023-09-10 06:45:00+00:00;0.088;;
966771;unknown;control;2023-09-10 07:00:00+00:00;0.086;;
966771;unknown;control;2023-09-10 07:15:00+00:00;0.093;;
966771;unknown;control;2023-09-10 07:30:00+00:00;0.088;;
966771;unknown;control;2023-09-10 07:45:00+00:00;0.09;;
966771;unknown;control;2023-09-10 08:00:00+00:00;0.091;;
966771;unknown;control;2023-09-10 08:15:00+00:00;0.084;;
966771;unknown;control;2023-09-10 08:30:00+00:00;0.094;;
966771;unknown;control;2023-09-10 08:45:00+00:00;0.091;;
966771;unknown;control;2023-09-10 09:00:00+00:00;0.083;;
966771;unknown;control;2023-09-10 09:15:00+00:00;0.097;;
966771;unknown;control;2023-09-10 09:30:00+00:00;0.097;;
966771;unknown;control;2023-09-10 09:45:00+00:00;0.082;;
966771;unknown;control;2023-09-10 10:00:00+00:00;0.092;;
966771;unknown;control;2023-09-10 10:15:00+00:00;0.087;;
966771;unknown;control;2023-09-10 10:30:00+00:00;0.085;;
966771;unknown;control;2023-09-10 10:45:00+00:00;0.092;;
966771;unknown;control;2023-09-10 11:00:00+00:00;0.091;;
966771;unknown;control;2023-09-10 11:15:00+00:00;0.092;;
966771;unknown;control;2023-09-10 11:30:00+00:00;0.095;;
966771;unknown;control;2023-09-10 11:45:00+00:00;0.083;;
966771;unknown;control;2023-09-10 12:00:00+00:00;0.092;;
966771;unknown;control;2023-09-10 12:15:00+00:00;0.097;;
966771;unknown;control;2023-09-10 12:30:00+00:00;0.083;;
966771;unknown;control;2023-09-10 12:45:00+00:00;0.091;;
966771;unknown;control;2023-09-10 13:00:00+00:00;0.095;;
966771;unknown;control;2023-09-10 13:15:00+00:00;0.085;;
966771;unknown;control;2023-09-10 13:30:00+00:00;0.089;;
966771;unknown;control;2023-09-10 13:45:00+00:00;0.089;;
966771;unknown;control;2023-09-10 14:00:00+00:00;0.088;;
966771;unknown;control;2023-09-10 14:15:00+00:00;0.093;;
966771;unknown;control;2023-09-10 14:30:00+00:00;0.088;;
966771;unknown;control;2023-09-10 14:45:00+00:00;0.089;;
966771;unknown;control;2023-09-10 15:00:00+00:00;0.094;;
966771;unknown;control;2023-09-10 15:15:00+00:00;0.083;;
966771;unknown;control;2023-09-10 15:30:00+00:00;0.09;;
966771;unknown;control;2023-09-10 15:45:00+00:00;0.096;;
966771;unknown;control;2023-09-10 16:00:00+00:00;0.081;;
966771;unknown;control;2023-09-10 16:15:00+00:00;0.09;;
966771;unknown;control;2023-09-10 16:30:00+00:00;0.094;;
966771;unknown;control;2023-09-10 16:45:00+00:00;0.083;;
966771;unknown;control;2023-09-10 17:00:00+00:00;0.09;;
966771;unknown;control;2023-09-10 17:15:00+00:00;0.094;;
966771;unknown;control;2023-09-10 17:30:00+00:00;0.08;;
966771;unknown;control;2023-09-10 17:45:00+00:00;0.088;;
966771;unknown;control;2023-09-10 18:00:00+00:00;0.088;;
966771;unknown;control;2023-09-10 18:15:00+00:00;0.094;;
966771;unknown;control;2023-09-10 18:30:00+00:00;0.114;;
966771;unknown;control;2023-09-10 18:45:00+00:00;0.1;;
966771;unknown;control;2023-09-10 19:00:00+00:00;0.102;;
966771;unknown;control;2023-09-10 19:15:00+00:00;0.129;;
966771;unknown;control;2023-09-10 19:30:00+00:00;0.141;;
966771;unknown;control;2023-09-10 19:45:00+00:00;0.143;;
966771;unknown;control;2023-09-10 20:00:00+00:00;0.137;;
966771;unknown;control;2023-09-10 20:15:00+00:00;0.127;;
966771;unknown;control;2023-09-10 20:30:00+00:00;0.138;;
966771;unknown;control;2023-09-10 20:45:00+00:00;0.13;;
966771;unknown;control;2023-09-10 21:00:00+00:00;0.105;;
966771;unknown;control;2023-09-10 21:15:00+00:00;0.097;;
966771;unknown;control;2023-09-10 21:30:00+00:00;0.096;;
966771;unknown;control;2023-09-10 21:45:00+00:00;0.084;;
966771;unknown;control;2023-09-10 22:00:00+00:00;0.094;;
966771;unknown;control;2023-09-10 22:15:00+00:00;0.094;;
966771;unknown;control;2023-09-10 22:30:00+00:00;0.084;;
966771;unknown;control;2023-09-10 22:45:00+00:00;0.089;;
966771;unknown;control;2023-09-10 23:00:00+00:00;0.104;;
966771;unknown;control;2023-09-10 23:15:00+00:00;0.096;;
966771;unknown;control;2023-09-10 23:30:00+00:00;1.356;;
966771;unknown;control;2023-09-10 23:45:00+00:00;1.303;;
966771;unknown;control;2023-09-11 00:00:00+00:00;1.316;;
966771;unknown;control;2023-09-11 00:15:00+00:00;1.118;;
966771;unknown;control;2023-09-11 00:30:00+00:00;0.082;;
966771;unknown;control;2023-09-11 00:45:00+00:00;0.087;;
966771;unknown;control;2023-09-11 01:00:00+00:00;0.098;;
966771;unknown;control;2023-09-11 01:15:00+00:00;0.091;;
966771;unknown;control;2023-09-11 01:30:00+00:00;0.086;;
966771;unknown;control;2023-09-11 01:45:00+00:00;0.09;;
966771;unknown;control;2023-09-11 02:00:00+00:00;0.09;;
966771;unknown;control;2023-09-11 02:15:00+00:00;0.095;;
966771;unknown;control;2023-09-11 02:30:00+00:00;0.089;;
966771;unknown;control;2023-09-11 02:45:00+00:00;0.083;;
966771;unknown;control;2023-09-11 03:00:00+00:00;0.099;;
966771;unknown;control;2023-09-11 03:15:00+00:00;0.093;;
966771;unknown;control;2023-09-11 03:30:00+00:00;0.084;;
966771;unknown;control;2023-09-11 03:45:00+00:00;0.099;;
966771;unknown;control;2023-09-11 04:00:00+00:00;0.108;;
966771;unknown;control;2023-09-11 04:15:00+00:00;0.1;;
966771;unknown;control;2023-09-11 04:30:00+00:00;0.121;;
966771;unknown;control;2023-09-11 04:45:00+00:00;0.11;;
966771;unknown;control;2023-09-11 05:00:00+00:00;0.101;;
966771;unknown;control;2023-09-11 05:15:00+00:00;0.099;;
966771;unknown;control;2023-09-11 05:30:00+00:00;0.488;;
966771;unknown;control;2023-09-11 05:45:00+00:00;0.811;;
966771;unknown;control;2023-09-11 06:00:00+00:00;0.136;;
966771;unknown;control;2023-09-11 06:15:00+00:00;0.178;;
966771;unknown;control;2023-09-11 06:30:00+00:00;0.473;;
966771;unknown;control;2023-09-11 06:45:00+00:00;0.424;;
966771;unknown;control;2023-09-11 07:00:00+00:00;0.163;;
966771;unknown;control;2023-09-11 07:15:00+00:00;0.141;;
966771;unknown;control;2023-09-11 07:30:00+00:00;0.135;;
966771;unknown;control;2023-09-11 07:45:00+00:00;0.174;;
966771;unknown;control;2023-09-11 08:00:00+00:00;0.796;;
966771;unknown;control;2023-09-11 08:15:00+00:00;0.35;;
966771;unknown;control;2023-09-11 08:30:00+00:00;0.13;;
966771;unknown;control;2023-09-11 08:45:00+00:00;0.136;;
966771;unknown;control;2023-09-11 09:00:00+00:00;0.132;;
966771;unknown;control;2023-09-11 09:15:00+00:00;0.242;;
966771;unknown;control;2023-09-11 09:30:00+00:00;0.105;;
966771;unknown;control;2023-09-11 09:45:00+00:00;0.113;;
966771;unknown;control;2023-09-11 10:00:00+00:00;0.104;;
966771;unknown;control;2023-09-11 10:15:00+00:00;0.103;;
966771;unknown;control;2023-09-11 10:30:00+00:00;0.092;;
966771;unknown;control;2023-09-11 10:45:00+00:00;0.087;;
966771;unknown;control;2023-09-11 11:00:00+00:00;0.119;;
966771;unknown;control;2023-09-11 11:15:00+00:00;0.217;;
966771;unknown;control;2023-09-11 11:30:00+00:00;0.252;;
966771;unknown;control;2023-09-11 11:45:00+00:00;0.279;;
966771;unknown;control;2023-09-11 12:00:00+00:00;0.269;;
966771;unknown;control;2023-09-11 12:15:00+00:00;0.269;;
966771;unknown;control;2023-09-11 12:30:00+00:00;0.161;;
966771;unknown;control;2023-09-11 12:45:00+00:00;0.234;;
966771;unknown;control;2023-09-11 13:00:00+00:00;0.282;;
966771;unknown;control;2023-09-11 13:15:00+00:00;0.256;;
966771;unknown;control;2023-09-11 13:30:00+00:00;0.142;;
966771;unknown;control;2023-09-11 13:45:00+00:00;0.102;;
966771;unknown;control;2023-09-11 14:00:00+00:00;0.102;;
966771;unknown;control;2023-09-11 14:15:00+00:00;0.095;;
966771;unknown;control;2023-09-11 14:30:00+00:00;0.105;;
966771;unknown;control;2023-09-11 14:45:00+00:00;0.105;;
966771;unknown;control;2023-09-11 15:00:00+00:00;0.106;;
966771;unknown;control;2023-09-11 15:15:00+00:00;0.111;;
966771;unknown;control;2023-09-11 15:30:00+00:00;0.106;;
966771;unknown;control;2023-09-11 15:45:00+00:00;0.114;;
966771;unknown;control;2023-09-11 16:00:00+00:00;0.111;;
966771;unknown;control;2023-09-11 16:15:00+00:00;0.095;;
966771;unknown;control;2023-09-11 16:30:00+00:00;0.1;;
966771;unknown;control;2023-09-11 16:45:00+00:00;0.099;;
966771;unknown;control;2023-09-11 17:00:00+00:00;0.087;;
966771;unknown;control;2023-09-11 17:15:00+00:00;0.094;;
966771;unknown;control;2023-09-11 17:30:00+00:00;0.098;;
966771;unknown;control;2023-09-11 17:45:00+00:00;0.089;;
966771;unknown;control;2023-09-11 18:00:00+00:00;0.097;;
966771;unknown;control;2023-09-11 18:15:00+00:00;0.128;;
966771;unknown;control;2023-09-11 18:30:00+00:00;0.14;;
966771;unknown;control;2023-09-11 18:45:00+00:00;0.171;;
966771;unknown;control;2023-09-11 19:00:00+00:00;0.159;;
966771;unknown;control;2023-09-11 19:15:00+00:00;0.142;;
966771;unknown;control;2023-09-11 19:30:00+00:00;0.146;;
966771;unknown;control;2023-09-11 19:45:00+00:00;0.143;;
966771;unknown;control;2023-09-11 20:00:00+00:00;0.134;;
966771;unknown;control;2023-09-11 20:15:00+00:00;0.115;;
966771;unknown;control;2023-09-11 20:30:00+00:00;0.095;;
966771;unknown;control;2023-09-11 20:45:00+00:00;0.096;;
966771;unknown;control;2023-09-11 21:00:00+00:00;0.096;;
966771;unknown;control;2023-09-11 21:15:00+00:00;0.095;;
966771;unknown;control;2023-09-11 21:30:00+00:00;0.1;;
966771;unknown;control;2023-09-11 21:45:00+00:00;0.13;;
966771;unknown;control;2023-09-11 22:00:00+00:00;0.139;;
966771;unknown;control;2023-09-11 22:15:00+00:00;0.102;;
966771;unknown;control;2023-09-11 22:30:00+00:00;0.107;;
966771;unknown;control;2023-09-11 22:45:00+00:00;0.104;;
966771;unknown;control;2023-09-11 23:00:00+00:00;0.097;;
966771;unknown;control;2023-09-11 23:15:00+00:00;0.088;;
966771;unknown;control;2023-09-11 23:30:00+00:00;1.352;;
966771;unknown;control;2023-09-11 23:45:00+00:00;1.305;;
966771;unknown;control;2023-09-12 00:00:00+00:00;1.311;;
966771;unknown;control;2023-09-12 00:15:00+00:00;1.348;;
966771;unknown;control;2023-09-12 00:30:00+00:00;1.223;;
966771;unknown;control;2023-09-12 00:45:00+00:00;0.087;;
966771;unknown;control;2023-09-12 01:00:00+00:00;0.096;;
966771;unknown;control;2023-09-12 01:15:00+00:00;0.097;;
966771;unknown;control;2023-09-12 01:30:00+00:00;0.101;;
966771;unknown;control;2023-09-12 01:45:00+00:00;0.096;;
966771;unknown;control;2023-09-12 02:00:00+00:00;0.091;;
966771;unknown;control;2023-09-12 02:15:00+00:00;0.092;;
966771;unknown;control;2023-09-12 02:30:00+00:00;0.099;;
966771;unknown;control;2023-09-12 02:45:00+00:00;0.088;;
966771;unknown;control;2023-09-12 03:00:00+00:00;0.091;;
966771;unknown;control;2023-09-12 03:15:00+00:00;0.099;;
966771;unknown;control;2023-09-12 03:30:00+00:00;0.086;;
966771;unknown;control;2023-09-12 03:45:00+00:00;0.089;;
966771;unknown;control;2023-09-12 04:00:00+00:00;0.116;;
966771;unknown;control;2023-09-12 04:15:00+00:00;0.09;;
966771;unknown;control;2023-09-12 04:30:00+00:00;0.095;;
966771;unknown;control;2023-09-12 04:45:00+00:00;0.107;;
966771;unknown;control;2023-09-12 05:00:00+00:00;0.088;;
966771;unknown;control;2023-09-12 05:15:00+00:00;0.094;;
966771;unknown;control;2023-09-12 05:30:00+00:00;0.088;;
966771;unknown;control;2023-09-12 05:45:00+00:00;0.095;;
966771;unknown;control;2023-09-12 06:00:00+00:00;0.1;;
966771;unknown;control;2023-09-12 06:15:00+00:00;0.089;;
966771;unknown;control;2023-09-12 06:30:00+00:00;0.093;;
966771;unknown;control;2023-09-12 06:45:00+00:00;0.094;;
966771;unknown;control;2023-09-12 07:00:00+00:00;0.093;;
966771;unknown;control;2023-09-12 07:15:00+00:00;0.096;;
966771;unknown;control;2023-09-12 07:30:00+00:00;0.096;;
966771;unknown;control;2023-09-12 07:45:00+00:00;0.091;;
966771;unknown;control;2023-09-12 08:00:00+00:00;0.1;;
966771;unknown;control;2023-09-12 08:15:00+00:00;0.104;;
966771;unknown;control;2023-09-12 08:30:00+00:00;0.096;;
966771;unknown;control;2023-09-12 08:45:00+00:00;0.102;;
966771;unknown;control;2023-09-12 09:00:00+00:00;0.097;;
966771;unknown;control;2023-09-12 09:15:00+00:00;0.411;;
966771;unknown;control;2023-09-12 09:30:00+00:00;0.22;;
966771;unknown;control;2023-09-12 09:45:00+00:00;0.162;;
966771;unknown;control;2023-09-12 10:00:00+00:00;0.095;;
966771;unknown;control;2023-09-12 10:15:00+00:00;0.098;;
966771;unknown;control;2023-09-12 10:30:00+00:00;0.144;;
966771;unknown;control;2023-09-12 10:45:00+00:00;0.101;;
966771;unknown;control;2023-09-12 11:00:00+00:00;0.107;;
966771;unknown;control;2023-09-12 11:15:00+00:00;0.107;;
966771;unknown;control;2023-09-12 11:30:00+00:00;0.107;;
966771;unknown;control;2023-09-12 11:45:00+00:00;0.103;;
966771;unknown;control;2023-09-12 12:00:00+00:00;0.098;;
966771;unknown;control;2023-09-12 12:15:00+00:00;0.107;;
966771;unknown;control;2023-09-12 12:30:00+00:00;0.097;;
966771;unknown;control;2023-09-12 12:45:00+00:00;0.092;;
966771;unknown;control;2023-09-12 13:00:00+00:00;0.104;;
966771;unknown;control;2023-09-12 13:15:00+00:00;0.231;;
966771;unknown;control;2023-09-12 13:30:00+00:00;0.107;;
966771;unknown;control;2023-09-12 13:45:00+00:00;0.105;;
966771;unknown;control;2023-09-12 14:00:00+00:00;0.095;;
966771;unknown;control;2023-09-12 14:15:00+00:00;0.094;;
966771;unknown;control;2023-09-12 14:30:00+00:00;0.132;;
966771;unknown;control;2023-09-12 14:45:00+00:00;0.528;;
966771;unknown;control;2023-09-12 15:00:00+00:00;0.292;;
966771;unknown;control;2023-09-12 15:15:00+00:00;0.278;;
966771;unknown;control;2023-09-12 15:30:00+00:00;0.27;;
966771;unknown;control;2023-09-12 15:45:00+00:00;0.274;;
966771;unknown;control;2023-09-12 16:00:00+00:00;0.129;;
966771;unknown;control;2023-09-12 16:15:00+00:00;0.134;;
966771;unknown;control;2023-09-12 16:30:00+00:00;0.171;;
966771;unknown;control;2023-09-12 16:45:00+00:00;0.098;;
966771;unknown;control;2023-09-12 17:00:00+00:00;0.097;;
966771;unknown;control;2023-09-12 17:15:00+00:00;0.129;;
966771;unknown;control;2023-09-12 17:30:00+00:00;0.215;;
966771;unknown;control;2023-09-12 17:45:00+00:00;0.247;;
966771;unknown;control;2023-09-12 18:00:00+00:00;0.255;;
966771;unknown;control;2023-09-12 18:15:00+00:00;0.194;;
966771;unknown;control;2023-09-12 18:30:00+00:00;0.159;;
966771;unknown;control;2023-09-12 18:45:00+00:00;0.176;;
966771;unknown;control;2023-09-12 19:00:00+00:00;0.166;;
966771;unknown;control;2023-09-12 19:15:00+00:00;0.153;;
966771;unknown;control;2023-09-12 19:30:00+00:00;0.13;;
966771;unknown;control;2023-09-12 19:45:00+00:00;0.101;;
966771;unknown;control;2023-09-12 20:00:00+00:00;0.1;;
966771;unknown;control;2023-09-12 20:15:00+00:00;0.092;;
966771;unknown;control;2023-09-12 20:30:00+00:00;0.086;;
966771;unknown;control;2023-09-12 20:45:00+00:00;0.098;;
966771;unknown;control;2023-09-12 21:00:00+00:00;0.092;;
966771;unknown;control;2023-09-12 21:15:00+00:00;0.089;;
966771;unknown;control;2023-09-12 21:30:00+00:00;0.097;;
966771;unknown;control;2023-09-12 21:45:00+00:00;0.09;;
966771;unknown;control;2023-09-12 22:00:00+00:00;0.089;;
966771;unknown;control;2023-09-12 22:15:00+00:00;0.093;;
966771;unknown;control;2023-09-12 22:30:00+00:00;0.089;;
966771;unknown;control;2023-09-12 22:45:00+00:00;0.093;;
966771;unknown;control;2023-09-12 23:00:00+00:00;0.092;;
966771;unknown;control;2023-09-12 23:15:00+00:00;0.088;;
966771;unknown;control;2023-09-12 23:30:00+00:00;1.367;;
966771;unknown;control;2023-09-12 23:45:00+00:00;1.3;;
966771;unknown;control;2023-09-13 00:00:00+00:00;1.303;;
966771;unknown;control;2023-09-13 00:15:00+00:00;1.338;;
966771;unknown;control;2023-09-13 00:30:00+00:00;0.246;;
966771;unknown;control;2023-09-13 00:45:00+00:00;0.088;;
966771;unknown;control;2023-09-13 01:00:00+00:00;0.096;;
966771;unknown;control;2023-09-13 01:15:00+00:00;0.093;;
966771;unknown;control;2023-09-13 01:30:00+00:00;0.09;;
966771;unknown;control;2023-09-13 01:45:00+00:00;0.093;;
966771;unknown;control;2023-09-13 02:00:00+00:00;0.089;;
966771;unknown;control;2023-09-13 02:15:00+00:00;0.094;;
966771;unknown;control;2023-09-13 02:30:00+00:00;0.092;;
966771;unknown;control;2023-09-13 02:45:00+00:00;0.085;;
966771;unknown;control;2023-09-13 03:00:00+00:00;0.096;;
966771;unknown;control;2023-09-13 03:15:00+00:00;0.088;;
966771;unknown;control;2023-09-13 03:30:00+00:00;0.082;;
966771;unknown;control;2023-09-13 03:45:00+00:00;0.097;;
966771;unknown;control;2023-09-13 04:00:00+00:00;0.093;;
966771;unknown;control;2023-09-13 04:15:00+00:00;0.084;;
966771;unknown;control;2023-09-13 04:30:00+00:00;0.11;;
966771;unknown;control;2023-09-13 04:45:00+00:00;0.119;;
966771;unknown;control;2023-09-13 05:00:00+00:00;0.099;;
966771;unknown;control;2023-09-13 05:15:00+00:00;0.103;;
966771;unknown;control;2023-09-13 05:30:00+00:00;0.106;;
966771;unknown;control;2023-09-13 05:45:00+00:00;0.119;;
966771;unknown;control;2023-09-13 06:00:00+00:00;0.1;;
966771;unknown;control;2023-09-13 06:15:00+00:00;0.097;;
966771;unknown;control;2023-09-13 06:30:00+00:00;0.1;;
966771;unknown;control;2023-09-13 06:45:00+00:00;0.09;;
966771;unknown;control;2023-09-13 07:00:00+00:00;0.088;;
966771;unknown;control;2023-09-13 07:15:00+00:00;0.099;;
966771;unknown;control;2023-09-13 07:30:00+00:00;0.097;;
966771;unknown;control;2023-09-13 07:45:00+00:00;0.088;;
966771;unknown;control;2023-09-13 08:00:00+00:00;0.34;;
966771;unknown;control;2023-09-13 08:15:00+00:00;0.119;;
966771;unknown;control;2023-09-13 08:30:00+00:00;0.11;;
966771;unknown;control;2023-09-13 08:45:00+00:00;0.418;;
966771;unknown;control;2023-09-13 09:00:00+00:00;0.475;;
966771;unknown;control;2023-09-13 09:15:00+00:00;0.122;;
966771;unknown;control;2023-09-13 09:30:00+00:00;0.108;;
966771;unknown;control;2023-09-13 09:45:00+00:00;0.111;;
966771;unknown;control;2023-09-13 10:00:00+00:00;0.101;;
966771;unknown;control;2023-09-13 10:15:00+00:00;0.103;;
966771;unknown;control;2023-09-13 10:30:00+00:00;0.092;;
966771;unknown;control;2023-09-13 10:45:00+00:00;0.096;;
966771;unknown;control;2023-09-13 11:00:00+00:00;0.105;;
966771;unknown;control;2023-09-13 11:15:00+00:00;0.103;;
966771;unknown;control;2023-09-13 11:30:00+00:00;0.101;;
966771;unknown;control;2023-09-13 11:45:00+00:00;0.094;;
966771;unknown;control;2023-09-13 12:00:00+00:00;0.097;;
966771;unknown;control;2023-09-13 12:15:00+00:00;0.102;;
966771;unknown;control;2023-09-13 12:30:00+00:00;0.098;;
966771;unknown;control;2023-09-13 12:45:00+00:00;0.096;;
966771;unknown;control;2023-09-13 13:00:00+00:00;0.102;;
966771;unknown;control;2023-09-13 13:15:00+00:00;0.109;;
966771;unknown;control;2023-09-13 13:30:00+00:00;0.094;;
966771;unknown;control;2023-09-13 13:45:00+00:00;0.106;;
966771;unknown;control;2023-09-13 14:00:00+00:00;0.098;;
966771;unknown;control;2023-09-13 14:15:00+00:00;0.107;;
966771;unknown;control;2023-09-13 14:30:00+00:00;0.146;;
966771;unknown;control;2023-09-13 14:45:00+00:00;0.144;;
966771;unknown;control;2023-09-13 15:00:00+00:00;0.141;;
966771;unknown;control;2023-09-13 15:15:00+00:00;0.15;;
966771;unknown;control;2023-09-13 15:30:00+00:00;0.135;;
966771;unknown;control;2023-09-13 15:45:00+00:00;0.127;;
966771;unknown;control;2023-09-13 16:00:00+00:00;0.097;;
966771;unknown;control;2023-09-13 16:15:00+00:00;0.08;;
966771;unknown;control;2023-09-13 16:30:00+00:00;0.09;;
966771;unknown;control;2023-09-13 16:45:00+00:00;0.093;;
966771;unknown;control;2023-09-13 17:00:00+00:00;0.08;;
966771;unknown;control;2023-09-13 17:15:00+00:00;0.09;;
966771;unknown;control;2023-09-13 17:30:00+00:00;0.087;;
966771;unknown;control;2023-09-13 17:45:00+00:00;0.082;;
966771;unknown;control;2023-09-13 18:00:00+00:00;0.095;;
966771;unknown;control;2023-09-13 18:15:00+00:00;0.098;;
966771;unknown;control;2023-09-13 18:30:00+00:00;0.303;;
966771;unknown;control;2023-09-13 18:45:00+00:00;0.117;;
966771;unknown;control;2023-09-13 19:00:00+00:00;0.101;;
966771;unknown;control;2023-09-13 19:15:00+00:00;0.104;;
966771;unknown;control;2023-09-13 19:30:00+00:00;0.112;;
966771;unknown;control;2023-09-13 19:45:00+00:00;0.104;;
966771;unknown;control;2023-09-13 20:00:00+00:00;0.103;;
966771;unknown;control;2023-09-13 20:15:00+00:00;0.322;;
966771;unknown;control;2023-09-13 20:30:00+00:00;0.456;;
966771;unknown;control;2023-09-13 20:45:00+00:00;0.111;;
966771;unknown;control;2023-09-13 21:00:00+00:00;0.129;;
966771;unknown;control;2023-09-13 21:15:00+00:00;0.457;;
966771;unknown;control;2023-09-13 21:30:00+00:00;0.107;;
966771;unknown;control;2023-09-13 21:45:00+00:00;0.097;;
966771;unknown;control;2023-09-13 22:00:00+00:00;0.095;;
966771;unknown;control;2023-09-13 22:15:00+00:00;0.105;;
966771;unknown;control;2023-09-13 22:30:00+00:00;0.095;;
966771;unknown;control;2023-09-13 22:45:00+00:00;0.089;;
966771;unknown;control;2023-09-13 23:00:00+00:00;0.101;;
966771;unknown;control;2023-09-13 23:15:00+00:00;0.093;;
966771;unknown;control;2023-09-13 23:30:00+00:00;1.353;;
966771;unknown;control;2023-09-13 23:45:00+00:00;1.322;;
966771;unknown;control;2023-09-14 00:00:00+00:00;1.319;;
966771;unknown;control;2023-09-14 00:15:00+00:00;1.342;;
966771;unknown;control;2023-09-14 00:30:00+00:00;0.222;;
966771;unknown;control;2023-09-14 00:45:00+00:00;0.093;;
966771;unknown;control;2023-09-14 01:00:00+00:00;0.1;;
966771;unknown;control;2023-09-14 01:15:00+00:00;0.106;;
966771;unknown;control;2023-09-14 01:30:00+00:00;0.083;;
966771;unknown;control;2023-09-14 01:45:00+00:00;0.096;;
966771;unknown;control;2023-09-14 02:00:00+00:00;0.1;;
966771;unknown;control;2023-09-14 02:15:00+00:00;0.085;;
966771;unknown;control;2023-09-14 02:30:00+00:00;0.098;;
966771;unknown;control;2023-09-14 02:45:00+00:00;0.099;;
966771;unknown;control;2023-09-14 03:00:00+00:00;0.1;;
966771;unknown;control;2023-09-14 03:15:00+00:00;0.097;;
966771;unknown;control;2023-09-14 03:30:00+00:00;0.096;;
966771;unknown;control;2023-09-14 03:45:00+00:00;0.093;;
966771;unknown;control;2023-09-14 04:00:00+00:00;0.099;;
966771;unknown;control;2023-09-14 04:15:00+00:00;0.089;;
966771;unknown;control;2023-09-14 04:30:00+00:00;0.104;;
966771;unknown;control;2023-09-14 04:45:00+00:00;0.106;;
966771;unknown;control;2023-09-14 05:00:00+00:00;0.283;;
966771;unknown;control;2023-09-14 05:15:00+00:00;0.194;;
966771;unknown;control;2023-09-14 05:30:00+00:00;0.126;;
966771;unknown;control;2023-09-14 05:45:00+00:00;0.09;;
966771;unknown;control;2023-09-14 06:00:00+00:00;0.098;;
966771;unknown;control;2023-09-14 06:15:00+00:00;0.098;;
966771;unknown;control;2023-09-14 06:30:00+00:00;0.142;;
966771;unknown;control;2023-09-14 06:45:00+00:00;0.211;;
966771;unknown;control;2023-09-14 07:00:00+00:00;0.225;;
966771;unknown;control;2023-09-14 07:15:00+00:00;0.219;;
966771;unknown;control;2023-09-14 07:30:00+00:00;0.221;;
966771;unknown;control;2023-09-14 07:45:00+00:00;0.219;;
966771;unknown;control;2023-09-14 08:00:00+00:00;0.215;;
966771;unknown;control;2023-09-14 08:15:00+00:00;0.236;;
966771;unknown;control;2023-09-14 08:30:00+00:00;0.23;;
966771;unknown;control;2023-09-14 08:45:00+00:00;0.218;;
966771;unknown;control;2023-09-14 09:00:00+00:00;0.187;;
966771;unknown;control;2023-09-14 09:15:00+00:00;0.192;;
966771;unknown;control;2023-09-14 09:30:00+00:00;0.099;;
966771;unknown;control;2023-09-14 09:45:00+00:00;0.12;;
966771;unknown;control;2023-09-14 10:00:00+00:00;0.093;;
966771;unknown;control;2023-09-14 10:15:00+00:00;0.091;;
966771;unknown;control;2023-09-14 10:30:00+00:00;0.11;;
966771;unknown;control;2023-09-14 10:45:00+00:00;0.094;;
966771;unknown;control;2023-09-14 11:00:00+00:00;0.09;;
966771;unknown;control;2023-09-14 11:15:00+00:00;0.1;;
966771;unknown;control;2023-09-14 11:30:00+00:00;0.095;;
966771;unknown;control;2023-09-14 11:45:00+00:00;0.102;;
966771;unknown;control;2023-09-14 12:00:00+00:00;0.099;;
966771;unknown;control;2023-09-14 12:15:00+00:00;0.084;;
966771;unknown;control;2023-09-14 12:30:00+00:00;0.089;;
966771;unknown;control;2023-09-14 12:45:00+00:00;0.092;;
966771;unknown;control;2023-09-14 13:00:00+00:00;0.086;;
966771;unknown;control;2023-09-14 13:15:00+00:00;0.097;;
966771;unknown;control;2023-09-14 13:30:00+00:00;0.098;;
966771;unknown;control;2023-09-14 13:45:00+00:00;0.088;;
966771;unknown;control;2023-09-14 14:00:00+00:00;0.099;;
966771;unknown;control;2023-09-14 14:15:00+00:00;0.094;;
966771;unknown;control;2023-09-14 14:30:00+00:00;0.093;;
966771;unknown;control;2023-09-14 14:45:00+00:00;0.102;;
966771;unknown;control;2023-09-14 15:00:00+00:00;0.13;;
966771;unknown;control;2023-09-14 15:15:00+00:00;0.125;;
966771;unknown;control;2023-09-14 15:30:00+00:00;0.127;;
966771;unknown;control;2023-09-14 15:45:00+00:00;0.124;;
966771;unknown;control;2023-09-14 16:00:00+00:00;0.41;;
966771;unknown;control;2023-09-14 16:15:00+00:00;0.312;;
966771;unknown;control;2023-09-14 16:30:00+00:00;0.207;;
966771;unknown;control;2023-09-14 16:45:00+00:00;0.092;;
966771;unknown;control;2023-09-14 17:00:00+00:00;0.124;;
966771;unknown;control;2023-09-14 17:15:00+00:00;0.267;;
966771;unknown;control;2023-09-14 17:30:00+00:00;0.118;;
966771;unknown;control;2023-09-14 17:45:00+00:00;0.183;;
966771;unknown;control;2023-09-14 18:00:00+00:00;0.185;;
966771;unknown;control;2023-09-14 18:15:00+00:00;0.197;;
966771;unknown;control;2023-09-14 18:30:00+00:00;0.159;;
966771;unknown;control;2023-09-14 18:45:00+00:00;0.134;;
966771;unknown;control;2023-09-14 19:00:00+00:00;0.104;;
966771;unknown;control;2023-09-14 19:15:00+00:00;0.111;;
966771;unknown;control;2023-09-14 19:30:00+00:00;0.097;;
966771;unknown;control;2023-09-14 19:45:00+00:00;0.103;;
966771;unknown;control;2023-09-14 20:00:00+00:00;0.095;;
966771;unknown;control;2023-09-14 20:15:00+00:00;0.088;;
966771;unknown;control;2023-09-14 20:30:00+00:00;0.099;;
966771;unknown;control;2023-09-14 20:45:00+00:00;0.088;;
966771;unknown;control;2023-09-14 21:00:00+00:00;0.086;;
966771;unknown;control;2023-09-14 21:15:00+00:00;0.103;;
966771;unknown;control;2023-09-14 21:30:00+00:00;0.091;;
966771;unknown;control;2023-09-14 21:45:00+00:00;0.081;;
966771;unknown;control;2023-09-14 22:00:00+00:00;0.098;;
966771;unknown;control;2023-09-14 22:15:00+00:00;0.093;;
966771;unknown;control;2023-09-14 22:30:00+00:00;0.086;;
966771;unknown;control;2023-09-14 22:45:00+00:00;0.089;;
966771;unknown;control;2023-09-14 23:00:00+00:00;0.089;;
966771;unknown;control;2023-09-14 23:15:00+00:00;0.086;;
966771;unknown;control;2023-09-14 23:30:00+00:00;1.35;;
966771;unknown;control;2023-09-14 23:45:00+00:00;1.298;;
966771;unknown;control;2023-09-15 00:00:00+00:00;1.308;;
966771;unknown;control;2023-09-15 00:15:00+00:00;1.33;;
966771;unknown;control;2023-09-15 00:30:00+00:00;1.328;;
966771;unknown;control;2023-09-15 00:45:00+00:00;0.132;;
966771;unknown;control;2023-09-15 01:00:00+00:00;0.094;;
966771;unknown;control;2023-09-15 01:15:00+00:00;0.093;;
966771;unknown;control;2023-09-15 01:30:00+00:00;0.093;;
966771;unknown;control;2023-09-15 01:45:00+00:00;0.112;;
966771;unknown;control;2023-09-15 02:00:00+00:00;0.151;;
966771;unknown;control;2023-09-15 02:15:00+00:00;0.108;;
966771;unknown;control;2023-09-15 02:30:00+00:00;0.103;;
966771;unknown;control;2023-09-15 02:45:00+00:00;0.098;;
966771;unknown;control;2023-09-15 03:00:00+00:00;0.121;;
966771;unknown;control;2023-09-15 03:15:00+00:00;0.09;;
966771;unknown;control;2023-09-15 03:30:00+00:00;0.088;;
966771;unknown;control;2023-09-15 03:45:00+00:00;0.09;;
966771;unknown;control;2023-09-15 04:00:00+00:00;0.088;;
966771;unknown;control;2023-09-15 04:15:00+00:00;0.091;;
966771;unknown;control;2023-09-15 04:30:00+00:00;0.093;;
966771;unknown;control;2023-09-15 04:45:00+00:00;0.097;;
966771;unknown;control;2023-09-15 05:00:00+00:00;0.093;;
966771;unknown;control;2023-09-15 05:15:00+00:00;0.103;;
966771;unknown;control;2023-09-15 05:30:00+00:00;0.099;;
966771;unknown;control;2023-09-15 05:45:00+00:00;0.093;;
966771;unknown;control;2023-09-15 06:00:00+00:00;0.104;;
966771;unknown;control;2023-09-15 06:15:00+00:00;0.091;;
966771;unknown;control;2023-09-15 06:30:00+00:00;0.105;;
966771;unknown;control;2023-09-15 06:45:00+00:00;0.104;;
966771;unknown;control;2023-09-15 07:00:00+00:00;0.093;;
966771;unknown;control;2023-09-15 07:15:00+00:00;0.096;;
966771;unknown;control;2023-09-15 07:30:00+00:00;0.095;;
966771;unknown;control;2023-09-15 07:45:00+00:00;0.092;;
966771;unknown;control;2023-09-15 08:00:00+00:00;0.101;;
966771;unknown;control;2023-09-15 08:15:00+00:00;0.104;;
966771;unknown;control;2023-09-15 08:30:00+00:00;0.114;;
966771;unknown;control;2023-09-15 08:45:00+00:00;0.102;;
966771;unknown;control;2023-09-15 09:00:00+00:00;0.102;;
966771;unknown;control;2023-09-15 09:15:00+00:00;0.101;;
966771;unknown;control;2023-09-15 09:30:00+00:00;0.101;;
966771;unknown;control;2023-09-15 09:45:00+00:00;0.111;;
966771;unknown;control;2023-09-15 10:00:00+00:00;0.087;;
966771;unknown;control;2023-09-15 10:15:00+00:00;0.101;;
966771;unknown;control;2023-09-15 10:30:00+00:00;0.094;;
966771;unknown;control;2023-09-15 10:45:00+00:00;0.092;;
966771;unknown;control;2023-09-15 11:00:00+00:00;0.218;;
966771;unknown;control;2023-09-15 11:15:00+00:00;0.396;;
966771;unknown;control;2023-09-15 11:30:00+00:00;0.237;;
966771;unknown;control;2023-09-15 11:45:00+00:00;0.205;;
966771;unknown;control;2023-09-15 12:00:00+00:00;0.11;;
966771;unknown;control;2023-09-15 12:15:00+00:00;0.1;;
966771;unknown;control;2023-09-15 12:30:00+00:00;0.105;;
966771;unknown;control;2023-09-15 12:45:00+00:00;0.089;;
966771;unknown;control;2023-09-15 13:00:00+00:00;0.093;;
966771;unknown;control;2023-09-15 13:15:00+00:00;0.095;;
966771;unknown;control;2023-09-15 13:30:00+00:00;0.084;;
966771;unknown;control;2023-09-15 13:45:00+00:00;0.091;;
966771;unknown;control;2023-09-15 14:00:00+00:00;0.096;;
966771;unknown;control;2023-09-15 14:15:00+00:00;0.092;;
966771;unknown;control;2023-09-15 14:30:00+00:00;0.096;;
966771;unknown;control;2023-09-15 14:45:00+00:00;0.088;;
966771;unknown;control;2023-09-15 15:00:00+00:00;0.092;;
966771;unknown;control;2023-09-15 15:15:00+00:00;0.1;;
966771;unknown;control;2023-09-15 15:30:00+00:00;0.089;;
966771;unknown;control;2023-09-15 15:45:00+00:00;0.095;;
966771;unknown;control;2023-09-15 16:00:00+00:00;0.099;;
966771;unknown;control;2023-09-15 16:15:00+00:00;0.087;;
966771;unknown;control;2023-09-15 16:30:00+00:00;0.098;;
966771;unknown;control;2023-09-15 16:45:00+00:00;0.098;;
966771;unknown;control;2023-09-15 17:00:00+00:00;0.086;;
966771;unknown;control;2023-09-15 17:15:00+00:00;0.1;;
966771;unknown;control;2023-09-15 17:30:00+00:00;0.103;;
966771;unknown;control;2023-09-15 17:45:00+00:00;0.099;;
966771;unknown;control;2023-09-15 18:00:00+00:00;0.112;;
966771;unknown;control;2023-09-15 18:15:00+00:00;0.102;;
966771;unknown;control;2023-09-15 18:30:00+00:00;0.099;;
966771;unknown;control;2023-09-15 18:45:00+00:00;0.116;;
966771;unknown;control;2023-09-15 19:00:00+00:00;0.103;;
966771;unknown;control;2023-09-15 19:15:00+00:00;0.105;;
966771;unknown;control;2023-09-15 19:30:00+00:00;0.107;;
966771;unknown;control;2023-09-15 19:45:00+00:00;0.096;;
966771;unknown;control;2023-09-15 20:00:00+00:00;0.091;;
966771;unknown;control;2023-09-15 20:15:00+00:00;0.095;;
966771;unknown;control;2023-09-15 20:30:00+00:00;0.083;;
966771;unknown;control;2023-09-15 20:45:00+00:00;0.093;;
966771;unknown;control;2023-09-15 21:00:00+00:00;0.094;;
966771;unknown;control;2023-09-15 21:15:00+00:00;0.083;;
966771;unknown;control;2023-09-15 21:30:00+00:00;0.095;;
966771;unknown;control;2023-09-15 21:45:00+00:00;0.093;;
966771;unknown;control;2023-09-15 22:00:00+00:00;0.086;;
966771;unknown;control;2023-09-15 22:15:00+00:00;0.095;;
966771;unknown;control;2023-09-15 22:30:00+00:00;0.087;;
966771;unknown;control;2023-09-15 22:45:00+00:00;0.081;;
966771;unknown;control;2023-09-15 23:00:00+00:00;0.111;;
966771;unknown;control;2023-09-15 23:15:00+00:00;0.095;;
966771;unknown;control;2023-09-15 23:30:00+00:00;1.352;;
966771;unknown;control;2023-09-15 23:45:00+00:00;1.308;;
966771;unknown;control;2023-09-16 00:00:00+00:00;1.304;;
966771;unknown;control;2023-09-16 00:15:00+00:00;1.332;;
966771;unknown;control;2023-09-16 00:30:00+00:00;0.431;;
966771;unknown;control;2023-09-16 00:45:00+00:00;0.082;;
966771;unknown;control;2023-09-16 01:00:00+00:00;0.09;;
966771;unknown;control;2023-09-16 01:15:00+00:00;0.093;;
966771;unknown;control;2023-09-16 01:30:00+00:00;0.081;;
966771;unknown;control;2023-09-16 01:45:00+00:00;0.091;;
966771;unknown;control;2023-09-16 02:00:00+00:00;0.09;;
966771;unknown;control;2023-09-16 02:15:00+00:00;0.082;;
966771;unknown;control;2023-09-16 02:30:00+00:00;0.093;;
966771;unknown;control;2023-09-16 02:45:00+00:00;0.087;;
966771;unknown;control;2023-09-16 03:00:00+00:00;0.081;;
966771;unknown;control;2023-09-16 03:15:00+00:00;0.098;;
966771;unknown;control;2023-09-16 03:30:00+00:00;0.089;;
966771;unknown;control;2023-09-16 03:45:00+00:00;0.087;;
966771;unknown;control;2023-09-16 04:00:00+00:00;0.097;;
966771;unknown;control;2023-09-16 04:15:00+00:00;0.087;;
966771;unknown;control;2023-09-16 04:30:00+00:00;0.089;;
966771;unknown;control;2023-09-16 04:45:00+00:00;0.097;;
966771;unknown;control;2023-09-16 05:00:00+00:00;0.103;;
966771;unknown;control;2023-09-16 05:15:00+00:00;0.09;;
966771;unknown;control;2023-09-16 05:30:00+00:00;0.095;;
966771;unknown;control;2023-09-16 05:45:00+00:00;0.084;;
966771;unknown;control;2023-09-16 06:00:00+00:00;0.1;;
966771;unknown;control;2023-09-16 06:15:00+00:00;0.14;;
966771;unknown;control;2023-09-16 06:30:00+00:00;0.091;;
966771;unknown;control;2023-09-16 06:45:00+00:00;0.101;;
966771;unknown;control;2023-09-16 07:00:00+00:00;0.11;;
966771;unknown;control;2023-09-16 07:15:00+00:00;0.09;;
966771;unknown;control;2023-09-16 07:30:00+00:00;0.119;;
966771;unknown;control;2023-09-16 07:45:00+00:00;0.098;;
966771;unknown;control;2023-09-16 08:00:00+00:00;0.099;;
966771;unknown;control;2023-09-16 08:15:00+00:00;0.162;;
966771;unknown;control;2023-09-16 08:30:00+00:00;0.125;;
966771;unknown;control;2023-09-16 08:45:00+00:00;0.109;;
966771;unknown;control;2023-09-16 09:00:00+00:00;0.131;;
966771;unknown;control;2023-09-16 09:15:00+00:00;0.125;;
966771;unknown;control;2023-09-16 09:30:00+00:00;0.128;;
966771;unknown;control;2023-09-16 09:45:00+00:00;0.131;;
966771;unknown;control;2023-09-16 10:00:00+00:00;0.125;;
966771;unknown;control;2023-09-16 10:15:00+00:00;0.437;;
966771;unknown;control;2023-09-16 10:30:00+00:00;0.485;;
966771;unknown;control;2023-09-16 10:45:00+00:00;0.208;;
966771;unknown;control;2023-09-16 11:00:00+00:00;0.254;;
966771;unknown;control;2023-09-16 11:15:00+00:00;0.139;;
966771;unknown;control;2023-09-16 11:30:00+00:00;0.1;;
966771;unknown;control;2023-09-16 11:45:00+00:00;0.101;;
966771;unknown;control;2023-09-16 12:00:00+00:00;0.103;;
966771;unknown;control;2023-09-16 12:15:00+00:00;0.091;;
966771;unknown;control;2023-09-16 12:30:00+00:00;0.106;;
966771;unknown;control;2023-09-16 12:45:00+00:00;0.093;;
966771;unknown;control;2023-09-16 13:00:00+00:00;0.093;;
966771;unknown;control;2023-09-16 13:15:00+00:00;0.114;;
966771;unknown;control;2023-09-16 13:30:00+00:00;0.089;;
966771;unknown;control;2023-09-16 13:45:00+00:00;0.096;;
966771;unknown;control;2023-09-16 14:00:00+00:00;0.097;;
966771;unknown;control;2023-09-16 14:15:00+00:00;0.089;;
966771;unknown;control;2023-09-16 14:30:00+00:00;0.09;;
966771;unknown;control;2023-09-16 14:45:00+00:00;0.102;;
966771;unknown;control;2023-09-16 15:00:00+00:00;0.093;;
966771;unknown;control;2023-09-16 15:15:00+00:00;0.095;;
966771;unknown;control;2023-09-16 15:30:00+00:00;0.091;;
966771;unknown;control;2023-09-16 15:45:00+00:00;0.088;;
966771;unknown;control;2023-09-16 16:00:00+00:00;0.111;;
966771;unknown;control;2023-09-16 16:15:00+00:00;0.102;;
966771;unknown;control;2023-09-16 16:30:00+00:00;0.119;;
966771;unknown;control;2023-09-16 16:45:00+00:00;0.125;;
966771;unknown;control;2023-09-16 17:00:00+00:00;0.127;;
966771;unknown;control;2023-09-16 17:15:00+00:00;0.189;;
966771;unknown;control;2023-09-16 17:30:00+00:00;0.315;;
966771;unknown;control;2023-09-16 17:45:00+00:00;0.245;;
966771;unknown;control;2023-09-16 18:00:00+00:00;0.498;;
966771;unknown;control;2023-09-16 18:15:00+00:00;0.159;;
966771;unknown;control;2023-09-16 18:30:00+00:00;0.151;;
966771;unknown;control;2023-09-16 18:45:00+00:00;0.336;;
966771;unknown;control;2023-09-16 19:00:00+00:00;0.531;;
966771;unknown;control;2023-09-16 19:15:00+00:00;0.164;;
966771;unknown;control;2023-09-16 19:30:00+00:00;0.165;;
966771;unknown;control;2023-09-16 19:45:00+00:00;0.448;;
966771;unknown;control;2023-09-16 20:00:00+00:00;0.1;;
966771;unknown;control;2023-09-16 20:15:00+00:00;0.089;;
966771;unknown;control;2023-09-16 20:30:00+00:00;0.099;;
966771;unknown;control;2023-09-16 20:45:00+00:00;0.094;;
966771;unknown;control;2023-09-16 21:00:00+00:00;0.085;;
966771;unknown;control;2023-09-16 21:15:00+00:00;0.096;;
966771;unknown;control;2023-09-16 21:30:00+00:00;0.093;;
966771;unknown;control;2023-09-16 21:45:00+00:00;0.092;;
966771;unknown;control;2023-09-16 22:00:00+00:00;0.094;;
966771;unknown;control;2023-09-16 22:15:00+00:00;0.09;;
966771;unknown;control;2023-09-16 22:30:00+00:00;0.093;;
966771;unknown;control;2023-09-16 22:45:00+00:00;0.09;;
966771;unknown;control;2023-09-16 23:00:00+00:00;0.101;;
966771;unknown;control;2023-09-16 23:15:00+00:00;0.092;;
966771;unknown;control;2023-09-16 23:30:00+00:00;1.348;;
966771;unknown;control;2023-09-16 23:45:00+00:00;1.311;;
966771;unknown;control;2023-09-17 00:00:00+00:00;1.326;;
966771;unknown;control;2023-09-17 00:15:00+00:00;1.324;;
966771;unknown;control;2023-09-17 00:30:00+00:00;1.346;;
966771;unknown;control;2023-09-17 00:45:00+00:00;1.173;;
966771;unknown;control;2023-09-17 01:00:00+00:00;0.082;;
966771;unknown;control;2023-09-17 01:15:00+00:00;0.095;;
966771;unknown;control;2023-09-17 01:30:00+00:00;0.084;;
966771;unknown;control;2023-09-17 01:45:00+00:00;0.087;;
966771;unknown;control;2023-09-17 02:00:00+00:00;0.094;;
966771;unknown;control;2023-09-17 02:15:00+00:00;0.081;;
966771;unknown;control;2023-09-17 02:30:00+00:00;0.089;;
966771;unknown;control;2023-09-17 02:45:00+00:00;0.093;;
966771;unknown;control;2023-09-17 03:00:00+00:00;0.081;;
966771;unknown;control;2023-09-17 03:15:00+00:00;0.093;;
966771;unknown;control;2023-09-17 03:30:00+00:00;0.091;;
966771;unknown;control;2023-09-17 03:45:00+00:00;0.082;;
966771;unknown;control;2023-09-17 04:00:00+00:00;0.094;;
966771;unknown;control;2023-09-17 04:15:00+00:00;0.084;;
966771;unknown;control;2023-09-17 04:30:00+00:00;0.087;;
966771;unknown;control;2023-09-17 04:45:00+00:00;0.098;;
966771;unknown;control;2023-09-17 05:00:00+00:00;0.087;;
966771;unknown;control;2023-09-17 05:15:00+00:00;0.091;;
966771;unknown;control;2023-09-17 05:30:00+00:00;0.097;;
966771;unknown;control;2023-09-17 05:45:00+00:00;0.085;;
966771;unknown;control;2023-09-17 06:00:00+00:00;0.094;;
966771;unknown;control;2023-09-17 06:15:00+00:00;0.096;;
966771;unknown;control;2023-09-17 06:30:00+00:00;0.148;;
966771;unknown;control;2023-09-17 06:45:00+00:00;0.415;;
966771;unknown;control;2023-09-17 07:00:00+00:00;0.374;;
966771;unknown;control;2023-09-17 07:15:00+00:00;0.364;;
966771;unknown;control;2023-09-17 07:30:00+00:00;0.157;;
966771;unknown;control;2023-09-17 07:45:00+00:00;0.152;;
966771;unknown;control;2023-09-17 08:00:00+00:00;0.181;;
966771;unknown;control;2023-09-17 08:15:00+00:00;0.146;;
966771;unknown;control;2023-09-17 08:30:00+00:00;0.097;;
966771;unknown;control;2023-09-17 08:45:00+00:00;0.096;;
966771;unknown;control;2023-09-17 09:00:00+00:00;0.102;;
966771;unknown;control;2023-09-17 09:15:00+00:00;0.093;;
966771;unknown;control;2023-09-17 09:30:00+00:00;0.094;;
966771;unknown;control;2023-09-17 09:45:00+00:00;0.102;;
966771;unknown;control;2023-09-17 10:00:00+00:00;0.093;;
966771;unknown;control;2023-09-17 10:15:00+00:00;0.099;;
966771;unknown;control;2023-09-17 10:30:00+00:00;0.097;;
966771;unknown;control;2023-09-17 10:45:00+00:00;0.093;;
966771;unknown;control;2023-09-17 11:00:00+00:00;0.102;;
966771;unknown;control;2023-09-17 11:15:00+00:00;0.096;;
966771;unknown;control;2023-09-17 11:30:00+00:00;0.089;;
966771;unknown;control;2023-09-17 11:45:00+00:00;0.103;;
966771;unknown;control;2023-09-17 12:00:00+00:00;0.098;;
966771;unknown;control;2023-09-17 12:15:00+00:00;0.089;;
966771;unknown;control;2023-09-17 12:30:00+00:00;0.1;;
966771;unknown;control;2023-09-17 12:45:00+00:00;0.125;;
966771;unknown;control;2023-09-17 13:00:00+00:00;0.099;;
966771;unknown;control;2023-09-17 13:15:00+00:00;0.104;;
966771;unknown;control;2023-09-17 13:30:00+00:00;0.093;;
966771;unknown;control;2023-09-17 13:45:00+00:00;0.099;;
966771;unknown;control;2023-09-17 14:00:00+00:00;0.099;;
966771;unknown;control;2023-09-17 14:15:00+00:00;0.127;;
966771;unknown;control;2023-09-17 14:30:00+00:00;0.104;;
966771;unknown;control;2023-09-17 14:45:00+00:00;0.312;;
966771;unknown;control;2023-09-17 15:00:00+00:00;0.129;;
966771;unknown;control;2023-09-17 15:15:00+00:00;0.36;;
966771;unknown;control;2023-09-17 15:30:00+00:00;0.617;;
966771;unknown;control;2023-09-17 15:45:00+00:00;0.269;;
966771;unknown;control;2023-09-17 16:00:00+00:00;0.197;;
966771;unknown;control;2023-09-17 16:15:00+00:00;0.106;;
966771;unknown;control;2023-09-17 16:30:00+00:00;0.097;;
966771;unknown;control;2023-09-17 16:45:00+00:00;0.1;;
966771;unknown;control;2023-09-17 17:00:00+00:00;0.112;;
966771;unknown;control;2023-09-17 17:15:00+00:00;0.091;;
966771;unknown;control;2023-09-17 17:30:00+00:00;0.106;;
966771;unknown;control;2023-09-17 17:45:00+00:00;0.151;;
966771;unknown;control;2023-09-17 18:00:00+00:00;0.146;;
966771;unknown;control;2023-09-17 18:15:00+00:00;0.136;;
966771;unknown;control;2023-09-17 18:30:00+00:00;0.112;;
966771;unknown;control;2023-09-17 18:45:00+00:00;0.112;;
966771;unknown;control;2023-09-17 19:00:00+00:00;0.129;;
966771;unknown;control;2023-09-17 19:15:00+00:00;0.252;;
966771;unknown;control;2023-09-17 19:30:00+00:00;0.555;;
966771;unknown;control;2023-09-17 19:45:00+00:00;0.141;;
966771;unknown;control;2023-09-17 20:00:00+00:00;0.109;;
966771;unknown;control;2023-09-17 20:15:00+00:00;0.346;;
966771;unknown;control;2023-09-17 20:30:00+00:00;0.28;;
966771;unknown;control;2023-09-17 20:45:00+00:00;0.089;;
966771;unknown;control;2023-09-17 21:00:00+00:00;0.094;;
966771;unknown;control;2023-09-17 21:15:00+00:00;0.098;;
966771;unknown;control;2023-09-17 21:30:00+00:00;0.09;;
966771;unknown;control;2023-09-17 21:45:00+00:00;0.095;;
966771;unknown;control;2023-09-17 22:00:00+00:00;0.098;;
966771;unknown;control;2023-09-17 22:15:00+00:00;0.086;;
966771;unknown;control;2023-09-17 22:30:00+00:00;0.094;;
966771;unknown;control;2023-09-17 22:45:00+00:00;0.098;;
966771;unknown;control;2023-09-17 23:00:00+00:00;0.09;;
966771;unknown;control;2023-09-17 23:15:00+00:00;0.094;;
966771;unknown;control;2023-09-17 23:30:00+00:00;1.348;;
966771;unknown;control;2023-09-17 23:45:00+00:00;1.292;;
966771;unknown;control;2023-09-18 00:00:00+00:00;1.318;;
966771;unknown;control;2023-09-18 00:15:00+00:00;1.324;;
966771;unknown;control;2023-09-18 00:30:00+00:00;1.339;;
966771;unknown;control;2023-09-18 00:45:00+00:00;0.267;;
966771;unknown;control;2023-09-18 01:00:00+00:00;0.106;;
966771;unknown;control;2023-09-18 01:15:00+00:00;0.086;;
966771;unknown;control;2023-09-18 01:30:00+00:00;0.096;;
966771;unknown;control;2023-09-18 01:45:00+00:00;0.088;;
966771;unknown;control;2023-09-18 02:00:00+00:00;0.092;;
966771;unknown;control;2023-09-18 02:15:00+00:00;0.098;;
966771;unknown;control;2023-09-18 02:30:00+00:00;0.094;;
966771;unknown;control;2023-09-18 02:45:00+00:00;0.094;;
966771;unknown;control;2023-09-18 03:00:00+00:00;0.095;;
966771;unknown;control;2023-09-18 03:15:00+00:00;0.088;;
966771;unknown;control;2023-09-18 03:30:00+00:00;0.095;;
966771;unknown;control;2023-09-18 03:45:00+00:00;0.096;;
966771;unknown;control;2023-09-18 04:00:00+00:00;0.085;;
966771;unknown;control;2023-09-18 04:15:00+00:00;0.099;;
966771;unknown;control;2023-09-18 04:30:00+00:00;0.111;;
966771;unknown;control;2023-09-18 04:45:00+00:00;0.089;;
966771;unknown;control;2023-09-18 05:00:00+00:00;0.119;;
966771;unknown;control;2023-09-18 05:15:00+00:00;0.563;;
966771;unknown;control;2023-09-18 05:30:00+00:00;0.505;;
966771;unknown;control;2023-09-18 05:45:00+00:00;0.169;;
966771;unknown;control;2023-09-18 06:00:00+00:00;0.247;;
966771;unknown;control;2023-09-18 06:15:00+00:00;0.256;;
966771;unknown;control;2023-09-18 06:30:00+00:00;0.811;;
966771;unknown;control;2023-09-18 06:45:00+00:00;0.425;;
966771;unknown;control;2023-09-18 07:00:00+00:00;0.37;;
966771;unknown;control;2023-09-18 07:15:00+00:00;0.338;;
966771;unknown;control;2023-09-18 07:30:00+00:00;0.694;;
966771;unknown;control;2023-09-18 07:45:00+00:00;0.886;;
966771;unknown;control;2023-09-18 08:00:00+00:00;0.459;;
966771;unknown;control;2023-09-18 08:15:00+00:00;0.417;;
966771;unknown;control;2023-09-18 08:30:00+00:00;0.331;;
966771;unknown;control;2023-09-18 08:45:00+00:00;0.23;;
966771;unknown;control;2023-09-18 09:00:00+00:00;0.105;;
966771;unknown;control;2023-09-18 09:15:00+00:00;0.262;;
966771;unknown;control;2023-09-18 09:30:00+00:00;0.227;;
966771;unknown;control;2023-09-18 09:45:00+00:00;0.102;;
966771;unknown;control;2023-09-18 10:00:00+00:00;0.11;;
966771;unknown;control;2023-09-18 10:15:00+00:00;0.099;;
966771;unknown;control;2023-09-18 10:30:00+00:00;0.089;;
966771;unknown;control;2023-09-18 10:45:00+00:00;0.108;;
966771;unknown;control;2023-09-18 11:00:00+00:00;0.465;;
966771;unknown;control;2023-09-18 11:15:00+00:00;0.958;;
966771;unknown;control;2023-09-18 11:30:00+00:00;0.261;;
966771;unknown;control;2023-09-18 11:45:00+00:00;0.266;;
966771;unknown;control;2023-09-18 12:00:00+00:00;0.261;;
966771;unknown;control;2023-09-18 12:15:00+00:00;0.302;;
966771;unknown;control;2023-09-18 12:30:00+00:00;0.359;;
966771;unknown;control;2023-09-18 12:45:00+00:00;0.393;;
966771;unknown;control;2023-09-18 13:00:00+00:00;0.419;;
966771;unknown;control;2023-09-18 13:15:00+00:00;0.386;;
966771;unknown;control;2023-09-18 13:30:00+00:00;0.412;;
966771;unknown;control;2023-09-18 13:45:00+00:00;0.262;;
966771;unknown;control;2023-09-18 14:00:00+00:00;0.219;;
966771;unknown;control;2023-09-18 14:15:00+00:00;0.224;;
966771;unknown;control;2023-09-18 14:30:00+00:00;0.264;;
966771;unknown;control;2023-09-18 14:45:00+00:00;0.363;;
966771;unknown;control;2023-09-18 15:00:00+00:00;0.407;;
966771;unknown;control;2023-09-18 15:15:00+00:00;0.31;;
966771;unknown;control;2023-09-18 15:30:00+00:00;0.266;;
966771;unknown;control;2023-09-18 15:45:00+00:00;0.24;;
966771;unknown;control;2023-09-18 16:00:00+00:00;0.148;;
966771;unknown;control;2023-09-18 16:15:00+00:00;0.081;;
966771;unknown;control;2023-09-18 16:30:00+00:00;0.089;;
966771;unknown;control;2023-09-18 16:45:00+00:00;0.087;;
966771;unknown;control;2023-09-18 17:00:00+00:00;0.091;;
966771;unknown;control;2023-09-18 17:15:00+00:00;0.087;;
966771;unknown;control;2023-09-18 17:30:00+00:00;0.087;;
966771;unknown;control;2023-09-18 17:45:00+00:00;0.104;;
966771;unknown;control;2023-09-18 18:00:00+00:00;0.104;;
966771;unknown;control;2023-09-18 18:15:00+00:00;0.121;;
966771;unknown;control;2023-09-18 18:30:00+00:00;0.144;;
966771;unknown;control;2023-09-18 18:45:00+00:00;0.136;;
966771;unknown;control;2023-09-18 19:00:00+00:00;0.135;;
966771;unknown;control;2023-09-18 19:15:00+00:00;0.141;;
966771;unknown;control;2023-09-18 19:30:00+00:00;0.134;;
966771;unknown;control;2023-09-18 19:45:00+00:00;0.138;;
966771;unknown;control;2023-09-18 20:00:00+00:00;0.163;;
966771;unknown;control;2023-09-18 20:15:00+00:00;0.084;;
966771;unknown;control;2023-09-18 20:30:00+00:00;0.091;;
966771;unknown;control;2023-09-18 20:45:00+00:00;0.093;;
966771;unknown;control;2023-09-18 21:00:00+00:00;0.088;;
966771;unknown;control;2023-09-18 21:15:00+00:00;0.098;;
966771;unknown;control;2023-09-18 21:30:00+00:00;0.094;;
966771;unknown;control;2023-09-18 21:45:00+00:00;0.088;;
966771;unknown;control;2023-09-18 22:00:00+00:00;0.103;;
966771;unknown;control;2023-09-18 22:15:00+00:00;0.086;;
966771;unknown;control;2023-09-18 22:30:00+00:00;0.086;;
966771;unknown;control;2023-09-18 22:45:00+00:00;0.093;;
966771;unknown;control;2023-09-18 23:00:00+00:00;0.086;;
966771;unknown;control;2023-09-18 23:15:00+00:00;0.088;;
966771;unknown;control;2023-09-18 23:30:00+00:00;1.369;;
966771;unknown;control;2023-09-18 23:45:00+00:00;1.302;;
966771;unknown;control;2023-09-19 00:00:00+00:00;1.311;;
966771;unknown;control;2023-09-19 00:15:00+00:00;1.036;;
966771;unknown;control;2023-09-19 00:30:00+00:00;0.089;;
966771;unknown;control;2023-09-19 00:45:00+00:00;0.097;;
966771;unknown;control;2023-09-19 01:00:00+00:00;0.095;;
966771;unknown;control;2023-09-19 01:15:00+00:00;0.091;;
966771;unknown;control;2023-09-19 01:30:00+00:00;0.098;;
966771;unknown;control;2023-09-19 01:45:00+00:00;0.088;;
966771;unknown;control;2023-09-19 02:00:00+00:00;0.086;;
966771;unknown;control;2023-09-19 02:15:00+00:00;0.096;;
966771;unknown;control;2023-09-19 02:30:00+00:00;0.09;;
966771;unknown;control;2023-09-19 02:45:00+00:00;0.092;;
966771;unknown;control;2023-09-19 03:00:00+00:00;0.097;;
966771;unknown;control;2023-09-19 03:15:00+00:00;0.086;;
966771;unknown;control;2023-09-19 03:30:00+00:00;0.091;;
966771;unknown;control;2023-09-19 03:45:00+00:00;0.089;;
966771;unknown;control;2023-09-19 04:00:00+00:00;0.083;;
966771;unknown;control;2023-09-19 04:15:00+00:00;0.097;;
966771;unknown;control;2023-09-19 04:30:00+00:00;0.111;;
966771;unknown;control;2023-09-19 04:45:00+00:00;0.129;;
966771;unknown;control;2023-09-19 05:00:00+00:00;0.14;;
966771;unknown;control;2023-09-19 05:15:00+00:00;0.14;;
966771;unknown;control;2023-09-19 05:30:00+00:00;0.121;;
966771;unknown;control;2023-09-19 05:45:00+00:00;0.116;;
966771;unknown;control;2023-09-19 06:00:00+00:00;0.112;;
966771;unknown;control;2023-09-19 06:15:00+00:00;0.374;;
966771;unknown;control;2023-09-19 06:30:00+00:00;0.105;;
966771;unknown;control;2023-09-19 06:45:00+00:00;0.097;;
966771;unknown;control;2023-09-19 07:00:00+00:00;0.121;;
966771;unknown;control;2023-09-19 07:15:00+00:00;0.117;;
966771;unknown;control;2023-09-19 07:30:00+00:00;0.109;;
966771;unknown;control;2023-09-19 07:45:00+00:00;0.121;;
966771;unknown;control;2023-09-19 08:00:00+00:00;0.141;;
966771;unknown;control;2023-09-19 08:15:00+00:00;0.095;;
966771;unknown;control;2023-09-19 08:30:00+00:00;0.108;;
966771;unknown;control;2023-09-19 08:45:00+00:00;0.094;;
966771;unknown;control;2023-09-19 09:00:00+00:00;0.092;;
966771;unknown;control;2023-09-19 09:15:00+00:00;0.1;;
966771;unknown;control;2023-09-19 09:30:00+00:00;0.096;;
966771;unknown;control;2023-09-19 09:45:00+00:00;0.102;;
966771;unknown;control;2023-09-19 10:00:00+00:00;0.37;;
966771;unknown;control;2023-09-19 10:15:00+00:00;0.479;;
966771;unknown;control;2023-09-19 10:30:00+00:00;0.4;;
966771;unknown;control;2023-09-19 10:45:00+00:00;0.295;;
966771;unknown;control;2023-09-19 11:00:00+00:00;0.289;;
966771;unknown;control;2023-09-19 11:15:00+00:00;0.467;;
966771;unknown;control;2023-09-19 11:30:00+00:00;0.177;;
966771;unknown;control;2023-09-19 11:45:00+00:00;0.119;;
966771;unknown;control;2023-09-19 12:00:00+00:00;0.135;;
966771;unknown;control;2023-09-19 12:15:00+00:00;0.122;;
966771;unknown;control;2023-09-19 12:30:00+00:00;0.105;;
966771;unknown;control;2023-09-19 12:45:00+00:00;0.112;;
966771;unknown;control;2023-09-19 13:00:00+00:00;0.192;;
966771;unknown;control;2023-09-19 13:15:00+00:00;0.231;;
966771;unknown;control;2023-09-19 13:30:00+00:00;0.119;;
966771;unknown;control;2023-09-19 13:45:00+00:00;0.109;;
966771;unknown;control;2023-09-19 14:00:00+00:00;0.114;;
966771;unknown;control;2023-09-19 14:15:00+00:00;0.105;;
966771;unknown;control;2023-09-19 14:30:00+00:00;0.11;;
966771;unknown;control;2023-09-19 14:45:00+00:00;0.11;;
966771;unknown;control;2023-09-19 15:00:00+00:00;0.102;;
966771;unknown;control;2023-09-19 15:15:00+00:00;0.114;;
966771;unknown;control;2023-09-19 15:30:00+00:00;0.188;;
966771;unknown;control;2023-09-19 15:45:00+00:00;0.094;;
966771;unknown;control;2023-09-19 16:00:00+00:00;0.103;;
966771;unknown;control;2023-09-19 16:15:00+00:00;0.395;;
966771;unknown;control;2023-09-19 16:30:00+00:00;0.176;;
966771;unknown;control;2023-09-19 16:45:00+00:00;0.111;;
966771;unknown;control;2023-09-19 17:00:00+00:00;0.105;;
966771;unknown;control;2023-09-19 17:15:00+00:00;0.095;;
966771;unknown;control;2023-09-19 17:30:00+00:00;0.111;;
966771;unknown;control;2023-09-19 17:45:00+00:00;0.118;;
966771;unknown;control;2023-09-19 18:00:00+00:00;0.131;;
966771;unknown;control;2023-09-19 18:15:00+00:00;0.137;;
966771;unknown;control;2023-09-19 18:30:00+00:00;0.164;;
966771;unknown;control;2023-09-19 18:45:00+00:00;0.145;;
966771;unknown;control;2023-09-19 19:00:00+00:00;0.14;;
966771;unknown;control;2023-09-19 19:15:00+00:00;0.137;;
966771;unknown;control;2023-09-19 19:30:00+00:00;0.136;;
966771;unknown;control;2023-09-19 19:45:00+00:00;0.155;;
966771;unknown;control;2023-09-19 20:00:00+00:00;0.13;;
966771;unknown;control;2023-09-19 20:15:00+00:00;0.12;;
966771;unknown;control;2023-09-19 20:30:00+00:00;0.127;;
966771;unknown;control;2023-09-19 20:45:00+00:00;0.103;;
966771;unknown;control;2023-09-19 21:00:00+00:00;0.094;;
966771;unknown;control;2023-09-19 21:15:00+00:00;0.095;;
966771;unknown;control;2023-09-19 21:30:00+00:00;0.098;;
966771;unknown;control;2023-09-19 21:45:00+00:00;0.093;;
966771;unknown;control;2023-09-19 22:00:00+00:00;0.097;;
966771;unknown;control;2023-09-19 22:15:00+00:00;0.084;;
966771;unknown;control;2023-09-19 22:30:00+00:00;0.097;;
966771;unknown;control;2023-09-19 22:45:00+00:00;0.101;;
966771;unknown;control;2023-09-19 23:00:00+00:00;0.089;;
966771;unknown;control;2023-09-19 23:15:00+00:00;0.092;;
966771;unknown;control;2023-09-19 23:30:00+00:00;1.361;;
966771;unknown;control;2023-09-19 23:45:00+00:00;1.31;;
966771;unknown;control;2023-09-20 00:00:00+00:00;1.317;;
966771;unknown;control;2023-09-20 00:15:00+00:00;1.323;;
966771;unknown;control;2023-09-20 00:30:00+00:00;0.807;;
966771;unknown;control;2023-09-20 00:45:00+00:00;0.097;;
966771;unknown;control;2023-09-20 01:00:00+00:00;0.089;;
966771;unknown;control;2023-09-20 01:15:00+00:00;0.087;;
966771;unknown;control;2023-09-20 01:30:00+00:00;0.097;;
966771;unknown;control;2023-09-20 01:45:00+00:00;0.091;;
966771;unknown;control;2023-09-20 02:00:00+00:00;0.091;;
966771;unknown;control;2023-09-20 02:15:00+00:00;0.093;;
966771;unknown;control;2023-09-20 02:30:00+00:00;0.083;;
966771;unknown;control;2023-09-20 02:45:00+00:00;0.095;;
966771;unknown;control;2023-09-20 03:00:00+00:00;0.094;;
966771;unknown;control;2023-09-20 03:15:00+00:00;0.083;;
966771;unknown;control;2023-09-20 03:30:00+00:00;0.098;;
966771;unknown;control;2023-09-20 03:45:00+00:00;0.093;;
966771;unknown;control;2023-09-20 04:00:00+00:00;0.085;;
966771;unknown;control;2023-09-20 04:15:00+00:00;0.091;;
966771;unknown;control;2023-09-20 04:30:00+00:00;0.106;;
966771;unknown;control;2023-09-20 04:45:00+00:00;0.095;;
966771;unknown;control;2023-09-20 05:00:00+00:00;0.493;;
966771;unknown;control;2023-09-20 05:15:00+00:00;0.588;;
966771;unknown;control;2023-09-20 05:30:00+00:00;0.13;;
966771;unknown;control;2023-09-20 05:45:00+00:00;0.125;;
966771;unknown;control;2023-09-20 06:00:00+00:00;0.124;;
966771;unknown;control;2023-09-20 06:15:00+00:00;0.109;;
966771;unknown;control;2023-09-20 06:30:00+00:00;0.089;;
966771;unknown;control;2023-09-20 06:45:00+00:00;0.087;;
966771;unknown;control;2023-09-20 07:00:00+00:00;0.101;;
966771;unknown;control;2023-09-20 07:15:00+00:00;0.415;;
966771;unknown;control;2023-09-20 07:30:00+00:00;0.113;;
966771;unknown;control;2023-09-20 07:45:00+00:00;0.134;;
966771;unknown;control;2023-09-20 08:00:00+00:00;0.12;;
966771;unknown;control;2023-09-20 08:15:00+00:00;0.154;;
966771;unknown;control;2023-09-20 08:30:00+00:00;0.173;;
966771;unknown;control;2023-09-20 08:45:00+00:00;0.098;;
966771;unknown;control;2023-09-20 09:00:00+00:00;0.099;;
966771;unknown;control;2023-09-20 09:15:00+00:00;0.1;;
966771;unknown;control;2023-09-20 09:30:00+00:00;0.088;;
966771;unknown;control;2023-09-20 09:45:00+00:00;0.192;;
966771;unknown;control;2023-09-20 10:00:00+00:00;0.244;;
966771;unknown;control;2023-09-20 10:15:00+00:00;0.099;;
966771;unknown;control;2023-09-20 10:30:00+00:00;0.098;;
966771;unknown;control;2023-09-20 10:45:00+00:00;0.095;;
966771;unknown;control;2023-09-20 11:00:00+00:00;0.092;;
966771;unknown;control;2023-09-20 11:15:00+00:00;0.1;;
966771;unknown;control;2023-09-20 11:30:00+00:00;0.089;;
966771;unknown;control;2023-09-20 11:45:00+00:00;0.09;;
966771;unknown;control;2023-09-20 12:00:00+00:00;0.101;;
966771;unknown;control;2023-09-20 12:15:00+00:00;0.095;;
966771;unknown;control;2023-09-20 12:30:00+00:00;0.097;;
966771;unknown;control;2023-09-20 12:45:00+00:00;0.096;;
966771;unknown;control;2023-09-20 13:00:00+00:00;0.37;;
966771;unknown;control;2023-09-20 13:15:00+00:00;0.116;;
966771;unknown;control;2023-09-20 13:30:00+00:00;0.125;;
966771;unknown;control;2023-09-20 13:45:00+00:00;0.103;;
966771;unknown;control;2023-09-20 14:00:00+00:00;0.396;;
966771;unknown;control;2023-09-20 14:15:00+00:00;0.373;;
966771;unknown;control;2023-09-20 14:30:00+00:00;0.253;;
966771;unknown;control;2023-09-20 14:45:00+00:00;0.29;;
966771;unknown;control;2023-09-20 15:00:00+00:00;0.639;;
966771;unknown;control;2023-09-20 15:15:00+00:00;0.357;;
966771;unknown;control;2023-09-20 15:30:00+00:00;0.145;;
966771;unknown;control;2023-09-20 15:45:00+00:00;0.281;;
966771;unknown;control;2023-09-20 16:00:00+00:00;0.194;;
966771;unknown;control;2023-09-20 16:15:00+00:00;0.123;;
966771;unknown;control;2023-09-20 16:30:00+00:00;0.109;;
966771;unknown;control;2023-09-20 16:45:00+00:00;0.099;;
966771;unknown;control;2023-09-20 17:00:00+00:00;0.101;;
966771;unknown;control;2023-09-20 17:15:00+00:00;0.091;;
966771;unknown;control;2023-09-20 17:30:00+00:00;0.101;;
966771;unknown;control;2023-09-20 17:45:00+00:00;0.1;;
966771;unknown;control;2023-09-20 18:00:00+00:00;0.101;;
966771;unknown;control;2023-09-20 18:15:00+00:00;0.128;;
966771;unknown;control;2023-09-20 18:30:00+00:00;0.145;;
966771;unknown;control;2023-09-20 18:45:00+00:00;0.142;;
966771;unknown;control;2023-09-20 19:00:00+00:00;0.145;;
966771;unknown;control;2023-09-20 19:15:00+00:00;0.139;;
966771;unknown;control;2023-09-20 19:30:00+00:00;0.141;;
966771;unknown;control;2023-09-20 19:45:00+00:00;0.146;;
966771;unknown;control;2023-09-20 20:00:00+00:00;0.31;;
966771;unknown;control;2023-09-20 20:15:00+00:00;0.18;;
966771;unknown;control;2023-09-20 20:30:00+00:00;0.139;;
966771;unknown;control;2023-09-20 20:45:00+00:00;0.12;;
966771;unknown;control;2023-09-20 21:00:00+00:00;0.101;;
966771;unknown;control;2023-09-20 21:15:00+00:00;0.096;;
966771;unknown;control;2023-09-20 21:30:00+00:00;0.092;;
966771;unknown;control;2023-09-20 21:45:00+00:00;0.096;;
966771;unknown;control;2023-09-20 22:00:00+00:00;0.089;;
966771;unknown;control;2023-09-20 22:15:00+00:00;0.089;;
966771;unknown;control;2023-09-20 22:30:00+00:00;0.099;;
966771;unknown;control;2023-09-20 22:45:00+00:00;0.091;;
966771;unknown;control;2023-09-20 23:00:00+00:00;0.089;;
966771;unknown;control;2023-09-20 23:15:00+00:00;0.097;;
966771;unknown;control;2023-09-20 23:30:00+00:00;1.355;;
966771;unknown;control;2023-09-20 23:45:00+00:00;1.31;;
966771;unknown;control;2023-09-21 00:00:00+00:00;1.315;;
966771;unknown;control;2023-09-21 00:15:00+00:00;1.326;;
966771;unknown;control;2023-09-21 00:30:00+00:00;1.345;;
966771;unknown;control;2023-09-21 00:45:00+00:00;0.591;;
966771;unknown;control;2023-09-21 01:00:00+00:00;0.083;;
966771;unknown;control;2023-09-21 01:15:00+00:00;0.109;;
966771;unknown;control;2023-09-21 01:30:00+00:00;0.095;;
966771;unknown;control;2023-09-21 01:45:00+00:00;0.088;;
966771;unknown;control;2023-09-21 02:00:00+00:00;0.095;;
966771;unknown;control;2023-09-21 02:15:00+00:00;0.091;;
966771;unknown;control;2023-09-21 02:30:00+00:00;0.092;;
966771;unknown;control;2023-09-21 02:45:00+00:00;0.099;;
966771;unknown;control;2023-09-21 03:00:00+00:00;0.087;;
966771;unknown;control;2023-09-21 03:15:00+00:00;0.093;;
966771;unknown;control;2023-09-21 03:30:00+00:00;0.099;;
966771;unknown;control;2023-09-21 03:45:00+00:00;0.087;;
966771;unknown;control;2023-09-21 04:00:00+00:00;0.09;;
966771;unknown;control;2023-09-21 04:15:00+00:00;0.093;;
966771;unknown;control;2023-09-21 04:30:00+00:00;0.1;;
966771;unknown;control;2023-09-21 04:45:00+00:00;0.105;;
966771;unknown;control;2023-09-21 05:00:00+00:00;0.094;;
966771;unknown;control;2023-09-21 05:15:00+00:00;0.086;;
966771;unknown;control;2023-09-21 05:30:00+00:00;0.122;;
966771;unknown;control;2023-09-21 05:45:00+00:00;0.095;;
966771;unknown;control;2023-09-21 06:00:00+00:00;0.09;;
966771;unknown;control;2023-09-21 06:15:00+00:00;0.114;;
966771;unknown;control;2023-09-21 06:30:00+00:00;0.088;;
966771;unknown;control;2023-09-21 06:45:00+00:00;0.101;;
966771;unknown;control;2023-09-21 07:00:00+00:00;0.096;;
966771;unknown;control;2023-09-21 07:15:00+00:00;0.09;;
966771;unknown;control;2023-09-21 07:30:00+00:00;0.098;;
966771;unknown;control;2023-09-21 07:45:00+00:00;0.097;;
966771;unknown;control;2023-09-21 08:00:00+00:00;0.086;;
966771;unknown;control;2023-09-21 08:15:00+00:00;0.114;;
966771;unknown;control;2023-09-21 08:30:00+00:00;0.099;;
966771;unknown;control;2023-09-21 08:45:00+00:00;0.257;;
966771;unknown;control;2023-09-21 09:00:00+00:00;0.148;;
966771;unknown;control;2023-09-21 09:15:00+00:00;0.091;;
966771;unknown;control;2023-09-21 09:30:00+00:00;0.091;;
966771;unknown;control;2023-09-21 09:45:00+00:00;0.117;;
966771;unknown;control;2023-09-21 10:00:00+00:00;0.843;;
966771;unknown;control;2023-09-21 10:15:00+00:00;0.406;;
966771;unknown;control;2023-09-21 10:30:00+00:00;0.149;;
966771;unknown;control;2023-09-21 10:45:00+00:00;0.134;;
966771;unknown;control;2023-09-21 11:00:00+00:00;0.13;;
966771;unknown;control;2023-09-21 11:15:00+00:00;0.139;;
966771;unknown;control;2023-09-21 11:30:00+00:00;0.15;;
966771;unknown;control;2023-09-21 11:45:00+00:00;0.111;;
966771;unknown;control;2023-09-21 12:00:00+00:00;0.108;;
966771;unknown;control;2023-09-21 12:15:00+00:00;0.105;;
966771;unknown;control;2023-09-21 12:30:00+00:00;0.105;;
966771;unknown;control;2023-09-21 12:45:00+00:00;0.109;;
966771;unknown;control;2023-09-21 13:00:00+00:00;0.24;;
966771;unknown;control;2023-09-21 13:15:00+00:00;0.252;;
966771;unknown;control;2023-09-21 13:30:00+00:00;0.277;;
966771;unknown;control;2023-09-21 13:45:00+00:00;0.295;;
966771;unknown;control;2023-09-21 14:00:00+00:00;0.29;;
966771;unknown;control;2023-09-21 14:15:00+00:00;0.252;;
966771;unknown;control;2023-09-21 14:30:00+00:00;0.127;;
966771;unknown;control;2023-09-21 14:45:00+00:00;0.214;;
966771;unknown;control;2023-09-21 15:00:00+00:00;0.275;;
966771;unknown;control;2023-09-21 15:15:00+00:00;0.278;;
966771;unknown;control;2023-09-21 15:30:00+00:00;0.155;;
966771;unknown;control;2023-09-21 15:45:00+00:00;0.126;;
966771;unknown;control;2023-09-21 16:00:00+00:00;0.111;;
966771;unknown;control;2023-09-21 16:15:00+00:00;0.095;;
966771;unknown;control;2023-09-21 16:30:00+00:00;0.089;;
966771;unknown;control;2023-09-21 16:45:00+00:00;0.098;;
966771;unknown;control;2023-09-21 17:00:00+00:00;0.097;;
966771;unknown;control;2023-09-21 17:15:00+00:00;0.097;;
966771;unknown;control;2023-09-21 17:30:00+00:00;0.125;;
966771;unknown;control;2023-09-21 17:45:00+00:00;0.148;;
966771;unknown;control;2023-09-21 18:00:00+00:00;0.113;;
966771;unknown;control;2023-09-21 18:15:00+00:00;0.117;;
966771;unknown;control;2023-09-21 18:30:00+00:00;0.095;;
966771;unknown;control;2023-09-21 18:45:00+00:00;0.103;;
966771;unknown;control;2023-09-21 19:00:00+00:00;0.137;;
966771;unknown;control;2023-09-21 19:15:00+00:00;0.212;;
966771;unknown;control;2023-09-21 19:30:00+00:00;0.156;;
966771;unknown;control;2023-09-21 19:45:00+00:00;0.102;;
966771;unknown;control;2023-09-21 20:00:00+00:00;0.09;;
966771;unknown;control;2023-09-21 20:15:00+00:00;0.095;;
966771;unknown;control;2023-09-21 20:30:00+00:00;0.092;;
966771;unknown;control;2023-09-21 20:45:00+00:00;0.087;;
966771;unknown;control;2023-09-21 21:00:00+00:00;0.09;;
966771;unknown;control;2023-09-21 21:15:00+00:00;0.082;;
966771;unknown;control;2023-09-21 21:30:00+00:00;0.092;;
966771;unknown;control;2023-09-21 21:45:00+00:00;0.106;;
966771;unknown;control;2023-09-21 22:00:00+00:00;0.085;;
966771;unknown;control;2023-09-21 22:15:00+00:00;0.09;;
966771;unknown;control;2023-09-21 22:30:00+00:00;0.09;;
966771;unknown;control;2023-09-21 22:45:00+00:00;0.086;;
966771;unknown;control;2023-09-21 23:00:00+00:00;0.093;;
966771;unknown;control;2023-09-21 23:15:00+00:00;0.085;;
966771;unknown;control;2023-09-21 23:30:00+00:00;1.348;;
966771;unknown;control;2023-09-21 23:45:00+00:00;1.308;;
966771;unknown;control;2023-09-22 00:00:00+00:00;1.301;;
966771;unknown;control;2023-09-22 00:15:00+00:00;1.313;;
966771;unknown;control;2023-09-22 00:30:00+00:00;1.341;;
966771;unknown;control;2023-09-22 00:45:00+00:00;0.857;;
966771;unknown;control;2023-09-22 01:00:00+00:00;0.09;;
966771;unknown;control;2023-09-22 01:15:00+00:00;0.092;;
966771;unknown;control;2023-09-22 01:30:00+00:00;0.363;;
966771;unknown;control;2023-09-22 01:45:00+00:00;1.409;;
966771;unknown;control;2023-09-22 02:00:00+00:00;1.416;;
966771;unknown;control;2023-09-22 02:15:00+00:00;1.39;;
966771;unknown;control;2023-09-22 02:30:00+00:00;0.184;;
966771;unknown;control;2023-09-22 02:45:00+00:00;0.087;;
966771;unknown;control;2023-09-22 03:00:00+00:00;0.084;;
966771;unknown;control;2023-09-22 03:15:00+00:00;0.092;;
966771;unknown;control;2023-09-22 03:30:00+00:00;0.087;;
966771;unknown;control;2023-09-22 03:45:00+00:00;0.088;;
966771;unknown;control;2023-09-22 04:00:00+00:00;0.086;;
966771;unknown;control;2023-09-22 04:15:00+00:00;0.08;;
966771;unknown;control;2023-09-22 04:30:00+00:00;0.089;;
966771;unknown;control;2023-09-22 04:45:00+00:00;0.09;;
966771;unknown;control;2023-09-22 05:00:00+00:00;0.082;;
966771;unknown;control;2023-09-22 05:15:00+00:00;0.093;;
966771;unknown;control;2023-09-22 05:30:00+00:00;0.092;;
966771;unknown;control;2023-09-22 05:45:00+00:00;0.089;;
966771;unknown;control;2023-09-22 06:00:00+00:00;0.091;;
966771;unknown;control;2023-09-22 06:15:00+00:00;0.083;;
966771;unknown;control;2023-09-22 06:30:00+00:00;0.087;;
966771;unknown;control;2023-09-22 06:45:00+00:00;0.092;;
966771;unknown;control;2023-09-22 07:00:00+00:00;0.083;;
966771;unknown;control;2023-09-22 07:15:00+00:00;0.091;;
966771;unknown;control;2023-09-22 07:30:00+00:00;0.096;;
966771;unknown;control;2023-09-22 07:45:00+00:00;0.085;;
966771;unknown;control;2023-09-22 08:00:00+00:00;0.091;;
966771;unknown;control;2023-09-22 08:15:00+00:00;0.095;;
966771;unknown;control;2023-09-22 08:30:00+00:00;0.093;;
966771;unknown;control;2023-09-22 08:45:00+00:00;0.1;;
966771;unknown;control;2023-09-22 09:00:00+00:00;0.092;;
966771;unknown;control;2023-09-22 09:15:00+00:00;0.093;;
966771;unknown;control;2023-09-22 09:30:00+00:00;0.102;;
966771;unknown;control;2023-09-22 09:45:00+00:00;0.093;;
966771;unknown;control;2023-09-22 10:00:00+00:00;0.092;;
966771;unknown;control;2023-09-22 10:15:00+00:00;0.099;;
966771;unknown;control;2023-09-22 10:30:00+00:00;0.093;;
966771;unknown;control;2023-09-22 10:45:00+00:00;0.096;;
966771;unknown;control;2023-09-22 11:00:00+00:00;0.095;;
966771;unknown;control;2023-09-22 11:15:00+00:00;0.09;;
966771;unknown;control;2023-09-22 11:30:00+00:00;0.102;;
966771;unknown;control;2023-09-22 11:45:00+00:00;0.096;;
966771;unknown;control;2023-09-22 12:00:00+00:00;0.09;;
966771;unknown;control;2023-09-22 12:15:00+00:00;0.1;;
966771;unknown;control;2023-09-22 12:30:00+00:00;0.098;;
966771;unknown;control;2023-09-22 12:45:00+00:00;0.094;;
966771;unknown;control;2023-09-22 13:00:00+00:00;0.097;;
966771;unknown;control;2023-09-22 13:15:00+00:00;0.093;;
966771;unknown;control;2023-09-22 13:30:00+00:00;0.098;;
966771;unknown;control;2023-09-22 13:45:00+00:00;0.101;;
966771;unknown;control;2023-09-22 14:00:00+00:00;0.087;;
966771;unknown;control;2023-09-22 14:15:00+00:00;0.112;;
966771;unknown;control;2023-09-22 14:30:00+00:00;0.1;;
966771;unknown;control;2023-09-22 14:45:00+00:00;0.091;;
966771;unknown;control;2023-09-22 15:00:00+00:00;0.096;;
966771;unknown;control;2023-09-22 15:15:00+00:00;0.095;;
966771;unknown;control;2023-09-22 15:30:00+00:00;0.093;;
966771;unknown;control;2023-09-22 15:45:00+00:00;0.1;;
966771;unknown;control;2023-09-22 16:00:00+00:00;0.09;;
966771;unknown;control;2023-09-22 16:15:00+00:00;0.093;;
966771;unknown;control;2023-09-22 16:30:00+00:00;0.106;;
966771;unknown;control;2023-09-22 16:45:00+00:00;0.094;;
966771;unknown;control;2023-09-22 17:00:00+00:00;0.092;;
966771;unknown;control;2023-09-22 17:15:00+00:00;0.099;;
966771;unknown;control;2023-09-22 17:30:00+00:00;0.093;;
966771;unknown;control;2023-09-22 17:45:00+00:00;0.107;;
966771;unknown;control;2023-09-22 18:00:00+00:00;0.107;;
966771;unknown;control;2023-09-22 18:15:00+00:00;0.103;;
966771;unknown;control;2023-09-22 18:30:00+00:00;0.11;;
966771;unknown;control;2023-09-22 18:45:00+00:00;0.102;;
966771;unknown;control;2023-09-22 19:00:00+00:00;0.101;;
966771;unknown;control;2023-09-22 19:15:00+00:00;0.194;;
966771;unknown;control;2023-09-22 19:30:00+00:00;0.248;;
966771;unknown;control;2023-09-22 19:45:00+00:00;0.239;;
966771;unknown;control;2023-09-22 20:00:00+00:00;0.137;;
966771;unknown;control;2023-09-22 20:15:00+00:00;0.089;;
966771;unknown;control;2023-09-22 20:30:00+00:00;0.091;;
966771;unknown;control;2023-09-22 20:45:00+00:00;0.09;;
966771;unknown;control;2023-09-22 21:00:00+00:00;0.082;;
966771;unknown;control;2023-09-22 21:15:00+00:00;0.091;;
966771;unknown;control;2023-09-22 21:30:00+00:00;0.092;;
966771;unknown;control;2023-09-22 21:45:00+00:00;0.099;;
966771;unknown;control;2023-09-22 22:00:00+00:00;0.099;;
966771;unknown;control;2023-09-22 22:15:00+00:00;0.092;;
966771;unknown;control;2023-09-22 22:30:00+00:00;0.087;;
966771;unknown;control;2023-09-22 22:45:00+00:00;0.088;;
966771;unknown;control;2023-09-22 23:00:00+00:00;0.09;;
966771;unknown;control;2023-09-22 23:15:00+00:00;0.092;;
966771;unknown;control;2023-09-22 23:30:00+00:00;1.356;;
966771;unknown;control;2023-09-22 23:45:00+00:00;1.299;;
966771;unknown;control;2023-09-23 00:00:00+00:00;0.116;;
966771;unknown;control;2023-09-23 00:15:00+00:00;0.096;;
966771;unknown;control;2023-09-23 00:30:00+00:00;0.079;;
966771;unknown;control;2023-09-23 00:45:00+00:00;0.091;;
966771;unknown;control;2023-09-23 01:00:00+00:00;0.095;;
966771;unknown;control;2023-09-23 01:15:00+00:00;0.092;;
966771;unknown;control;2023-09-23 01:30:00+00:00;0.097;;
966771;unknown;control;2023-09-23 01:45:00+00:00;0.089;;
966771;unknown;control;2023-09-23 02:00:00+00:00;0.09;;
966771;unknown;control;2023-09-23 02:15:00+00:00;0.094;;
966771;unknown;control;2023-09-23 02:30:00+00:00;0.082;;
966771;unknown;control;2023-09-23 02:45:00+00:00;0.083;;
966771;unknown;control;2023-09-23 03:00:00+00:00;0.108;;
966771;unknown;control;2023-09-23 03:15:00+00:00;0.085;;
966771;unknown;control;2023-09-23 03:30:00+00:00;0.086;;
966771;unknown;control;2023-09-23 03:45:00+00:00;0.091;;
966771;unknown;control;2023-09-23 04:00:00+00:00;0.086;;
966771;unknown;control;2023-09-23 04:15:00+00:00;0.096;;
966771;unknown;control;2023-09-23 04:30:00+00:00;0.091;;
966771;unknown;control;2023-09-23 04:45:00+00:00;0.082;;
966771;unknown;control;2023-09-23 05:00:00+00:00;0.096;;
966771;unknown;control;2023-09-23 05:15:00+00:00;0.095;;
966771;unknown;control;2023-09-23 05:30:00+00:00;0.087;;
966771;unknown;control;2023-09-23 05:45:00+00:00;0.093;;
966771;unknown;control;2023-09-23 06:00:00+00:00;0.089;;
966771;unknown;control;2023-09-23 06:15:00+00:00;0.105;;
966771;unknown;control;2023-09-23 06:30:00+00:00;0.095;;
966771;unknown;control;2023-09-23 06:45:00+00:00;0.085;;
966771;unknown;control;2023-09-23 07:00:00+00:00;0.095;;
966771;unknown;control;2023-09-23 07:15:00+00:00;0.104;;
966771;unknown;control;2023-09-23 07:30:00+00:00;0.102;;
966771;unknown;control;2023-09-23 07:45:00+00:00;0.096;;
966771;unknown;control;2023-09-23 08:00:00+00:00;0.097;;
966771;unknown;control;2023-09-23 08:15:00+00:00;0.09;;
966771;unknown;control;2023-09-23 08:30:00+00:00;0.097;;
966771;unknown;control;2023-09-23 08:45:00+00:00;0.091;;
966771;unknown;control;2023-09-23 09:00:00+00:00;0.091;;
966771;unknown;control;2023-09-23 09:15:00+00:00;0.1;;
966771;unknown;control;2023-09-23 09:30:00+00:00;0.101;;
966771;unknown;control;2023-09-23 09:45:00+00:00;0.09;;
966771;unknown;control;2023-09-23 10:00:00+00:00;0.118;;
966771;unknown;control;2023-09-23 10:15:00+00:00;0.129;;
966771;unknown;control;2023-09-23 10:30:00+00:00;0.132;;
966771;unknown;control;2023-09-23 10:45:00+00:00;0.137;;
966771;unknown;control;2023-09-23 11:00:00+00:00;0.117;;
966771;unknown;control;2023-09-23 11:15:00+00:00;0.094;;
966771;unknown;control;2023-09-23 11:30:00+00:00;0.099;;
966771;unknown;control;2023-09-23 11:45:00+00:00;0.092;;
966771;unknown;control;2023-09-23 12:00:00+00:00;0.097;;
966771;unknown;control;2023-09-23 12:15:00+00:00;0.094;;
966771;unknown;control;2023-09-23 12:30:00+00:00;0.091;;
966771;unknown;control;2023-09-23 12:45:00+00:00;0.096;;
966771;unknown;control;2023-09-23 13:00:00+00:00;0.091;;
966771;unknown;control;2023-09-23 13:15:00+00:00;0.094;;
966771;unknown;control;2023-09-23 13:30:00+00:00;0.094;;
966771;unknown;control;2023-09-23 13:45:00+00:00;0.082;;
966771;unknown;control;2023-09-23 14:00:00+00:00;0.086;;
966771;unknown;control;2023-09-23 14:15:00+00:00;0.094;;
966771;unknown;control;2023-09-23 14:30:00+00:00;0.086;;
966771;unknown;control;2023-09-23 14:45:00+00:00;0.091;;
966771;unknown;control;2023-09-23 15:00:00+00:00;0.094;;
966771;unknown;control;2023-09-23 15:15:00+00:00;0.09;;
966771;unknown;control;2023-09-23 15:30:00+00:00;0.095;;
966771;unknown;control;2023-09-23 15:45:00+00:00;0.091;;
966771;unknown;control;2023-09-23 16:00:00+00:00;0.086;;
966771;unknown;control;2023-09-23 16:15:00+00:00;0.1;;
966771;unknown;control;2023-09-23 16:30:00+00:00;0.092;;
966771;unknown;control;2023-09-23 16:45:00+00:00;0.082;;
966771;unknown;control;2023-09-23 17:00:00+00:00;0.091;;
966771;unknown;control;2023-09-23 17:15:00+00:00;0.091;;
966771;unknown;control;2023-09-23 17:30:00+00:00;0.099;;
966771;unknown;control;2023-09-23 17:45:00+00:00;0.1;;
966771;unknown;control;2023-09-23 18:00:00+00:00;0.09;;
966771;unknown;control;2023-09-23 18:15:00+00:00;0.094;;
966771;unknown;control;2023-09-23 18:30:00+00:00;0.102;;
966771;unknown;control;2023-09-23 18:45:00+00:00;0.099;;
966771;unknown;control;2023-09-23 19:00:00+00:00;0.106;;
966771;unknown;control;2023-09-23 19:15:00+00:00;0.107;;
966771;unknown;control;2023-09-23 19:30:00+00:00;0.085;;
966771;unknown;control;2023-09-23 19:45:00+00:00;0.095;;
966771;unknown;control;2023-09-23 20:00:00+00:00;0.09;;
966771;unknown;control;2023-09-23 20:15:00+00:00;0.09;;
966771;unknown;control;2023-09-23 20:30:00+00:00;0.1;;
966771;unknown;control;2023-09-23 20:45:00+00:00;0.087;;
966771;unknown;control;2023-09-23 21:00:00+00:00;0.089;;
966771;unknown;control;2023-09-23 21:15:00+00:00;0.095;;
966771;unknown;control;2023-09-23 21:30:00+00:00;0.084;;
966771;unknown;control;2023-09-23 21:45:00+00:00;0.086;;
966771;unknown;control;2023-09-23 22:00:00+00:00;0.095;;
966771;unknown;control;2023-09-23 22:15:00+00:00;0.085;;
966771;unknown;control;2023-09-23 22:30:00+00:00;0.087;;
966771;unknown;control;2023-09-23 22:45:00+00:00;0.09;;
966771;unknown;control;2023-09-23 23:00:00+00:00;0.085;;
966771;unknown;control;2023-09-23 23:15:00+00:00;0.09;;
966771;unknown;control;2023-09-23 23:30:00+00:00;1.35;;
966771;unknown;control;2023-09-23 23:45:00+00:00;1.299;;
966771;unknown;control;2023-09-24 00:00:00+00:00;1.313;;
966771;unknown;control;2023-09-24 00:15:00+00:00;1.331;;
966771;unknown;control;2023-09-24 00:30:00+00:00;1.33;;
966771;unknown;control;2023-09-24 00:45:00+00:00;1.248;;
966771;unknown;control;2023-09-24 01:00:00+00:00;0.089;;
966771;unknown;control;2023-09-24 01:15:00+00:00;0.087;;
966771;unknown;control;2023-09-24 01:30:00+00:00;0.088;;
966771;unknown;control;2023-09-24 01:45:00+00:00;0.084;;
966771;unknown;control;2023-09-24 02:00:00+00:00;0.091;;
966771;unknown;control;2023-09-24 02:15:00+00:00;0.091;;
966771;unknown;control;2023-09-24 02:30:00+00:00;0.08;;
966771;unknown;control;2023-09-24 02:45:00+00:00;0.087;;
966771;unknown;control;2023-09-24 03:00:00+00:00;0.096;;
966771;unknown;control;2023-09-24 03:15:00+00:00;0.085;;
966771;unknown;control;2023-09-24 03:30:00+00:00;0.088;;
966771;unknown;control;2023-09-24 03:45:00+00:00;0.085;;
966771;unknown;control;2023-09-24 04:00:00+00:00;0.083;;
966771;unknown;control;2023-09-24 04:15:00+00:00;0.093;;
966771;unknown;control;2023-09-24 04:30:00+00:00;0.082;;
966771;unknown;control;2023-09-24 04:45:00+00:00;0.076;;
966771;unknown;control;2023-09-24 05:00:00+00:00;0.095;;
966771;unknown;control;2023-09-24 05:15:00+00:00;0.087;;
966771;unknown;control;2023-09-24 05:30:00+00:00;0.095;;
966771;unknown;control;2023-09-24 05:45:00+00:00;0.089;;
966771;unknown;control;2023-09-24 06:00:00+00:00;0.087;;
966771;unknown;control;2023-09-24 06:15:00+00:00;0.09;;
966771;unknown;control;2023-09-24 06:30:00+00:00;0.091;;
966771;unknown;control;2023-09-24 06:45:00+00:00;0.08;;
966771;unknown;control;2023-09-24 07:00:00+00:00;0.095;;
966771;unknown;control;2023-09-24 07:15:00+00:00;0.115;;
966771;unknown;control;2023-09-24 07:30:00+00:00;0.083;;
966771;unknown;control;2023-09-24 07:45:00+00:00;0.118;;
966771;unknown;control;2023-09-24 08:00:00+00:00;0.142;;
966771;unknown;control;2023-09-24 08:15:00+00:00;0.135;;
966771;unknown;control;2023-09-24 08:30:00+00:00;0.121;;
966771;unknown;control;2023-09-24 08:45:00+00:00;0.122;;
966771;unknown;control;2023-09-24 09:00:00+00:00;0.102;;
966771;unknown;control;2023-09-24 09:15:00+00:00;0.117;;
966771;unknown;control;2023-09-24 09:30:00+00:00;0.11;;
966771;unknown;control;2023-09-24 09:45:00+00:00;0.103;;
966771;unknown;control;2023-09-24 10:00:00+00:00;0.109;;
966771;unknown;control;2023-09-24 10:15:00+00:00;0.118;;
966771;unknown;control;2023-09-24 10:30:00+00:00;0.126;;
966771;unknown;control;2023-09-24 10:45:00+00:00;0.118;;
966771;unknown;control;2023-09-24 11:00:00+00:00;0.101;;
966771;unknown;control;2023-09-24 11:15:00+00:00;0.104;;
966771;unknown;control;2023-09-24 11:30:00+00:00;0.115;;
966771;unknown;control;2023-09-24 11:45:00+00:00;0.092;;
966771;unknown;control;2023-09-24 12:00:00+00:00;0.093;;
966771;unknown;control;2023-09-24 12:15:00+00:00;0.093;;
966771;unknown;control;2023-09-24 12:30:00+00:00;0.09;;
966771;unknown;control;2023-09-24 12:45:00+00:00;0.1;;
966771;unknown;control;2023-09-24 13:00:00+00:00;0.09;;
966771;unknown;control;2023-09-24 13:15:00+00:00;0.086;;
966771;unknown;control;2023-09-24 13:30:00+00:00;0.101;;
966771;unknown;control;2023-09-24 13:45:00+00:00;0.093;;
966771;unknown;control;2023-09-24 14:00:00+00:00;0.09;;
966771;unknown;control;2023-09-24 14:15:00+00:00;0.093;;
966771;unknown;control;2023-09-24 14:30:00+00:00;0.088;;
966771;unknown;control;2023-09-24 14:45:00+00:00;0.095;;
966771;unknown;control;2023-09-24 15:00:00+00:00;0.094;;
966771;unknown;control;2023-09-24 15:15:00+00:00;0.095;;
966771;unknown;control;2023-09-24 15:30:00+00:00;0.099;;
966771;unknown;control;2023-09-24 15:45:00+00:00;0.129;;
966771;unknown;control;2023-09-24 16:00:00+00:00;0.137;;
966771;unknown;control;2023-09-24 16:15:00+00:00;0.094;;
966771;unknown;control;2023-09-24 16:30:00+00:00;0.104;;
966771;unknown;control;2023-09-24 16:45:00+00:00;0.1;;
966771;unknown;control;2023-09-24 17:00:00+00:00;0.097;;
966771;unknown;control;2023-09-24 17:15:00+00:00;0.085;;
966771;unknown;control;2023-09-24 17:30:00+00:00;0.106;;
966771;unknown;control;2023-09-24 17:45:00+00:00;0.109;;
966771;unknown;control;2023-09-24 18:00:00+00:00;0.103;;
966771;unknown;control;2023-09-24 18:15:00+00:00;0.102;;
966771;unknown;control;2023-09-24 18:30:00+00:00;0.105;;
966771;unknown;control;2023-09-24 18:45:00+00:00;0.127;;
966771;unknown;control;2023-09-24 19:00:00+00:00;0.142;;
966771;unknown;control;2023-09-24 19:15:00+00:00;0.139;;
966771;unknown;control;2023-09-24 19:30:00+00:00;0.128;;
966771;unknown;control;2023-09-24 19:45:00+00:00;0.137;;
966771;unknown;control;2023-09-24 20:00:00+00:00;0.092;;
966771;unknown;control;2023-09-24 20:15:00+00:00;0.088;;
966771;unknown;control;2023-09-24 20:30:00+00:00;0.097;;
966771;unknown;control;2023-09-24 20:45:00+00:00;0.088;;
966771;unknown;control;2023-09-24 21:00:00+00:00;0.088;;
966771;unknown;control;2023-09-24 21:15:00+00:00;0.095;;
966771;unknown;control;2023-09-24 21:30:00+00:00;0.089;;
966771;unknown;control;2023-09-24 21:45:00+00:00;0.095;;
966771;unknown;control;2023-09-24 22:00:00+00:00;0.1;;
966771;unknown;control;2023-09-24 22:15:00+00:00;0.09;;
966771;unknown;control;2023-09-24 22:30:00+00:00;0.096;;
966771;unknown;control;2023-09-24 22:45:00+00:00;0.093;;
966771;unknown;control;2023-09-24 23:00:00+00:00;0.083;;
966771;unknown;control;2023-09-24 23:15:00+00:00;0.096;;
966771;unknown;control;2023-09-24 23:30:00+00:00;1.337;;
966771;unknown;control;2023-09-24 23:45:00+00:00;1.296;;
966771;unknown;control;2023-09-25 00:00:00+00:00;1.302;;
966771;unknown;control;2023-09-25 00:15:00+00:00;1.303;;
966771;unknown;control;2023-09-25 00:30:00+00:00;0.766;;
966771;unknown;control;2023-09-25 00:45:00+00:00;0.094;;
966771;unknown;control;2023-09-25 01:00:00+00:00;0.084;;
966771;unknown;control;2023-09-25 01:15:00+00:00;0.093;;
966771;unknown;control;2023-09-25 01:30:00+00:00;0.091;;
966771;unknown;control;2023-09-25 01:45:00+00:00;0.088;;
966771;unknown;control;2023-09-25 02:00:00+00:00;0.095;;
966771;unknown;control;2023-09-25 02:15:00+00:00;0.087;;
966771;unknown;control;2023-09-25 02:30:00+00:00;0.083;;
966771;unknown;control;2023-09-25 02:45:00+00:00;0.094;;
966771;unknown;control;2023-09-25 03:00:00+00:00;0.088;;
966771;unknown;control;2023-09-25 03:15:00+00:00;0.087;;
966771;unknown;control;2023-09-25 03:30:00+00:00;0.097;;
966771;unknown;control;2023-09-25 03:45:00+00:00;0.088;;
966771;unknown;control;2023-09-25 04:00:00+00:00;0.113;;
966771;unknown;control;2023-09-25 04:15:00+00:00;0.104;;
966771;unknown;control;2023-09-25 04:30:00+00:00;0.105;;
966771;unknown;control;2023-09-25 04:45:00+00:00;0.116;;
966771;unknown;control;2023-09-25 05:00:00+00:00;0.113;;
966771;unknown;control;2023-09-25 05:15:00+00:00;0.107;;
966771;unknown;control;2023-09-25 05:30:00+00:00;0.391;;
966771;unknown;control;2023-09-25 05:45:00+00:00;0.138;;
966771;unknown;control;2023-09-25 06:00:00+00:00;0.125;;
966771;unknown;control;2023-09-25 06:15:00+00:00;0.096;;
966771;unknown;control;2023-09-25 06:30:00+00:00;0.084;;
966771;unknown;control;2023-09-25 06:45:00+00:00;0.105;;
966771;unknown;control;2023-09-25 07:00:00+00:00;0.104;;
966771;unknown;control;2023-09-25 07:15:00+00:00;0.087;;
966771;unknown;control;2023-09-25 07:30:00+00:00;0.094;;
966771;unknown;control;2023-09-25 07:45:00+00:00;0.1;;
966771;unknown;control;2023-09-25 08:00:00+00:00;0.092;;
966771;unknown;control;2023-09-25 08:15:00+00:00;0.098;;
966771;unknown;control;2023-09-25 08:30:00+00:00;0.094;;
966771;unknown;control;2023-09-25 08:45:00+00:00;0.091;;
966771;unknown;control;2023-09-25 09:00:00+00:00;0.103;;
966771;unknown;control;2023-09-25 09:15:00+00:00;0.095;;
966771;unknown;control;2023-09-25 09:30:00+00:00;0.091;;
966771;unknown;control;2023-09-25 09:45:00+00:00;0.099;;
966771;unknown;control;2023-09-25 10:00:00+00:00;0.095;;
966771;unknown;control;2023-09-25 10:15:00+00:00;0.098;;
966771;unknown;control;2023-09-25 10:30:00+00:00;0.119;;
966771;unknown;control;2023-09-25 10:45:00+00:00;0.092;;
966771;unknown;control;2023-09-25 11:00:00+00:00;0.102;;
966771;unknown;control;2023-09-25 11:15:00+00:00;0.101;;
966771;unknown;control;2023-09-25 11:30:00+00:00;0.089;;
966771;unknown;control;2023-09-25 11:45:00+00:00;0.102;;
966771;unknown;control;2023-09-25 12:00:00+00:00;0.113;;
966771;unknown;control;2023-09-25 12:15:00+00:00;0.093;;
966771;unknown;control;2023-09-25 12:30:00+00:00;0.099;;
966771;unknown;control;2023-09-25 12:45:00+00:00;0.113;;
966771;unknown;control;2023-09-25 13:00:00+00:00;0.098;;
966771;unknown;control;2023-09-25 13:15:00+00:00;0.1;;
966771;unknown;control;2023-09-25 13:30:00+00:00;0.091;;
966771;unknown;control;2023-09-25 13:45:00+00:00;0.093;;
966771;unknown;control;2023-09-25 14:00:00+00:00;0.098;;
966771;unknown;control;2023-09-25 14:15:00+00:00;0.091;;
966771;unknown;control;2023-09-25 14:30:00+00:00;0.096;;
966771;unknown;control;2023-09-25 14:45:00+00:00;0.094;;
966771;unknown;control;2023-09-25 15:00:00+00:00;0.091;;
966771;unknown;control;2023-09-25 15:15:00+00:00;0.119;;
966771;unknown;control;2023-09-25 15:30:00+00:00;0.121;;
966771;unknown;control;2023-09-25 15:45:00+00:00;0.116;;
966771;unknown;control;2023-09-25 16:00:00+00:00;0.116;;
966771;unknown;control;2023-09-25 16:15:00+00:00;0.101;;
966771;unknown;control;2023-09-25 16:30:00+00:00;0.097;;
966771;unknown;control;2023-09-25 16:45:00+00:00;0.097;;
966771;unknown;control;2023-09-25 17:00:00+00:00;0.089;;
966771;unknown;control;2023-09-25 17:15:00+00:00;0.099;;
966771;unknown;control;2023-09-25 17:30:00+00:00;0.109;;
966771;unknown;control;2023-09-25 17:45:00+00:00;0.096;;
966771;unknown;control;2023-09-25 18:00:00+00:00;0.107;;
966771;unknown;control;2023-09-25 18:15:00+00:00;0.108;;
966771;unknown;control;2023-09-25 18:30:00+00:00;0.108;;
966771;unknown;control;2023-09-25 18:45:00+00:00;0.135;;
966771;unknown;control;2023-09-25 19:00:00+00:00;0.134;;
966771;unknown;control;2023-09-25 19:15:00+00:00;0.136;;
966771;unknown;control;2023-09-25 19:30:00+00:00;0.139;;
966771;unknown;control;2023-09-25 19:45:00+00:00;0.134;;
966771;unknown;control;2023-09-25 20:00:00+00:00;0.13;;
966771;unknown;control;2023-09-25 20:15:00+00:00;0.132;;
966771;unknown;control;2023-09-25 20:30:00+00:00;0.12;;
966771;unknown;control;2023-09-25 20:45:00+00:00;0.126;;
966771;unknown;control;2023-09-25 21:00:00+00:00;0.126;;
966771;unknown;control;2023-09-25 21:15:00+00:00;0.103;;
966771;unknown;control;2023-09-25 21:30:00+00:00;0.094;;
966771;unknown;control;2023-09-25 21:45:00+00:00;0.092;;
966771;unknown;control;2023-09-25 22:00:00+00:00;0.089;;
966771;unknown;control;2023-09-25 22:15:00+00:00;0.098;;
966771;unknown;control;2023-09-25 22:30:00+00:00;0.089;;
966771;unknown;control;2023-09-25 22:45:00+00:00;0.088;;
966771;unknown;control;2023-09-25 23:00:00+00:00;0.093;;
966771;unknown;control;2023-09-25 23:15:00+00:00;0.09;;
966771;unknown;control;2023-09-25 23:30:00+00:00;1.332;;
966771;unknown;control;2023-09-25 23:45:00+00:00;1.27;;
966771;unknown;control;2023-09-26 00:00:00+00:00;1.28;;
966771;unknown;control;2023-09-26 00:15:00+00:00;1.073;;
966771;unknown;control;2023-09-26 00:30:00+00:00;0.094;;
966771;unknown;control;2023-09-26 00:45:00+00:00;0.089;;
966771;unknown;control;2023-09-26 01:00:00+00:00;0.094;;
966771;unknown;control;2023-09-26 01:15:00+00:00;0.089;;
966771;unknown;control;2023-09-26 01:30:00+00:00;0.086;;
966771;unknown;control;2023-09-26 01:45:00+00:00;0.095;;
966771;unknown;control;2023-09-26 02:00:00+00:00;0.084;;
966771;unknown;control;2023-09-26 02:15:00+00:00;0.088;;
966771;unknown;control;2023-09-26 02:30:00+00:00;0.093;;
966771;unknown;control;2023-09-26 02:45:00+00:00;0.09;;
966771;unknown;control;2023-09-26 03:00:00+00:00;0.097;;
966771;unknown;control;2023-09-26 03:15:00+00:00;0.094;;
966771;unknown;control;2023-09-26 03:30:00+00:00;0.083;;
966771;unknown;control;2023-09-26 03:45:00+00:00;0.094;;
966771;unknown;control;2023-09-26 04:00:00+00:00;0.096;;
966771;unknown;control;2023-09-26 04:15:00+00:00;0.087;;
966771;unknown;control;2023-09-26 04:30:00+00:00;0.093;;
966771;unknown;control;2023-09-26 04:45:00+00:00;0.088;;
966771;unknown;control;2023-09-26 05:00:00+00:00;0.09;;
966771;unknown;control;2023-09-26 05:15:00+00:00;0.11;;
966771;unknown;control;2023-09-26 05:30:00+00:00;0.087;;
966771;unknown;control;2023-09-26 05:45:00+00:00;0.087;;
966771;unknown;control;2023-09-26 06:00:00+00:00;0.105;;
966771;unknown;control;2023-09-26 06:15:00+00:00;0.09;;
966771;unknown;control;2023-09-26 06:30:00+00:00;0.09;;
966771;unknown;control;2023-09-26 06:45:00+00:00;0.09;;
966771;unknown;control;2023-09-26 07:00:00+00:00;0.087;;
966771;unknown;control;2023-09-26 07:15:00+00:00;0.098;;
966771;unknown;control;2023-09-26 07:30:00+00:00;0.099;;
966771;unknown;control;2023-09-26 07:45:00+00:00;0.089;;
966771;unknown;control;2023-09-26 08:00:00+00:00;0.096;;
966771;unknown;control;2023-09-26 08:15:00+00:00;0.092;;
966771;unknown;control;2023-09-26 08:30:00+00:00;0.094;;
966771;unknown;control;2023-09-26 08:45:00+00:00;0.102;;
966771;unknown;control;2023-09-26 09:00:00+00:00;0.092;;
966771;unknown;control;2023-09-26 09:15:00+00:00;0.091;;
966771;unknown;control;2023-09-26 09:30:00+00:00;0.099;;
966771;unknown;control;2023-09-26 09:45:00+00:00;0.094;;
966771;unknown;control;2023-09-26 10:00:00+00:00;0.097;;
966771;unknown;control;2023-09-26 10:15:00+00:00;0.097;;
966771;unknown;control;2023-09-26 10:30:00+00:00;0.088;;
966771;unknown;control;2023-09-26 10:45:00+00:00;0.097;;
966771;unknown;control;2023-09-26 11:00:00+00:00;0.096;;
966771;unknown;control;2023-09-26 11:15:00+00:00;0.086;;
966771;unknown;control;2023-09-26 11:30:00+00:00;0.093;;
966771;unknown;control;2023-09-26 11:45:00+00:00;0.089;;
966771;unknown;control;2023-09-26 12:00:00+00:00;0.09;;
966771;unknown;control;2023-09-26 12:15:00+00:00;0.103;;
966771;unknown;control;2023-09-26 12:30:00+00:00;0.093;;
966771;unknown;control;2023-09-26 12:45:00+00:00;0.092;;
966771;unknown;control;2023-09-26 13:00:00+00:00;0.1;;
966771;unknown;control;2023-09-26 13:15:00+00:00;0.095;;
966771;unknown;control;2023-09-26 13:30:00+00:00;0.099;;
966771;unknown;control;2023-09-26 13:45:00+00:00;0.098;;
966771;unknown;control;2023-09-26 14:00:00+00:00;0.088;;
966771;unknown;control;2023-09-26 14:15:00+00:00;0.098;;
966771;unknown;control;2023-09-26 14:30:00+00:00;0.1;;
966771;unknown;control;2023-09-26 14:45:00+00:00;0.09;;
966771;unknown;control;2023-09-26 15:00:00+00:00;0.096;;
966771;unknown;control;2023-09-26 15:15:00+00:00;0.093;;
966771;unknown;control;2023-09-26 15:30:00+00:00;0.092;;
966771;unknown;control;2023-09-26 15:45:00+00:00;0.102;;
966771;unknown;control;2023-09-26 16:00:00+00:00;0.093;;
966771;unknown;control;2023-09-26 16:15:00+00:00;0.09;;
966771;unknown;control;2023-09-26 16:30:00+00:00;0.098;;
966771;unknown;control;2023-09-26 16:45:00+00:00;0.096;;
966771;unknown;control;2023-09-26 17:00:00+00:00;0.097;;
966771;unknown;control;2023-09-26 17:15:00+00:00;0.097;;
966771;unknown;control;2023-09-26 17:30:00+00:00;0.097;;
966771;unknown;control;2023-09-26 17:45:00+00:00;0.106;;
966771;unknown;control;2023-09-26 18:00:00+00:00;0.11;;
966771;unknown;control;2023-09-26 18:15:00+00:00;0.098;;
966771;unknown;control;2023-09-26 18:30:00+00:00;0.106;;
966771;unknown;control;2023-09-26 18:45:00+00:00;0.107;;
966771;unknown;control;2023-09-26 19:00:00+00:00;0.147;;
966771;unknown;control;2023-09-26 19:15:00+00:00;0.224;;
966771;unknown;control;2023-09-26 19:30:00+00:00;0.198;;
966771;unknown;control;2023-09-26 19:45:00+00:00;0.185;;
966771;unknown;control;2023-09-26 20:00:00+00:00;0.18;;
966771;unknown;control;2023-09-26 20:15:00+00:00;0.171;;
966771;unknown;control;2023-09-26 20:30:00+00:00;0.138;;
966771;unknown;control;2023-09-26 20:45:00+00:00;0.102;;
966771;unknown;control;2023-09-26 21:00:00+00:00;0.093;;
966771;unknown;control;2023-09-26 21:15:00+00:00;0.096;;
966771;unknown;control;2023-09-26 21:30:00+00:00;0.1;;
966771;unknown;control;2023-09-26 21:45:00+00:00;0.101;;
966771;unknown;control;2023-09-26 22:00:00+00:00;0.095;;
966771;unknown;control;2023-09-26 22:15:00+00:00;0.091;;
966771;unknown;control;2023-09-26 22:30:00+00:00;0.088;;
966771;unknown;control;2023-09-26 22:45:00+00:00;0.097;;
966771;unknown;control;2023-09-26 23:00:00+00:00;0.092;;
966771;unknown;control;2023-09-26 23:15:00+00:00;0.086;;
966771;unknown;control;2023-09-26 23:30:00+00:00;1.374;;
966771;unknown;control;2023-09-26 23:45:00+00:00;1.293;;
966771;unknown;control;2023-09-27 00:00:00+00:00;1.3;;
966771;unknown;control;2023-09-27 00:15:00+00:00;1.262;;
966771;unknown;control;2023-09-27 00:30:00+00:00;0.089;;
966771;unknown;control;2023-09-27 00:45:00+00:00;0.094;;
966771;unknown;control;2023-09-27 01:00:00+00:00;0.094;;
966771;unknown;control;2023-09-27 01:15:00+00:00;0.086;;
966771;unknown;control;2023-09-27 01:30:00+00:00;0.095;;
966771;unknown;control;2023-09-27 01:45:00+00:00;0.095;;
966771;unknown;control;2023-09-27 02:00:00+00:00;0.083;;
966771;unknown;control;2023-09-27 02:15:00+00:00;0.09;;
966771;unknown;control;2023-09-27 02:30:00+00:00;0.091;;
966771;unknown;control;2023-09-27 02:45:00+00:00;0.088;;
966771;unknown;control;2023-09-27 03:00:00+00:00;0.094;;
966771;unknown;control;2023-09-27 03:15:00+00:00;0.092;;
966771;unknown;control;2023-09-27 03:30:00+00:00;0.091;;
966771;unknown;control;2023-09-27 03:45:00+00:00;0.109;;
966771;unknown;control;2023-09-27 04:00:00+00:00;0.099;;
966771;unknown;control;2023-09-27 04:15:00+00:00;0.093;;
966771;unknown;control;2023-09-27 04:30:00+00:00;0.1;;
966771;unknown;control;2023-09-27 04:45:00+00:00;0.091;;
966771;unknown;control;2023-09-27 05:00:00+00:00;0.1;;
966771;unknown;control;2023-09-27 05:15:00+00:00;0.112;;
966771;unknown;control;2023-09-27 05:30:00+00:00;0.087;;
966771;unknown;control;2023-09-27 05:45:00+00:00;0.088;;
966771;unknown;control;2023-09-27 06:00:00+00:00;0.087;;
966771;unknown;control;2023-09-27 06:15:00+00:00;0.107;;
966771;unknown;control;2023-09-27 06:30:00+00:00;0.109;;
966771;unknown;control;2023-09-27 06:45:00+00:00;0.098;;
966771;unknown;control;2023-09-27 07:00:00+00:00;0.099;;
966771;unknown;control;2023-09-27 07:15:00+00:00;0.102;;
966771;unknown;control;2023-09-27 07:30:00+00:00;0.099;;
966771;unknown;control;2023-09-27 07:45:00+00:00;0.093;;
966771;unknown;control;2023-09-27 08:00:00+00:00;0.1;;
966771;unknown;control;2023-09-27 08:15:00+00:00;0.129;;
966771;unknown;control;2023-09-27 08:30:00+00:00;0.096;;
966771;unknown;control;2023-09-27 08:45:00+00:00;0.101;;
966771;unknown;control;2023-09-27 09:00:00+00:00;0.093;;
966771;unknown;control;2023-09-27 09:15:00+00:00;0.095;;
966771;unknown;control;2023-09-27 09:30:00+00:00;0.096;;
966771;unknown;control;2023-09-27 09:45:00+00:00;0.093;;
966771;unknown;control;2023-09-27 10:00:00+00:00;0.099;;
966771;unknown;control;2023-09-27 10:15:00+00:00;0.096;;
966771;unknown;control;2023-09-27 10:30:00+00:00;0.149;;
966771;unknown;control;2023-09-27 10:45:00+00:00;0.181;;
966771;unknown;control;2023-09-27 11:00:00+00:00;0.108;;
966771;unknown;control;2023-09-27 11:15:00+00:00;0.104;;
966771;unknown;control;2023-09-27 11:30:00+00:00;0.101;;
966771;unknown;control;2023-09-27 11:45:00+00:00;0.092;;
966771;unknown;control;2023-09-27 12:00:00+00:00;0.097;;
966771;unknown;control;2023-09-27 12:15:00+00:00;0.117;;
966771;unknown;control;2023-09-27 12:30:00+00:00;0.088;;
966771;unknown;control;2023-09-27 12:45:00+00:00;0.088;;
966771;unknown;control;2023-09-27 13:00:00+00:00;0.097;;
966771;unknown;control;2023-09-27 13:15:00+00:00;0.09;;
966771;unknown;control;2023-09-27 13:30:00+00:00;0.095;;
966771;unknown;control;2023-09-27 13:45:00+00:00;0.094;;
966771;unknown;control;2023-09-27 14:00:00+00:00;0.091;;
966771;unknown;control;2023-09-27 14:15:00+00:00;0.094;;
966771;unknown;control;2023-09-27 14:30:00+00:00;0.093;;
966771;unknown;control;2023-09-27 14:45:00+00:00;0.085;;
966771;unknown;control;2023-09-27 15:00:00+00:00;0.099;;
966771;unknown;control;2023-09-27 15:15:00+00:00;0.092;;
966771;unknown;control;2023-09-27 15:30:00+00:00;0.081;;
966771;unknown;control;2023-09-27 15:45:00+00:00;0.091;;
966771;unknown;control;2023-09-27 16:00:00+00:00;0.094;;
966771;unknown;control;2023-09-27 16:15:00+00:00;0.091;;
966771;unknown;control;2023-09-27 16:30:00+00:00;0.091;;
966771;unknown;control;2023-09-27 16:45:00+00:00;0.089;;
966771;unknown;control;2023-09-27 17:00:00+00:00;0.094;;
966771;unknown;control;2023-09-27 17:15:00+00:00;0.096;;
966771;unknown;control;2023-09-27 17:30:00+00:00;0.092;;
966771;unknown;control;2023-09-27 17:45:00+00:00;0.1;;
966771;unknown;control;2023-09-27 18:00:00+00:00;0.11;;
966771;unknown;control;2023-09-27 18:15:00+00:00;0.137;;
966771;unknown;control;2023-09-27 18:30:00+00:00;0.144;;
966771;unknown;control;2023-09-27 18:45:00+00:00;0.139;;
966771;unknown;control;2023-09-27 19:00:00+00:00;0.136;;
966771;unknown;control;2023-09-27 19:15:00+00:00;0.144;;
966771;unknown;control;2023-09-27 19:30:00+00:00;0.144;;
966771;unknown;control;2023-09-27 19:45:00+00:00;0.14;;
966771;unknown;control;2023-09-27 20:00:00+00:00;0.128;;
966771;unknown;control;2023-09-27 20:15:00+00:00;0.144;;
966771;unknown;control;2023-09-27 20:30:00+00:00;0.103;;
966771;unknown;control;2023-09-27 20:45:00+00:00;0.102;;
966771;unknown;control;2023-09-27 21:00:00+00:00;0.103;;
966771;unknown;control;2023-09-27 21:15:00+00:00;0.1;;
966771;unknown;control;2023-09-27 21:30:00+00:00;0.084;;
966771;unknown;control;2023-09-27 21:45:00+00:00;0.091;;
966771;unknown;control;2023-09-27 22:00:00+00:00;0.107;;
966771;unknown;control;2023-09-27 22:15:00+00:00;0.092;;
966771;unknown;control;2023-09-27 22:30:00+00:00;0.095;;
966771;unknown;control;2023-09-27 22:45:00+00:00;0.094;;
966771;unknown;control;2023-09-27 23:00:00+00:00;0.085;;
966771;unknown;control;2023-09-27 23:15:00+00:00;0.096;;
966771;unknown;control;2023-09-27 23:30:00+00:00;1.341;;
966771;unknown;control;2023-09-27 23:45:00+00:00;1.272;;
966771;unknown;control;2023-09-28 00:00:00+00:00;1.307;;
966771;unknown;control;2023-09-28 00:15:00+00:00;0.426;;
966771;unknown;control;2023-09-28 00:30:00+00:00;0.09;;
966771;unknown;control;2023-09-28 00:45:00+00:00;0.091;;
966771;unknown;control;2023-09-28 01:00:00+00:00;0.086;;
966771;unknown;control;2023-09-28 01:15:00+00:00;0.109;;
966771;unknown;control;2023-09-28 01:30:00+00:00;0.1;;
966771;unknown;control;2023-09-28 01:45:00+00:00;0.089;;
966771;unknown;control;2023-09-28 02:00:00+00:00;0.092;;
966771;unknown;control;2023-09-28 02:15:00+00:00;0.094;;
966771;unknown;control;2023-09-28 02:30:00+00:00;0.088;;
966771;unknown;control;2023-09-28 02:45:00+00:00;0.095;;
966771;unknown;control;2023-09-28 03:00:00+00:00;0.088;;
966771;unknown;control;2023-09-28 03:15:00+00:00;0.081;;
966771;unknown;control;2023-09-28 03:30:00+00:00;0.094;;
966771;unknown;control;2023-09-28 03:45:00+00:00;0.093;;
966771;unknown;control;2023-09-28 04:00:00+00:00;0.109;;
966771;unknown;control;2023-09-28 04:15:00+00:00;0.113;;
966771;unknown;control;2023-09-28 04:30:00+00:00;0.109;;
966771;unknown;control;2023-09-28 04:45:00+00:00;0.114;;
966771;unknown;control;2023-09-28 05:00:00+00:00;0.114;;
966771;unknown;control;2023-09-28 05:15:00+00:00;0.416;;
966771;unknown;control;2023-09-28 05:30:00+00:00;0.144;;
966771;unknown;control;2023-09-28 05:45:00+00:00;0.143;;
966771;unknown;control;2023-09-28 06:00:00+00:00;0.126;;
966771;unknown;control;2023-09-28 06:15:00+00:00;0.139;;
966771;unknown;control;2023-09-28 06:30:00+00:00;0.09;;
966771;unknown;control;2023-09-28 06:45:00+00:00;0.085;;
966771;unknown;control;2023-09-28 07:00:00+00:00;0.117;;
966771;unknown;control;2023-09-28 07:15:00+00:00;0.096;;
966771;unknown;control;2023-09-28 07:30:00+00:00;0.094;;
966771;unknown;control;2023-09-28 07:45:00+00:00;0.113;;
966771;unknown;control;2023-09-28 08:00:00+00:00;0.096;;
966771;unknown;control;2023-09-28 08:15:00+00:00;0.099;;
966771;unknown;control;2023-09-28 08:30:00+00:00;0.1;;
966771;unknown;control;2023-09-28 08:45:00+00:00;0.088;;
966771;unknown;control;2023-09-28 09:00:00+00:00;0.099;;
966771;unknown;control;2023-09-28 09:15:00+00:00;0.096;;
966771;unknown;control;2023-09-28 09:30:00+00:00;0.091;;
966771;unknown;control;2023-09-28 09:45:00+00:00;0.291;;
966771;unknown;control;2023-09-28 10:00:00+00:00;0.095;;
966771;unknown;control;2023-09-28 10:15:00+00:00;0.097;;
966771;unknown;control;2023-09-28 10:30:00+00:00;0.101;;
966771;unknown;control;2023-09-28 10:45:00+00:00;0.11;;
966771;unknown;control;2023-09-28 11:00:00+00:00;0.093;;
966771;unknown;control;2023-09-28 11:15:00+00:00;0.095;;
966771;unknown;control;2023-09-28 11:30:00+00:00;0.089;;
966771;unknown;control;2023-09-28 11:45:00+00:00;0.094;;
966771;unknown;control;2023-09-28 12:00:00+00:00;0.09;;
966771;unknown;control;2023-09-28 12:15:00+00:00;0.099;;
966771;unknown;control;2023-09-28 12:30:00+00:00;0.117;;
966771;unknown;control;2023-09-28 12:45:00+00:00;0.116;;
966771;unknown;control;2023-09-28 13:00:00+00:00;0.108;;
966771;unknown;control;2023-09-28 13:15:00+00:00;0.11;;
966771;unknown;control;2023-09-28 13:30:00+00:00;0.094;;
966771;unknown;control;2023-09-28 13:45:00+00:00;0.127;;
966771;unknown;control;2023-09-28 14:00:00+00:00;0.092;;
966771;unknown;control;2023-09-28 14:15:00+00:00;0.092;;
966771;unknown;control;2023-09-28 14:30:00+00:00;0.101;;
966771;unknown;control;2023-09-28 14:45:00+00:00;0.092;;
966771;unknown;control;2023-09-28 15:00:00+00:00;0.086;;
966771;unknown;control;2023-09-28 15:15:00+00:00;0.098;;
966771;unknown;control;2023-09-28 15:30:00+00:00;0.092;;
966771;unknown;control;2023-09-28 15:45:00+00:00;0.09;;
966771;unknown;control;2023-09-28 16:00:00+00:00;0.094;;
966771;unknown;control;2023-09-28 16:15:00+00:00;0.088;;
966771;unknown;control;2023-09-28 16:30:00+00:00;0.095;;
966771;unknown;control;2023-09-28 16:45:00+00:00;0.093;;
966771;unknown;control;2023-09-28 17:00:00+00:00;0.083;;
966771;unknown;control;2023-09-28 17:15:00+00:00;0.095;;
966771;unknown;control;2023-09-28 17:30:00+00:00;0.103;;
966771;unknown;control;2023-09-28 17:45:00+00:00;0.272;;
966771;unknown;control;2023-09-28 18:00:00+00:00;0.132;;
966771;unknown;control;2023-09-28 18:15:00+00:00;0.119;;
966771;unknown;control;2023-09-28 18:30:00+00:00;0.159;;
966771;unknown;control;2023-09-28 18:45:00+00:00;0.151;;
966771;unknown;control;2023-09-28 19:00:00+00:00;0.141;;
966771;unknown;control;2023-09-28 19:15:00+00:00;0.142;;
966771;unknown;control;2023-09-28 19:30:00+00:00;0.14;;
966771;unknown;control;2023-09-28 19:45:00+00:00;0.137;;
966771;unknown;control;2023-09-28 20:00:00+00:00;0.139;;
966771;unknown;control;2023-09-28 20:15:00+00:00;0.14;;
966771;unknown;control;2023-09-28 20:30:00+00:00;0.326;;
966771;unknown;control;2023-09-28 20:45:00+00:00;0.439;;
966771;unknown;control;2023-09-28 21:00:00+00:00;0.106;;
966771;unknown;control;2023-09-28 21:15:00+00:00;0.149;;
966771;unknown;control;2023-09-28 21:30:00+00:00;0.411;;
966771;unknown;control;2023-09-28 21:45:00+00:00;0.094;;
966771;unknown;control;2023-09-28 22:00:00+00:00;0.098;;
966771;unknown;control;2023-09-28 22:15:00+00:00;0.106;;
966771;unknown;control;2023-09-28 22:30:00+00:00;0.089;;
966771;unknown;control;2023-09-28 22:45:00+00:00;0.087;;
966771;unknown;control;2023-09-28 23:00:00+00:00;0.095;;
966771;unknown;control;2023-09-28 23:15:00+00:00;0.088;;
966771;unknown;control;2023-09-28 23:30:00+00:00;1.319;;
966771;unknown;control;2023-09-28 23:45:00+00:00;1.282;;
966771;unknown;control;2023-09-29 00:00:00+00:00;1.297;;
966771;unknown;control;2023-09-29 00:15:00+00:00;1.311;;
966771;unknown;control;2023-09-29 00:30:00+00:00;1.306;;
966771;unknown;control;2023-09-29 00:45:00+00:00;0.894;;
966771;unknown;control;2023-09-29 01:00:00+00:00;0.095;;
966771;unknown;control;2023-09-29 01:15:00+00:00;0.086;;
966771;unknown;control;2023-09-29 01:30:00+00:00;0.091;;
966771;unknown;control;2023-09-29 01:45:00+00:00;0.094;;
966771;unknown;control;2023-09-29 02:00:00+00:00;0.092;;
966771;unknown;control;2023-09-29 02:15:00+00:00;0.099;;
966771;unknown;control;2023-09-29 02:30:00+00:00;0.092;;
966771;unknown;control;2023-09-29 02:45:00+00:00;0.086;;
966771;unknown;control;2023-09-29 03:00:00+00:00;0.099;;
966771;unknown;control;2023-09-29 03:15:00+00:00;0.092;;
966771;unknown;control;2023-09-29 03:30:00+00:00;0.097;;
966771;unknown;control;2023-09-29 03:45:00+00:00;0.094;;
966771;unknown;control;2023-09-29 04:00:00+00:00;0.091;;
966771;unknown;control;2023-09-29 04:15:00+00:00;0.094;;
966771;unknown;control;2023-09-29 04:30:00+00:00;0.095;;
966771;unknown;control;2023-09-29 04:45:00+00:00;0.086;;
966771;unknown;control;2023-09-29 05:00:00+00:00;0.098;;
966771;unknown;control;2023-09-29 05:15:00+00:00;0.111;;
966771;unknown;control;2023-09-29 05:30:00+00:00;0.081;;
966771;unknown;control;2023-09-29 05:45:00+00:00;0.09;;
966771;unknown;control;2023-09-29 06:00:00+00:00;0.089;;
966771;unknown;control;2023-09-29 06:15:00+00:00;0.084;;
966771;unknown;control;2023-09-29 06:30:00+00:00;0.088;;
966771;unknown;control;2023-09-29 06:45:00+00:00;0.083;;
966771;unknown;control;2023-09-29 07:00:00+00:00;0.094;;
966771;unknown;control;2023-09-29 07:15:00+00:00;0.097;;
966771;unknown;control;2023-09-29 07:30:00+00:00;0.085;;
966771;unknown;control;2023-09-29 07:45:00+00:00;0.092;;
966771;unknown;control;2023-09-29 08:00:00+00:00;0.098;;
966771;unknown;control;2023-09-29 08:15:00+00:00;0.089;;
966771;unknown;control;2023-09-29 08:30:00+00:00;0.094;;
966771;unknown;control;2023-09-29 08:45:00+00:00;0.091;;
966771;unknown;control;2023-09-29 09:00:00+00:00;0.091;;
966771;unknown;control;2023-09-29 09:15:00+00:00;0.099;;
966771;unknown;control;2023-09-29 09:30:00+00:00;0.086;;
966771;unknown;control;2023-09-29 09:45:00+00:00;0.089;;
966771;unknown;control;2023-09-29 10:00:00+00:00;0.1;;
966771;unknown;control;2023-09-29 10:15:00+00:00;0.091;;
966771;unknown;control;2023-09-29 10:30:00+00:00;0.091;;
966771;unknown;control;2023-09-29 10:45:00+00:00;0.095;;
966771;unknown;control;2023-09-29 11:00:00+00:00;0.09;;
966771;unknown;control;2023-09-29 11:15:00+00:00;0.098;;
966771;unknown;control;2023-09-29 11:30:00+00:00;0.093;;
966771;unknown;control;2023-09-29 11:45:00+00:00;0.086;;
966771;unknown;control;2023-09-29 12:00:00+00:00;0.1;;
966771;unknown;control;2023-09-29 12:15:00+00:00;0.096;;
966771;unknown;control;2023-09-29 12:30:00+00:00;0.088;;
966771;unknown;control;2023-09-29 12:45:00+00:00;0.095;;
966771;unknown;control;2023-09-29 13:00:00+00:00;0.092;;
966771;unknown;control;2023-09-29 13:15:00+00:00;0.094;;
966771;unknown;control;2023-09-29 13:30:00+00:00;0.095;;
966771;unknown;control;2023-09-29 13:45:00+00:00;0.085;;
966771;unknown;control;2023-09-29 14:00:00+00:00;0.097;;
966771;unknown;control;2023-09-29 14:15:00+00:00;0.098;;
966771;unknown;control;2023-09-29 14:30:00+00:00;0.085;;
966771;unknown;control;2023-09-29 14:45:00+00:00;0.089;;
966771;unknown;control;2023-09-29 15:00:00+00:00;0.092;;
966771;unknown;control;2023-09-29 15:15:00+00:00;0.091;;
966771;unknown;control;2023-09-29 15:30:00+00:00;0.096;;
966771;unknown;control;2023-09-29 15:45:00+00:00;0.085;;
966771;unknown;control;2023-09-29 16:00:00+00:00;0.087;;
966771;unknown;control;2023-09-29 16:15:00+00:00;0.095;;
966771;unknown;control;2023-09-29 16:30:00+00:00;0.083;;
966771;unknown;control;2023-09-29 16:45:00+00:00;0.087;;
966771;unknown;control;2023-09-29 17:00:00+00:00;0.099;;
966771;unknown;control;2023-09-29 17:15:00+00:00;0.092;;
966771;unknown;control;2023-09-29 17:30:00+00:00;0.101;;
966771;unknown;control;2023-09-29 17:45:00+00:00;0.099;;
966771;unknown;control;2023-09-29 18:00:00+00:00;0.1;;
966771;unknown;control;2023-09-29 18:15:00+00:00;0.11;;
966771;unknown;control;2023-09-29 18:30:00+00:00;0.098;;
966771;unknown;control;2023-09-29 18:45:00+00:00;0.093;;
966771;unknown;control;2023-09-29 19:00:00+00:00;0.102;;
966771;unknown;control;2023-09-29 19:15:00+00:00;0.099;;
966771;unknown;control;2023-09-29 19:30:00+00:00;0.096;;
966771;unknown;control;2023-09-29 19:45:00+00:00;0.11;;
966771;unknown;control;2023-09-29 20:00:00+00:00;0.11;;
966771;unknown;control;2023-09-29 20:15:00+00:00;0.138;;
966771;unknown;control;2023-09-29 20:30:00+00:00;0.108;;
966771;unknown;control;2023-09-29 20:45:00+00:00;0.092;;
966771;unknown;control;2023-09-29 21:00:00+00:00;0.096;;
966771;unknown;control;2023-09-29 21:15:00+00:00;0.089;;
966771;unknown;control;2023-09-29 21:30:00+00:00;0.081;;
966771;unknown;control;2023-09-29 21:45:00+00:00;0.09;;
966771;unknown;control;2023-09-29 22:00:00+00:00;0.086;;
966771;unknown;control;2023-09-29 22:15:00+00:00;0.08;;
966771;unknown;control;2023-09-29 22:30:00+00:00;0.092;;
966771;unknown;control;2023-09-29 22:45:00+00:00;0.086;;
966771;unknown;control;2023-09-29 23:00:00+00:00;0.087;;
966771;unknown;control;2023-09-29 23:15:00+00:00;0.091;;
966771;unknown;control;2023-09-29 23:30:00+00:00;1.353;;
966771;unknown;control;2023-09-29 23:45:00+00:00;1.309;;
966771;unknown;control;2023-09-30 00:00:00+00:00;1.328;;
966771;unknown;control;2023-09-30 00:15:00+00:00;0.415;;
966771;unknown;control;2023-09-30 00:30:00+00:00;0.089;;
966771;unknown;control;2023-09-30 00:45:00+00:00;0.095;;
966771;unknown;control;2023-09-30 01:00:00+00:00;0.103;;
966771;unknown;control;2023-09-30 01:15:00+00:00;0.089;;
966771;unknown;control;2023-09-30 01:30:00+00:00;0.084;;
966771;unknown;control;2023-09-30 01:45:00+00:00;0.086;;
966771;unknown;control;2023-09-30 02:00:00+00:00;0.096;;
966771;unknown;control;2023-09-30 02:15:00+00:00;0.085;;
966771;unknown;control;2023-09-30 02:30:00+00:00;0.085;;
966771;unknown;control;2023-09-30 02:45:00+00:00;0.096;;
966771;unknown;control;2023-09-30 03:00:00+00:00;0.088;;
966771;unknown;control;2023-09-30 03:15:00+00:00;0.083;;
966771;unknown;control;2023-09-30 03:30:00+00:00;0.085;;
966771;unknown;control;2023-09-30 03:45:00+00:00;0.084;;
966771;unknown;control;2023-09-30 04:00:00+00:00;0.093;;
966771;unknown;control;2023-09-30 04:15:00+00:00;0.089;;
966771;unknown;control;2023-09-30 04:30:00+00:00;0.077;;
966771;unknown;control;2023-09-30 04:45:00+00:00;0.088;;
966771;unknown;control;2023-09-30 05:00:00+00:00;0.109;;
966771;unknown;control;2023-09-30 05:15:00+00:00;0.085;;
966771;unknown;control;2023-09-30 05:30:00+00:00;0.091;;
966771;unknown;control;2023-09-30 05:45:00+00:00;0.107;;
966771;unknown;control;2023-09-30 06:00:00+00:00;0.089;;
966771;unknown;control;2023-09-30 06:15:00+00:00;0.095;;
966771;unknown;control;2023-09-30 06:30:00+00:00;0.101;;
966771;unknown;control;2023-09-30 06:45:00+00:00;0.086;;
966771;unknown;control;2023-09-30 07:00:00+00:00;0.094;;
966771;unknown;control;2023-09-30 07:15:00+00:00;0.088;;
966771;unknown;control;2023-09-30 07:30:00+00:00;0.097;;
966771;unknown;control;2023-09-30 07:45:00+00:00;0.092;;
966771;unknown;control;2023-09-30 08:00:00+00:00;0.084;;
966771;unknown;control;2023-09-30 08:15:00+00:00;0.099;;
966771;unknown;control;2023-09-30 08:30:00+00:00;0.096;;
966771;unknown;control;2023-09-30 08:45:00+00:00;0.086;;
966771;unknown;control;2023-09-30 09:00:00+00:00;0.096;;
966771;unknown;control;2023-09-30 09:15:00+00:00;0.094;;
966771;unknown;control;2023-09-30 09:30:00+00:00;0.091;;
966771;unknown;control;2023-09-30 09:45:00+00:00;0.095;;
966771;unknown;control;2023-09-30 10:00:00+00:00;0.089;;
966771;unknown;control;2023-09-30 10:15:00+00:00;0.092;;
966771;unknown;control;2023-09-30 10:30:00+00:00;0.092;;
966771;unknown;control;2023-09-30 10:45:00+00:00;0.083;;
966771;unknown;control;2023-09-30 11:00:00+00:00;0.096;;
966771;unknown;control;2023-09-30 11:15:00+00:00;0.098;;
966771;unknown;control;2023-09-30 11:30:00+00:00;0.085;;
966771;unknown;control;2023-09-30 11:45:00+00:00;0.09;;
966771;unknown;control;2023-09-30 12:00:00+00:00;0.094;;
966771;unknown;control;2023-09-30 12:15:00+00:00;0.091;;
966771;unknown;control;2023-09-30 12:30:00+00:00;0.091;;
966771;unknown;control;2023-09-30 12:45:00+00:00;0.087;;
966771;unknown;control;2023-09-30 13:00:00+00:00;0.093;;
966771;unknown;control;2023-09-30 13:15:00+00:00;0.098;;
966771;unknown;control;2023-09-30 13:30:00+00:00;0.088;;
966771;unknown;control;2023-09-30 13:45:00+00:00;0.087;;
966771;unknown;control;2023-09-30 14:00:00+00:00;0.098;;
966771;unknown;control;2023-09-30 14:15:00+00:00;0.089;;
966771;unknown;control;2023-09-30 14:30:00+00:00;0.089;;
966771;unknown;control;2023-09-30 14:45:00+00:00;0.092;;
966771;unknown;control;2023-09-30 15:00:00+00:00;0.091;;
966771;unknown;control;2023-09-30 15:15:00+00:00;0.094;;
966771;unknown;control;2023-09-30 15:30:00+00:00;0.088;;
966771;unknown;control;2023-09-30 15:45:00+00:00;0.084;;
966771;unknown;control;2023-09-30 16:00:00+00:00;0.095;;
966771;unknown;control;2023-09-30 16:15:00+00:00;0.085;;
966771;unknown;control;2023-09-30 16:30:00+00:00;0.083;;
966771;unknown;control;2023-09-30 16:45:00+00:00;0.094;;
966771;unknown;control;2023-09-30 17:00:00+00:00;0.087;;
966771;unknown;control;2023-09-30 17:15:00+00:00;0.086;;
966771;unknown;control;2023-09-30 17:30:00+00:00;0.108;;
966771;unknown;control;2023-09-30 17:45:00+00:00;0.102;;
966771;unknown;control;2023-09-30 18:00:00+00:00;0.102;;
966771;unknown;control;2023-09-30 18:15:00+00:00;0.105;;
966771;unknown;control;2023-09-30 18:30:00+00:00;0.1;;
966771;unknown;control;2023-09-30 18:45:00+00:00;0.103;;
966771;unknown;control;2023-09-30 19:00:00+00:00;0.104;;
966771;unknown;control;2023-09-30 19:15:00+00:00;0.095;;
966771;unknown;control;2023-09-30 19:30:00+00:00;0.103;;
966771;unknown;control;2023-09-30 19:45:00+00:00;0.101;;
966771;unknown;control;2023-09-30 20:00:00+00:00;0.083;;
966771;unknown;control;2023-09-30 20:15:00+00:00;0.091;;
966771;unknown;control;2023-09-30 20:30:00+00:00;0.09;;
966771;unknown;control;2023-09-30 20:45:00+00:00;0.085;;
966771;unknown;control;2023-09-30 21:00:00+00:00;0.09;;
966771;unknown;control;2023-09-30 21:15:00+00:00;0.086;;
966771;unknown;control;2023-09-30 21:30:00+00:00;0.094;;
966771;unknown;control;2023-09-30 21:45:00+00:00;0.094;;
966771;unknown;control;2023-09-30 22:00:00+00:00;0.081;;
966771;unknown;control;2023-09-30 22:15:00+00:00;0.086;;
966771;unknown;control;2023-09-30 22:30:00+00:00;0.089;;
966771;unknown;control;2023-09-30 22:45:00+00:00;0.077;;
966771;unknown;control;2023-09-30 23:00:00+00:00;0.086;;
966771;unknown;control;2023-09-30 23:15:00+00:00;0.094;;
966771;unknown;control;2023-09-30 23:30:00+00:00;1.335;;
966771;unknown;control;2023-09-30 23:45:00+00:00;1.294;;
966771;unknown;control;2023-10-01 00:00:00+00:00;1.303;;
966771;unknown;control;2023-10-01 00:15:00+00:00;1.314;;
966771;unknown;control;2023-10-01 00:30:00+00:00;0.479;;
966771;unknown;control;2023-10-01 00:45:00+00:00;0.141;;
966771;unknown;control;2023-10-01 01:00:00+00:00;0.112;;
966771;unknown;control;2023-10-01 01:15:00+00:00;0.103;;
966771;unknown;control;2023-10-01 01:30:00+00:00;0.104;;
966771;unknown;control;2023-10-01 01:45:00+00:00;0.097;;
966771;unknown;control;2023-10-01 02:00:00+00:00;0.088;;
966771;unknown;control;2023-10-01 02:15:00+00:00;0.089;;
966771;unknown;control;2023-10-01 02:30:00+00:00;0.093;;
966771;unknown;control;2023-10-01 02:45:00+00:00;0.086;;
966771;unknown;control;2023-10-01 03:00:00+00:00;0.085;;
966771;unknown;control;2023-10-01 03:15:00+00:00;0.095;;
966771;unknown;control;2023-10-01 03:30:00+00:00;0.085;;
966771;unknown;control;2023-10-01 03:45:00+00:00;0.083;;
966771;unknown;control;2023-10-01 04:00:00+00:00;0.094;;
966771;unknown;control;2023-10-01 04:15:00+00:00;0.086;;
966771;unknown;control;2023-10-01 04:30:00+00:00;0.086;;
966771;unknown;control;2023-10-01 04:45:00+00:00;0.091;;
966771;unknown;control;2023-10-01 05:00:00+00:00;0.086;;
966771;unknown;control;2023-10-01 05:15:00+00:00;0.091;;
966771;unknown;control;2023-10-01 05:30:00+00:00;0.086;;
966771;unknown;control;2023-10-01 05:45:00+00:00;0.081;;
966771;unknown;control;2023-10-01 06:00:00+00:00;0.095;;
966771;unknown;control;2023-10-01 06:15:00+00:00;0.086;;
966771;unknown;control;2023-10-01 06:30:00+00:00;0.084;;
966771;unknown;control;2023-10-01 06:45:00+00:00;0.091;;
966771;unknown;control;2023-10-01 07:00:00+00:00;0.093;;
966771;unknown;control;2023-10-01 07:15:00+00:00;0.091;;
966771;unknown;control;2023-10-01 07:30:00+00:00;0.095;;
966771;unknown;control;2023-10-01 07:45:00+00:00;0.088;;
966771;unknown;control;2023-10-01 08:00:00+00:00;0.097;;
966771;unknown;control;2023-10-01 08:15:00+00:00;0.094;;
966771;unknown;control;2023-10-01 08:30:00+00:00;0.085;;
966771;unknown;control;2023-10-01 08:45:00+00:00;0.097;;
966771;unknown;control;2023-10-01 09:00:00+00:00;0.095;;
966771;unknown;control;2023-10-01 09:15:00+00:00;0.088;;
966771;unknown;control;2023-10-01 09:30:00+00:00;0.094;;
966771;unknown;control;2023-10-01 09:45:00+00:00;0.092;;
966771;unknown;control;2023-10-01 10:00:00+00:00;0.093;;
966771;unknown;control;2023-10-01 10:15:00+00:00;0.096;;
966771;unknown;control;2023-10-01 10:30:00+00:00;0.086;;
966771;unknown;control;2023-10-01 10:45:00+00:00;0.095;;
966771;unknown;control;2023-10-01 11:00:00+00:00;0.098;;
966771;unknown;control;2023-10-01 11:15:00+00:00;0.086;;
966771;unknown;control;2023-10-01 11:30:00+00:00;0.093;;
966771;unknown;control;2023-10-01 11:45:00+00:00;0.096;;
966771;unknown;control;2023-10-01 12:00:00+00:00;0.09;;
966771;unknown;control;2023-10-01 12:15:00+00:00;0.095;;
966771;unknown;control;2023-10-01 12:30:00+00:00;0.089;;
966771;unknown;control;2023-10-01 12:45:00+00:00;0.094;;
966771;unknown;control;2023-10-01 13:00:00+00:00;0.101;;
966771;unknown;control;2023-10-01 13:15:00+00:00;0.119;;
966771;unknown;control;2023-10-01 13:30:00+00:00;0.091;;
966771;unknown;control;2023-10-01 13:45:00+00:00;0.096;;
966771;unknown;control;2023-10-01 14:00:00+00:00;0.087;;
966771;unknown;control;2023-10-01 14:15:00+00:00;0.093;;
966771;unknown;control;2023-10-01 14:30:00+00:00;0.093;;
966771;unknown;control;2023-10-01 14:45:00+00:00;0.119;;
966771;unknown;control;2023-10-01 15:00:00+00:00;0.283;;
966771;unknown;control;2023-10-01 15:15:00+00:00;0.287;;
966771;unknown;control;2023-10-01 15:30:00+00:00;0.12;;
966771;unknown;control;2023-10-01 15:45:00+00:00;0.141;;
966771;unknown;control;2023-10-01 16:00:00+00:00;0.128;;
966771;unknown;control;2023-10-01 16:15:00+00:00;0.111;;
966771;unknown;control;2023-10-01 16:30:00+00:00;0.222;;
966771;unknown;control;2023-10-01 16:45:00+00:00;0.142;;
966771;unknown;control;2023-10-01 17:00:00+00:00;0.131;;
966771;unknown;control;2023-10-01 17:15:00+00:00;0.129;;
966771;unknown;control;2023-10-01 17:30:00+00:00;0.121;;
966771;unknown;control;2023-10-01 17:45:00+00:00;0.12;;
966771;unknown;control;2023-10-01 18:00:00+00:00;0.116;;
966771;unknown;control;2023-10-01 18:15:00+00:00;0.113;;
966771;unknown;control;2023-10-01 18:30:00+00:00;0.126;;
966771;unknown;control;2023-10-01 18:45:00+00:00;0.139;;
966771;unknown;control;2023-10-01 19:00:00+00:00;0.126;;
966771;unknown;control;2023-10-01 19:15:00+00:00;0.121;;
966771;unknown;control;2023-10-01 19:30:00+00:00;0.098;;
966771;unknown;control;2023-10-01 19:45:00+00:00;0.114;;
966771;unknown;control;2023-10-01 20:00:00+00:00;0.099;;
966771;unknown;control;2023-10-01 20:15:00+00:00;0.092;;
966771;unknown;control;2023-10-01 20:30:00+00:00;0.097;;
966771;unknown;control;2023-10-01 20:45:00+00:00;0.093;;
966771;unknown;control;2023-10-01 21:00:00+00:00;0.092;;
966771;unknown;control;2023-10-01 21:15:00+00:00;0.098;;
966771;unknown;control;2023-10-01 21:30:00+00:00;0.091;;
966771;unknown;control;2023-10-01 21:45:00+00:00;0.088;;
966771;unknown;control;2023-10-01 22:00:00+00:00;0.1;;
966771;unknown;control;2023-10-01 22:15:00+00:00;0.096;;
966771;unknown;control;2023-10-01 22:30:00+00:00;0.09;;
966771;unknown;control;2023-10-01 22:45:00+00:00;0.095;;
966771;unknown;control;2023-10-01 23:00:00+00:00;0.098;;
966771;unknown;control;2023-10-01 23:15:00+00:00;0.092;;
966771;unknown;control;2023-10-01 23:30:00+00:00;1.352;;
966771;unknown;control;2023-10-01 23:45:00+00:00;1.296;;
966771;unknown;control;2023-10-02 00:00:00+00:00;1.309;;
966771;unknown;control;2023-10-02 00:15:00+00:00;0.706;;
966771;unknown;control;2023-10-02 00:30:00+00:00;0.084;;
966771;unknown;control;2023-10-02 00:45:00+00:00;0.099;;
966771;unknown;control;2023-10-02 01:00:00+00:00;0.092;;
966771;unknown;control;2023-10-02 01:15:00+00:00;0.091;;
966771;unknown;control;2023-10-02 01:30:00+00:00;0.094;;
966771;unknown;control;2023-10-02 01:45:00+00:00;0.092;;
966771;unknown;control;2023-10-02 02:00:00+00:00;0.094;;
966771;unknown;control;2023-10-02 02:15:00+00:00;0.093;;
966771;unknown;control;2023-10-02 02:30:00+00:00;0.084;;
966771;unknown;control;2023-10-02 02:45:00+00:00;0.096;;
966771;unknown;control;2023-10-02 03:00:00+00:00;0.094;;
966771;unknown;control;2023-10-02 03:15:00+00:00;0.084;;
966771;unknown;control;2023-10-02 03:30:00+00:00;0.09;;
966771;unknown;control;2023-10-02 03:45:00+00:00;0.091;;
966771;unknown;control;2023-10-02 04:00:00+00:00;0.098;;
966771;unknown;control;2023-10-02 04:15:00+00:00;0.099;;
966771;unknown;control;2023-10-02 04:30:00+00:00;0.085;;
966771;unknown;control;2023-10-02 04:45:00+00:00;0.128;;
966771;unknown;control;2023-10-02 05:00:00+00:00;0.211;;
966771;unknown;control;2023-10-02 05:15:00+00:00;0.122;;
966771;unknown;control;2023-10-02 05:30:00+00:00;0.12;;
966771;unknown;control;2023-10-02 05:45:00+00:00;0.508;;
966771;unknown;control;2023-10-02 06:00:00+00:00;0.241;;
966771;unknown;control;2023-10-02 06:15:00+00:00;0.231;;
966771;unknown;control;2023-10-02 06:30:00+00:00;0.245;;
966771;unknown;control;2023-10-02 06:45:00+00:00;0.419;;
966771;unknown;control;2023-10-02 07:00:00+00:00;0.476;;
966771;unknown;control;2023-10-02 07:15:00+00:00;0.248;;
966771;unknown;control;2023-10-02 07:30:00+00:00;0.226;;
966771;unknown;control;2023-10-02 07:45:00+00:00;0.214;;
966771;unknown;control;2023-10-02 08:00:00+00:00;0.158;;
966771;unknown;control;2023-10-02 08:15:00+00:00;0.774;;
966771;unknown;control;2023-10-02 08:30:00+00:00;0.387;;
966771;unknown;control;2023-10-02 08:45:00+00:00;0.123;;
966771;unknown;control;2023-10-02 09:00:00+00:00;0.122;;
966771;unknown;control;2023-10-02 09:15:00+00:00;0.094;;
966771;unknown;control;2023-10-02 09:30:00+00:00;0.085;;
966771;unknown;control;2023-10-02 09:45:00+00:00;0.171;;
966771;unknown;control;2023-10-02 10:00:00+00:00;0.094;;
966771;unknown;control;2023-10-02 10:15:00+00:00;0.088;;
966771;unknown;control;2023-10-02 10:30:00+00:00;0.098;;
966771;unknown;control;2023-10-02 10:45:00+00:00;0.153;;
966771;unknown;control;2023-10-02 11:00:00+00:00;0.236;;
966771;unknown;control;2023-10-02 11:15:00+00:00;0.273;;
966771;unknown;control;2023-10-02 11:30:00+00:00;0.272;;
966771;unknown;control;2023-10-02 11:45:00+00:00;0.27;;
966771;unknown;control;2023-10-02 12:00:00+00:00;0.271;;
966771;unknown;control;2023-10-02 12:15:00+00:00;0.21;;
966771;unknown;control;2023-10-02 12:30:00+00:00;0.225;;
966771;unknown;control;2023-10-02 12:45:00+00:00;0.284;;
966771;unknown;control;2023-10-02 13:00:00+00:00;0.26;;
966771;unknown;control;2023-10-02 13:15:00+00:00;0.121;;
966771;unknown;control;2023-10-02 13:30:00+00:00;0.099;;
966771;unknown;control;2023-10-02 13:45:00+00:00;0.102;;
966771;unknown;control;2023-10-02 14:00:00+00:00;0.109;;
966771;unknown;control;2023-10-02 14:15:00+00:00;0.304;;
966771;unknown;control;2023-10-02 14:30:00+00:00;0.119;;
966771;unknown;control;2023-10-02 14:45:00+00:00;0.101;;
966771;unknown;control;2023-10-02 15:00:00+00:00;0.087;;
966771;unknown;control;2023-10-02 15:15:00+00:00;0.09;;
966771;unknown;control;2023-10-02 15:30:00+00:00;0.091;;
966771;unknown;control;2023-10-02 15:45:00+00:00;0.102;;
966771;unknown;control;2023-10-02 16:00:00+00:00;0.091;;
966771;unknown;control;2023-10-02 16:15:00+00:00;0.086;;
966771;unknown;control;2023-10-02 16:30:00+00:00;0.078;;
966771;unknown;control;2023-10-02 16:45:00+00:00;0.093;;
966771;unknown;control;2023-10-02 17:00:00+00:00;0.088;;
966771;unknown;control;2023-10-02 17:15:00+00:00;0.081;;
966771;unknown;control;2023-10-02 17:30:00+00:00;0.098;;
966771;unknown;control;2023-10-02 17:45:00+00:00;0.099;;
966771;unknown;control;2023-10-02 18:00:00+00:00;0.096;;
966771;unknown;control;2023-10-02 18:15:00+00:00;0.1;;
966771;unknown;control;2023-10-02 18:30:00+00:00;0.157;;
966771;unknown;control;2023-10-02 18:45:00+00:00;0.164;;
966771;unknown;control;2023-10-02 19:00:00+00:00;0.153;;
966771;unknown;control;2023-10-02 19:15:00+00:00;0.141;;
966771;unknown;control;2023-10-02 19:30:00+00:00;0.14;;
966771;unknown;control;2023-10-02 19:45:00+00:00;0.14;;
966771;unknown;control;2023-10-02 20:00:00+00:00;0.125;;
966771;unknown;control;2023-10-02 20:15:00+00:00;0.151;;
966771;unknown;control;2023-10-02 20:30:00+00:00;0.119;;
966771;unknown;control;2023-10-02 20:45:00+00:00;0.091;;
966771;unknown;control;2023-10-02 21:00:00+00:00;0.103;;
966771;unknown;control;2023-10-02 21:15:00+00:00;0.093;;
966771;unknown;control;2023-10-02 21:30:00+00:00;0.089;;
966771;unknown;control;2023-10-02 21:45:00+00:00;0.097;;
966771;unknown;control;2023-10-02 22:00:00+00:00;0.09;;
966771;unknown;control;2023-10-02 22:15:00+00:00;0.092;;
966771;unknown;control;2023-10-02 22:30:00+00:00;0.092;;
966771;unknown;control;2023-10-02 22:45:00+00:00;0.082;;
966771;unknown;control;2023-10-02 23:00:00+00:00;0.098;;
966771;unknown;control;2023-10-02 23:15:00+00:00;0.101;;
966771;unknown;control;2023-10-02 23:30:00+00:00;1.338;;
966771;unknown;control;2023-10-02 23:45:00+00:00;1.303;;
966771;unknown;control;2023-10-03 00:00:00+00:00;1.304;;
966771;unknown;control;2023-10-03 00:15:00+00:00;1.313;;
966771;unknown;control;2023-10-03 00:30:00+00:00;1.34;;
966771;unknown;control;2023-10-03 00:45:00+00:00;1.343;;
966771;unknown;control;2023-10-03 01:00:00+00:00;0.696;;
966771;unknown;control;2023-10-03 01:15:00+00:00;0.09;;
966771;unknown;control;2023-10-03 01:30:00+00:00;0.079;;
966771;unknown;control;2023-10-03 01:45:00+00:00;0.095;;
966771;unknown;control;2023-10-03 02:00:00+00:00;0.098;;
966771;unknown;control;2023-10-03 02:15:00+00:00;0.086;;
966771;unknown;control;2023-10-03 02:30:00+00:00;0.103;;
966771;unknown;control;2023-10-03 02:45:00+00:00;0.092;;
966771;unknown;control;2023-10-03 03:00:00+00:00;0.091;;
966771;unknown;control;2023-10-03 03:15:00+00:00;0.098;;
966771;unknown;control;2023-10-03 03:30:00+00:00;0.09;;
966771;unknown;control;2023-10-03 03:45:00+00:00;0.088;;
966771;unknown;control;2023-10-03 04:00:00+00:00;0.099;;
966771;unknown;control;2023-10-03 04:15:00+00:00;0.092;;
966771;unknown;control;2023-10-03 04:30:00+00:00;0.1;;
966771;unknown;control;2023-10-03 04:45:00+00:00;0.153;;
966771;unknown;control;2023-10-03 05:00:00+00:00;0.15;;
966771;unknown;control;2023-10-03 05:15:00+00:00;0.121;;
966771;unknown;control;2023-10-03 05:30:00+00:00;0.115;;
966771;unknown;control;2023-10-03 05:45:00+00:00;0.099;;
966771;unknown;control;2023-10-03 06:00:00+00:00;0.093;;
966771;unknown;control;2023-10-03 06:15:00+00:00;0.103;;
966771;unknown;control;2023-10-03 06:30:00+00:00;0.085;;
966771;unknown;control;2023-10-03 06:45:00+00:00;0.091;;
966771;unknown;control;2023-10-03 07:00:00+00:00;0.092;;
966771;unknown;control;2023-10-03 07:15:00+00:00;0.095;;
966771;unknown;control;2023-10-03 07:30:00+00:00;0.102;;
966771;unknown;control;2023-10-03 07:45:00+00:00;0.09;;
966771;unknown;control;2023-10-03 08:00:00+00:00;0.091;;
966771;unknown;control;2023-10-03 08:15:00+00:00;0.1;;
966771;unknown;control;2023-10-03 08:30:00+00:00;0.095;;
966771;unknown;control;2023-10-03 08:45:00+00:00;0.095;;
966771;unknown;control;2023-10-03 09:00:00+00:00;0.099;;
966771;unknown;control;2023-10-03 09:15:00+00:00;0.087;;
966771;unknown;control;2023-10-03 09:30:00+00:00;0.094;;
966771;unknown;control;2023-10-03 09:45:00+00:00;0.107;;
966771;unknown;control;2023-10-03 10:00:00+00:00;0.093;;
966771;unknown;control;2023-10-03 10:15:00+00:00;0.101;;
966771;unknown;control;2023-10-03 10:30:00+00:00;0.1;;
966771;unknown;control;2023-10-03 10:45:00+00:00;0.095;;
966771;unknown;control;2023-10-03 11:00:00+00:00;0.206;;
966771;unknown;control;2023-10-03 11:15:00+00:00;0.165;;
966771;unknown;control;2023-10-03 11:30:00+00:00;0.092;;
966771;unknown;control;2023-10-03 11:45:00+00:00;0.102;;
966771;unknown;control;2023-10-03 12:00:00+00:00;0.131;;
966771;unknown;control;2023-10-03 12:15:00+00:00;0.097;;
966771;unknown;control;2023-10-03 12:30:00+00:00;0.094;;
966771;unknown;control;2023-10-03 12:45:00+00:00;0.091;;
966771;unknown;control;2023-10-03 13:00:00+00:00;0.101;;
966771;unknown;control;2023-10-03 13:15:00+00:00;0.1;;
966771;unknown;control;2023-10-03 13:30:00+00:00;0.09;;
966771;unknown;control;2023-10-03 13:45:00+00:00;0.101;;
966771;unknown;control;2023-10-03 14:00:00+00:00;0.097;;
966771;unknown;control;2023-10-03 14:15:00+00:00;0.085;;
966771;unknown;control;2023-10-03 14:30:00+00:00;0.094;;
966771;unknown;control;2023-10-03 14:45:00+00:00;0.09;;
966771;unknown;control;2023-10-03 15:00:00+00:00;0.123;;
966771;unknown;control;2023-10-03 15:15:00+00:00;0.129;;
966771;unknown;control;2023-10-03 15:30:00+00:00;0.223;;
966771;unknown;control;2023-10-03 15:45:00+00:00;0.265;;
966771;unknown;control;2023-10-03 16:00:00+00:00;0.405;;
966771;unknown;control;2023-10-03 16:15:00+00:00;0.099;;
966771;unknown;control;2023-10-03 16:30:00+00:00;0.114;;
966771;unknown;control;2023-10-03 16:45:00+00:00;0.125;;
966771;unknown;control;2023-10-03 17:00:00+00:00;0.122;;
966771;unknown;control;2023-10-03 17:15:00+00:00;0.128;;
966771;unknown;control;2023-10-03 17:30:00+00:00;0.125;;
966771;unknown;control;2023-10-03 17:45:00+00:00;0.128;;
966771;unknown;control;2023-10-03 18:00:00+00:00;0.136;;
966771;unknown;control;2023-10-03 18:15:00+00:00;0.134;;
966771;unknown;control;2023-10-03 18:30:00+00:00;0.135;;
966771;unknown;control;2023-10-03 18:45:00+00:00;0.143;;
966771;unknown;control;2023-10-03 19:00:00+00:00;0.139;;
966771;unknown;control;2023-10-03 19:15:00+00:00;0.142;;
966771;unknown;control;2023-10-03 19:30:00+00:00;0.145;;
966771;unknown;control;2023-10-03 19:45:00+00:00;0.171;;
966771;unknown;control;2023-10-03 20:00:00+00:00;0.163;;
966771;unknown;control;2023-10-03 20:15:00+00:00;0.174;;
966771;unknown;control;2023-10-03 20:30:00+00:00;0.155;;
966771;unknown;control;2023-10-03 20:45:00+00:00;0.132;;
966771;unknown;control;2023-10-03 21:00:00+00:00;0.149;;
966771;unknown;control;2023-10-03 21:15:00+00:00;0.158;;
966771;unknown;control;2023-10-03 21:30:00+00:00;0.138;;
966771;unknown;control;2023-10-03 21:45:00+00:00;0.093;;
966771;unknown;control;2023-10-03 22:00:00+00:00;0.089;;
966771;unknown;control;2023-10-03 22:15:00+00:00;0.093;;
966771;unknown;control;2023-10-03 22:30:00+00:00;0.09;;
966771;unknown;control;2023-10-03 22:45:00+00:00;0.092;;
966771;unknown;control;2023-10-03 23:00:00+00:00;0.095;;
966771;unknown;control;2023-10-03 23:15:00+00:00;0.087;;
966771;unknown;control;2023-10-03 23:30:00+00:00;1.363;;
966771;unknown;control;2023-10-03 23:45:00+00:00;1.315;;
966771;unknown;control;2023-10-04 00:00:00+00:00;1.301;;
966771;unknown;control;2023-10-04 00:15:00+00:00;1.325;;
966771;unknown;control;2023-10-04 00:30:00+00:00;0.527;;
966771;unknown;control;2023-10-04 00:45:00+00:00;0.082;;
966771;unknown;control;2023-10-04 01:00:00+00:00;0.092;;
966771;unknown;control;2023-10-04 01:15:00+00:00;0.092;;
966771;unknown;control;2023-10-04 01:30:00+00:00;0.105;;
966771;unknown;control;2023-10-04 01:45:00+00:00;0.095;;
966771;unknown;control;2023-10-04 02:00:00+00:00;0.086;;
966771;unknown;control;2023-10-04 02:15:00+00:00;0.092;;
966771;unknown;control;2023-10-04 02:30:00+00:00;0.097;;
966771;unknown;control;2023-10-04 02:45:00+00:00;0.085;;
966771;unknown;control;2023-10-04 03:00:00+00:00;0.093;;
966771;unknown;control;2023-10-04 03:15:00+00:00;0.097;;
966771;unknown;control;2023-10-04 03:30:00+00:00;0.084;;
966771;unknown;control;2023-10-04 03:45:00+00:00;0.111;;
966771;unknown;control;2023-10-04 04:00:00+00:00;0.094;;
966771;unknown;control;2023-10-04 04:15:00+00:00;0.087;;
966771;unknown;control;2023-10-04 04:30:00+00:00;0.093;;
966771;unknown;control;2023-10-04 04:45:00+00:00;0.103;;
966771;unknown;control;2023-10-04 05:00:00+00:00;0.175;;
966771;unknown;control;2023-10-04 05:15:00+00:00;0.134;;
966771;unknown;control;2023-10-04 05:30:00+00:00;0.177;;
966771;unknown;control;2023-10-04 05:45:00+00:00;0.149;;
966771;unknown;control;2023-10-04 06:00:00+00:00;0.129;;
966771;unknown;control;2023-10-04 06:15:00+00:00;0.103;;
966771;unknown;control;2023-10-04 06:30:00+00:00;0.103;;
966771;unknown;control;2023-10-04 06:45:00+00:00;0.092;;
966771;unknown;control;2023-10-04 07:00:00+00:00;0.089;;
966771;unknown;control;2023-10-04 07:15:00+00:00;0.102;;
966771;unknown;control;2023-10-04 07:30:00+00:00;0.098;;
966771;unknown;control;2023-10-04 07:45:00+00:00;0.088;;
966771;unknown;control;2023-10-04 08:00:00+00:00;0.099;;
966771;unknown;control;2023-10-04 08:15:00+00:00;0.098;;
966771;unknown;control;2023-10-04 08:30:00+00:00;0.091;;
966771;unknown;control;2023-10-04 08:45:00+00:00;0.101;;
966771;unknown;control;2023-10-04 09:00:00+00:00;0.092;;
966771;unknown;control;2023-10-04 09:15:00+00:00;0.189;;
966771;unknown;control;2023-10-04 09:30:00+00:00;0.127;;
966771;unknown;control;2023-10-04 09:45:00+00:00;0.092;;
966771;unknown;control;2023-10-04 10:00:00+00:00;0.11;;
966771;unknown;control;2023-10-04 10:15:00+00:00;0.101;;
966771;unknown;control;2023-10-04 10:30:00+00:00;0.094;;
966771;unknown;control;2023-10-04 10:45:00+00:00;0.468;;
966771;unknown;control;2023-10-04 11:00:00+00:00;0.18;;
966771;unknown;control;2023-10-04 11:15:00+00:00;0.417;;
966771;unknown;control;2023-10-04 11:30:00+00:00;0.103;;
966771;unknown;control;2023-10-04 11:45:00+00:00;0.096;;
966771;unknown;control;2023-10-04 12:00:00+00:00;0.097;;
966771;unknown;control;2023-10-04 12:15:00+00:00;0.104;;
966771;unknown;control;2023-10-04 12:30:00+00:00;0.092;;
966771;unknown;control;2023-10-04 12:45:00+00:00;0.091;;
966771;unknown;control;2023-10-04 13:00:00+00:00;0.411;;
966771;unknown;control;2023-10-04 13:15:00+00:00;0.301;;
966771;unknown;control;2023-10-04 13:30:00+00:00;0.271;;
966771;unknown;control;2023-10-04 13:45:00+00:00;0.255;;
966771;unknown;control;2023-10-04 14:00:00+00:00;0.223;;
966771;unknown;control;2023-10-04 14:15:00+00:00;0.199;;
966771;unknown;control;2023-10-04 14:30:00+00:00;0.11;;
966771;unknown;control;2023-10-04 14:45:00+00:00;0.101;;
966771;unknown;control;2023-10-04 15:00:00+00:00;0.098;;
966771;unknown;control;2023-10-04 15:15:00+00:00;0.11;;
966771;unknown;control;2023-10-04 15:30:00+00:00;0.123;;
966771;unknown;control;2023-10-04 15:45:00+00:00;0.127;;
966771;unknown;control;2023-10-04 16:00:00+00:00;0.103;;
966771;unknown;control;2023-10-04 16:15:00+00:00;0.089;;
966771;unknown;control;2023-10-04 16:30:00+00:00;0.098;;
966771;unknown;control;2023-10-04 16:45:00+00:00;0.092;;
966771;unknown;control;2023-10-04 17:00:00+00:00;0.094;;
966771;unknown;control;2023-10-04 17:15:00+00:00;0.091;;
966771;unknown;control;2023-10-04 17:30:00+00:00;0.096;;
966771;unknown;control;2023-10-04 17:45:00+00:00;0.105;;
966771;unknown;control;2023-10-04 18:00:00+00:00;0.109;;
966771;unknown;control;2023-10-04 18:15:00+00:00;0.181;;
966771;unknown;control;2023-10-04 18:30:00+00:00;0.218;;
966771;unknown;control;2023-10-04 18:45:00+00:00;0.222;;
966771;unknown;control;2023-10-04 19:00:00+00:00;0.215;;
966771;unknown;control;2023-10-04 19:15:00+00:00;0.209;;
966771;unknown;control;2023-10-04 19:30:00+00:00;0.194;;
966771;unknown;control;2023-10-04 19:45:00+00:00;0.203;;
966771;unknown;control;2023-10-04 20:00:00+00:00;0.197;;
966771;unknown;control;2023-10-04 20:15:00+00:00;0.172;;
966771;unknown;control;2023-10-04 20:30:00+00:00;0.11;;
966771;unknown;control;2023-10-04 20:45:00+00:00;0.099;;
966771;unknown;control;2023-10-04 21:00:00+00:00;0.091;;
966771;unknown;control;2023-10-04 21:15:00+00:00;0.097;;
966771;unknown;control;2023-10-04 21:30:00+00:00;0.094;;
966771;unknown;control;2023-10-04 21:45:00+00:00;0.092;;
966771;unknown;control;2023-10-04 22:00:00+00:00;0.098;;
966771;unknown;control;2023-10-04 22:15:00+00:00;0.101;;
966771;unknown;control;2023-10-04 22:30:00+00:00;0.09;;
966771;unknown;control;2023-10-04 22:45:00+00:00;0.098;;
966771;unknown;control;2023-10-04 23:00:00+00:00;0.087;;
966771;unknown;control;2023-10-04 23:15:00+00:00;0.089;;
966771;unknown;control;2023-10-04 23:30:00+00:00;1.345;;
966771;unknown;control;2023-10-04 23:45:00+00:00;1.28;;
966771;unknown;control;2023-10-05 00:00:00+00:00;1.301;;
966771;unknown;control;2023-10-05 00:15:00+00:00;1.319;;
966771;unknown;control;2023-10-05 00:30:00+00:00;1.336;;
966771;unknown;control;2023-10-05 00:45:00+00:00;0.542;;
966771;unknown;control;2023-10-05 01:00:00+00:00;0.088;;
966771;unknown;control;2023-10-05 01:15:00+00:00;0.085;;
966771;unknown;control;2023-10-05 01:30:00+00:00;0.095;;
966771;unknown;control;2023-10-05 01:45:00+00:00;0.085;;
966771;unknown;control;2023-10-05 02:00:00+00:00;0.092;;
966771;unknown;control;2023-10-05 02:15:00+00:00;0.101;;
966771;unknown;control;2023-10-05 02:30:00+00:00;0.091;;
966771;unknown;control;2023-10-05 02:45:00+00:00;0.094;;
966771;unknown;control;2023-10-05 03:00:00+00:00;0.092;;
966771;unknown;control;2023-10-05 03:15:00+00:00;0.087;;
966771;unknown;control;2023-10-05 03:30:00+00:00;0.097;;
966771;unknown;control;2023-10-05 03:45:00+00:00;0.093;;
966771;unknown;control;2023-10-05 04:00:00+00:00;0.084;;
966771;unknown;control;2023-10-05 04:15:00+00:00;0.099;;
966771;unknown;control;2023-10-05 04:30:00+00:00;0.109;;
966771;unknown;control;2023-10-05 04:45:00+00:00;0.087;;
966771;unknown;control;2023-10-05 05:00:00+00:00;0.103;;
966771;unknown;control;2023-10-05 05:15:00+00:00;0.091;;
966771;unknown;control;2023-10-05 05:30:00+00:00;0.095;;
966771;unknown;control;2023-10-05 05:45:00+00:00;0.188;;
966771;unknown;control;2023-10-05 06:00:00+00:00;0.082;;
966771;unknown;control;2023-10-05 06:15:00+00:00;0.093;;
966771;unknown;control;2023-10-05 06:30:00+00:00;0.099;;
966771;unknown;control;2023-10-05 06:45:00+00:00;0.088;;
966771;unknown;control;2023-10-05 07:00:00+00:00;0.116;;
966771;unknown;control;2023-10-05 07:15:00+00:00;0.112;;
966771;unknown;control;2023-10-05 07:30:00+00:00;0.091;;
966771;unknown;control;2023-10-05 07:45:00+00:00;0.124;;
966771;unknown;control;2023-10-05 08:00:00+00:00;0.116;;
966771;unknown;control;2023-10-05 08:15:00+00:00;0.103;;
966771;unknown;control;2023-10-05 08:30:00+00:00;0.114;;
966771;unknown;control;2023-10-05 08:45:00+00:00;0.102;;
966771;unknown;control;2023-10-05 09:00:00+00:00;0.101;;
966771;unknown;control;2023-10-05 09:15:00+00:00;0.109;;
966771;unknown;control;2023-10-05 09:30:00+00:00;0.108;;
966771;unknown;control;2023-10-05 09:45:00+00:00;0.106;;
966771;unknown;control;2023-10-05 10:00:00+00:00;0.102;;
966771;unknown;control;2023-10-05 10:15:00+00:00;0.105;;
966771;unknown;control;2023-10-05 10:30:00+00:00;0.108;;
966771;unknown;control;2023-10-05 10:45:00+00:00;0.091;;
966771;unknown;control;2023-10-05 11:00:00+00:00;0.087;;
966771;unknown;control;2023-10-05 11:15:00+00:00;0.099;;
966771;unknown;control;2023-10-05 11:30:00+00:00;0.096;;
966771;unknown;control;2023-10-05 11:45:00+00:00;0.091;;
966771;unknown;control;2023-10-05 12:00:00+00:00;0.096;;
966771;unknown;control;2023-10-05 12:15:00+00:00;0.088;;
966771;unknown;control;2023-10-05 12:30:00+00:00;0.095;;
966771;unknown;control;2023-10-05 12:45:00+00:00;0.098;;
966771;unknown;control;2023-10-05 13:00:00+00:00;0.091;;
966771;unknown;control;2023-10-05 13:15:00+00:00;0.168;;
966771;unknown;control;2023-10-05 13:30:00+00:00;0.104;;
966771;unknown;control;2023-10-05 13:45:00+00:00;0.091;;
966771;unknown;control;2023-10-05 14:00:00+00:00;0.096;;
966771;unknown;control;2023-10-05 14:15:00+00:00;0.094;;
966771;unknown;control;2023-10-05 14:30:00+00:00;0.087;;
966771;unknown;control;2023-10-05 14:45:00+00:00;0.092;;
966771;unknown;control;2023-10-05 15:00:00+00:00;0.087;;
966771;unknown;control;2023-10-05 15:15:00+00:00;0.21;;
966771;unknown;control;2023-10-05 15:30:00+00:00;0.155;;
966771;unknown;control;2023-10-05 15:45:00+00:00;0.118;;
966771;unknown;control;2023-10-05 16:00:00+00:00;0.126;;
966771;unknown;control;2023-10-05 16:15:00+00:00;0.163;;
966771;unknown;control;2023-10-05 16:30:00+00:00;0.158;;
966771;unknown;control;2023-10-05 16:45:00+00:00;0.214;;
966771;unknown;control;2023-10-05 17:00:00+00:00;0.151;;
966771;unknown;control;2023-10-05 17:15:00+00:00;0.138;;
966771;unknown;control;2023-10-05 17:30:00+00:00;0.15;;
966771;unknown;control;2023-10-05 17:45:00+00:00;0.142;;
966771;unknown;control;2023-10-05 18:00:00+00:00;0.136;;
966771;unknown;control;2023-10-05 18:15:00+00:00;0.14;;
966771;unknown;control;2023-10-05 18:30:00+00:00;0.131;;
966771;unknown;control;2023-10-05 18:45:00+00:00;0.12;;
966771;unknown;control;2023-10-05 19:00:00+00:00;0.097;;
966771;unknown;control;2023-10-05 19:15:00+00:00;0.087;;
966771;unknown;control;2023-10-05 19:30:00+00:00;0.083;;
966771;unknown;control;2023-10-05 19:45:00+00:00;0.09;;
966771;unknown;control;2023-10-05 20:00:00+00:00;0.09;;
966771;unknown;control;2023-10-05 20:15:00+00:00;0.091;;
966771;unknown;control;2023-10-05 20:30:00+00:00;0.092;;
966771;unknown;control;2023-10-05 20:45:00+00:00;0.09;;
966771;unknown;control;2023-10-05 21:00:00+00:00;0.096;;
966771;unknown;control;2023-10-05 21:15:00+00:00;0.09;;
966771;unknown;control;2023-10-05 21:30:00+00:00;0.079;;
966771;unknown;control;2023-10-05 21:45:00+00:00;0.094;;
966771;unknown;control;2023-10-05 22:00:00+00:00;0.094;;
966771;unknown;control;2023-10-05 22:15:00+00:00;0.087;;
966771;unknown;control;2023-10-05 22:30:00+00:00;0.093;;
966771;unknown;control;2023-10-05 22:45:00+00:00;0.091;;
966771;unknown;control;2023-10-05 23:00:00+00:00;0.094;;
966771;unknown;control;2023-10-05 23:15:00+00:00;0.093;;
966771;unknown;control;2023-10-05 23:30:00+00:00;1.319;;
966771;unknown;control;2023-10-05 23:45:00+00:00;1.272;;
966771;unknown;control;2023-10-06 00:00:00+00:00;1.283;;
966771;unknown;control;2023-10-06 00:15:00+00:00;1.283;;
966771;unknown;control;2023-10-06 00:30:00+00:00;1.166;;
966771;unknown;control;2023-10-06 00:45:00+00:00;0.092;;
966771;unknown;control;2023-10-06 01:00:00+00:00;0.085;;
966771;unknown;control;2023-10-06 01:15:00+00:00;0.103;;
966771;unknown;control;2023-10-06 01:30:00+00:00;0.085;;
966771;unknown;control;2023-10-06 01:45:00+00:00;0.087;;
966771;unknown;control;2023-10-06 02:00:00+00:00;0.095;;
966771;unknown;control;2023-10-06 02:15:00+00:00;0.088;;
966771;unknown;control;2023-10-06 02:30:00+00:00;0.087;;
966771;unknown;control;2023-10-06 02:45:00+00:00;0.099;;
966771;unknown;control;2023-10-06 03:00:00+00:00;0.091;;
966771;unknown;control;2023-10-06 03:15:00+00:00;0.088;;
966771;unknown;control;2023-10-06 03:30:00+00:00;0.094;;
966771;unknown;control;2023-10-06 03:45:00+00:00;0.089;;
966771;unknown;control;2023-10-06 04:00:00+00:00;0.104;;
966771;unknown;control;2023-10-06 04:15:00+00:00;0.094;;
966771;unknown;control;2023-10-06 04:30:00+00:00;0.083;;
966771;unknown;control;2023-10-06 04:45:00+00:00;0.101;;
966771;unknown;control;2023-10-06 05:00:00+00:00;0.604;;
966771;unknown;control;2023-10-06 05:15:00+00:00;0.663;;
966771;unknown;control;2023-10-06 05:30:00+00:00;0.114;;
966771;unknown;control;2023-10-06 05:45:00+00:00;0.109;;
966771;unknown;control;2023-10-06 06:00:00+00:00;0.117;;
966771;unknown;control;2023-10-06 06:15:00+00:00;0.116;;
966771;unknown;control;2023-10-06 06:30:00+00:00;0.109;;
966771;unknown;control;2023-10-06 06:45:00+00:00;0.111;;
966771;unknown;control;2023-10-06 07:00:00+00:00;0.123;;
966771;unknown;control;2023-10-06 07:15:00+00:00;0.113;;
966771;unknown;control;2023-10-06 07:30:00+00:00;0.112;;
966771;unknown;control;2023-10-06 07:45:00+00:00;0.118;;
966771;unknown;control;2023-10-06 08:00:00+00:00;0.112;;
966771;unknown;control;2023-10-06 08:15:00+00:00;0.115;;
966771;unknown;control;2023-10-06 08:30:00+00:00;0.12;;
966771;unknown;control;2023-10-06 08:45:00+00:00;0.129;;
966771;unknown;control;2023-10-06 09:00:00+00:00;0.133;;
966771;unknown;control;2023-10-06 09:15:00+00:00;0.183;;
966771;unknown;control;2023-10-06 09:30:00+00:00;0.129;;
966771;unknown;control;2023-10-06 09:45:00+00:00;0.119;;
966771;unknown;control;2023-10-06 10:00:00+00:00;0.12;;
966771;unknown;control;2023-10-06 10:15:00+00:00;0.138;;
966771;unknown;control;2023-10-06 10:30:00+00:00;0.124;;
966771;unknown;control;2023-10-06 10:45:00+00:00;0.099;;
966771;unknown;control;2023-10-06 11:00:00+00:00;0.102;;
966771;unknown;control;2023-10-06 11:15:00+00:00;0.132;;
966771;unknown;control;2023-10-06 11:30:00+00:00;0.118;;
966771;unknown;control;2023-10-06 11:45:00+00:00;0.116;;
966771;unknown;control;2023-10-06 12:00:00+00:00;0.128;;
966771;unknown;control;2023-10-06 12:15:00+00:00;0.156;;
966771;unknown;control;2023-10-06 12:30:00+00:00;0.108;;
966771;unknown;control;2023-10-06 12:45:00+00:00;0.097;;
966771;unknown;control;2023-10-06 13:00:00+00:00;0.092;;
966771;unknown;control;2023-10-06 13:15:00+00:00;0.112;;
966771;unknown;control;2023-10-06 13:30:00+00:00;0.101;;
966771;unknown;control;2023-10-06 13:45:00+00:00;0.095;;
966771;unknown;control;2023-10-06 14:00:00+00:00;0.271;;
966771;unknown;control;2023-10-06 14:15:00+00:00;0.1;;
966771;unknown;control;2023-10-06 14:30:00+00:00;0.104;;
966771;unknown;control;2023-10-06 14:45:00+00:00;0.095;;
966771;unknown;control;2023-10-06 15:00:00+00:00;0.087;;
966771;unknown;control;2023-10-06 15:15:00+00:00;0.097;;
966771;unknown;control;2023-10-06 15:30:00+00:00;0.103;;
966771;unknown;control;2023-10-06 15:45:00+00:00;0.089;;
966771;unknown;control;2023-10-06 16:00:00+00:00;0.099;;
966771;unknown;control;2023-10-06 16:15:00+00:00;0.102;;
966771;unknown;control;2023-10-06 16:30:00+00:00;0.088;;
966771;unknown;control;2023-10-06 16:45:00+00:00;0.497;;
966771;unknown;control;2023-10-06 17:00:00+00:00;0.362;;
966771;unknown;control;2023-10-06 17:15:00+00:00;0.217;;
966771;unknown;control;2023-10-06 17:30:00+00:00;0.264;;
966771;unknown;control;2023-10-06 17:45:00+00:00;0.194;;
966771;unknown;control;2023-10-06 18:00:00+00:00;0.155;;
966771;unknown;control;2023-10-06 18:15:00+00:00;0.144;;
966771;unknown;control;2023-10-06 18:30:00+00:00;0.132;;
966771;unknown;control;2023-10-06 18:45:00+00:00;0.136;;
966771;unknown;control;2023-10-06 19:00:00+00:00;0.12;;
966771;unknown;control;2023-10-06 19:15:00+00:00;0.088;;
966771;unknown;control;2023-10-06 19:30:00+00:00;0.096;;
966771;unknown;control;2023-10-06 19:45:00+00:00;0.096;;
966771;unknown;control;2023-10-06 20:00:00+00:00;1.727;;
966771;unknown;control;2023-10-06 20:15:00+00:00;1.861;;
966771;unknown;control;2023-10-06 20:30:00+00:00;1.864;;
966771;unknown;control;2023-10-06 20:45:00+00:00;1.857;;
966771;unknown;control;2023-10-06 21:00:00+00:00;1.868;;
966771;unknown;control;2023-10-06 21:15:00+00:00;1.855;;
966771;unknown;control;2023-10-06 21:30:00+00:00;1.851;;
966771;unknown;control;2023-10-06 21:45:00+00:00;1.861;;
966771;unknown;control;2023-10-06 22:00:00+00:00;1.848;;
966771;unknown;control;2023-10-06 22:15:00+00:00;1.84;;
966771;unknown;control;2023-10-06 22:30:00+00:00;0.228;;
966771;unknown;control;2023-10-06 22:45:00+00:00;0.084;;
966771;unknown;control;2023-10-06 23:00:00+00:00;0.093;;
966771;unknown;control;2023-10-06 23:15:00+00:00;0.098;;
966771;unknown;control;2023-10-06 23:30:00+00:00;1.323;;
966771;unknown;control;2023-10-06 23:45:00+00:00;1.285;;
966771;unknown;control;2023-10-07 00:00:00+00:00;1.287;;
966771;unknown;control;2023-10-07 00:15:00+00:00;1.29;;
966771;unknown;control;2023-10-07 00:30:00+00:00;1.319;;
966771;unknown;control;2023-10-07 00:45:00+00:00;0.535;;
966771;unknown;control;2023-10-07 01:00:00+00:00;0.079;;
966771;unknown;control;2023-10-07 01:15:00+00:00;0.09;;
966771;unknown;control;2023-10-07 01:30:00+00:00;0.093;;
966771;unknown;control;2023-10-07 01:45:00+00:00;0.086;;
966771;unknown;control;2023-10-07 02:00:00+00:00;0.634;;
966771;unknown;control;2023-10-07 02:15:00+00:00;0.511;;
966771;unknown;control;2023-10-07 02:30:00+00:00;0.105;;
966771;unknown;control;2023-10-07 02:45:00+00:00;0.111;;
966771;unknown;control;2023-10-07 03:00:00+00:00;0.107;;
966771;unknown;control;2023-10-07 03:15:00+00:00;0.281;;
966771;unknown;control;2023-10-07 03:30:00+00:00;1.358;;
966771;unknown;control;2023-10-07 03:45:00+00:00;1.367;;
966771;unknown;control;2023-10-07 04:00:00+00:00;0.144;;
966771;unknown;control;2023-10-07 04:15:00+00:00;0.11;;
966771;unknown;control;2023-10-07 04:30:00+00:00;0.099;;
966771;unknown;control;2023-10-07 04:45:00+00:00;0.106;;
966771;unknown;control;2023-10-07 05:00:00+00:00;0.11;;
966771;unknown;control;2023-10-07 05:15:00+00:00;0.104;;
966771;unknown;control;2023-10-07 05:30:00+00:00;0.108;;
966771;unknown;control;2023-10-07 05:45:00+00:00;0.1;;
966771;unknown;control;2023-10-07 06:00:00+00:00;0.106;;
966771;unknown;control;2023-10-07 06:15:00+00:00;0.113;;
966771;unknown;control;2023-10-07 06:30:00+00:00;0.102;;
966771;unknown;control;2023-10-07 06:45:00+00:00;0.105;;
966771;unknown;control;2023-10-07 07:00:00+00:00;0.115;;
966771;unknown;control;2023-10-07 07:15:00+00:00;0.102;;
966771;unknown;control;2023-10-07 07:30:00+00:00;0.1;;
966771;unknown;control;2023-10-07 07:45:00+00:00;0.108;;
966771;unknown;control;2023-10-07 08:00:00+00:00;0.105;;
966771;unknown;control;2023-10-07 08:15:00+00:00;0.11;;
966771;unknown;control;2023-10-07 08:30:00+00:00;0.109;;
966771;unknown;control;2023-10-07 08:45:00+00:00;0.111;;
966771;unknown;control;2023-10-07 09:00:00+00:00;0.144;;
966771;unknown;control;2023-10-07 09:15:00+00:00;0.112;;
966771;unknown;control;2023-10-07 09:30:00+00:00;0.088;;
966771;unknown;control;2023-10-07 09:45:00+00:00;0.085;;
966771;unknown;control;2023-10-07 10:00:00+00:00;0.134;;
966771;unknown;control;2023-10-07 10:15:00+00:00;0.114;;
966771;unknown;control;2023-10-07 10:30:00+00:00;0.102;;
966771;unknown;control;2023-10-07 10:45:00+00:00;0.1;;
966771;unknown;control;2023-10-07 11:00:00+00:00;0.104;;
966771;unknown;control;2023-10-07 11:15:00+00:00;0.091;;
966771;unknown;control;2023-10-07 11:30:00+00:00;0.084;;
966771;unknown;control;2023-10-07 11:45:00+00:00;0.109;;
966771;unknown;control;2023-10-07 12:00:00+00:00;0.172;;
966771;unknown;control;2023-10-07 12:15:00+00:00;0.148;;
966771;unknown;control;2023-10-07 12:30:00+00:00;0.102;;
966771;unknown;control;2023-10-07 12:45:00+00:00;0.08;;
966771;unknown;control;2023-10-07 13:00:00+00:00;0.086;;
966771;unknown;control;2023-10-07 13:15:00+00:00;0.092;;
966771;unknown;control;2023-10-07 13:30:00+00:00;0.082;;
966771;unknown;control;2023-10-07 13:45:00+00:00;0.085;;
966771;unknown;control;2023-10-07 14:00:00+00:00;0.086;;
966771;unknown;control;2023-10-07 14:15:00+00:00;0.083;;
966771;unknown;control;2023-10-07 14:30:00+00:00;0.093;;
966771;unknown;control;2023-10-07 14:45:00+00:00;0.086;;
966771;unknown;control;2023-10-07 15:00:00+00:00;0.084;;
966771;unknown;control;2023-10-07 15:15:00+00:00;0.096;;
966771;unknown;control;2023-10-07 15:30:00+00:00;0.09;;
966771;unknown;control;2023-10-07 15:45:00+00:00;0.086;;
966771;unknown;control;2023-10-07 16:00:00+00:00;0.088;;
966771;unknown;control;2023-10-07 16:15:00+00:00;0.081;;
966771;unknown;control;2023-10-07 16:30:00+00:00;0.089;;
966771;unknown;control;2023-10-07 16:45:00+00:00;0.091;;
966771;unknown;control;2023-10-07 17:00:00+00:00;0.083;;
966771;unknown;control;2023-10-07 17:15:00+00:00;0.091;;
966771;unknown;control;2023-10-07 17:30:00+00:00;0.107;;
966771;unknown;control;2023-10-07 17:45:00+00:00;0.098;;
966771;unknown;control;2023-10-07 18:00:00+00:00;0.099;;
966771;unknown;control;2023-10-07 18:15:00+00:00;0.091;;
966771;unknown;control;2023-10-07 18:30:00+00:00;0.093;;
966771;unknown;control;2023-10-07 18:45:00+00:00;0.103;;
966771;unknown;control;2023-10-07 19:00:00+00:00;0.096;;
966771;unknown;control;2023-10-07 19:15:00+00:00;0.1;;
966771;unknown;control;2023-10-07 19:30:00+00:00;0.101;;
966771;unknown;control;2023-10-07 19:45:00+00:00;0.093;;
966771;unknown;control;2023-10-07 20:00:00+00:00;0.093;;
966771;unknown;control;2023-10-07 20:15:00+00:00;0.089;;
966771;unknown;control;2023-10-07 20:30:00+00:00;0.084;;
966771;unknown;control;2023-10-07 20:45:00+00:00;0.094;;
966771;unknown;control;2023-10-07 21:00:00+00:00;0.091;;
966771;unknown;control;2023-10-07 21:15:00+00:00;0.086;;
966771;unknown;control;2023-10-07 21:30:00+00:00;0.093;;
966771;unknown;control;2023-10-07 21:45:00+00:00;0.09;;
966771;unknown;control;2023-10-07 22:00:00+00:00;0.092;;
966771;unknown;control;2023-10-07 22:15:00+00:00;0.093;;
966771;unknown;control;2023-10-07 22:30:00+00:00;0.082;;
966771;unknown;control;2023-10-07 22:45:00+00:00;0.093;;
966771;unknown;control;2023-10-07 23:00:00+00:00;0.095;;
966771;unknown;control;2023-10-07 23:15:00+00:00;0.086;;
966771;unknown;control;2023-10-07 23:30:00+00:00;1.346;;
966771;unknown;control;2023-10-07 23:45:00+00:00;1.287;;
966771;unknown;control;2023-10-08 00:00:00+00:00;1.098;;
966771;unknown;control;2023-10-08 00:15:00+00:00;0.092;;
966771;unknown;control;2023-10-08 00:30:00+00:00;0.085;;
966771;unknown;control;2023-10-08 00:45:00+00:00;0.083;;
966771;unknown;control;2023-10-08 01:00:00+00:00;0.089;;
966771;unknown;control;2023-10-08 01:15:00+00:00;0.083;;
966771;unknown;control;2023-10-08 01:30:00+00:00;0.092;;
966771;unknown;control;2023-10-08 01:45:00+00:00;0.09;;
966771;unknown;control;2023-10-08 02:00:00+00:00;0.083;;
966771;unknown;control;2023-10-08 02:15:00+00:00;0.096;;
966771;unknown;control;2023-10-08 02:30:00+00:00;0.092;;
966771;unknown;control;2023-10-08 02:45:00+00:00;0.087;;
966771;unknown;control;2023-10-08 03:00:00+00:00;0.092;;
966771;unknown;control;2023-10-08 03:15:00+00:00;0.086;;
966771;unknown;control;2023-10-08 03:30:00+00:00;0.091;;
966771;unknown;control;2023-10-08 03:45:00+00:00;0.096;;
966771;unknown;control;2023-10-08 04:00:00+00:00;0.084;;
966771;unknown;control;2023-10-08 04:15:00+00:00;0.089;;
966771;unknown;control;2023-10-08 04:30:00+00:00;0.091;;
966771;unknown;control;2023-10-08 04:45:00+00:00;0.083;;
966771;unknown;control;2023-10-08 05:00:00+00:00;0.094;;
966771;unknown;control;2023-10-08 05:15:00+00:00;0.089;;
966771;unknown;control;2023-10-08 05:30:00+00:00;0.083;;
966771;unknown;control;2023-10-08 05:45:00+00:00;0.094;;
966771;unknown;control;2023-10-08 06:00:00+00:00;0.092;;
966771;unknown;control;2023-10-08 06:15:00+00:00;0.086;;
966771;unknown;control;2023-10-08 06:30:00+00:00;0.09;;
966771;unknown;control;2023-10-08 06:45:00+00:00;0.082;;
966771;unknown;control;2023-10-08 07:00:00+00:00;0.089;;
966771;unknown;control;2023-10-08 07:15:00+00:00;0.09;;
966771;unknown;control;2023-10-08 07:30:00+00:00;0.079;;
966771;unknown;control;2023-10-08 07:45:00+00:00;0.091;;
966771;unknown;control;2023-10-08 08:00:00+00:00;0.094;;
966771;unknown;control;2023-10-08 08:15:00+00:00;0.088;;
966771;unknown;control;2023-10-08 08:30:00+00:00;0.095;;
966771;unknown;control;2023-10-08 08:45:00+00:00;0.088;;
966771;unknown;control;2023-10-08 09:00:00+00:00;0.086;;
966771;unknown;control;2023-10-08 09:15:00+00:00;0.097;;
966771;unknown;control;2023-10-08 09:30:00+00:00;0.091;;
966771;unknown;control;2023-10-08 09:45:00+00:00;0.087;;
966771;unknown;control;2023-10-08 10:00:00+00:00;0.092;;
966771;unknown;control;2023-10-08 10:15:00+00:00;0.086;;
966771;unknown;control;2023-10-08 10:30:00+00:00;0.097;;
966771;unknown;control;2023-10-08 10:45:00+00:00;0.091;;
966771;unknown;control;2023-10-08 11:00:00+00:00;0.083;;
966771;unknown;control;2023-10-08 11:15:00+00:00;0.089;;
966771;unknown;control;2023-10-08 11:30:00+00:00;0.089;;
966771;unknown;control;2023-10-08 11:45:00+00:00;0.084;;
966771;unknown;control;2023-10-08 12:00:00+00:00;0.093;;
966771;unknown;control;2023-10-08 12:15:00+00:00;0.092;;
966771;unknown;control;2023-10-08 12:30:00+00:00;0.09;;
966771;unknown;control;2023-10-08 12:45:00+00:00;0.095;;
966771;unknown;control;2023-10-08 13:00:00+00:00;0.085;;
966771;unknown;control;2023-10-08 13:15:00+00:00;0.084;;
966771;unknown;control;2023-10-08 13:30:00+00:00;0.092;;
966771;unknown;control;2023-10-08 13:45:00+00:00;0.083;;
966771;unknown;control;2023-10-08 14:00:00+00:00;0.087;;
966771;unknown;control;2023-10-08 14:15:00+00:00;0.085;;
966771;unknown;control;2023-10-08 14:30:00+00:00;0.079;;
966771;unknown;control;2023-10-08 14:45:00+00:00;0.094;;
966771;unknown;control;2023-10-08 15:00:00+00:00;0.086;;
966771;unknown;control;2023-10-08 15:15:00+00:00;0.081;;
966771;unknown;control;2023-10-08 15:30:00+00:00;0.089;;
966771;unknown;control;2023-10-08 15:45:00+00:00;0.086;;
966771;unknown;control;2023-10-08 16:00:00+00:00;0.087;;
966771;unknown;control;2023-10-08 16:15:00+00:00;0.088;;
966771;unknown;control;2023-10-08 16:30:00+00:00;0.083;;
966771;unknown;control;2023-10-08 16:45:00+00:00;0.091;;
966771;unknown;control;2023-10-08 17:00:00+00:00;0.093;;
966771;unknown;control;2023-10-08 17:15:00+00:00;0.083;;
966771;unknown;control;2023-10-08 17:30:00+00:00;0.097;;
966771;unknown;control;2023-10-08 17:45:00+00:00;0.093;;
966771;unknown;control;2023-10-08 18:00:00+00:00;0.094;;
966771;unknown;control;2023-10-08 18:15:00+00:00;0.102;;
966771;unknown;control;2023-10-08 18:30:00+00:00;0.093;;
966771;unknown;control;2023-10-08 18:45:00+00:00;0.089;;
966771;unknown;control;2023-10-08 19:00:00+00:00;0.102;;
966771;unknown;control;2023-10-08 19:15:00+00:00;0.1;;
966771;unknown;control;2023-10-08 19:30:00+00:00;0.099;;
966771;unknown;control;2023-10-08 19:45:00+00:00;0.132;;
966771;unknown;control;2023-10-08 20:00:00+00:00;0.213;;
966771;unknown;control;2023-10-08 20:15:00+00:00;0.219;;
966771;unknown;control;2023-10-08 20:30:00+00:00;0.2;;
966771;unknown;control;2023-10-08 20:45:00+00:00;0.092;;
966771;unknown;control;2023-10-08 21:00:00+00:00;0.093;;
966771;unknown;control;2023-10-08 21:15:00+00:00;0.094;;
966771;unknown;control;2023-10-08 21:30:00+00:00;0.089;;
966771;unknown;control;2023-10-08 21:45:00+00:00;0.092;;
966771;unknown;control;2023-10-08 22:00:00+00:00;0.087;;
966771;unknown;control;2023-10-08 22:15:00+00:00;0.102;;
966771;unknown;control;2023-10-08 22:30:00+00:00;0.097;;
966771;unknown;control;2023-10-08 22:45:00+00:00;0.085;;
966771;unknown;control;2023-10-08 23:00:00+00:00;0.089;;
966771;unknown;control;2023-10-08 23:15:00+00:00;0.093;;
966771;unknown;control;2023-10-08 23:30:00+00:00;1.337;;
966771;unknown;control;2023-10-08 23:45:00+00:00;1.292;;
966771;unknown;control;2023-10-09 00:00:00+00:00;0.41;;
966771;unknown;control;2023-10-09 00:15:00+00:00;0.081;;
966771;unknown;control;2023-10-09 00:30:00+00:00;0.095;;
966771;unknown;control;2023-10-09 00:45:00+00:00;0.092;;
966771;unknown;control;2023-10-09 01:00:00+00:00;0.087;;
966771;unknown;control;2023-10-09 01:15:00+00:00;0.094;;
966771;unknown;control;2023-10-09 01:30:00+00:00;0.092;;
966771;unknown;control;2023-10-09 01:45:00+00:00;0.093;;
966771;unknown;control;2023-10-09 02:00:00+00:00;0.092;;
966771;unknown;control;2023-10-09 02:15:00+00:00;0.084;;
966771;unknown;control;2023-10-09 02:30:00+00:00;0.107;;
966771;unknown;control;2023-10-09 02:45:00+00:00;0.1;;
966771;unknown;control;2023-10-09 03:00:00+00:00;0.084;;
966771;unknown;control;2023-10-09 03:15:00+00:00;0.091;;
966771;unknown;control;2023-10-09 03:30:00+00:00;0.091;;
966771;unknown;control;2023-10-09 03:45:00+00:00;0.091;;
966771;unknown;control;2023-10-09 04:00:00+00:00;0.11;;
966771;unknown;control;2023-10-09 04:15:00+00:00;0.093;;
966771;unknown;control;2023-10-09 04:30:00+00:00;0.085;;
966771;unknown;control;2023-10-09 04:45:00+00:00;0.106;;
966771;unknown;control;2023-10-09 05:00:00+00:00;0.313;;
966771;unknown;control;2023-10-09 05:15:00+00:00;0.732;;
966771;unknown;control;2023-10-09 05:30:00+00:00;0.23;;
966771;unknown;control;2023-10-09 05:45:00+00:00;0.116;;
966771;unknown;control;2023-10-09 06:00:00+00:00;0.127;;
966771;unknown;control;2023-10-09 06:15:00+00:00;0.183;;
966771;unknown;control;2023-10-09 06:30:00+00:00;1.107;;
966771;unknown;control;2023-10-09 06:45:00+00:00;0.377;;
966771;unknown;control;2023-10-09 07:00:00+00:00;0.624;;
966771;unknown;control;2023-10-09 07:15:00+00:00;0.329;;
966771;unknown;control;2023-10-09 07:30:00+00:00;0.51;;
966771;unknown;control;2023-10-09 07:45:00+00:00;0.222;;
966771;unknown;control;2023-10-09 08:00:00+00:00;0.134;;
966771;unknown;control;2023-10-09 08:15:00+00:00;0.137;;
966771;unknown;control;2023-10-09 08:30:00+00:00;0.178;;
966771;unknown;control;2023-10-09 08:45:00+00:00;0.242;;
966771;unknown;control;2023-10-09 09:00:00+00:00;0.361;;
966771;unknown;control;2023-10-09 09:15:00+00:00;0.475;;
966771;unknown;control;2023-10-09 09:30:00+00:00;0.116;;
966771;unknown;control;2023-10-09 09:45:00+00:00;0.089;;
966771;unknown;control;2023-10-09 10:00:00+00:00;0.08;;
966771;unknown;control;2023-10-09 10:15:00+00:00;0.088;;
966771;unknown;control;2023-10-09 10:30:00+00:00;0.091;;
966771;unknown;control;2023-10-09 10:45:00+00:00;0.093;;
966771;unknown;control;2023-10-09 11:00:00+00:00;0.092;;
966771;unknown;control;2023-10-09 11:15:00+00:00;0.31;;
966771;unknown;control;2023-10-09 11:30:00+00:00;0.851;;
966771;unknown;control;2023-10-09 11:45:00+00:00;0.284;;
966771;unknown;control;2023-10-09 12:00:00+00:00;0.114;;
966771;unknown;control;2023-10-09 12:15:00+00:00;0.117;;
966771;unknown;control;2023-10-09 12:30:00+00:00;0.122;;
966771;unknown;control;2023-10-09 12:45:00+00:00;0.141;;
966771;unknown;control;2023-10-09 13:00:00+00:00;0.243;;
966771;unknown;control;2023-10-09 13:15:00+00:00;0.263;;
966771;unknown;control;2023-10-09 13:30:00+00:00;0.267;;
966771;unknown;control;2023-10-09 13:45:00+00:00;0.269;;
966771;unknown;control;2023-10-09 14:00:00+00:00;0.247;;
966771;unknown;control;2023-10-09 14:15:00+00:00;0.139;;
966771;unknown;control;2023-10-09 14:30:00+00:00;0.146;;
966771;unknown;control;2023-10-09 14:45:00+00:00;0.25;;
966771;unknown;control;2023-10-09 15:00:00+00:00;0.257;;
966771;unknown;control;2023-10-09 15:15:00+00:00;0.188;;
966771;unknown;control;2023-10-09 15:30:00+00:00;0.088;;
966771;unknown;control;2023-10-09 15:45:00+00:00;0.083;;
966771;unknown;control;2023-10-09 16:00:00+00:00;0.096;;
966771;unknown;control;2023-10-09 16:15:00+00:00;0.1;;
966771;unknown;control;2023-10-09 16:30:00+00:00;0.11;;
966771;unknown;control;2023-10-09 16:45:00+00:00;0.1;;
966771;unknown;control;2023-10-09 17:00:00+00:00;0.088;;
966771;unknown;control;2023-10-09 17:15:00+00:00;0.101;;
966771;unknown;control;2023-10-09 17:30:00+00:00;0.101;;
966771;unknown;control;2023-10-09 17:45:00+00:00;0.089;;
966771;unknown;control;2023-10-09 18:00:00+00:00;0.11;;
966771;unknown;control;2023-10-09 18:15:00+00:00;0.11;;
966771;unknown;control;2023-10-09 18:30:00+00:00;0.296;;
966771;unknown;control;2023-10-09 18:45:00+00:00;0.17;;
966771;unknown;control;2023-10-09 19:00:00+00:00;0.159;;
966771;unknown;control;2023-10-09 19:15:00+00:00;0.158;;
966771;unknown;control;2023-10-09 19:30:00+00:00;0.095;;
966771;unknown;control;2023-10-09 19:45:00+00:00;0.086;;
966771;unknown;control;2023-10-09 20:00:00+00:00;0.091;;
966771;unknown;control;2023-10-09 20:15:00+00:00;0.098;;
966771;unknown;control;2023-10-09 20:30:00+00:00;0.083;;
966771;unknown;control;2023-10-09 20:45:00+00:00;0.086;;
966771;unknown;control;2023-10-09 21:00:00+00:00;0.088;;
966771;unknown;control;2023-10-09 21:15:00+00:00;0.082;;
966771;unknown;control;2023-10-09 21:30:00+00:00;0.093;;
966771;unknown;control;2023-10-09 21:45:00+00:00;0.088;;
966771;unknown;control;2023-10-09 22:00:00+00:00;0.089;;
966771;unknown;control;2023-10-09 22:15:00+00:00;0.094;;
966771;unknown;control;2023-10-09 22:30:00+00:00;0.088;;
966771;unknown;control;2023-10-09 22:45:00+00:00;0.093;;
966771;unknown;control;2023-10-09 23:00:00+00:00;0.094;;
966771;unknown;control;2023-10-09 23:15:00+00:00;0.084;;
966771;unknown;control;2023-10-09 23:30:00+00:00;1.345;;
966771;unknown;control;2023-10-09 23:45:00+00:00;1.301;;
966771;unknown;control;2023-10-10 00:00:00+00:00;1.29;;
966771;unknown;control;2023-10-10 00:15:00+00:00;1.303;;
966771;unknown;control;2023-10-10 00:30:00+00:00;1.326;;
966771;unknown;control;2023-10-10 00:45:00+00:00;0.482;;
966771;unknown;control;2023-10-10 01:00:00+00:00;0.093;;
966771;unknown;control;2023-10-10 01:15:00+00:00;0.094;;
966771;unknown;control;2023-10-10 01:30:00+00:00;0.088;;
966771;unknown;control;2023-10-10 01:45:00+00:00;0.094;;
966771;unknown;control;2023-10-10 02:00:00+00:00;0.089;;
966771;unknown;control;2023-10-10 02:15:00+00:00;0.09;;
966771;unknown;control;2023-10-10 02:30:00+00:00;0.092;;
966771;unknown;control;2023-10-10 02:45:00+00:00;0.086;;
966771;unknown;control;2023-10-10 03:00:00+00:00;0.092;;
966771;unknown;control;2023-10-10 03:15:00+00:00;0.092;;
966771;unknown;control;2023-10-10 03:30:00+00:00;0.083;;
966771;unknown;control;2023-10-10 03:45:00+00:00;0.11;;
966771;unknown;control;2023-10-10 04:00:00+00:00;0.093;;
966771;unknown;control;2023-10-10 04:15:00+00:00;0.084;;
966771;unknown;control;2023-10-10 04:30:00+00:00;0.102;;
966771;unknown;control;2023-10-10 04:45:00+00:00;0.212;;
966771;unknown;control;2023-10-10 05:00:00+00:00;0.485;;
966771;unknown;control;2023-10-10 05:15:00+00:00;0.192;;
966771;unknown;control;2023-10-10 05:30:00+00:00;0.191;;
966771;unknown;control;2023-10-10 05:45:00+00:00;0.194;;
966771;unknown;control;2023-10-10 06:00:00+00:00;0.238;;
966771;unknown;control;2023-10-10 06:15:00+00:00;0.161;;
966771;unknown;control;2023-10-10 06:30:00+00:00;0.086;;
966771;unknown;control;2023-10-10 06:45:00+00:00;0.087;;
966771;unknown;control;2023-10-10 07:00:00+00:00;0.079;;
966771;unknown;control;2023-10-10 07:15:00+00:00;0.087;;
966771;unknown;control;2023-10-10 07:30:00+00:00;0.088;;
966771;unknown;control;2023-10-10 07:45:00+00:00;0.077;;
966771;unknown;control;2023-10-10 08:00:00+00:00;0.092;;
966771;unknown;control;2023-10-10 08:15:00+00:00;0.095;;
966771;unknown;control;2023-10-10 08:30:00+00:00;0.082;;
966771;unknown;control;2023-10-10 08:45:00+00:00;0.095;;
966771;unknown;control;2023-10-10 09:00:00+00:00;0.093;;
966771;unknown;control;2023-10-10 09:15:00+00:00;0.087;;
966771;unknown;control;2023-10-10 09:30:00+00:00;0.092;;
966771;unknown;control;2023-10-10 09:45:00+00:00;0.093;;
966771;unknown;control;2023-10-10 10:00:00+00:00;0.088;;
966771;unknown;control;2023-10-10 10:15:00+00:00;0.107;;
966771;unknown;control;2023-10-10 10:30:00+00:00;0.096;;
966771;unknown;control;2023-10-10 10:45:00+00:00;0.1;;
966771;unknown;control;2023-10-10 11:00:00+00:00;0.097;;
966771;unknown;control;2023-10-10 11:15:00+00:00;0.093;;
966771;unknown;control;2023-10-10 11:30:00+00:00;0.096;;
966771;unknown;control;2023-10-10 11:45:00+00:00;0.099;;
966771;unknown;control;2023-10-10 12:00:00+00:00;0.097;;
966771;unknown;control;2023-10-10 12:15:00+00:00;0.097;;
966771;unknown;control;2023-10-10 12:30:00+00:00;0.093;;
966771;unknown;control;2023-10-10 12:45:00+00:00;0.083;;
966771;unknown;control;2023-10-10 13:00:00+00:00;0.099;;
966771;unknown;control;2023-10-10 13:15:00+00:00;0.098;;
966771;unknown;control;2023-10-10 13:30:00+00:00;0.109;;
966771;unknown;control;2023-10-10 13:45:00+00:00;0.113;;
966771;unknown;control;2023-10-10 14:00:00+00:00;0.109;;
966771;unknown;control;2023-10-10 14:15:00+00:00;0.104;;
966771;unknown;control;2023-10-10 14:30:00+00:00;0.108;;
966771;unknown;control;2023-10-10 14:45:00+00:00;0.154;;
966771;unknown;control;2023-10-10 15:00:00+00:00;0.114;;
966771;unknown;control;2023-10-10 15:15:00+00:00;0.109;;
966771;unknown;control;2023-10-10 15:30:00+00:00;0.108;;
966771;unknown;control;2023-10-10 15:45:00+00:00;0.107;;
966771;unknown;control;2023-10-10 16:00:00+00:00;0.096;;
966771;unknown;control;2023-10-10 16:15:00+00:00;0.099;;
966771;unknown;control;2023-10-10 16:30:00+00:00;0.104;;
966771;unknown;control;2023-10-10 16:45:00+00:00;0.127;;
966771;unknown;control;2023-10-10 17:00:00+00:00;0.124;;
966771;unknown;control;2023-10-10 17:15:00+00:00;0.165;;
966771;unknown;control;2023-10-10 17:30:00+00:00;0.166;;
966771;unknown;control;2023-10-10 17:45:00+00:00;0.16;;
966771;unknown;control;2023-10-10 18:00:00+00:00;0.167;;
966771;unknown;control;2023-10-10 18:15:00+00:00;0.16;;
966771;unknown;control;2023-10-10 18:30:00+00:00;0.164;;
966771;unknown;control;2023-10-10 18:45:00+00:00;0.159;;
966771;unknown;control;2023-10-10 19:00:00+00:00;0.138;;
966771;unknown;control;2023-10-10 19:15:00+00:00;0.112;;
966771;unknown;control;2023-10-10 19:30:00+00:00;0.099;;
966771;unknown;control;2023-10-10 19:45:00+00:00;0.088;;
966771;unknown;control;2023-10-10 20:00:00+00:00;0.096;;
966771;unknown;control;2023-10-10 20:15:00+00:00;0.096;;
966771;unknown;control;2023-10-10 20:30:00+00:00;0.096;;
966771;unknown;control;2023-10-10 20:45:00+00:00;0.098;;
966771;unknown;control;2023-10-10 21:00:00+00:00;0.091;;
966771;unknown;control;2023-10-10 21:15:00+00:00;0.095;;
966771;unknown;control;2023-10-10 21:30:00+00:00;0.099;;
966771;unknown;control;2023-10-10 21:45:00+00:00;0.089;;
966771;unknown;control;2023-10-10 22:00:00+00:00;0.094;;
966771;unknown;control;2023-10-10 22:15:00+00:00;0.094;;
966771;unknown;control;2023-10-10 22:30:00+00:00;0.091;;
966771;unknown;control;2023-10-10 22:45:00+00:00;0.097;;
966771;unknown;control;2023-10-10 23:00:00+00:00;0.089;;
966771;unknown;control;2023-10-10 23:15:00+00:00;0.091;;
966771;unknown;control;2023-10-10 23:30:00+00:00;1.343;;
966771;unknown;control;2023-10-10 23:45:00+00:00;1.294;;
966771;unknown;control;2023-10-11 00:00:00+00:00;1.294;;
966771;unknown;control;2023-10-11 00:15:00+00:00;1.311;;
966771;unknown;control;2023-10-11 00:30:00+00:00;0.577;;
966771;unknown;control;2023-10-11 00:45:00+00:00;0.105;;
966771;unknown;control;2023-10-11 01:00:00+00:00;0.094;;
966771;unknown;control;2023-10-11 01:15:00+00:00;0.085;;
966771;unknown;control;2023-10-11 01:30:00+00:00;0.095;;
966771;unknown;control;2023-10-11 01:45:00+00:00;0.098;;
966771;unknown;control;2023-10-11 02:00:00+00:00;0.088;;
966771;unknown;control;2023-10-11 02:15:00+00:00;0.095;;
966771;unknown;control;2023-10-11 02:30:00+00:00;0.095;;
966771;unknown;control;2023-10-11 02:45:00+00:00;0.092;;
966771;unknown;control;2023-10-11 03:00:00+00:00;0.095;;
966771;unknown;control;2023-10-11 03:15:00+00:00;0.086;;
966771;unknown;control;2023-10-11 03:30:00+00:00;0.098;;
966771;unknown;control;2023-10-11 03:45:00+00:00;0.1;;
966771;unknown;control;2023-10-11 04:00:00+00:00;0.093;;
966771;unknown;control;2023-10-11 04:15:00+00:00;0.108;;
966771;unknown;control;2023-10-11 04:30:00+00:00;0.11;;
966771;unknown;control;2023-10-11 04:45:00+00:00;0.108;;
966771;unknown;control;2023-10-11 05:00:00+00:00;0.112;;
966771;unknown;control;2023-10-11 05:15:00+00:00;0.198;;
966771;unknown;control;2023-10-11 05:30:00+00:00;0.114;;
966771;unknown;control;2023-10-11 05:45:00+00:00;0.102;;
966771;unknown;control;2023-10-11 06:00:00+00:00;0.107;;
966771;unknown;control;2023-10-11 06:15:00+00:00;0.09;;
966771;unknown;control;2023-10-11 06:30:00+00:00;0.523;;
966771;unknown;control;2023-10-11 06:45:00+00:00;0.375;;
966771;unknown;control;2023-10-11 07:00:00+00:00;0.133;;
966771;unknown;control;2023-10-11 07:15:00+00:00;0.452;;
966771;unknown;control;2023-10-11 07:30:00+00:00;0.255;;
966771;unknown;control;2023-10-11 07:45:00+00:00;0.496;;
966771;unknown;control;2023-10-11 08:00:00+00:00;0.466;;
966771;unknown;control;2023-10-11 08:15:00+00:00;0.275;;
966771;unknown;control;2023-10-11 08:30:00+00:00;0.127;;
966771;unknown;control;2023-10-11 08:45:00+00:00;0.1;;
966771;unknown;control;2023-10-11 09:00:00+00:00;0.117;;
966771;unknown;control;2023-10-11 09:15:00+00:00;0.118;;
966771;unknown;control;2023-10-11 09:30:00+00:00;0.096;;
966771;unknown;control;2023-10-11 09:45:00+00:00;0.095;;
966771;unknown;control;2023-10-11 10:00:00+00:00;0.096;;
966771;unknown;control;2023-10-11 10:15:00+00:00;0.087;;
966771;unknown;control;2023-10-11 10:30:00+00:00;0.1;;
966771;unknown;control;2023-10-11 10:45:00+00:00;0.097;;
966771;unknown;control;2023-10-11 11:00:00+00:00;0.086;;
966771;unknown;control;2023-10-11 11:15:00+00:00;0.098;;
966771;unknown;control;2023-10-11 11:30:00+00:00;0.097;;
966771;unknown;control;2023-10-11 11:45:00+00:00;0.092;;
966771;unknown;control;2023-10-11 12:00:00+00:00;0.096;;
966771;unknown;control;2023-10-11 12:15:00+00:00;0.092;;
966771;unknown;control;2023-10-11 12:30:00+00:00;0.098;;
966771;unknown;control;2023-10-11 12:45:00+00:00;0.102;;
966771;unknown;control;2023-10-11 13:00:00+00:00;0.083;;
966771;unknown;control;2023-10-11 13:15:00+00:00;0.094;;
966771;unknown;control;2023-10-11 13:30:00+00:00;0.094;;
966771;unknown;control;2023-10-11 13:45:00+00:00;0.085;;
966771;unknown;control;2023-10-11 14:00:00+00:00;0.103;;
966771;unknown;control;2023-10-11 14:15:00+00:00;0.098;;
966771;unknown;control;2023-10-11 14:30:00+00:00;0.087;;
966771;unknown;control;2023-10-11 14:45:00+00:00;0.103;;
966771;unknown;control;2023-10-11 15:00:00+00:00;0.095;;
966771;unknown;control;2023-10-11 15:15:00+00:00;0.097;;
966771;unknown;control;2023-10-11 15:30:00+00:00;0.099;;
966771;unknown;control;2023-10-11 15:45:00+00:00;0.09;;
966771;unknown;control;2023-10-11 16:00:00+00:00;0.095;;
966771;unknown;control;2023-10-11 16:15:00+00:00;0.111;;
966771;unknown;control;2023-10-11 16:30:00+00:00;0.092;;
966771;unknown;control;2023-10-11 16:45:00+00:00;0.106;;
966771;unknown;control;2023-10-11 17:00:00+00:00;0.096;;
966771;unknown;control;2023-10-11 17:15:00+00:00;0.087;;
966771;unknown;control;2023-10-11 17:30:00+00:00;0.101;;
966771;unknown;control;2023-10-11 17:45:00+00:00;0.1;;
966771;unknown;control;2023-10-11 18:00:00+00:00;0.292;;
966771;unknown;control;2023-10-11 18:15:00+00:00;0.219;;
966771;unknown;control;2023-10-11 18:30:00+00:00;0.19;;
966771;unknown;control;2023-10-11 18:45:00+00:00;0.159;;
966771;unknown;control;2023-10-11 19:00:00+00:00;0.191;;
966771;unknown;control;2023-10-11 19:15:00+00:00;0.244;;
966771;unknown;control;2023-10-11 19:30:00+00:00;0.232;;
966771;unknown;control;2023-10-11 19:45:00+00:00;0.243;;
966771;unknown;control;2023-10-11 20:00:00+00:00;0.246;;
966771;unknown;control;2023-10-11 20:15:00+00:00;0.201;;
966771;unknown;control;2023-10-11 20:30:00+00:00;0.099;;
966771;unknown;control;2023-10-11 20:45:00+00:00;0.09;;
966771;unknown;control;2023-10-11 21:00:00+00:00;0.094;;
966771;unknown;control;2023-10-11 21:15:00+00:00;0.091;;
966771;unknown;control;2023-10-11 21:30:00+00:00;0.091;;
966771;unknown;control;2023-10-11 21:45:00+00:00;0.097;;
966771;unknown;control;2023-10-11 22:00:00+00:00;0.085;;
966771;unknown;control;2023-10-11 22:15:00+00:00;0.092;;
966771;unknown;control;2023-10-11 22:30:00+00:00;0.098;;
966771;unknown;control;2023-10-11 22:45:00+00:00;0.087;;
966771;unknown;control;2023-10-11 23:00:00+00:00;0.09;;
966771;unknown;control;2023-10-11 23:15:00+00:00;0.088;;
966771;unknown;control;2023-10-11 23:30:00+00:00;1.336;;
966771;unknown;control;2023-10-11 23:45:00+00:00;1.296;;
966771;unknown;control;2023-10-12 00:00:00+00:00;1.295;;
966771;unknown;control;2023-10-12 00:15:00+00:00;1.314;;
966771;unknown;control;2023-10-12 00:30:00+00:00;1.342;;
966771;unknown;control;2023-10-12 00:45:00+00:00;0.232;;
966771;unknown;control;2023-10-12 01:00:00+00:00;0.098;;
966771;unknown;control;2023-10-12 01:15:00+00:00;0.091;;
966771;unknown;control;2023-10-12 01:30:00+00:00;0.087;;
966771;unknown;control;2023-10-12 01:45:00+00:00;0.094;;
966771;unknown;control;2023-10-12 02:00:00+00:00;0.098;;
966771;unknown;control;2023-10-12 02:15:00+00:00;0.083;;
966771;unknown;control;2023-10-12 02:30:00+00:00;0.09;;
966771;unknown;control;2023-10-12 02:45:00+00:00;0.095;;
966771;unknown;control;2023-10-12 03:00:00+00:00;0.087;;
966771;unknown;control;2023-10-12 03:15:00+00:00;0.092;;
966771;unknown;control;2023-10-12 03:30:00+00:00;0.088;;
966771;unknown;control;2023-10-12 03:45:00+00:00;0.093;;
966771;unknown;control;2023-10-12 04:00:00+00:00;0.268;;
966771;unknown;control;2023-10-12 04:15:00+00:00;0.214;;
966771;unknown;control;2023-10-12 04:30:00+00:00;0.113;;
966771;unknown;control;2023-10-12 04:45:00+00:00;0.135;;
966771;unknown;control;2023-10-12 05:00:00+00:00;0.128;;
966771;unknown;control;2023-10-12 05:15:00+00:00;0.134;;
966771;unknown;control;2023-10-12 05:30:00+00:00;0.203;;
966771;unknown;control;2023-10-12 05:45:00+00:00;0.12;;
966771;unknown;control;2023-10-12 06:00:00+00:00;0.112;;
966771;unknown;control;2023-10-12 06:15:00+00:00;0.115;;
966771;unknown;control;2023-10-12 06:30:00+00:00;0.09;;
966771;unknown;control;2023-10-12 06:45:00+00:00;0.1;;
966771;unknown;control;2023-10-12 07:00:00+00:00;0.102;;
966771;unknown;control;2023-10-12 07:15:00+00:00;0.097;;
966771;unknown;control;2023-10-12 07:30:00+00:00;0.099;;
966771;unknown;control;2023-10-12 07:45:00+00:00;0.17;;
966771;unknown;control;2023-10-12 08:00:00+00:00;0.1;;
966771;unknown;control;2023-10-12 08:15:00+00:00;0.11;;
966771;unknown;control;2023-10-12 08:30:00+00:00;0.092;;
966771;unknown;control;2023-10-12 08:45:00+00:00;0.095;;
966771;unknown;control;2023-10-12 09:00:00+00:00;0.103;;
966771;unknown;control;2023-10-12 09:15:00+00:00;0.091;;
966771;unknown;control;2023-10-12 09:30:00+00:00;0.096;;
966771;unknown;control;2023-10-12 09:45:00+00:00;0.097;;
966771;unknown;control;2023-10-12 10:00:00+00:00;0.093;;
966771;unknown;control;2023-10-12 10:15:00+00:00;0.105;;
966771;unknown;control;2023-10-12 10:30:00+00:00;0.096;;
966771;unknown;control;2023-10-12 10:45:00+00:00;0.088;;
966771;unknown;control;2023-10-12 11:00:00+00:00;0.103;;
966771;unknown;control;2023-10-12 11:15:00+00:00;0.097;;
966771;unknown;control;2023-10-12 11:30:00+00:00;0.097;;
966771;unknown;control;2023-10-12 11:45:00+00:00;0.099;;
966771;unknown;control;2023-10-12 12:00:00+00:00;0.092;;
966771;unknown;control;2023-10-12 12:15:00+00:00;0.098;;
966771;unknown;control;2023-10-12 12:30:00+00:00;0.099;;
966771;unknown;control;2023-10-12 12:45:00+00:00;0.092;;
966771;unknown;control;2023-10-12 13:00:00+00:00;0.099;;
966771;unknown;control;2023-10-12 13:15:00+00:00;0.095;;
966771;unknown;control;2023-10-12 13:30:00+00:00;0.096;;
966771;unknown;control;2023-10-12 13:45:00+00:00;0.096;;
966771;unknown;control;2023-10-12 14:00:00+00:00;0.085;;
966771;unknown;control;2023-10-12 14:15:00+00:00;0.084;;
966771;unknown;control;2023-10-12 14:30:00+00:00;0.095;;
966771;unknown;control;2023-10-12 14:45:00+00:00;0.152;;
966771;unknown;control;2023-10-12 15:00:00+00:00;0.279;;
966771;unknown;control;2023-10-12 15:15:00+00:00;0.098;;
966771;unknown;control;2023-10-12 15:30:00+00:00;0.083;;
966771;unknown;control;2023-10-12 15:45:00+00:00;0.187;;
966771;unknown;control;2023-10-12 16:00:00+00:00;0.372;;
966771;unknown;control;2023-10-12 16:15:00+00:00;0.3;;
966771;unknown;control;2023-10-12 16:30:00+00:00;0.33;;
966771;unknown;control;2023-10-12 16:45:00+00:00;0.223;;
966771;unknown;control;2023-10-12 17:00:00+00:00;0.504;;
966771;unknown;control;2023-10-12 17:15:00+00:00;0.301;;
966771;unknown;control;2023-10-12 17:30:00+00:00;0.309;;
966771;unknown;control;2023-10-12 17:45:00+00:00;0.269;;
966771;unknown;control;2023-10-12 18:00:00+00:00;0.275;;
966771;unknown;control;2023-10-12 18:15:00+00:00;0.274;;
966771;unknown;control;2023-10-12 18:30:00+00:00;0.273;;
966771;unknown;control;2023-10-12 18:45:00+00:00;0.188;;
966771;unknown;control;2023-10-12 19:00:00+00:00;0.153;;
966771;unknown;control;2023-10-12 19:15:00+00:00;0.159;;
966771;unknown;control;2023-10-12 19:30:00+00:00;0.269;;
966771;unknown;control;2023-10-12 19:45:00+00:00;0.574;;
966771;unknown;control;2023-10-12 20:00:00+00:00;0.111;;
966771;unknown;control;2023-10-12 20:15:00+00:00;0.11;;
966771;unknown;control;2023-10-12 20:30:00+00:00;0.469;;
966771;unknown;control;2023-10-12 20:45:00+00:00;0.097;;
966771;unknown;control;2023-10-12 21:00:00+00:00;0.091;;
966771;unknown;control;2023-10-12 21:15:00+00:00;0.095;;
966771;unknown;control;2023-10-12 21:30:00+00:00;0.101;;
966771;unknown;control;2023-10-12 21:45:00+00:00;0.088;;
966771;unknown;control;2023-10-12 22:00:00+00:00;0.093;;
966771;unknown;control;2023-10-12 22:15:00+00:00;0.097;;
966771;unknown;control;2023-10-12 22:30:00+00:00;0.084;;
966771;unknown;control;2023-10-12 22:45:00+00:00;0.09;;
966771;unknown;control;2023-10-12 23:00:00+00:00;0.092;;
966771;unknown;control;2023-10-12 23:15:00+00:00;0.08;;
966771;unknown;control;2023-10-12 23:30:00+00:00;1.349;;
966771;unknown;control;2023-10-12 23:45:00+00:00;1.308;;
966771;unknown;control;2023-10-13 00:00:00+00:00;1.305;;
966771;unknown;control;2023-10-13 00:15:00+00:00;1.325;;
966771;unknown;control;2023-10-13 00:30:00+00:00;0.61;;
966771;unknown;control;2023-10-13 00:45:00+00:00;0.088;;
966771;unknown;control;2023-10-13 01:00:00+00:00;0.095;;
966771;unknown;control;2023-10-13 01:15:00+00:00;0.087;;
966771;unknown;control;2023-10-13 01:30:00+00:00;0.089;;
966771;unknown;control;2023-10-13 01:45:00+00:00;0.091;;
966771;unknown;control;2023-10-13 02:00:00+00:00;0.087;;
966771;unknown;control;2023-10-13 02:15:00+00:00;0.096;;
966771;unknown;control;2023-10-13 02:30:00+00:00;0.095;;
966771;unknown;control;2023-10-13 02:45:00+00:00;0.082;;
966771;unknown;control;2023-10-13 03:00:00+00:00;0.09;;
966771;unknown;control;2023-10-13 03:15:00+00:00;0.089;;
966771;unknown;control;2023-10-13 03:30:00+00:00;0.079;;
966771;unknown;control;2023-10-13 03:45:00+00:00;0.092;;
966771;unknown;control;2023-10-13 04:00:00+00:00;0.091;;
966771;unknown;control;2023-10-13 04:15:00+00:00;0.08;;
966771;unknown;control;2023-10-13 04:30:00+00:00;0.088;;
966771;unknown;control;2023-10-13 04:45:00+00:00;0.092;;
966771;unknown;control;2023-10-13 05:00:00+00:00;0.111;;
966771;unknown;control;2023-10-13 05:15:00+00:00;0.159;;
966771;unknown;control;2023-10-13 05:30:00+00:00;0.094;;
966771;unknown;control;2023-10-13 05:45:00+00:00;0.094;;
966771;unknown;control;2023-10-13 06:00:00+00:00;0.116;;
966771;unknown;control;2023-10-13 06:15:00+00:00;0.091;;
966771;unknown;control;2023-10-13 06:30:00+00:00;0.099;;
966771;unknown;control;2023-10-13 06:45:00+00:00;0.123;;
966771;unknown;control;2023-10-13 07:00:00+00:00;0.393;;
966771;unknown;control;2023-10-13 07:15:00+00:00;0.147;;
966771;unknown;control;2023-10-13 07:30:00+00:00;0.097;;
966771;unknown;control;2023-10-13 07:45:00+00:00;0.081;;
966771;unknown;control;2023-10-13 08:00:00+00:00;0.099;;
966771;unknown;control;2023-10-13 08:15:00+00:00;0.092;;
966771;unknown;control;2023-10-13 08:30:00+00:00;0.086;;
966771;unknown;control;2023-10-13 08:45:00+00:00;0.093;;
966771;unknown;control;2023-10-13 09:00:00+00:00;0.089;;
966771;unknown;control;2023-10-13 09:15:00+00:00;0.092;;
966771;unknown;control;2023-10-13 09:30:00+00:00;0.089;;
966771;unknown;control;2023-10-13 09:45:00+00:00;0.08;;
966771;unknown;control;2023-10-13 10:00:00+00:00;0.091;;
966771;unknown;control;2023-10-13 10:15:00+00:00;0.091;;
966771;unknown;control;2023-10-13 10:30:00+00:00;0.099;;
966771;unknown;control;2023-10-13 10:45:00+00:00;0.094;;
966771;unknown;control;2023-10-13 11:00:00+00:00;0.091;;
966771;unknown;control;2023-10-13 11:15:00+00:00;0.084;;
966771;unknown;control;2023-10-13 11:30:00+00:00;0.096;;
966771;unknown;control;2023-10-13 11:45:00+00:00;0.085;;
966771;unknown;control;2023-10-13 12:00:00+00:00;0.084;;
966771;unknown;control;2023-10-13 12:15:00+00:00;0.1;;
966771;unknown;control;2023-10-13 12:30:00+00:00;0.081;;
966771;unknown;control;2023-10-13 12:45:00+00:00;0.083;;
966771;unknown;control;2023-10-13 13:00:00+00:00;0.092;;
966771;unknown;control;2023-10-13 13:15:00+00:00;0.081;;
966771;unknown;control;2023-10-13 13:30:00+00:00;0.085;;
966771;unknown;control;2023-10-13 13:45:00+00:00;0.171;;
966771;unknown;control;2023-10-13 14:00:00+00:00;0.089;;
966771;unknown;control;2023-10-13 14:15:00+00:00;0.104;;
966771;unknown;control;2023-10-13 14:30:00+00:00;0.092;;
966771;unknown;control;2023-10-13 14:45:00+00:00;0.081;;
966771;unknown;control;2023-10-13 15:00:00+00:00;0.09;;
966771;unknown;control;2023-10-13 15:15:00+00:00;0.091;;
966771;unknown;control;2023-10-13 15:30:00+00:00;0.088;;
966771;unknown;control;2023-10-13 15:45:00+00:00;0.261;;
966771;unknown;control;2023-10-13 16:00:00+00:00;0.085;;
966771;unknown;control;2023-10-13 16:15:00+00:00;0.084;;
966771;unknown;control;2023-10-13 16:30:00+00:00;0.108;;
966771;unknown;control;2023-10-13 16:45:00+00:00;0.13;;
966771;unknown;control;2023-10-13 17:00:00+00:00;0.157;;
966771;unknown;control;2023-10-13 17:15:00+00:00;2.622;;
966771;unknown;control;2023-10-13 17:30:00+00:00;2.84;;
966771;unknown;control;2023-10-13 17:45:00+00:00;2.832;;
966771;unknown;control;2023-10-13 18:00:00+00:00;2.834;;
966771;unknown;control;2023-10-13 18:15:00+00:00;2.843;;
966771;unknown;control;2023-10-13 18:30:00+00:00;2.83;;
966771;unknown;control;2023-10-13 18:45:00+00:00;2.823;;
966771;unknown;control;2023-10-13 19:00:00+00:00;2.829;;
966771;unknown;control;2023-10-13 19:15:00+00:00;1.206;;
966771;unknown;control;2023-10-13 19:30:00+00:00;0.146;;
966771;unknown;control;2023-10-13 19:45:00+00:00;0.145;;
966771;unknown;control;2023-10-13 20:00:00+00:00;0.128;;
966771;unknown;control;2023-10-13 20:15:00+00:00;0.089;;
966771;unknown;control;2023-10-13 20:30:00+00:00;0.1;;
966771;unknown;control;2023-10-13 20:45:00+00:00;0.102;;
966771;unknown;control;2023-10-13 21:00:00+00:00;0.089;;
966771;unknown;control;2023-10-13 21:15:00+00:00;0.095;;
966771;unknown;control;2023-10-13 21:30:00+00:00;0.091;;
966771;unknown;control;2023-10-13 21:45:00+00:00;0.089;;
966771;unknown;control;2023-10-13 22:00:00+00:00;0.098;;
966771;unknown;control;2023-10-13 22:15:00+00:00;0.088;;
966771;unknown;control;2023-10-13 22:30:00+00:00;0.092;;
966771;unknown;control;2023-10-13 22:45:00+00:00;0.096;;
966771;unknown;control;2023-10-13 23:00:00+00:00;0.086;;
966771;unknown;control;2023-10-13 23:15:00+00:00;0.089;;
966771;unknown;control;2023-10-13 23:30:00+00:00;1.35;;
966771;unknown;control;2023-10-13 23:45:00+00:00;1.29;;
966771;unknown;control;2023-10-14 00:00:00+00:00;1.308;;
966771;unknown;control;2023-10-14 00:15:00+00:00;1.332;;
966771;unknown;control;2023-10-14 00:30:00+00:00;1.335;;
966771;unknown;control;2023-10-14 00:45:00+00:00;0.98;;
966771;unknown;control;2023-10-14 01:00:00+00:00;0.089;;
966771;unknown;control;2023-10-14 01:15:00+00:00;0.084;;
966771;unknown;control;2023-10-14 01:30:00+00:00;0.094;;
966771;unknown;control;2023-10-14 01:45:00+00:00;0.106;;
966771;unknown;control;2023-10-14 02:00:00+00:00;0.092;;
966771;unknown;control;2023-10-14 02:15:00+00:00;0.093;;
966771;unknown;control;2023-10-14 02:30:00+00:00;0.085;;
966771;unknown;control;2023-10-14 02:45:00+00:00;0.091;;
966771;unknown;control;2023-10-14 03:00:00+00:00;0.088;;
966771;unknown;control;2023-10-14 03:15:00+00:00;0.082;;
966771;unknown;control;2023-10-14 03:30:00+00:00;0.092;;
966771;unknown;control;2023-10-14 03:45:00+00:00;0.086;;
966771;unknown;control;2023-10-14 04:00:00+00:00;0.087;;
966771;unknown;control;2023-10-14 04:15:00+00:00;0.095;;
966771;unknown;control;2023-10-14 04:30:00+00:00;0.083;;
966771;unknown;control;2023-10-14 04:45:00+00:00;0.08;;
966771;unknown;control;2023-10-14 05:00:00+00:00;0.095;;
966771;unknown;control;2023-10-14 05:15:00+00:00;0.098;;
966771;unknown;control;2023-10-14 05:30:00+00:00;0.268;;
966771;unknown;control;2023-10-14 05:45:00+00:00;0.176;;
966771;unknown;control;2023-10-14 06:00:00+00:00;0.158;;
966771;unknown;control;2023-10-14 06:15:00+00:00;0.147;;
966771;unknown;control;2023-10-14 06:30:00+00:00;0.147;;
966771;unknown;control;2023-10-14 06:45:00+00:00;0.103;;
966771;unknown;control;2023-10-14 07:00:00+00:00;0.105;;
966771;unknown;control;2023-10-14 07:15:00+00:00;0.095;;
966771;unknown;control;2023-10-14 07:30:00+00:00;0.085;;
966771;unknown;control;2023-10-14 07:45:00+00:00;0.1;;
966771;unknown;control;2023-10-14 08:00:00+00:00;0.094;;
966771;unknown;control;2023-10-14 08:15:00+00:00;0.096;;
966771;unknown;control;2023-10-14 08:30:00+00:00;0.102;;
966771;unknown;control;2023-10-14 08:45:00+00:00;0.088;;
966771;unknown;control;2023-10-14 09:00:00+00:00;0.089;;
966771;unknown;control;2023-10-14 09:15:00+00:00;0.094;;
966771;unknown;control;2023-10-14 09:30:00+00:00;0.089;;
966771;unknown;control;2023-10-14 09:45:00+00:00;0.18;;
966771;unknown;control;2023-10-14 10:00:00+00:00;0.094;;
966771;unknown;control;2023-10-14 10:15:00+00:00;0.096;;
966771;unknown;control;2023-10-14 10:30:00+00:00;0.103;;
966771;unknown;control;2023-10-14 10:45:00+00:00;0.091;;
966771;unknown;control;2023-10-14 11:00:00+00:00;0.084;;
966771;unknown;control;2023-10-14 11:15:00+00:00;0.099;;
966771;unknown;control;2023-10-14 11:30:00+00:00;0.283;;
966771;unknown;control;2023-10-14 11:45:00+00:00;0.097;;
966771;unknown;control;2023-10-14 12:00:00+00:00;0.107;;
966771;unknown;control;2023-10-14 12:15:00+00:00;0.107;;
966771;unknown;control;2023-10-14 12:30:00+00:00;0.359;;
966771;unknown;control;2023-10-14 12:45:00+00:00;0.101;;
966771;unknown;control;2023-10-14 13:00:00+00:00;0.099;;
966771;unknown;control;2023-10-14 13:15:00+00:00;0.108;;
966771;unknown;control;2023-10-14 13:30:00+00:00;0.107;;
966771;unknown;control;2023-10-14 13:45:00+00:00;0.107;;
966771;unknown;control;2023-10-14 14:00:00+00:00;0.103;;
966771;unknown;control;2023-10-14 14:15:00+00:00;0.088;;
966771;unknown;control;2023-10-14 14:30:00+00:00;0.302;;
966771;unknown;control;2023-10-14 14:45:00+00:00;0.214;;
966771;unknown;control;2023-10-14 15:00:00+00:00;0.136;;
966771;unknown;control;2023-10-14 15:15:00+00:00;0.146;;
966771;unknown;control;2023-10-14 15:30:00+00:00;0.153;;
966771;unknown;control;2023-10-14 15:45:00+00:00;0.134;;
966771;unknown;control;2023-10-14 16:00:00+00:00;0.157;;
966771;unknown;control;2023-10-14 16:15:00+00:00;0.126;;
966771;unknown;control;2023-10-14 16:30:00+00:00;0.116;;
966771;unknown;control;2023-10-14 16:45:00+00:00;0.219;;
966771;unknown;control;2023-10-14 17:00:00+00:00;0.206;;
966771;unknown;control;2023-10-14 17:15:00+00:00;0.199;;
966771;unknown;control;2023-10-14 17:30:00+00:00;0.178;;
966771;unknown;control;2023-10-14 17:45:00+00:00;0.177;;
966771;unknown;control;2023-10-14 18:00:00+00:00;0.188;;
966771;unknown;control;2023-10-14 18:15:00+00:00;0.208;;
966771;unknown;control;2023-10-14 18:30:00+00:00;0.178;;
966771;unknown;control;2023-10-14 18:45:00+00:00;0.151;;
966771;unknown;control;2023-10-14 19:00:00+00:00;0.164;;
966771;unknown;control;2023-10-14 19:15:00+00:00;0.154;;
966771;unknown;control;2023-10-14 19:30:00+00:00;0.155;;
966771;unknown;control;2023-10-14 19:45:00+00:00;0.158;;
966771;unknown;control;2023-10-14 20:00:00+00:00;0.144;;
966771;unknown;control;2023-10-14 20:15:00+00:00;0.094;;
966771;unknown;control;2023-10-14 20:30:00+00:00;0.095;;
966771;unknown;control;2023-10-14 20:45:00+00:00;0.085;;
966771;unknown;control;2023-10-14 21:00:00+00:00;0.093;;
966771;unknown;control;2023-10-14 21:15:00+00:00;0.098;;
966771;unknown;control;2023-10-14 21:30:00+00:00;0.083;;
966771;unknown;control;2023-10-14 21:45:00+00:00;0.087;;
966771;unknown;control;2023-10-14 22:00:00+00:00;0.098;;
966771;unknown;control;2023-10-14 22:15:00+00:00;0.085;;
966771;unknown;control;2023-10-14 22:30:00+00:00;0.091;;
966771;unknown;control;2023-10-14 22:45:00+00:00;0.093;;
966771;unknown;control;2023-10-14 23:00:00+00:00;0.084;;
966771;unknown;control;2023-10-14 23:15:00+00:00;0.099;;
966771;unknown;control;2023-10-14 23:30:00+00:00;1.336;;
966771;unknown;control;2023-10-14 23:45:00+00:00;1.286;;
966771;unknown;control;2023-10-15 00:00:00+00:00;1.297;;
966771;unknown;control;2023-10-15 00:15:00+00:00;1.311;;
966771;unknown;control;2023-10-15 00:30:00+00:00;1.314;;
966771;unknown;control;2023-10-15 00:45:00+00:00;1.078;;
966771;unknown;control;2023-10-15 01:00:00+00:00;0.08;;
966771;unknown;control;2023-10-15 01:15:00+00:00;0.089;;
966771;unknown;control;2023-10-15 01:30:00+00:00;0.087;;
966771;unknown;control;2023-10-15 01:45:00+00:00;0.08;;
966771;unknown;control;2023-10-15 02:00:00+00:00;0.094;;
966771;unknown;control;2023-10-15 02:15:00+00:00;0.088;;
966771;unknown;control;2023-10-15 02:30:00+00:00;0.08;;
966771;unknown;control;2023-10-15 02:45:00+00:00;0.093;;
966771;unknown;control;2023-10-15 03:00:00+00:00;0.089;;
966771;unknown;control;2023-10-15 03:15:00+00:00;0.082;;
966771;unknown;control;2023-10-15 03:30:00+00:00;0.101;;
966771;unknown;control;2023-10-15 03:45:00+00:00;0.086;;
966771;unknown;control;2023-10-15 04:00:00+00:00;0.083;;
966771;unknown;control;2023-10-15 04:15:00+00:00;0.087;;
966771;unknown;control;2023-10-15 04:30:00+00:00;0.084;;
966771;unknown;control;2023-10-15 04:45:00+00:00;0.086;;
966771;unknown;control;2023-10-15 05:00:00+00:00;0.088;;
966771;unknown;control;2023-10-15 05:15:00+00:00;0.083;;
966771;unknown;control;2023-10-15 05:30:00+00:00;0.088;;
966771;unknown;control;2023-10-15 05:45:00+00:00;0.085;;
966771;unknown;control;2023-10-15 06:00:00+00:00;0.087;;
966771;unknown;control;2023-10-15 06:15:00+00:00;0.108;;
966771;unknown;control;2023-10-15 06:30:00+00:00;0.095;;
966771;unknown;control;2023-10-15 06:45:00+00:00;0.084;;
966771;unknown;control;2023-10-15 07:00:00+00:00;0.115;;
966771;unknown;control;2023-10-15 07:15:00+00:00;0.514;;
966771;unknown;control;2023-10-15 07:30:00+00:00;0.099;;
966771;unknown;control;2023-10-15 07:45:00+00:00;0.095;;
966771;unknown;control;2023-10-15 08:00:00+00:00;0.237;;
966771;unknown;control;2023-10-15 08:15:00+00:00;0.124;;
966771;unknown;control;2023-10-15 08:30:00+00:00;0.165;;
966771;unknown;control;2023-10-15 08:45:00+00:00;0.141;;
966771;unknown;control;2023-10-15 09:00:00+00:00;0.103;;
966771;unknown;control;2023-10-15 09:15:00+00:00;0.103;;
966771;unknown;control;2023-10-15 09:30:00+00:00;0.092;;
966771;unknown;control;2023-10-15 09:45:00+00:00;0.109;;
966771;unknown;control;2023-10-15 10:00:00+00:00;0.102;;
966771;unknown;control;2023-10-15 10:15:00+00:00;0.095;;
966771;unknown;control;2023-10-15 10:30:00+00:00;0.109;;
966771;unknown;control;2023-10-15 10:45:00+00:00;0.11;;
966771;unknown;control;2023-10-15 11:00:00+00:00;0.094;;
966771;unknown;control;2023-10-15 11:15:00+00:00;0.099;;
966771;unknown;control;2023-10-15 11:30:00+00:00;0.095;;
966771;unknown;control;2023-10-15 11:45:00+00:00;0.098;;
966771;unknown;control;2023-10-15 12:00:00+00:00;0.099;;
966771;unknown;control;2023-10-15 12:15:00+00:00;0.1;;
966771;unknown;control;2023-10-15 12:30:00+00:00;0.092;;
966771;unknown;control;2023-10-15 12:45:00+00:00;0.135;;
966771;unknown;control;2023-10-15 13:00:00+00:00;0.174;;
966771;unknown;control;2023-10-15 13:15:00+00:00;0.112;;
966771;unknown;control;2023-10-15 13:30:00+00:00;0.6;;
966771;unknown;control;2023-10-15 13:45:00+00:00;0.104;;
966771;unknown;control;2023-10-15 14:00:00+00:00;0.487;;
966771;unknown;control;2023-10-15 14:15:00+00:00;0.108;;
966771;unknown;control;2023-10-15 14:30:00+00:00;0.169;;
966771;unknown;control;2023-10-15 14:45:00+00:00;0.168;;
966771;unknown;control;2023-10-15 15:00:00+00:00;0.098;;
966771;unknown;control;2023-10-15 15:15:00+00:00;0.106;;
966771;unknown;control;2023-10-15 15:30:00+00:00;0.101;;
966771;unknown;control;2023-10-15 15:45:00+00:00;0.404;;
966771;unknown;control;2023-10-15 16:00:00+00:00;0.303;;
966771;unknown;control;2023-10-15 16:15:00+00:00;0.513;;
966771;unknown;control;2023-10-15 16:30:00+00:00;0.576;;
966771;unknown;control;2023-10-15 16:45:00+00:00;0.456;;
966771;unknown;control;2023-10-15 17:00:00+00:00;0.457;;
966771;unknown;control;2023-10-15 17:15:00+00:00;0.259;;
966771;unknown;control;2023-10-15 17:30:00+00:00;0.208;;
966771;unknown;control;2023-10-15 17:45:00+00:00;0.193;;
966771;unknown;control;2023-10-15 18:00:00+00:00;0.132;;
966771;unknown;control;2023-10-15 18:15:00+00:00;0.146;;
966771;unknown;control;2023-10-15 18:30:00+00:00;0.139;;
966771;unknown;control;2023-10-15 18:45:00+00:00;0.13;;
966771;unknown;control;2023-10-15 19:00:00+00:00;0.135;;
966771;unknown;control;2023-10-15 19:15:00+00:00;0.124;;
966771;unknown;control;2023-10-15 19:30:00+00:00;0.115;;
966771;unknown;control;2023-10-15 19:45:00+00:00;0.104;;
966771;unknown;control;2023-10-15 20:00:00+00:00;0.089;;
966771;unknown;control;2023-10-15 20:15:00+00:00;0.088;;
966771;unknown;control;2023-10-15 20:30:00+00:00;0.098;;
966771;unknown;control;2023-10-15 20:45:00+00:00;0.085;;
966771;unknown;control;2023-10-15 21:00:00+00:00;0.085;;
966771;unknown;control;2023-10-15 21:15:00+00:00;0.09;;
966771;unknown;control;2023-10-15 21:30:00+00:00;0.083;;
966771;unknown;control;2023-10-15 21:45:00+00:00;0.101;;
966771;unknown;control;2023-10-15 22:00:00+00:00;0.179;;
966771;unknown;control;2023-10-15 22:15:00+00:00;0.096;;
966771;unknown;control;2023-10-15 22:30:00+00:00;0.099;;
966771;unknown;control;2023-10-15 22:45:00+00:00;0.089;;
966771;unknown;control;2023-10-15 23:00:00+00:00;0.085;;
966771;unknown;control;2023-10-15 23:15:00+00:00;0.098;;
966771;unknown;control;2023-10-15 23:30:00+00:00;1.324;;
966771;unknown;control;2023-10-15 23:45:00+00:00;1.271;;
966771;unknown;control;2023-10-16 00:00:00+00:00;1.294;;
966771;unknown;control;2023-10-16 00:15:00+00:00;1.292;;
966771;unknown;control;2023-10-16 00:30:00+00:00;0.595;;
966771;unknown;control;2023-10-16 00:45:00+00:00;0.098;;
966771;unknown;control;2023-10-16 01:00:00+00:00;0.1;;
966771;unknown;control;2023-10-16 01:15:00+00:00;0.093;;
966771;unknown;control;2023-10-16 01:30:00+00:00;0.114;;
966771;unknown;control;2023-10-16 01:45:00+00:00;0.805;;
966771;unknown;control;2023-10-16 02:00:00+00:00;0.853;;
966771;unknown;control;2023-10-16 02:15:00+00:00;0.226;;
966771;unknown;control;2023-10-16 02:30:00+00:00;0.103;;
966771;unknown;control;2023-10-16 02:45:00+00:00;0.116;;
966771;unknown;control;2023-10-16 03:00:00+00:00;0.699;;
966771;unknown;control;2023-10-16 03:15:00+00:00;0.183;;
966771;unknown;control;2023-10-16 03:30:00+00:00;0.091;;
966771;unknown;control;2023-10-16 03:45:00+00:00;0.106;;
966771;unknown;control;2023-10-16 04:00:00+00:00;0.434;;
966771;unknown;control;2023-10-16 04:15:00+00:00;0.846;;
966771;unknown;control;2023-10-16 04:30:00+00:00;0.3;;
966771;unknown;control;2023-10-16 04:45:00+00:00;0.109;;
966771;unknown;control;2023-10-16 05:00:00+00:00;0.107;;
966771;unknown;control;2023-10-16 05:15:00+00:00;0.099;;
966771;unknown;control;2023-10-16 05:30:00+00:00;0.115;;
966771;unknown;control;2023-10-16 05:45:00+00:00;0.112;;
966771;unknown;control;2023-10-16 06:00:00+00:00;0.515;;
966771;unknown;control;2023-10-16 06:15:00+00:00;0.831;;
966771;unknown;control;2023-10-16 06:30:00+00:00;0.107;;
966771;unknown;control;2023-10-16 06:45:00+00:00;0.302;;
966771;unknown;control;2023-10-16 07:00:00+00:00;0.815;;
966771;unknown;control;2023-10-16 07:15:00+00:00;0.188;;
966771;unknown;control;2023-10-16 07:30:00+00:00;0.139;;
966771;unknown;control;2023-10-16 07:45:00+00:00;0.195;;
966771;unknown;control;2023-10-16 08:00:00+00:00;0.186;;
966771;unknown;control;2023-10-16 08:15:00+00:00;0.568;;
966771;unknown;control;2023-10-16 08:30:00+00:00;0.298;;
966771;unknown;control;2023-10-16 08:45:00+00:00;0.323;;
966771;unknown;control;2023-10-16 09:00:00+00:00;0.317;;
966771;unknown;control;2023-10-16 09:15:00+00:00;0.593;;
966771;unknown;control;2023-10-16 09:30:00+00:00;0.308;;
966771;unknown;control;2023-10-16 09:45:00+00:00;0.193;;
966771;unknown;control;2023-10-16 10:00:00+00:00;0.133;;
966771;unknown;control;2023-10-16 10:15:00+00:00;0.125;;
966771;unknown;control;2023-10-16 10:30:00+00:00;0.113;;
966771;unknown;control;2023-10-16 10:45:00+00:00;0.117;;
966771;unknown;control;2023-10-16 11:00:00+00:00;0.112;;
966771;unknown;control;2023-10-16 11:15:00+00:00;0.117;;
966771;unknown;control;2023-10-16 11:30:00+00:00;0.127;;
966771;unknown;control;2023-10-16 11:45:00+00:00;0.101;;
966771;unknown;control;2023-10-16 12:00:00+00:00;0.32;;
966771;unknown;control;2023-10-16 12:15:00+00:00;0.273;;
966771;unknown;control;2023-10-16 12:30:00+00:00;0.25;;
966771;unknown;control;2023-10-16 12:45:00+00:00;0.257;;
966771;unknown;control;2023-10-16 13:00:00+00:00;0.306;;
966771;unknown;control;2023-10-16 13:15:00+00:00;0.351;;
966771;unknown;control;2023-10-16 13:30:00+00:00;0.4;;
966771;unknown;control;2023-10-16 13:45:00+00:00;0.553;;
966771;unknown;control;2023-10-16 14:00:00+00:00;0.24;;
966771;unknown;control;2023-10-16 14:15:00+00:00;0.228;;
966771;unknown;control;2023-10-16 14:30:00+00:00;0.123;;
966771;unknown;control;2023-10-16 14:45:00+00:00;0.087;;
966771;unknown;control;2023-10-16 15:00:00+00:00;0.141;;
966771;unknown;control;2023-10-16 15:15:00+00:00;0.303;;
966771;unknown;control;2023-10-16 15:30:00+00:00;0.114;;
966771;unknown;control;2023-10-16 15:45:00+00:00;0.122;;
966771;unknown;control;2023-10-16 16:00:00+00:00;0.11;;
966771;unknown;control;2023-10-16 16:15:00+00:00;0.107;;
966771;unknown;control;2023-10-16 16:30:00+00:00;0.108;;
966771;unknown;control;2023-10-16 16:45:00+00:00;0.1;;
966771;unknown;control;2023-10-16 17:00:00+00:00;0.124;;
966771;unknown;control;2023-10-16 17:15:00+00:00;0.211;;
966771;unknown;control;2023-10-16 17:30:00+00:00;0.129;;
966771;unknown;control;2023-10-16 17:45:00+00:00;0.135;;
966771;unknown;control;2023-10-16 18:00:00+00:00;0.302;;
966771;unknown;control;2023-10-16 18:15:00+00:00;0.236;;
966771;unknown;control;2023-10-16 18:30:00+00:00;0.293;;
966771;unknown;control;2023-10-16 18:45:00+00:00;0.961;;
966771;unknown;control;2023-10-16 19:00:00+00:00;0.266;;
966771;unknown;control;2023-10-16 19:15:00+00:00;0.171;;
966771;unknown;control;2023-10-16 19:30:00+00:00;0.163;;
966771;unknown;control;2023-10-16 19:45:00+00:00;0.166;;
966771;unknown;control;2023-10-16 20:00:00+00:00;0.178;;
966771;unknown;control;2023-10-16 20:15:00+00:00;0.169;;
966771;unknown;control;2023-10-16 20:30:00+00:00;0.154;;
966771;unknown;control;2023-10-16 20:45:00+00:00;0.137;;
966771;unknown;control;2023-10-16 21:00:00+00:00;0.434;;
966771;unknown;control;2023-10-16 21:15:00+00:00;0.666;;
966771;unknown;control;2023-10-16 21:30:00+00:00;0.117;;
966771;unknown;control;2023-10-16 21:45:00+00:00;0.111;;
966771;unknown;control;2023-10-16 22:00:00+00:00;0.216;;
966771;unknown;control;2023-10-16 22:15:00+00:00;0.846;;
966771;unknown;control;2023-10-16 22:30:00+00:00;0.366;;
966771;unknown;control;2023-10-16 22:45:00+00:00;0.116;;
966771;unknown;control;2023-10-16 23:00:00+00:00;0.161;;
966771;unknown;control;2023-10-16 23:15:00+00:00;0.137;;
966771;unknown;control;2023-10-16 23:30:00+00:00;1.342;;
966771;unknown;control;2023-10-16 23:45:00+00:00;1.3;;
966771;unknown;control;2023-10-17 00:00:00+00:00;1.897;;
966771;unknown;control;2023-10-17 00:15:00+00:00;2.037;;
966771;unknown;control;2023-10-17 00:30:00+00:00;1.329;;
966771;unknown;control;2023-10-17 00:45:00+00:00;1.358;;
966771;unknown;control;2023-10-17 01:00:00+00:00;0.33;;
966771;unknown;control;2023-10-17 01:15:00+00:00;0.099;;
966771;unknown;control;2023-10-17 01:30:00+00:00;0.295;;
966771;unknown;control;2023-10-17 01:45:00+00:00;0.847;;
966771;unknown;control;2023-10-17 02:00:00+00:00;0.87;;
966771;unknown;control;2023-10-17 02:15:00+00:00;0.119;;
966771;unknown;control;2023-10-17 02:30:00+00:00;0.112;;
966771;unknown;control;2023-10-17 02:45:00+00:00;0.282;;
966771;unknown;control;2023-10-17 03:00:00+00:00;0.848;;
966771;unknown;control;2023-10-17 03:15:00+00:00;0.187;;
966771;unknown;control;2023-10-17 03:30:00+00:00;0.107;;
966771;unknown;control;2023-10-17 03:45:00+00:00;0.144;;
966771;unknown;control;2023-10-17 04:00:00+00:00;0.779;;
966771;unknown;control;2023-10-17 04:15:00+00:00;0.826;;
966771;unknown;control;2023-10-17 04:30:00+00:00;0.107;;
966771;unknown;control;2023-10-17 04:45:00+00:00;0.097;;
966771;unknown;control;2023-10-17 05:00:00+00:00;0.104;;
966771;unknown;control;2023-10-17 05:15:00+00:00;0.218;;
966771;unknown;control;2023-10-17 05:30:00+00:00;0.11;;
966771;unknown;control;2023-10-17 05:45:00+00:00;0.197;;
966771;unknown;control;2023-10-17 06:00:00+00:00;0.105;;
966771;unknown;control;2023-10-17 06:15:00+00:00;0.11;;
966771;unknown;control;2023-10-17 06:30:00+00:00;0.116;;
966771;unknown;control;2023-10-17 06:45:00+00:00;0.18;;
966771;unknown;control;2023-10-17 07:00:00+00:00;0.103;;
966771;unknown;control;2023-10-17 07:15:00+00:00;0.11;;
966771;unknown;control;2023-10-17 07:30:00+00:00;0.125;;
966771;unknown;control;2023-10-17 07:45:00+00:00;0.136;;
966771;unknown;control;2023-10-17 08:00:00+00:00;0.42;;
966771;unknown;control;2023-10-17 08:15:00+00:00;0.14;;
966771;unknown;control;2023-10-17 08:30:00+00:00;0.146;;
966771;unknown;control;2023-10-17 08:45:00+00:00;0.176;;
966771;unknown;control;2023-10-17 09:00:00+00:00;0.221;;
966771;unknown;control;2023-10-17 09:15:00+00:00;0.173;;
966771;unknown;control;2023-10-17 09:30:00+00:00;0.107;;
966771;unknown;control;2023-10-17 09:45:00+00:00;0.122;;
966771;unknown;control;2023-10-17 10:00:00+00:00;0.225;;
966771;unknown;control;2023-10-17 10:15:00+00:00;0.098;;
966771;unknown;control;2023-10-17 10:30:00+00:00;0.134;;
966771;unknown;control;2023-10-17 10:45:00+00:00;0.5;;
966771;unknown;control;2023-10-17 11:00:00+00:00;0.346;;
966771;unknown;control;2023-10-17 11:15:00+00:00;0.134;;
966771;unknown;control;2023-10-17 11:30:00+00:00;0.131;;
966771;unknown;control;2023-10-17 11:45:00+00:00;0.576;;
966771;unknown;control;2023-10-17 12:00:00+00:00;0.123;;
966771;unknown;control;2023-10-17 12:15:00+00:00;0.107;;
966771;unknown;control;2023-10-17 12:30:00+00:00;0.115;;
966771;unknown;control;2023-10-17 12:45:00+00:00;0.191;;
966771;unknown;control;2023-10-17 13:00:00+00:00;0.105;;
966771;unknown;control;2023-10-17 13:15:00+00:00;0.105;;
966771;unknown;control;2023-10-17 13:30:00+00:00;0.112;;
966771;unknown;control;2023-10-17 13:45:00+00:00;0.101;;
966771;unknown;control;2023-10-17 14:00:00+00:00;0.097;;
966771;unknown;control;2023-10-17 14:15:00+00:00;0.379;;
966771;unknown;control;2023-10-17 14:30:00+00:00;0.238;;
966771;unknown;control;2023-10-17 14:45:00+00:00;0.264;;
966771;unknown;control;2023-10-17 15:00:00+00:00;0.387;;
966771;unknown;control;2023-10-17 15:15:00+00:00;0.217;;
966771;unknown;control;2023-10-17 15:30:00+00:00;0.437;;
966771;unknown;control;2023-10-17 15:45:00+00:00;0.128;;
966771;unknown;control;2023-10-17 16:00:00+00:00;0.125;;
966771;unknown;control;2023-10-17 16:15:00+00:00;0.15;;
966771;unknown;control;2023-10-17 16:30:00+00:00;0.155;;
966771;unknown;control;2023-10-17 16:45:00+00:00;0.248;;
966771;unknown;control;2023-10-17 17:00:00+00:00;0.295;;
966771;unknown;control;2023-10-17 17:15:00+00:00;0.169;;
966771;unknown;control;2023-10-17 17:30:00+00:00;0.227;;
966771;unknown;control;2023-10-17 17:45:00+00:00;0.168;;
966771;unknown;control;2023-10-17 18:00:00+00:00;0.155;;
966771;unknown;control;2023-10-17 18:15:00+00:00;0.553;;
966771;unknown;control;2023-10-17 18:30:00+00:00;0.561;;
966771;unknown;control;2023-10-17 18:45:00+00:00;0.162;;
966771;unknown;control;2023-10-17 19:00:00+00:00;0.247;;
966771;unknown;control;2023-10-17 19:15:00+00:00;0.131;;
966771;unknown;control;2023-10-17 19:30:00+00:00;0.136;;
966771;unknown;control;2023-10-17 19:45:00+00:00;0.149;;
966771;unknown;control;2023-10-17 20:00:00+00:00;0.107;;
966771;unknown;control;2023-10-17 20:15:00+00:00;0.108;;
966771;unknown;control;2023-10-17 20:30:00+00:00;0.104;;
966771;unknown;control;2023-10-17 20:45:00+00:00;0.086;;
966771;unknown;control;2023-10-17 21:00:00+00:00;0.092;;
966771;unknown;control;2023-10-17 21:15:00+00:00;0.627;;
966771;unknown;control;2023-10-17 21:30:00+00:00;0.329;;
966771;unknown;control;2023-10-17 21:45:00+00:00;0.109;;
966771;unknown;control;2023-10-17 22:00:00+00:00;0.104;;
966771;unknown;control;2023-10-17 22:15:00+00:00;0.104;;
966771;unknown;control;2023-10-17 22:30:00+00:00;0.112;;
966771;unknown;control;2023-10-17 22:45:00+00:00;0.102;;
966771;unknown;control;2023-10-17 23:00:00+00:00;0.107;;
966771;unknown;control;2023-10-17 23:15:00+00:00;0.116;;
966771;unknown;control;2023-10-17 23:30:00+00:00;1.343;;
966771;unknown;control;2023-10-17 23:45:00+00:00;1.288;;
966771;unknown;control;2023-10-18 00:00:00+00:00;1.319;;
966771;unknown;control;2023-10-18 00:15:00+00:00;1.804;;
966771;unknown;control;2023-10-18 00:30:00+00:00;1.052;;
966771;unknown;control;2023-10-18 00:45:00+00:00;0.11;;
966771;unknown;control;2023-10-18 01:00:00+00:00;0.107;;
966771;unknown;control;2023-10-18 01:15:00+00:00;0.111;;
966771;unknown;control;2023-10-18 01:30:00+00:00;0.102;;
966771;unknown;control;2023-10-18 01:45:00+00:00;0.104;;
966771;unknown;control;2023-10-18 02:00:00+00:00;0.11;;
966771;unknown;control;2023-10-18 02:15:00+00:00;0.1;;
966771;unknown;control;2023-10-18 02:30:00+00:00;0.102;;
966771;unknown;control;2023-10-18 02:45:00+00:00;0.109;;
966771;unknown;control;2023-10-18 03:00:00+00:00;0.113;;
966771;unknown;control;2023-10-18 03:15:00+00:00;0.087;;
966771;unknown;control;2023-10-18 03:30:00+00:00;0.091;;
966771;unknown;control;2023-10-18 03:45:00+00:00;0.09;;
966771;unknown;control;2023-10-18 04:00:00+00:00;0.179;;
966771;unknown;control;2023-10-18 04:15:00+00:00;0.848;;
966771;unknown;control;2023-10-18 04:30:00+00:00;0.2;;
966771;unknown;control;2023-10-18 04:45:00+00:00;0.128;;
966771;unknown;control;2023-10-18 05:00:00+00:00;0.311;;
966771;unknown;control;2023-10-18 05:15:00+00:00;0.156;;
966771;unknown;control;2023-10-18 05:30:00+00:00;0.205;;
966771;unknown;control;2023-10-18 05:45:00+00:00;0.166;;
966771;unknown;control;2023-10-18 06:00:00+00:00;0.176;;
966771;unknown;control;2023-10-18 06:15:00+00:00;0.175;;
966771;unknown;control;2023-10-18 06:30:00+00:00;0.116;;
966771;unknown;control;2023-10-18 06:45:00+00:00;0.113;;
966771;unknown;control;2023-10-18 07:00:00+00:00;0.11;;
966771;unknown;control;2023-10-18 07:15:00+00:00;0.163;;
966771;unknown;control;2023-10-18 07:30:00+00:00;1.149;;
966771;unknown;control;2023-10-18 07:45:00+00:00;0.277;;
966771;unknown;control;2023-10-18 08:00:00+00:00;0.146;;
966771;unknown;control;2023-10-18 08:15:00+00:00;0.178;;
966771;unknown;control;2023-10-18 08:30:00+00:00;0.264;;
966771;unknown;control;2023-10-18 08:45:00+00:00;0.178;;
966771;unknown;control;2023-10-18 09:00:00+00:00;0.386;;
966771;unknown;control;2023-10-18 09:15:00+00:00;0.443;;
966771;unknown;control;2023-10-18 09:30:00+00:00;0.107;;
966771;unknown;control;2023-10-18 09:45:00+00:00;0.124;;
966771;unknown;control;2023-10-18 10:00:00+00:00;0.105;;
966771;unknown;control;2023-10-18 10:15:00+00:00;0.227;;
966771;unknown;control;2023-10-18 10:30:00+00:00;0.104;;
966771;unknown;control;2023-10-18 10:45:00+00:00;0.104;;
966771;unknown;control;2023-10-18 11:00:00+00:00;0.116;;
966771;unknown;control;2023-10-18 11:15:00+00:00;0.137;;
966771;unknown;control;2023-10-18 11:30:00+00:00;0.112;;
966771;unknown;control;2023-10-18 11:45:00+00:00;0.117;;
966771;unknown;control;2023-10-18 12:00:00+00:00;0.107;;
966771;unknown;control;2023-10-18 12:15:00+00:00;0.107;;
966771;unknown;control;2023-10-18 12:30:00+00:00;0.11;;
966771;unknown;control;2023-10-18 12:45:00+00:00;0.102;;
966771;unknown;control;2023-10-18 13:00:00+00:00;0.099;;
966771;unknown;control;2023-10-18 13:15:00+00:00;0.108;;
966771;unknown;control;2023-10-18 13:30:00+00:00;0.103;;
966771;unknown;control;2023-10-18 13:45:00+00:00;0.209;;
966771;unknown;control;2023-10-18 14:00:00+00:00;0.12;;
966771;unknown;control;2023-10-18 14:15:00+00:00;0.143;;
966771;unknown;control;2023-10-18 14:30:00+00:00;0.129;;
966771;unknown;control;2023-10-18 14:45:00+00:00;0.125;;
966771;unknown;control;2023-10-18 15:00:00+00:00;0.111;;
966771;unknown;control;2023-10-18 15:15:00+00:00;0.129;;
966771;unknown;control;2023-10-18 15:30:00+00:00;0.136;;
966771;unknown;control;2023-10-18 15:45:00+00:00;0.136;;
966771;unknown;control;2023-10-18 16:00:00+00:00;0.162;;
966771;unknown;control;2023-10-18 16:15:00+00:00;0.164;;
966771;unknown;control;2023-10-18 16:30:00+00:00;0.164;;
966771;unknown;control;2023-10-18 16:45:00+00:00;0.193;;
966771;unknown;control;2023-10-18 17:00:00+00:00;0.135;;
966771;unknown;control;2023-10-18 17:15:00+00:00;0.134;;
966771;unknown;control;2023-10-18 17:30:00+00:00;0.142;;
966771;unknown;control;2023-10-18 17:45:00+00:00;0.133;;
966771;unknown;control;2023-10-18 18:00:00+00:00;0.163;;
966771;unknown;control;2023-10-18 18:15:00+00:00;0.176;;
966771;unknown;control;2023-10-18 18:30:00+00:00;0.165;;
966771;unknown;control;2023-10-18 18:45:00+00:00;0.171;;
966771;unknown;control;2023-10-18 19:00:00+00:00;0.171;;
966771;unknown;control;2023-10-18 19:15:00+00:00;0.17;;
966771;unknown;control;2023-10-18 19:30:00+00:00;0.177;;
966771;unknown;control;2023-10-18 19:45:00+00:00;0.183;;
966771;unknown;control;2023-10-18 20:00:00+00:00;0.231;;
966771;unknown;control;2023-10-18 20:15:00+00:00;0.233;;
966771;unknown;control;2023-10-18 20:30:00+00:00;0.167;;
966771;unknown;control;2023-10-18 20:45:00+00:00;0.094;;
966771;unknown;control;2023-10-18 21:00:00+00:00;0.089;;
966771;unknown;control;2023-10-18 21:15:00+00:00;0.097;;
966771;unknown;control;2023-10-18 21:30:00+00:00;0.109;;
966771;unknown;control;2023-10-18 21:45:00+00:00;0.105;;
966771;unknown;control;2023-10-18 22:00:00+00:00;0.101;;
966771;unknown;control;2023-10-18 22:15:00+00:00;0.115;;
966771;unknown;control;2023-10-18 22:30:00+00:00;0.112;;
966771;unknown;control;2023-10-18 22:45:00+00:00;0.101;;
966771;unknown;control;2023-10-18 23:00:00+00:00;0.115;;
966771;unknown;control;2023-10-18 23:15:00+00:00;0.104;;
966771;unknown;control;2023-10-18 23:30:00+00:00;1.353;;
966771;unknown;control;2023-10-18 23:45:00+00:00;1.312;;
966771;unknown;control;2023-10-19 00:00:00+00:00;1.301;;
966771;unknown;control;2023-10-19 00:15:00+00:00;1.316;;
966771;unknown;control;2023-10-19 00:30:00+00:00;1.338;;
966771;unknown;control;2023-10-19 00:45:00+00:00;0.572;;
966771;unknown;control;2023-10-19 01:00:00+00:00;0.104;;
966771;unknown;control;2023-10-19 01:15:00+00:00;0.108;;
966771;unknown;control;2023-10-19 01:30:00+00:00;0.104;;
966771;unknown;control;2023-10-19 01:45:00+00:00;0.106;;
966771;unknown;control;2023-10-19 02:00:00+00:00;0.11;;
966771;unknown;control;2023-10-19 02:15:00+00:00;0.106;;
966771;unknown;control;2023-10-19 02:30:00+00:00;0.111;;
966771;unknown;control;2023-10-19 02:45:00+00:00;0.106;;
966771;unknown;control;2023-10-19 03:00:00+00:00;0.108;;
966771;unknown;control;2023-10-19 03:15:00+00:00;0.099;;
966771;unknown;control;2023-10-19 03:30:00+00:00;0.086;;
966771;unknown;control;2023-10-19 03:45:00+00:00;0.091;;
966771;unknown;control;2023-10-19 04:00:00+00:00;0.094;;
966771;unknown;control;2023-10-19 04:15:00+00:00;0.095;;
966771;unknown;control;2023-10-19 04:30:00+00:00;0.126;;
966771;unknown;control;2023-10-19 04:45:00+00:00;0.161;;
966771;unknown;control;2023-10-19 05:00:00+00:00;0.195;;
966771;unknown;control;2023-10-19 05:15:00+00:00;0.153;;
966771;unknown;control;2023-10-19 05:30:00+00:00;0.224;;
966771;unknown;control;2023-10-19 05:45:00+00:00;0.154;;
966771;unknown;control;2023-10-19 06:00:00+00:00;0.17;;
966771;unknown;control;2023-10-19 06:15:00+00:00;0.221;;
966771;unknown;control;2023-10-19 06:30:00+00:00;0.208;;
966771;unknown;control;2023-10-19 06:45:00+00:00;0.21;;
966771;unknown;control;2023-10-19 07:00:00+00:00;0.217;;
966771;unknown;control;2023-10-19 07:15:00+00:00;0.196;;
966771;unknown;control;2023-10-19 07:30:00+00:00;0.208;;
966771;unknown;control;2023-10-19 07:45:00+00:00;0.227;;
966771;unknown;control;2023-10-19 08:00:00+00:00;0.214;;
966771;unknown;control;2023-10-19 08:15:00+00:00;0.52;;
966771;unknown;control;2023-10-19 08:30:00+00:00;0.283;;
966771;unknown;control;2023-10-19 08:45:00+00:00;0.222;;
966771;unknown;control;2023-10-19 09:00:00+00:00;0.252;;
966771;unknown;control;2023-10-19 09:15:00+00:00;0.395;;
966771;unknown;control;2023-10-19 09:30:00+00:00;0.273;;
966771;unknown;control;2023-10-19 09:45:00+00:00;0.135;;
966771;unknown;control;2023-10-19 10:00:00+00:00;0.105;;
966771;unknown;control;2023-10-19 10:15:00+00:00;0.106;;
966771;unknown;control;2023-10-19 10:30:00+00:00;0.116;;
966771;unknown;control;2023-10-19 10:45:00+00:00;0.1;;
966771;unknown;control;2023-10-19 11:00:00+00:00;0.088;;
966771;unknown;control;2023-10-19 11:15:00+00:00;0.084;;
966771;unknown;control;2023-10-19 11:30:00+00:00;0.089;;
966771;unknown;control;2023-10-19 11:45:00+00:00;0.1;;
966771;unknown;control;2023-10-19 12:00:00+00:00;0.145;;
966771;unknown;control;2023-10-19 12:15:00+00:00;0.149;;
966771;unknown;control;2023-10-19 12:30:00+00:00;0.114;;
966771;unknown;control;2023-10-19 12:45:00+00:00;0.09;;
966771;unknown;control;2023-10-19 13:00:00+00:00;0.09;;
966771;unknown;control;2023-10-19 13:15:00+00:00;0.089;;
966771;unknown;control;2023-10-19 13:30:00+00:00;0.084;;
966771;unknown;control;2023-10-19 13:45:00+00:00;0.092;;
966771;unknown;control;2023-10-19 14:00:00+00:00;0.094;;
966771;unknown;control;2023-10-19 14:15:00+00:00;0.087;;
966771;unknown;control;2023-10-19 14:30:00+00:00;0.099;;
966771;unknown;control;2023-10-19 14:45:00+00:00;0.127;;
966771;unknown;control;2023-10-19 15:00:00+00:00;0.082;;
966771;unknown;control;2023-10-19 15:15:00+00:00;0.093;;
966771;unknown;control;2023-10-19 15:30:00+00:00;0.085;;
966771;unknown;control;2023-10-19 15:45:00+00:00;0.309;;
966771;unknown;control;2023-10-19 16:00:00+00:00;0.309;;
966771;unknown;control;2023-10-19 16:15:00+00:00;0.179;;
966771;unknown;control;2023-10-19 16:30:00+00:00;0.193;;
966771;unknown;control;2023-10-19 16:45:00+00:00;0.136;;
966771;unknown;control;2023-10-19 17:00:00+00:00;0.157;;
966771;unknown;control;2023-10-19 17:15:00+00:00;0.165;;
966771;unknown;control;2023-10-19 17:30:00+00:00;0.159;;
966771;unknown;control;2023-10-19 17:45:00+00:00;0.149;;
966771;unknown;control;2023-10-19 18:00:00+00:00;0.155;;
966771;unknown;control;2023-10-19 18:15:00+00:00;0.301;;
966771;unknown;control;2023-10-19 18:30:00+00:00;0.149;;
966771;unknown;control;2023-10-19 18:45:00+00:00;0.165;;
966771;unknown;control;2023-10-19 19:00:00+00:00;0.161;;
966771;unknown;control;2023-10-19 19:15:00+00:00;0.153;;
966771;unknown;control;2023-10-19 19:30:00+00:00;0.166;;
966771;unknown;control;2023-10-19 19:45:00+00:00;0.17;;
966771;unknown;control;2023-10-19 20:00:00+00:00;0.649;;
966771;unknown;control;2023-10-19 20:15:00+00:00;0.291;;
966771;unknown;control;2023-10-19 20:30:00+00:00;0.166;;
966771;unknown;control;2023-10-19 20:45:00+00:00;0.312;;
966771;unknown;control;2023-10-19 21:00:00+00:00;0.347;;
966771;unknown;control;2023-10-19 21:15:00+00:00;0.115;;
966771;unknown;control;2023-10-19 21:30:00+00:00;0.09;;
966771;unknown;control;2023-10-19 21:45:00+00:00;0.107;;
966771;unknown;control;2023-10-19 22:00:00+00:00;0.095;;
966771;unknown;control;2023-10-19 22:15:00+00:00;0.086;;
966771;unknown;control;2023-10-19 22:30:00+00:00;0.099;;
966771;unknown;control;2023-10-19 22:45:00+00:00;0.092;;
966771;unknown;control;2023-10-19 23:00:00+00:00;0.091;;
966771;unknown;control;2023-10-19 23:15:00+00:00;0.096;;
966771;unknown;control;2023-10-19 23:30:00+00:00;1.355;;
966771;unknown;control;2023-10-19 23:45:00+00:00;1.32;;
966771;unknown;control;2023-10-20 00:00:00+00:00;1.314;;
966771;unknown;control;2023-10-20 00:15:00+00:00;1.325;;
966771;unknown;control;2023-10-20 00:30:00+00:00;1.345;;
966771;unknown;control;2023-10-20 00:45:00+00:00;0.912;;
966771;unknown;control;2023-10-20 01:00:00+00:00;0.08;;
966771;unknown;control;2023-10-20 01:15:00+00:00;0.088;;
966771;unknown;control;2023-10-20 01:30:00+00:00;0.093;;
966771;unknown;control;2023-10-20 01:45:00+00:00;0.084;;
966771;unknown;control;2023-10-20 02:00:00+00:00;0.091;;
966771;unknown;control;2023-10-20 02:15:00+00:00;0.093;;
966771;unknown;control;2023-10-20 02:30:00+00:00;0.089;;
966771;unknown;control;2023-10-20 02:45:00+00:00;0.096;;
966771;unknown;control;2023-10-20 03:00:00+00:00;0.092;;
966771;unknown;control;2023-10-20 03:15:00+00:00;0.089;;
966771;unknown;control;2023-10-20 03:30:00+00:00;0.093;;
966771;unknown;control;2023-10-20 03:45:00+00:00;0.141;;
966771;unknown;control;2023-10-20 04:00:00+00:00;0.108;;
966771;unknown;control;2023-10-20 04:15:00+00:00;0.101;;
966771;unknown;control;2023-10-20 04:30:00+00:00;0.106;;
966771;unknown;control;2023-10-20 04:45:00+00:00;0.119;;
966771;unknown;control;2023-10-20 05:00:00+00:00;0.23;;
966771;unknown;control;2023-10-20 05:15:00+00:00;0.107;;
966771;unknown;control;2023-10-20 05:30:00+00:00;0.107;;
966771;unknown;control;2023-10-20 05:45:00+00:00;0.132;;
966771;unknown;control;2023-10-20 06:00:00+00:00;0.089;;
966771;unknown;control;2023-10-20 06:15:00+00:00;0.098;;
966771;unknown;control;2023-10-20 06:30:00+00:00;0.098;;
966771;unknown;control;2023-10-20 06:45:00+00:00;0.474;;
966771;unknown;control;2023-10-20 07:00:00+00:00;0.121;;
966771;unknown;control;2023-10-20 07:15:00+00:00;0.184;;
966771;unknown;control;2023-10-20 07:30:00+00:00;0.129;;
966771;unknown;control;2023-10-20 07:45:00+00:00;0.126;;
966771;unknown;control;2023-10-20 08:00:00+00:00;0.14;;
966771;unknown;control;2023-10-20 08:15:00+00:00;0.103;;
966771;unknown;control;2023-10-20 08:30:00+00:00;0.105;;
966771;unknown;control;2023-10-20 08:45:00+00:00;0.094;;
966771;unknown;control;2023-10-20 09:00:00+00:00;0.155;;
966771;unknown;control;2023-10-20 09:15:00+00:00;0.149;;
966771;unknown;control;2023-10-20 09:30:00+00:00;0.221;;
966771;unknown;control;2023-10-20 09:45:00+00:00;0.092;;
966771;unknown;control;2023-10-20 10:00:00+00:00;0.086;;
966771;unknown;control;2023-10-20 10:15:00+00:00;0.084;;
966771;unknown;control;2023-10-20 10:30:00+00:00;0.156;;
966771;unknown;control;2023-10-20 10:45:00+00:00;0.082;;
966771;unknown;control;2023-10-20 11:00:00+00:00;0.1;;
966771;unknown;control;2023-10-20 11:15:00+00:00;0.377;;
966771;unknown;control;2023-10-20 11:30:00+00:00;0.135;;
966771;unknown;control;2023-10-20 11:45:00+00:00;0.115;;
966771;unknown;control;2023-10-20 12:00:00+00:00;0.098;;
966771;unknown;control;2023-10-20 12:15:00+00:00;0.086;;
966771;unknown;control;2023-10-20 12:30:00+00:00;0.093;;
966771;unknown;control;2023-10-20 12:45:00+00:00;0.089;;
966771;unknown;control;2023-10-20 13:00:00+00:00;0.084;;
966771;unknown;control;2023-10-20 13:15:00+00:00;0.087;;
966771;unknown;control;2023-10-20 13:30:00+00:00;0.08;;
966771;unknown;control;2023-10-20 13:45:00+00:00;0.087;;
966771;unknown;control;2023-10-20 14:00:00+00:00;0.091;;
966771;unknown;control;2023-10-20 14:15:00+00:00;0.079;;
966771;unknown;control;2023-10-20 14:30:00+00:00;0.116;;
966771;unknown;control;2023-10-20 14:45:00+00:00;0.122;;
966771;unknown;control;2023-10-20 15:00:00+00:00;0.114;;
966771;unknown;control;2023-10-20 15:15:00+00:00;0.129;;
966771;unknown;control;2023-10-20 15:30:00+00:00;0.139;;
966771;unknown;control;2023-10-20 15:45:00+00:00;0.134;;
966771;unknown;control;2023-10-20 16:00:00+00:00;0.148;;
966771;unknown;control;2023-10-20 16:15:00+00:00;0.148;;
966771;unknown;control;2023-10-20 16:30:00+00:00;0.165;;
966771;unknown;control;2023-10-20 16:45:00+00:00;0.155;;
966771;unknown;control;2023-10-20 17:00:00+00:00;0.244;;
966771;unknown;control;2023-10-20 17:15:00+00:00;0.207;;
966771;unknown;control;2023-10-20 17:30:00+00:00;0.13;;
966771;unknown;control;2023-10-20 17:45:00+00:00;0.118;;
966771;unknown;control;2023-10-20 18:00:00+00:00;0.126;;
966771;unknown;control;2023-10-20 18:15:00+00:00;0.133;;
966771;unknown;control;2023-10-20 18:30:00+00:00;0.121;;
966771;unknown;control;2023-10-20 18:45:00+00:00;0.125;;
966771;unknown;control;2023-10-20 19:00:00+00:00;0.12;;
966771;unknown;control;2023-10-20 19:15:00+00:00;0.125;;
966771;unknown;control;2023-10-20 19:30:00+00:00;0.253;;
966771;unknown;control;2023-10-20 19:45:00+00:00;0.26;;
966771;unknown;control;2023-10-20 20:00:00+00:00;0.249;;
966771;unknown;control;2023-10-20 20:15:00+00:00;0.247;;
966771;unknown;control;2023-10-20 20:30:00+00:00;0.233;;
966771;unknown;control;2023-10-20 20:45:00+00:00;0.217;;
966771;unknown;control;2023-10-20 21:00:00+00:00;0.156;;
966771;unknown;control;2023-10-20 21:15:00+00:00;0.124;;
966771;unknown;control;2023-10-20 21:30:00+00:00;0.103;;
966771;unknown;control;2023-10-20 21:45:00+00:00;0.088;;
966771;unknown;control;2023-10-20 22:00:00+00:00;0.086;;
966771;unknown;control;2023-10-20 22:15:00+00:00;0.1;;
966771;unknown;control;2023-10-20 22:30:00+00:00;0.088;;
966771;unknown;control;2023-10-20 22:45:00+00:00;0.086;;
966771;unknown;control;2023-10-20 23:00:00+00:00;0.095;;
966771;unknown;control;2023-10-20 23:15:00+00:00;0.088;;
966771;unknown;control;2023-10-20 23:30:00+00:00;1.341;;
966771;unknown;control;2023-10-20 23:45:00+00:00;1.288;;
966771;unknown;control;2023-10-21 00:00:00+00:00;1.285;;
966771;unknown;control;2023-10-21 00:15:00+00:00;1.32;;
966771;unknown;control;2023-10-21 00:30:00+00:00;1.095;;
966771;unknown;control;2023-10-21 00:45:00+00:00;0.084;;
966771;unknown;control;2023-10-21 01:00:00+00:00;0.089;;
966771;unknown;control;2023-10-21 01:15:00+00:00;0.085;;
966771;unknown;control;2023-10-21 01:30:00+00:00;0.094;;
966771;unknown;control;2023-10-21 01:45:00+00:00;0.112;;
966771;unknown;control;2023-10-21 02:00:00+00:00;0.095;;
966771;unknown;control;2023-10-21 02:15:00+00:00;0.094;;
966771;unknown;control;2023-10-21 02:30:00+00:00;0.099;;
966771;unknown;control;2023-10-21 02:45:00+00:00;0.09;;
966771;unknown;control;2023-10-21 03:00:00+00:00;0.093;;
966771;unknown;control;2023-10-21 03:15:00+00:00;0.092;;
966771;unknown;control;2023-10-21 03:30:00+00:00;0.087;;
966771;unknown;control;2023-10-21 03:45:00+00:00;0.097;;
966771;unknown;control;2023-10-21 04:00:00+00:00;0.09;;
966771;unknown;control;2023-10-21 04:15:00+00:00;0.09;;
966771;unknown;control;2023-10-21 04:30:00+00:00;0.09;;
966771;unknown;control;2023-10-21 04:45:00+00:00;0.088;;
966771;unknown;control;2023-10-21 05:00:00+00:00;0.102;;
966771;unknown;control;2023-10-21 05:15:00+00:00;0.093;;
966771;unknown;control;2023-10-21 05:30:00+00:00;0.085;;
966771;unknown;control;2023-10-21 05:45:00+00:00;0.092;;
966771;unknown;control;2023-10-21 06:00:00+00:00;0.099;;
966771;unknown;control;2023-10-21 06:15:00+00:00;0.084;;
966771;unknown;control;2023-10-21 06:30:00+00:00;0.09;;
966771;unknown;control;2023-10-21 06:45:00+00:00;0.09;;
966771;unknown;control;2023-10-21 07:00:00+00:00;0.096;;
966771;unknown;control;2023-10-21 07:15:00+00:00;0.089;;
966771;unknown;control;2023-10-21 07:30:00+00:00;0.096;;
966771;unknown;control;2023-10-21 07:45:00+00:00;0.08;;
966771;unknown;control;2023-10-21 08:00:00+00:00;0.576;;
966771;unknown;control;2023-10-21 08:15:00+00:00;0.837;;
966771;unknown;control;2023-10-21 08:30:00+00:00;0.116;;
966771;unknown;control;2023-10-21 08:45:00+00:00;0.136;;
966771;unknown;control;2023-10-21 09:00:00+00:00;0.143;;
966771;unknown;control;2023-10-21 09:15:00+00:00;0.205;;
966771;unknown;control;2023-10-21 09:30:00+00:00;0.243;;
966771;unknown;control;2023-10-21 09:45:00+00:00;0.245;;
966771;unknown;control;2023-10-21 10:00:00+00:00;0.265;;
966771;unknown;control;2023-10-21 10:15:00+00:00;0.265;;
966771;unknown;control;2023-10-21 10:30:00+00:00;0.116;;
966771;unknown;control;2023-10-21 10:45:00+00:00;0.105;;
966771;unknown;control;2023-10-21 11:00:00+00:00;0.093;;
966771;unknown;control;2023-10-21 11:15:00+00:00;0.089;;
966771;unknown;control;2023-10-21 11:30:00+00:00;0.105;;
966771;unknown;control;2023-10-21 11:45:00+00:00;0.102;;
966771;unknown;control;2023-10-21 12:00:00+00:00;0.093;;
966771;unknown;control;2023-10-21 12:15:00+00:00;0.108;;
966771;unknown;control;2023-10-21 12:30:00+00:00;0.107;;
966771;unknown;control;2023-10-21 12:45:00+00:00;0.102;;
966771;unknown;control;2023-10-21 13:00:00+00:00;0.098;;
966771;unknown;control;2023-10-21 13:15:00+00:00;0.101;;
966771;unknown;control;2023-10-21 13:30:00+00:00;0.106;;
966771;unknown;control;2023-10-21 13:45:00+00:00;0.187;;
966771;unknown;control;2023-10-21 14:00:00+00:00;0.161;;
966771;unknown;control;2023-10-21 14:15:00+00:00;0.182;;
966771;unknown;control;2023-10-21 14:30:00+00:00;0.093;;
966771;unknown;control;2023-10-21 14:45:00+00:00;0.105;;
966771;unknown;control;2023-10-21 15:00:00+00:00;0.1;;
966771;unknown;control;2023-10-21 15:15:00+00:00;0.109;;
966771;unknown;control;2023-10-21 15:30:00+00:00;0.141;;
966771;unknown;control;2023-10-21 15:45:00+00:00;0.219;;
966771;unknown;control;2023-10-21 16:00:00+00:00;0.244;;
966771;unknown;control;2023-10-21 16:15:00+00:00;0.23;;
966771;unknown;control;2023-10-21 16:30:00+00:00;0.428;;
966771;unknown;control;2023-10-21 16:45:00+00:00;0.152;;
966771;unknown;control;2023-10-21 17:00:00+00:00;0.168;;
966771;unknown;control;2023-10-21 17:15:00+00:00;0.167;;
966771;unknown;control;2023-10-21 17:30:00+00:00;0.166;;
966771;unknown;control;2023-10-21 17:45:00+00:00;0.144;;
966771;unknown;control;2023-10-21 18:00:00+00:00;0.14;;
966771;unknown;control;2023-10-21 18:15:00+00:00;0.138;;
966771;unknown;control;2023-10-21 18:30:00+00:00;0.141;;
966771;unknown;control;2023-10-21 18:45:00+00:00;0.132;;
966771;unknown;control;2023-10-21 19:00:00+00:00;0.139;;
966771;unknown;control;2023-10-21 19:15:00+00:00;0.136;;
966771;unknown;control;2023-10-21 19:30:00+00:00;0.141;;
966771;unknown;control;2023-10-21 19:45:00+00:00;0.164;;
966771;unknown;control;2023-10-21 20:00:00+00:00;0.206;;
966771;unknown;control;2023-10-21 20:15:00+00:00;0.194;;
966771;unknown;control;2023-10-21 20:30:00+00:00;0.143;;
966771;unknown;control;2023-10-21 20:45:00+00:00;0.213;;
966771;unknown;control;2023-10-21 21:00:00+00:00;0.2;;
966771;unknown;control;2023-10-21 21:15:00+00:00;0.204;;
966771;unknown;control;2023-10-21 21:30:00+00:00;0.2;;
966771;unknown;control;2023-10-21 21:45:00+00:00;0.182;;
966771;unknown;control;2023-10-21 22:00:00+00:00;0.17;;
966771;unknown;control;2023-10-21 22:15:00+00:00;0.198;;
966771;unknown;control;2023-10-21 22:30:00+00:00;0.2;;
966771;unknown;control;2023-10-21 22:45:00+00:00;0.201;;
966771;unknown;control;2023-10-21 23:00:00+00:00;0.206;;
966771;unknown;control;2023-10-21 23:15:00+00:00;0.238;;
966771;unknown;control;2023-10-21 23:30:00+00:00;1.415;;
966771;unknown;control;2023-10-21 23:45:00+00:00;1.423;;
966771;unknown;control;2023-10-22 00:00:00+00:00;1.434;;
966771;unknown;control;2023-10-22 00:15:00+00:00;1.424;;
966771;unknown;control;2023-10-22 00:30:00+00:00;1.365;;
966771;unknown;control;2023-10-22 00:45:00+00:00;1.455;;
966771;unknown;control;2023-10-22 01:00:00+00:00;1.475;;
966771;unknown;control;2023-10-22 01:15:00+00:00;0.989;;
966771;unknown;control;2023-10-22 01:30:00+00:00;0.175;;
966771;unknown;control;2023-10-22 01:45:00+00:00;0.228;;
966771;unknown;control;2023-10-22 02:00:00+00:00;0.236;;
966771;unknown;control;2023-10-22 02:15:00+00:00;0.274;;
966771;unknown;control;2023-10-22 02:30:00+00:00;0.884;;
966771;unknown;control;2023-10-22 02:45:00+00:00;0.753;;
966771;unknown;control;2023-10-22 03:00:00+00:00;0.212;;
966771;unknown;control;2023-10-22 03:15:00+00:00;0.239;;
966771;unknown;control;2023-10-22 03:30:00+00:00;0.236;;
966771;unknown;control;2023-10-22 03:45:00+00:00;0.558;;
966771;unknown;control;2023-10-22 04:00:00+00:00;0.85;;
966771;unknown;control;2023-10-22 04:15:00+00:00;0.267;;
966771;unknown;control;2023-10-22 04:30:00+00:00;0.257;;
966771;unknown;control;2023-10-22 04:45:00+00:00;0.253;;
966771;unknown;control;2023-10-22 05:00:00+00:00;0.288;;
966771;unknown;control;2023-10-22 05:15:00+00:00;0.929;;
966771;unknown;control;2023-10-22 05:30:00+00:00;0.682;;
966771;unknown;control;2023-10-22 05:45:00+00:00;0.254;;
966771;unknown;control;2023-10-22 06:00:00+00:00;0.264;;
966771;unknown;control;2023-10-22 06:15:00+00:00;0.189;;
966771;unknown;control;2023-10-22 06:30:00+00:00;0.238;;
966771;unknown;control;2023-10-22 06:45:00+00:00;0.105;;
966771;unknown;control;2023-10-22 07:00:00+00:00;0.195;;
966771;unknown;control;2023-10-22 07:15:00+00:00;0.238;;
966771;unknown;control;2023-10-22 07:30:00+00:00;1.036;;
966771;unknown;control;2023-10-22 07:45:00+00:00;0.666;;
966771;unknown;control;2023-10-22 08:00:00+00:00;0.192;;
966771;unknown;control;2023-10-22 08:15:00+00:00;0.239;;
966771;unknown;control;2023-10-22 08:30:00+00:00;0.282;;
966771;unknown;control;2023-10-22 08:45:00+00:00;0.325;;
966771;unknown;control;2023-10-22 09:00:00+00:00;0.369;;
966771;unknown;control;2023-10-22 09:15:00+00:00;0.409;;
966771;unknown;control;2023-10-22 09:30:00+00:00;0.364;;
966771;unknown;control;2023-10-22 09:45:00+00:00;0.395;;
966771;unknown;control;2023-10-22 10:00:00+00:00;0.176;;
966771;unknown;control;2023-10-22 10:15:00+00:00;0.114;;
966771;unknown;control;2023-10-22 10:30:00+00:00;0.123;;
966771;unknown;control;2023-10-22 10:45:00+00:00;0.125;;
966771;unknown;control;2023-10-22 11:00:00+00:00;0.118;;
966771;unknown;control;2023-10-22 11:15:00+00:00;0.112;;
966771;unknown;control;2023-10-22 11:30:00+00:00;0.104;;
966771;unknown;control;2023-10-22 11:45:00+00:00;0.13;;
966771;unknown;control;2023-10-22 12:00:00+00:00;0.102;;
966771;unknown;control;2023-10-22 12:15:00+00:00;0.116;;
966771;unknown;control;2023-10-22 12:30:00+00:00;0.389;;
966771;unknown;control;2023-10-22 12:45:00+00:00;0.22;;
966771;unknown;control;2023-10-22 13:00:00+00:00;0.338;;
966771;unknown;control;2023-10-22 13:15:00+00:00;0.231;;
966771;unknown;control;2023-10-22 13:30:00+00:00;0.225;;
966771;unknown;control;2023-10-22 13:45:00+00:00;0.13;;
966771;unknown;control;2023-10-22 14:00:00+00:00;0.104;;
966771;unknown;control;2023-10-22 14:15:00+00:00;0.103;;
966771;unknown;control;2023-10-22 14:30:00+00:00;0.125;;
966771;unknown;control;2023-10-22 14:45:00+00:00;0.138;;
966771;unknown;control;2023-10-22 15:00:00+00:00;0.136;;
966771;unknown;control;2023-10-22 15:15:00+00:00;0.121;;
966771;unknown;control;2023-10-22 15:30:00+00:00;0.13;;
966771;unknown;control;2023-10-22 15:45:00+00:00;0.118;;
966771;unknown;control;2023-10-22 16:00:00+00:00;0.2;;
966771;unknown;control;2023-10-22 16:15:00+00:00;0.291;;
966771;unknown;control;2023-10-22 16:30:00+00:00;0.275;;
966771;unknown;control;2023-10-22 16:45:00+00:00;0.694;;
966771;unknown;control;2023-10-22 17:00:00+00:00;0.418;;
966771;unknown;control;2023-10-22 17:15:00+00:00;0.572;;
966771;unknown;control;2023-10-22 17:30:00+00:00;0.423;;
966771;unknown;control;2023-10-22 17:45:00+00:00;0.403;;
966771;unknown;control;2023-10-22 18:00:00+00:00;0.446;;
966771;unknown;control;2023-10-22 18:15:00+00:00;0.196;;
966771;unknown;control;2023-10-22 18:30:00+00:00;0.198;;
966771;unknown;control;2023-10-22 18:45:00+00:00;0.199;;
966771;unknown;control;2023-10-22 19:00:00+00:00;0.261;;
966771;unknown;control;2023-10-22 19:15:00+00:00;0.188;;
966771;unknown;control;2023-10-22 19:30:00+00:00;0.177;;
966771;unknown;control;2023-10-22 19:45:00+00:00;0.184;;
966771;unknown;control;2023-10-22 20:00:00+00:00;0.226;;
966771;unknown;control;2023-10-22 20:15:00+00:00;0.16;;
966771;unknown;control;2023-10-22 20:30:00+00:00;0.15;;
966771;unknown;control;2023-10-22 20:45:00+00:00;0.148;;
966771;unknown;control;2023-10-22 21:00:00+00:00;0.211;;
966771;unknown;control;2023-10-22 21:15:00+00:00;0.874;;
966771;unknown;control;2023-10-22 21:30:00+00:00;0.326;;
966771;unknown;control;2023-10-22 21:45:00+00:00;0.235;;
966771;unknown;control;2023-10-22 22:00:00+00:00;0.179;;
966771;unknown;control;2023-10-22 22:15:00+00:00;0.223;;
966771;unknown;control;2023-10-22 22:30:00+00:00;0.178;;
966771;unknown;control;2023-10-22 22:45:00+00:00;0.232;;
966771;unknown;control;2023-10-22 23:00:00+00:00;0.161;;
966771;unknown;control;2023-10-22 23:15:00+00:00;0.236;;
966771;unknown;control;2023-10-22 23:30:00+00:00;1.401;;
966771;unknown;control;2023-10-22 23:45:00+00:00;2.01;;
966771;unknown;control;2023-10-23 00:00:00+00:00;1.688;;
966771;unknown;control;2023-10-23 00:15:00+00:00;1.393;;
966771;unknown;control;2023-10-23 00:30:00+00:00;1.328;;
966771;unknown;control;2023-10-23 00:45:00+00:00;1.435;;
966771;unknown;control;2023-10-23 01:00:00+00:00;1.307;;
966771;unknown;control;2023-10-23 01:15:00+00:00;0.228;;
966771;unknown;control;2023-10-23 01:30:00+00:00;0.288;;
966771;unknown;control;2023-10-23 01:45:00+00:00;0.885;;
966771;unknown;control;2023-10-23 02:00:00+00:00;0.214;;
966771;unknown;control;2023-10-23 02:15:00+00:00;0.185;;
966771;unknown;control;2023-10-23 02:30:00+00:00;0.155;;
966771;unknown;control;2023-10-23 02:45:00+00:00;0.203;;
966771;unknown;control;2023-10-23 03:00:00+00:00;0.201;;
966771;unknown;control;2023-10-23 03:15:00+00:00;0.142;;
966771;unknown;control;2023-10-23 03:30:00+00:00;0.188;;
966771;unknown;control;2023-10-23 03:45:00+00:00;0.178;;
966771;unknown;control;2023-10-23 04:00:00+00:00;0.157;;
966771;unknown;control;2023-10-23 04:15:00+00:00;0.165;;
966771;unknown;control;2023-10-23 04:30:00+00:00;0.228;;
966771;unknown;control;2023-10-23 04:45:00+00:00;0.158;;
966771;unknown;control;2023-10-23 05:00:00+00:00;0.17;;
966771;unknown;control;2023-10-23 05:15:00+00:00;0.163;;
966771;unknown;control;2023-10-23 05:30:00+00:00;0.16;;
966771;unknown;control;2023-10-23 05:45:00+00:00;0.164;;
966771;unknown;control;2023-10-23 06:00:00+00:00;0.161;;
966771;unknown;control;2023-10-23 06:15:00+00:00;0.165;;
966771;unknown;control;2023-10-23 06:30:00+00:00;0.159;;
966771;unknown;control;2023-10-23 06:45:00+00:00;0.085;;
966771;unknown;control;2023-10-23 07:00:00+00:00;0.097;;
966771;unknown;control;2023-10-23 07:15:00+00:00;0.098;;
966771;unknown;control;2023-10-23 07:30:00+00:00;0.093;;
966771;unknown;control;2023-10-23 07:45:00+00:00;0.093;;
966771;unknown;control;2023-10-23 08:00:00+00:00;0.149;;
966771;unknown;control;2023-10-23 08:15:00+00:00;0.122;;
966771;unknown;control;2023-10-23 08:30:00+00:00;0.104;;
966771;unknown;control;2023-10-23 08:45:00+00:00;0.103;;
966771;unknown;control;2023-10-23 09:00:00+00:00;0.107;;
966771;unknown;control;2023-10-23 09:15:00+00:00;0.099;;
966771;unknown;control;2023-10-23 09:30:00+00:00;0.092;;
966771;unknown;control;2023-10-23 09:45:00+00:00;0.096;;
966771;unknown;control;2023-10-23 10:00:00+00:00;0.095;;
966771;unknown;control;2023-10-23 10:15:00+00:00;0.095;;
966771;unknown;control;2023-10-23 10:30:00+00:00;0.098;;
966771;unknown;control;2023-10-23 10:45:00+00:00;0.09;;
966771;unknown;control;2023-10-23 11:00:00+00:00;0.093;;
966771;unknown;control;2023-10-23 11:15:00+00:00;0.102;;
966771;unknown;control;2023-10-23 11:30:00+00:00;0.091;;
966771;unknown;control;2023-10-23 11:45:00+00:00;0.092;;
966771;unknown;control;2023-10-23 12:00:00+00:00;0.096;;
966771;unknown;control;2023-10-23 12:15:00+00:00;0.092;;
966771;unknown;control;2023-10-23 12:30:00+00:00;0.099;;
966771;unknown;control;2023-10-23 12:45:00+00:00;0.093;;
966771;unknown;control;2023-10-23 13:00:00+00:00;0.087;;
966771;unknown;control;2023-10-23 13:15:00+00:00;0.102;;
966771;unknown;control;2023-10-23 13:30:00+00:00;0.096;;
966771;unknown;control;2023-10-23 13:45:00+00:00;0.089;;
966771;unknown;control;2023-10-23 14:00:00+00:00;0.082;;
966771;unknown;control;2023-10-23 14:15:00+00:00;0.074;;
966771;unknown;control;2023-10-23 14:30:00+00:00;0.078;;
966771;unknown;control;2023-10-23 14:45:00+00:00;0.08;;
966771;unknown;control;2023-10-23 15:00:00+00:00;0.069;;
966771;unknown;control;2023-10-23 15:15:00+00:00;0.077;;
966771;unknown;control;2023-10-23 15:30:00+00:00;0.081;;
966771;unknown;control;2023-10-23 15:45:00+00:00;0.07;;
966771;unknown;control;2023-10-23 16:00:00+00:00;0.086;;
966771;unknown;control;2023-10-23 16:15:00+00:00;0.104;;
966771;unknown;control;2023-10-23 16:30:00+00:00;0.107;;
966771;unknown;control;2023-10-23 16:45:00+00:00;0.117;;
966771;unknown;control;2023-10-23 17:00:00+00:00;0.109;;
966771;unknown;control;2023-10-23 17:15:00+00:00;0.115;;
966771;unknown;control;2023-10-23 17:30:00+00:00;0.155;;
966771;unknown;control;2023-10-23 17:45:00+00:00;0.153;;
966771;unknown;control;2023-10-23 18:00:00+00:00;0.162;;
966771;unknown;control;2023-10-23 18:15:00+00:00;0.163;;
966771;unknown;control;2023-10-23 18:30:00+00:00;0.146;;
966771;unknown;control;2023-10-23 18:45:00+00:00;0.138;;
966771;unknown;control;2023-10-23 19:00:00+00:00;0.124;;
966771;unknown;control;2023-10-23 19:15:00+00:00;0.116;;
966771;unknown;control;2023-10-23 19:30:00+00:00;0.194;;
966771;unknown;control;2023-10-23 19:45:00+00:00;0.103;;
966771;unknown;control;2023-10-23 20:00:00+00:00;0.165;;
966771;unknown;control;2023-10-23 20:15:00+00:00;0.169;;
966771;unknown;control;2023-10-23 20:30:00+00:00;0.085;;
966771;unknown;control;2023-10-23 20:45:00+00:00;0.155;;
966771;unknown;control;2023-10-23 21:00:00+00:00;0.16;;
966771;unknown;control;2023-10-23 21:15:00+00:00;0.15;;
966771;unknown;control;2023-10-23 21:30:00+00:00;0.161;;
966771;unknown;control;2023-10-23 21:45:00+00:00;0.125;;
966771;unknown;control;2023-10-23 22:00:00+00:00;0.137;;
966771;unknown;control;2023-10-23 22:15:00+00:00;0.17;;
966771;unknown;control;2023-10-23 22:30:00+00:00;0.173;;
966771;unknown;control;2023-10-23 22:45:00+00:00;0.111;;
966771;unknown;control;2023-10-23 23:00:00+00:00;0.162;;
966771;unknown;control;2023-10-23 23:15:00+00:00;0.163;;
966771;unknown;control;2023-10-23 23:30:00+00:00;1.407;;
966771;unknown;control;2023-10-23 23:45:00+00:00;1.297;;
966771;unknown;control;2023-10-24 00:00:00+00:00;0.558;;
966771;unknown;control;2023-10-24 00:15:00+00:00;0.159;;
966771;unknown;control;2023-10-24 00:30:00+00:00;0.164;;
966771;unknown;control;2023-10-24 00:45:00+00:00;0.161;;
966771;unknown;control;2023-10-24 01:00:00+00:00;0.104;;
966771;unknown;control;2023-10-24 01:15:00+00:00;0.169;;
966771;unknown;control;2023-10-24 01:30:00+00:00;0.165;;
966771;unknown;control;2023-10-24 01:45:00+00:00;0.171;;
966771;unknown;control;2023-10-24 02:00:00+00:00;0.174;;
966771;unknown;control;2023-10-24 02:15:00+00:00;0.165;;
966771;unknown;control;2023-10-24 02:30:00+00:00;0.174;;
966771;unknown;control;2023-10-24 02:45:00+00:00;0.164;;
966771;unknown;control;2023-10-24 03:00:00+00:00;0.134;;
966771;unknown;control;2023-10-24 03:15:00+00:00;0.13;;
966771;unknown;control;2023-10-24 03:30:00+00:00;0.139;;
966771;unknown;control;2023-10-24 03:45:00+00:00;0.146;;
966771;unknown;control;2023-10-24 04:00:00+00:00;0.78;;
966771;unknown;control;2023-10-24 04:15:00+00:00;0.314;;
966771;unknown;control;2023-10-24 04:30:00+00:00;0.17;;
966771;unknown;control;2023-10-24 04:45:00+00:00;0.164;;
966771;unknown;control;2023-10-24 05:00:00+00:00;0.164;;
966771;unknown;control;2023-10-24 05:15:00+00:00;0.172;;
966771;unknown;control;2023-10-24 05:30:00+00:00;0.163;;
966771;unknown;control;2023-10-24 05:45:00+00:00;0.164;;
966771;unknown;control;2023-10-24 06:00:00+00:00;0.167;;
966771;unknown;control;2023-10-24 06:15:00+00:00;0.099;;
966771;unknown;control;2023-10-24 06:30:00+00:00;0.163;;
966771;unknown;control;2023-10-24 06:45:00+00:00;0.101;;
966771;unknown;control;2023-10-24 07:00:00+00:00;0.092;;
966771;unknown;control;2023-10-24 07:15:00+00:00;0.163;;
966771;unknown;control;2023-10-24 07:30:00+00:00;0.104;;
966771;unknown;control;2023-10-24 07:45:00+00:00;0.094;;
966771;unknown;control;2023-10-24 08:00:00+00:00;0.102;;
966771;unknown;control;2023-10-24 08:15:00+00:00;0.096;;
966771;unknown;control;2023-10-24 08:30:00+00:00;0.099;;
966771;unknown;control;2023-10-24 08:45:00+00:00;0.105;;
966771;unknown;control;2023-10-24 09:00:00+00:00;0.095;;
966771;unknown;control;2023-10-24 09:15:00+00:00;0.097;;
966771;unknown;control;2023-10-24 09:30:00+00:00;0.105;;
966771;unknown;control;2023-10-24 09:45:00+00:00;0.098;;
966771;unknown;control;2023-10-24 10:00:00+00:00;0.1;;
966771;unknown;control;2023-10-24 10:15:00+00:00;0.1;;
966771;unknown;control;2023-10-24 10:30:00+00:00;0.095;;
966771;unknown;control;2023-10-24 10:45:00+00:00;0.106;;
966771;unknown;control;2023-10-24 11:00:00+00:00;0.101;;
966771;unknown;control;2023-10-24 11:15:00+00:00;0.092;;
966771;unknown;control;2023-10-24 11:30:00+00:00;0.102;;
966771;unknown;control;2023-10-24 11:45:00+00:00;0.101;;
966771;unknown;control;2023-10-24 12:00:00+00:00;0.101;;
966771;unknown;control;2023-10-24 12:15:00+00:00;0.102;;
966771;unknown;control;2023-10-24 12:30:00+00:00;0.095;;
966771;unknown;control;2023-10-24 12:45:00+00:00;0.099;;
966771;unknown;control;2023-10-24 13:00:00+00:00;0.106;;
966771;unknown;control;2023-10-24 13:15:00+00:00;0.096;;
966771;unknown;control;2023-10-24 13:30:00+00:00;0.1;;
966771;unknown;control;2023-10-24 13:45:00+00:00;0.101;;
966771;unknown;control;2023-10-24 14:00:00+00:00;0.084;;
966771;unknown;control;2023-10-24 14:15:00+00:00;0.088;;
966771;unknown;control;2023-10-24 14:30:00+00:00;0.081;;
966771;unknown;control;2023-10-24 14:45:00+00:00;0.076;;
966771;unknown;control;2023-10-24 15:00:00+00:00;0.087;;
966771;unknown;control;2023-10-24 15:15:00+00:00;0.083;;
966771;unknown;control;2023-10-24 15:30:00+00:00;0.08;;
966771;unknown;control;2023-10-24 15:45:00+00:00;0.095;;
966771;unknown;control;2023-10-24 16:00:00+00:00;0.102;;
966771;unknown;control;2023-10-24 16:15:00+00:00;0.133;;
966771;unknown;control;2023-10-24 16:30:00+00:00;0.141;;
966771;unknown;control;2023-10-24 16:45:00+00:00;0.125;;
966771;unknown;control;2023-10-24 17:00:00+00:00;0.134;;
966771;unknown;control;2023-10-24 17:15:00+00:00;0.135;;
966771;unknown;control;2023-10-24 17:30:00+00:00;0.13;;
966771;unknown;control;2023-10-24 17:45:00+00:00;0.137;;
966771;unknown;control;2023-10-24 18:00:00+00:00;0.129;;
966771;unknown;control;2023-10-24 18:15:00+00:00;0.128;;
966771;unknown;control;2023-10-24 18:30:00+00:00;0.14;;
966771;unknown;control;2023-10-24 18:45:00+00:00;0.132;;
966771;unknown;control;2023-10-24 19:00:00+00:00;0.122;;
966771;unknown;control;2023-10-24 19:15:00+00:00;0.128;;
966771;unknown;control;2023-10-24 19:30:00+00:00;0.12;;
966771;unknown;control;2023-10-24 19:45:00+00:00;0.175;;
966771;unknown;control;2023-10-24 20:00:00+00:00;0.102;;
966771;unknown;control;2023-10-24 20:15:00+00:00;0.093;;
966771;unknown;control;2023-10-24 20:30:00+00:00;0.152;;
966771;unknown;control;2023-10-24 20:45:00+00:00;0.084;;
966771;unknown;control;2023-10-24 21:00:00+00:00;0.149;;
966771;unknown;control;2023-10-24 21:15:00+00:00;0.084;;
966771;unknown;control;2023-10-24 21:30:00+00:00;0.087;;
966771;unknown;control;2023-10-24 21:45:00+00:00;0.16;;
966771;unknown;control;2023-10-24 22:00:00+00:00;0.174;;
966771;unknown;control;2023-10-24 22:15:00+00:00;0.097;;
966771;unknown;control;2023-10-24 22:30:00+00:00;0.161;;
966771;unknown;control;2023-10-24 22:45:00+00:00;0.101;;
966771;unknown;control;2023-10-24 23:00:00+00:00;0.151;;
966771;unknown;control;2023-10-24 23:15:00+00:00;0.134;;
966771;unknown;control;2023-10-24 23:30:00+00:00;1.373;;
966771;unknown;control;2023-10-24 23:45:00+00:00;1.357;;
966771;unknown;control;2023-10-25 00:00:00+00:00;0.466;;
966771;unknown;control;2023-10-25 00:15:00+00:00;0.098;;
966771;unknown;control;2023-10-25 00:30:00+00:00;0.158;;
966771;unknown;control;2023-10-25 00:45:00+00:00;0.164;;
966771;unknown;control;2023-10-25 01:00:00+00:00;0.156;;
966771;unknown;control;2023-10-25 01:15:00+00:00;0.106;;
966771;unknown;control;2023-10-25 01:30:00+00:00;0.163;;
966771;unknown;control;2023-10-25 01:45:00+00:00;0.092;;
966771;unknown;control;2023-10-25 02:00:00+00:00;0.199;;
966771;unknown;control;2023-10-25 02:15:00+00:00;0.139;;
966771;unknown;control;2023-10-25 02:30:00+00:00;0.178;;
966771;unknown;control;2023-10-25 02:45:00+00:00;0.435;;
966771;unknown;control;2023-10-25 03:00:00+00:00;0.656;;
966771;unknown;control;2023-10-25 03:15:00+00:00;0.176;;
966771;unknown;control;2023-10-25 03:30:00+00:00;0.203;;
966771;unknown;control;2023-10-25 03:45:00+00:00;0.145;;
966771;unknown;control;2023-10-25 04:00:00+00:00;0.179;;
966771;unknown;control;2023-10-25 04:15:00+00:00;0.228;;
966771;unknown;control;2023-10-25 04:30:00+00:00;0.162;;
966771;unknown;control;2023-10-25 04:45:00+00:00;0.165;;
966771;unknown;control;2023-10-25 05:00:00+00:00;0.513;;
966771;unknown;control;2023-10-25 05:15:00+00:00;0.838;;
966771;unknown;control;2023-10-25 05:30:00+00:00;0.215;;
966771;unknown;control;2023-10-25 05:45:00+00:00;0.176;;
966771;unknown;control;2023-10-25 06:00:00+00:00;0.168;;
966771;unknown;control;2023-10-25 06:15:00+00:00;0.166;;
966771;unknown;control;2023-10-25 06:30:00+00:00;0.099;;
966771;unknown;control;2023-10-25 06:45:00+00:00;0.1;;
966771;unknown;control;2023-10-25 07:00:00+00:00;0.106;;
966771;unknown;control;2023-10-25 07:15:00+00:00;0.097;;
966771;unknown;control;2023-10-25 07:30:00+00:00;0.095;;
966771;unknown;control;2023-10-25 07:45:00+00:00;0.105;;
966771;unknown;control;2023-10-25 08:00:00+00:00;0.101;;
966771;unknown;control;2023-10-25 08:15:00+00:00;0.098;;
966771;unknown;control;2023-10-25 08:30:00+00:00;0.103;;
966771;unknown;control;2023-10-25 08:45:00+00:00;0.093;;
966771;unknown;control;2023-10-25 09:00:00+00:00;0.105;;
966771;unknown;control;2023-10-25 09:15:00+00:00;0.105;;
966771;unknown;control;2023-10-25 09:30:00+00:00;0.094;;
966771;unknown;control;2023-10-25 09:45:00+00:00;0.101;;
966771;unknown;control;2023-10-25 10:00:00+00:00;0.102;;
966771;unknown;control;2023-10-25 10:15:00+00:00;0.097;;
966771;unknown;control;2023-10-25 10:30:00+00:00;0.104;;
966771;unknown;control;2023-10-25 10:45:00+00:00;0.098;;
966771;unknown;control;2023-10-25 11:00:00+00:00;0.095;;
966771;unknown;control;2023-10-25 11:15:00+00:00;0.099;;
966771;unknown;control;2023-10-25 11:30:00+00:00;0.081;;
966771;unknown;control;2023-10-25 11:45:00+00:00;0.078;;
966771;unknown;control;2023-10-25 12:00:00+00:00;0.085;;
966771;unknown;control;2023-10-25 12:15:00+00:00;0.079;;
966771;unknown;control;2023-10-25 12:30:00+00:00;0.085;;
966771;unknown;control;2023-10-25 12:45:00+00:00;0.085;;
966771;unknown;control;2023-10-25 13:00:00+00:00;0.074;;
966771;unknown;control;2023-10-25 13:15:00+00:00;0.082;;
966771;unknown;control;2023-10-25 13:30:00+00:00;0.087;;
966771;unknown;control;2023-10-25 13:45:00+00:00;0.078;;
966771;unknown;control;2023-10-25 14:00:00+00:00;0.083;;
966771;unknown;control;2023-10-25 14:15:00+00:00;0.081;;
966771;unknown;control;2023-10-25 14:30:00+00:00;0.08;;
966771;unknown;control;2023-10-25 14:45:00+00:00;0.09;;
966771;unknown;control;2023-10-25 15:00:00+00:00;0.079;;
966771;unknown;control;2023-10-25 15:15:00+00:00;0.077;;
966771;unknown;control;2023-10-25 15:30:00+00:00;0.086;;
966771;unknown;control;2023-10-25 15:45:00+00:00;0.081;;
966771;unknown;control;2023-10-25 16:00:00+00:00;0.091;;
966771;unknown;control;2023-10-25 16:15:00+00:00;0.114;;
966771;unknown;control;2023-10-25 16:30:00+00:00;0.107;;
966771;unknown;control;2023-10-25 16:45:00+00:00;0.132;;
966771;unknown;control;2023-10-25 17:00:00+00:00;0.14;;
966771;unknown;control;2023-10-25 17:15:00+00:00;0.125;;
966771;unknown;control;2023-10-25 17:30:00+00:00;0.133;;
966771;unknown;control;2023-10-25 17:45:00+00:00;0.133;;
966771;unknown;control;2023-10-25 18:00:00+00:00;0.131;;
966771;unknown;control;2023-10-25 18:15:00+00:00;0.137;;
966771;unknown;control;2023-10-25 18:30:00+00:00;0.129;;
966771;unknown;control;2023-10-25 18:45:00+00:00;0.126;;
966771;unknown;control;2023-10-25 19:00:00+00:00;0.129;;
966771;unknown;control;2023-10-25 19:15:00+00:00;0.121;;
966771;unknown;control;2023-10-25 19:30:00+00:00;0.12;;
966771;unknown;control;2023-10-25 19:45:00+00:00;0.102;;
966771;unknown;control;2023-10-25 20:00:00+00:00;0.095;;
966771;unknown;control;2023-10-25 20:15:00+00:00;0.102;;
966771;unknown;control;2023-10-25 20:30:00+00:00;0.161;;
966771;unknown;control;2023-10-25 20:45:00+00:00;0.075;;
966771;unknown;control;2023-10-25 21:00:00+00:00;0.082;;
966771;unknown;control;2023-10-25 21:15:00+00:00;0.085;;
966771;unknown;control;2023-10-25 21:30:00+00:00;0.08;;
966771;unknown;control;2023-10-25 21:45:00+00:00;0.086;;
966771;unknown;control;2023-10-25 22:00:00+00:00;0.096;;
966771;unknown;control;2023-10-25 22:15:00+00:00;0.153;;
966771;unknown;control;2023-10-25 22:30:00+00:00;0.17;;
966771;unknown;control;2023-10-25 22:45:00+00:00;0.112;;
966771;unknown;control;2023-10-25 23:00:00+00:00;0.158;;
966771;unknown;control;2023-10-25 23:15:00+00:00;0.161;;
966771;unknown;control;2023-10-25 23:30:00+00:00;1.332;;
966771;unknown;control;2023-10-25 23:45:00+00:00;1.343;;
966771;unknown;control;2023-10-26 00:00:00+00:00;0.588;;
966771;unknown;control;2023-10-26 00:15:00+00:00;0.156;;
966771;unknown;control;2023-10-26 00:30:00+00:00;0.17;;
966771;unknown;control;2023-10-26 00:45:00+00:00;0.175;;
966771;unknown;control;2023-10-26 01:00:00+00:00;0.155;;
966771;unknown;control;2023-10-26 01:15:00+00:00;0.163;;
966771;unknown;control;2023-10-26 01:30:00+00:00;0.098;;
966771;unknown;control;2023-10-26 01:45:00+00:00;0.159;;
966771;unknown;control;2023-10-26 02:00:00+00:00;0.106;;
966771;unknown;control;2023-10-26 02:15:00+00:00;0.097;;
966771;unknown;control;2023-10-26 02:30:00+00:00;0.153;;
966771;unknown;control;2023-10-26 02:45:00+00:00;0.106;;
966771;unknown;control;2023-10-26 03:00:00+00:00;0.1;;
966771;unknown;control;2023-10-26 03:15:00+00:00;0.139;;
966771;unknown;control;2023-10-26 03:30:00+00:00;0.084;;
966771;unknown;control;2023-10-26 03:45:00+00:00;0.08;;
966771;unknown;control;2023-10-26 04:00:00+00:00;0.083;;
966771;unknown;control;2023-10-26 04:15:00+00:00;0.155;;
966771;unknown;control;2023-10-26 04:30:00+00:00;0.092;;
966771;unknown;control;2023-10-26 04:45:00+00:00;0.102;;
966771;unknown;control;2023-10-26 05:00:00+00:00;0.104;;
966771;unknown;control;2023-10-26 05:15:00+00:00;0.158;;
966771;unknown;control;2023-10-26 05:30:00+00:00;0.1;;
966771;unknown;control;2023-10-26 05:45:00+00:00;0.102;;
966771;unknown;control;2023-10-26 06:00:00+00:00;0.098;;
966771;unknown;control;2023-10-26 06:15:00+00:00;0.106;;
966771;unknown;control;2023-10-26 06:30:00+00:00;0.097;;
966771;unknown;control;2023-10-26 06:45:00+00:00;0.094;;
966771;unknown;control;2023-10-26 07:00:00+00:00;0.107;;
966771;unknown;control;2023-10-26 07:15:00+00:00;0.1;;
966771;unknown;control;2023-10-26 07:30:00+00:00;0.097;;
966771;unknown;control;2023-10-26 07:45:00+00:00;0.102;;
966771;unknown;control;2023-10-26 08:00:00+00:00;0.098;;
966771;unknown;control;2023-10-26 08:15:00+00:00;0.103;;
966771;unknown;control;2023-10-26 08:30:00+00:00;0.103;;
966771;unknown;control;2023-10-26 08:45:00+00:00;0.094;;
966771;unknown;control;2023-10-26 09:00:00+00:00;0.096;;
966771;unknown;control;2023-10-26 09:15:00+00:00;0.088;;
966771;unknown;control;2023-10-26 09:30:00+00:00;0.075;;
966771;unknown;control;2023-10-26 09:45:00+00:00;0.084;;
966771;unknown;control;2023-10-26 10:00:00+00:00;0.082;;
966771;unknown;control;2023-10-26 10:15:00+00:00;0.079;;
966771;unknown;control;2023-10-26 10:30:00+00:00;0.087;;
966771;unknown;control;2023-10-26 10:45:00+00:00;0.08;;
966771;unknown;control;2023-10-26 11:00:00+00:00;0.078;;
966771;unknown;control;2023-10-26 11:15:00+00:00;0.09;;
966771;unknown;control;2023-10-26 11:30:00+00:00;0.087;;
966771;unknown;control;2023-10-26 11:45:00+00:00;0.084;;
966771;unknown;control;2023-10-26 12:00:00+00:00;0.107;;
966771;unknown;control;2023-10-26 12:15:00+00:00;0.139;;
966771;unknown;control;2023-10-26 12:30:00+00:00;0.089;;
966771;unknown;control;2023-10-26 12:45:00+00:00;0.093;;
966771;unknown;control;2023-10-26 13:00:00+00:00;0.091;;
966771;unknown;control;2023-10-26 13:15:00+00:00;0.095;;
966771;unknown;control;2023-10-26 13:30:00+00:00;0.079;;
966771;unknown;control;2023-10-26 13:45:00+00:00;0.083;;
966771;unknown;control;2023-10-26 14:00:00+00:00;0.085;;
966771;unknown;control;2023-10-26 14:15:00+00:00;0.08;;
966771;unknown;control;2023-10-26 14:30:00+00:00;0.086;;
966771;unknown;control;2023-10-26 14:45:00+00:00;0.083;;
966771;unknown;control;2023-10-26 15:00:00+00:00;0.075;;
966771;unknown;control;2023-10-26 15:15:00+00:00;0.086;;
966771;unknown;control;2023-10-26 15:30:00+00:00;0.084;;
966771;unknown;control;2023-10-26 15:45:00+00:00;0.075;;
966771;unknown;control;2023-10-26 16:00:00+00:00;0.094;;
966771;unknown;control;2023-10-26 16:15:00+00:00;0.11;;
966771;unknown;control;2023-10-26 16:30:00+00:00;0.118;;
966771;unknown;control;2023-10-26 16:45:00+00:00;0.119;;
966771;unknown;control;2023-10-26 17:00:00+00:00;0.127;;
966771;unknown;control;2023-10-26 17:15:00+00:00;0.131;;
966771;unknown;control;2023-10-26 17:30:00+00:00;0.14;;
966771;unknown;control;2023-10-26 17:45:00+00:00;0.189;;
966771;unknown;control;2023-10-26 18:00:00+00:00;0.132;;
966771;unknown;control;2023-10-26 18:15:00+00:00;0.132;;
966771;unknown;control;2023-10-26 18:30:00+00:00;0.193;;
966771;unknown;control;2023-10-26 18:45:00+00:00;0.138;;
966771;unknown;control;2023-10-26 19:00:00+00:00;0.177;;
966771;unknown;control;2023-10-26 19:15:00+00:00;0.123;;
966771;unknown;control;2023-10-26 19:30:00+00:00;0.152;;
966771;unknown;control;2023-10-26 19:45:00+00:00;0.131;;
966771;unknown;control;2023-10-26 20:00:00+00:00;0.152;;
966771;unknown;control;2023-10-26 20:15:00+00:00;0.101;;
966771;unknown;control;2023-10-26 20:30:00+00:00;0.146;;
966771;unknown;control;2023-10-26 20:45:00+00:00;0.085;;
966771;unknown;control;2023-10-26 21:00:00+00:00;0.137;;
966771;unknown;control;2023-10-26 21:15:00+00:00;0.136;;
966771;unknown;control;2023-10-26 21:30:00+00:00;0.096;;
966771;unknown;control;2023-10-26 21:45:00+00:00;0.159;;
966771;unknown;control;2023-10-26 22:00:00+00:00;0.159;;
966771;unknown;control;2023-10-26 22:15:00+00:00;0.101;;
966771;unknown;control;2023-10-26 22:30:00+00:00;0.161;;
966771;unknown;control;2023-10-26 22:45:00+00:00;0.164;;
966771;unknown;control;2023-10-26 23:00:00+00:00;0.104;;
966771;unknown;control;2023-10-26 23:15:00+00:00;0.158;;
966771;unknown;control;2023-10-26 23:30:00+00:00;1.368;;
966771;unknown;control;2023-10-26 23:45:00+00:00;1.32;;
966771;unknown;control;2023-10-27 00:00:00+00:00;0.494;;
966771;unknown;control;2023-10-27 00:15:00+00:00;0.154;;
966771;unknown;control;2023-10-27 00:30:00+00:00;0.154;;
966771;unknown;control;2023-10-27 00:45:00+00:00;0.106;;
966771;unknown;control;2023-10-27 01:00:00+00:00;0.149;;
966771;unknown;control;2023-10-27 01:15:00+00:00;0.16;;
966771;unknown;control;2023-10-27 01:30:00+00:00;0.125;;
966771;unknown;control;2023-10-27 01:45:00+00:00;0.14;;
966771;unknown;control;2023-10-27 02:00:00+00:00;0.166;;
966771;unknown;control;2023-10-27 02:15:00+00:00;0.16;;
966771;unknown;control;2023-10-27 02:30:00+00:00;0.165;;
966771;unknown;control;2023-10-27 02:45:00+00:00;0.099;;
966771;unknown;control;2023-10-27 03:00:00+00:00;0.16;;
966771;unknown;control;2023-10-27 03:15:00+00:00;0.151;;
966771;unknown;control;2023-10-27 03:30:00+00:00;0.142;;
966771;unknown;control;2023-10-27 03:45:00+00:00;0.129;;
966771;unknown;control;2023-10-27 04:00:00+00:00;0.101;;
966771;unknown;control;2023-10-27 04:15:00+00:00;0.152;;
966771;unknown;control;2023-10-27 04:30:00+00:00;0.158;;
966771;unknown;control;2023-10-27 04:45:00+00:00;0.096;;
966771;unknown;control;2023-10-27 05:00:00+00:00;0.151;;
966771;unknown;control;2023-10-27 05:15:00+00:00;0.175;;
966771;unknown;control;2023-10-27 05:30:00+00:00;0.157;;
966771;unknown;control;2023-10-27 05:45:00+00:00;0.163;;
966771;unknown;control;2023-10-27 06:00:00+00:00;0.192;;
966771;unknown;control;2023-10-27 06:15:00+00:00;0.145;;
966771;unknown;control;2023-10-27 06:30:00+00:00;0.166;;
966771;unknown;control;2023-10-27 06:45:00+00:00;0.164;;
966771;unknown;control;2023-10-27 07:00:00+00:00;0.092;;
966771;unknown;control;2023-10-27 07:15:00+00:00;0.106;;
966771;unknown;control;2023-10-27 07:30:00+00:00;0.103;;
966771;unknown;control;2023-10-27 07:45:00+00:00;0.096;;
966771;unknown;control;2023-10-27 08:00:00+00:00;0.103;;
966771;unknown;control;2023-10-27 08:15:00+00:00;0.098;;
966771;unknown;control;2023-10-27 08:30:00+00:00;0.102;;
966771;unknown;control;2023-10-27 08:45:00+00:00;0.104;;
966771;unknown;control;2023-10-27 09:00:00+00:00;0.094;;
966771;unknown;control;2023-10-27 09:15:00+00:00;0.1;;
966771;unknown;control;2023-10-27 09:30:00+00:00;0.107;;
966771;unknown;control;2023-10-27 09:45:00+00:00;0.097;;
966771;unknown;control;2023-10-27 10:00:00+00:00;0.1;;
966771;unknown;control;2023-10-27 10:15:00+00:00;0.099;;
966771;unknown;control;2023-10-27 10:30:00+00:00;0.098;;
966771;unknown;control;2023-10-27 10:45:00+00:00;0.108;;
966771;unknown;control;2023-10-27 11:00:00+00:00;0.097;;
966771;unknown;control;2023-10-27 11:15:00+00:00;0.096;;
966771;unknown;control;2023-10-27 11:30:00+00:00;0.104;;
966771;unknown;control;2023-10-27 11:45:00+00:00;0.082;;
966771;unknown;control;2023-10-27 12:00:00+00:00;0.081;;
966771;unknown;control;2023-10-27 12:15:00+00:00;0.085;;
966771;unknown;control;2023-10-27 12:30:00+00:00;0.077;;
966771;unknown;control;2023-10-27 12:45:00+00:00;0.088;;
966771;unknown;control;2023-10-27 13:00:00+00:00;0.084;;
966771;unknown;control;2023-10-27 13:15:00+00:00;0.075;;
966771;unknown;control;2023-10-27 13:30:00+00:00;0.084;;
966771;unknown;control;2023-10-27 13:45:00+00:00;0.085;;
966771;unknown;control;2023-10-27 14:00:00+00:00;0.08;;
966771;unknown;control;2023-10-27 14:15:00+00:00;0.084;;
966771;unknown;control;2023-10-27 14:30:00+00:00;0.078;;
966771;unknown;control;2023-10-27 14:45:00+00:00;0.083;;
966771;unknown;control;2023-10-27 15:00:00+00:00;0.089;;
966771;unknown;control;2023-10-27 15:15:00+00:00;0.076;;
966771;unknown;control;2023-10-27 15:30:00+00:00;0.079;;
966771;unknown;control;2023-10-27 15:45:00+00:00;0.086;;
966771;unknown;control;2023-10-27 16:00:00+00:00;0.097;;
966771;unknown;control;2023-10-27 16:15:00+00:00;0.173;;
966771;unknown;control;2023-10-27 16:30:00+00:00;0.675;;
966771;unknown;control;2023-10-27 16:45:00+00:00;0.391;;
966771;unknown;control;2023-10-27 17:00:00+00:00;0.214;;
966771;unknown;control;2023-10-27 17:15:00+00:00;0.202;;
966771;unknown;control;2023-10-27 17:30:00+00:00;0.191;;
966771;unknown;control;2023-10-27 17:45:00+00:00;0.281;;
966771;unknown;control;2023-10-27 18:00:00+00:00;0.213;;
966771;unknown;control;2023-10-27 18:15:00+00:00;0.529;;
966771;unknown;control;2023-10-27 18:30:00+00:00;0.964;;
966771;unknown;control;2023-10-27 18:45:00+00:00;0.255;;
966771;unknown;control;2023-10-27 19:00:00+00:00;0.189;;
966771;unknown;control;2023-10-27 19:15:00+00:00;0.259;;
966771;unknown;control;2023-10-27 19:30:00+00:00;0.175;;
966771;unknown;control;2023-10-27 19:45:00+00:00;0.167;;
966771;unknown;control;2023-10-27 20:00:00+00:00;0.166;;
966771;unknown;control;2023-10-27 20:15:00+00:00;0.101;;
966771;unknown;control;2023-10-27 20:30:00+00:00;0.158;;
966771;unknown;control;2023-10-27 20:45:00+00:00;0.08;;
966771;unknown;control;2023-10-27 21:00:00+00:00;0.203;;
966771;unknown;control;2023-10-27 21:15:00+00:00;0.164;;
966771;unknown;control;2023-10-27 21:30:00+00:00;0.164;;
966771;unknown;control;2023-10-27 21:45:00+00:00;0.166;;
966771;unknown;control;2023-10-27 22:00:00+00:00;0.17;;
966771;unknown;control;2023-10-27 22:15:00+00:00;0.206;;
966771;unknown;control;2023-10-27 22:30:00+00:00;0.191;;
966771;unknown;control;2023-10-27 22:45:00+00:00;0.252;;
966771;unknown;control;2023-10-27 23:00:00+00:00;0.175;;
966771;unknown;control;2023-10-27 23:15:00+00:00;0.241;;
966771;unknown;control;2023-10-27 23:30:00+00:00;1.402;;
966771;unknown;control;2023-10-27 23:45:00+00:00;1.406;;
966771;unknown;control;2023-10-28 00:00:00+00:00;0.486;;
966771;unknown;control;2023-10-28 00:15:00+00:00;0.548;;
966771;unknown;control;2023-10-28 00:30:00+00:00;0.847;;
966771;unknown;control;2023-10-28 00:45:00+00:00;0.166;;
966771;unknown;control;2023-10-28 01:00:00+00:00;0.157;;
966771;unknown;control;2023-10-28 01:15:00+00:00;0.188;;
966771;unknown;control;2023-10-28 01:30:00+00:00;0.207;;
966771;unknown;control;2023-10-28 01:45:00+00:00;0.15;;
966771;unknown;control;2023-10-28 02:00:00+00:00;0.165;;
966771;unknown;control;2023-10-28 02:15:00+00:00;0.117;;
966771;unknown;control;2023-10-28 02:30:00+00:00;0.141;;
966771;unknown;control;2023-10-28 02:45:00+00:00;0.207;;
966771;unknown;control;2023-10-28 03:00:00+00:00;0.228;;
966771;unknown;control;2023-10-28 03:15:00+00:00;0.153;;
966771;unknown;control;2023-10-28 03:30:00+00:00;0.2;;
966771;unknown;control;2023-10-28 03:45:00+00:00;0.271;;
966771;unknown;control;2023-10-28 04:00:00+00:00;0.899;;
966771;unknown;control;2023-10-28 04:15:00+00:00;0.372;;
966771;unknown;control;2023-10-28 04:30:00+00:00;0.152;;
966771;unknown;control;2023-10-28 04:45:00+00:00;0.182;;
966771;unknown;control;2023-10-28 05:00:00+00:00;0.219;;
966771;unknown;control;2023-10-28 05:15:00+00:00;0.16;;
966771;unknown;control;2023-10-28 05:30:00+00:00;0.16;;
966771;unknown;control;2023-10-28 05:45:00+00:00;0.173;;
966771;unknown;control;2023-10-28 06:00:00+00:00;0.16;;
966771;unknown;control;2023-10-28 06:15:00+00:00;0.161;;
966771;unknown;control;2023-10-28 06:30:00+00:00;0.101;;
966771;unknown;control;2023-10-28 06:45:00+00:00;0.147;;
966771;unknown;control;2023-10-28 07:00:00+00:00;0.104;;
966771;unknown;control;2023-10-28 07:15:00+00:00;0.102;;
966771;unknown;control;2023-10-28 07:30:00+00:00;0.099;;
966771;unknown;control;2023-10-28 07:45:00+00:00;0.103;;
966771;unknown;control;2023-10-28 08:00:00+00:00;0.096;;
966771;unknown;control;2023-10-28 08:15:00+00:00;0.101;;
966771;unknown;control;2023-10-28 08:30:00+00:00;0.107;;
966771;unknown;control;2023-10-28 08:45:00+00:00;0.094;;
966771;unknown;control;2023-10-28 09:00:00+00:00;0.099;;
966771;unknown;control;2023-10-28 09:15:00+00:00;0.104;;
966771;unknown;control;2023-10-28 09:30:00+00:00;0.099;;
966771;unknown;control;2023-10-28 09:45:00+00:00;0.103;;
966771;unknown;control;2023-10-28 10:00:00+00:00;0.099;;
966771;unknown;control;2023-10-28 10:15:00+00:00;0.095;;
966771;unknown;control;2023-10-28 10:30:00+00:00;0.107;;
966771;unknown;control;2023-10-28 10:45:00+00:00;0.083;;
966771;unknown;control;2023-10-28 11:00:00+00:00;0.076;;
966771;unknown;control;2023-10-28 11:15:00+00:00;0.085;;
966771;unknown;control;2023-10-28 11:30:00+00:00;0.082;;
966771;unknown;control;2023-10-28 11:45:00+00:00;0.085;;
966771;unknown;control;2023-10-28 12:00:00+00:00;0.084;;
966771;unknown;control;2023-10-28 12:15:00+00:00;0.076;;
966771;unknown;control;2023-10-28 12:30:00+00:00;0.083;;
966771;unknown;control;2023-10-28 12:45:00+00:00;0.089;;
966771;unknown;control;2023-10-28 13:00:00+00:00;0.077;;
966771;unknown;control;2023-10-28 13:15:00+00:00;0.082;;
966771;unknown;control;2023-10-28 13:30:00+00:00;0.083;;
966771;unknown;control;2023-10-28 13:45:00+00:00;0.08;;
966771;unknown;control;2023-10-28 14:00:00+00:00;0.086;;
966771;unknown;control;2023-10-28 14:15:00+00:00;0.079;;
966771;unknown;control;2023-10-28 14:30:00+00:00;0.077;;
966771;unknown;control;2023-10-28 14:45:00+00:00;0.089;;
966771;unknown;control;2023-10-28 15:00:00+00:00;0.082;;
966771;unknown;control;2023-10-28 15:15:00+00:00;0.079;;
966771;unknown;control;2023-10-28 15:30:00+00:00;0.084;;
966771;unknown;control;2023-10-28 15:45:00+00:00;0.078;;
966771;unknown;control;2023-10-28 16:00:00+00:00;0.093;;
966771;unknown;control;2023-10-28 16:15:00+00:00;0.114;;
966771;unknown;control;2023-10-28 16:30:00+00:00;0.109;;
966771;unknown;control;2023-10-28 16:45:00+00:00;0.115;;
966771;unknown;control;2023-10-28 17:00:00+00:00;0.12;;
966771;unknown;control;2023-10-28 17:15:00+00:00;0.114;;
966771;unknown;control;2023-10-28 17:30:00+00:00;0.672;;
966771;unknown;control;2023-10-28 17:45:00+00:00;0.131;;
966771;unknown;control;2023-10-28 18:00:00+00:00;0.198;;
966771;unknown;control;2023-10-28 18:15:00+00:00;0.139;;
966771;unknown;control;2023-10-28 18:30:00+00:00;0.194;;
966771;unknown;control;2023-10-28 18:45:00+00:00;0.192;;
966771;unknown;control;2023-10-28 19:00:00+00:00;0.183;;
966771;unknown;control;2023-10-28 19:15:00+00:00;0.121;;
966771;unknown;control;2023-10-28 19:30:00+00:00;0.18;;
966771;unknown;control;2023-10-28 19:45:00+00:00;0.206;;
966771;unknown;control;2023-10-28 20:00:00+00:00;0.115;;
966771;unknown;control;2023-10-28 20:15:00+00:00;0.168;;
966771;unknown;control;2023-10-28 20:30:00+00:00;0.162;;
966771;unknown;control;2023-10-28 20:45:00+00:00;0.118;;
966771;unknown;control;2023-10-28 21:00:00+00:00;0.11;;
966771;unknown;control;2023-10-28 21:15:00+00:00;0.154;;
966771;unknown;control;2023-10-28 21:30:00+00:00;0.174;;
966771;unknown;control;2023-10-28 21:45:00+00:00;0.167;;
966771;unknown;control;2023-10-28 22:00:00+00:00;0.165;;
966771;unknown;control;2023-10-28 22:15:00+00:00;0.195;;
966771;unknown;control;2023-10-28 22:30:00+00:00;0.215;;
966771;unknown;control;2023-10-28 22:45:00+00:00;0.616;;
966771;unknown;control;2023-10-28 23:00:00+00:00;0.619;;
966771;unknown;control;2023-10-28 23:15:00+00:00;0.165;;
966771;unknown;control;2023-10-28 23:30:00+00:00;1.426;;
966771;unknown;control;2023-10-28 23:45:00+00:00;1.364;;
966771;unknown;control;2023-10-30 00:00:00+00:00;0.207;;
966771;unknown;control;2023-10-30 00:15:00+00:00;0.62;;
966771;unknown;control;2023-10-30 00:30:00+00:00;2.075;;
966771;unknown;control;2023-10-30 00:45:00+00:00;1.368;;
966771;unknown;control;2023-10-30 01:00:00+00:00;0.652;;
966771;unknown;control;2023-10-30 01:15:00+00:00;0.967;;
966771;unknown;control;2023-10-30 01:30:00+00:00;0.457;;
966771;unknown;control;2023-10-30 01:45:00+00:00;0.254;;
966771;unknown;control;2023-10-30 02:00:00+00:00;0.221;;
966771;unknown;control;2023-10-30 02:15:00+00:00;0.208;;
966771;unknown;control;2023-10-30 02:30:00+00:00;0.817;;
966771;unknown;control;2023-10-30 02:45:00+00:00;0.877;;
966771;unknown;control;2023-10-30 03:00:00+00:00;0.201;;
966771;unknown;control;2023-10-30 03:15:00+00:00;0.25;;
966771;unknown;control;2023-10-30 03:30:00+00:00;0.576;;
966771;unknown;control;2023-10-30 03:45:00+00:00;0.908;;
966771;unknown;control;2023-10-30 04:00:00+00:00;0.215;;
966771;unknown;control;2023-10-30 04:15:00+00:00;0.247;;
966771;unknown;control;2023-10-30 04:30:00+00:00;0.262;;
966771;unknown;control;2023-10-30 04:45:00+00:00;0.462;;
966771;unknown;control;2023-10-30 05:00:00+00:00;0.922;;
966771;unknown;control;2023-10-30 05:15:00+00:00;0.24;;
966771;unknown;control;2023-10-30 05:30:00+00:00;0.265;;
966771;unknown;control;2023-10-30 05:45:00+00:00;0.26;;
966771;unknown;control;2023-10-30 06:00:00+00:00;0.286;;
966771;unknown;control;2023-10-30 06:15:00+00:00;0.259;;
966771;unknown;control;2023-10-30 06:30:00+00:00;0.988;;
966771;unknown;control;2023-10-30 06:45:00+00:00;0.303;;
966771;unknown;control;2023-10-30 07:00:00+00:00;0.222;;
966771;unknown;control;2023-10-30 07:15:00+00:00;0.127;;
966771;unknown;control;2023-10-30 07:30:00+00:00;0.1;;
966771;unknown;control;2023-10-30 07:45:00+00:00;0.093;;
966771;unknown;control;2023-10-30 08:00:00+00:00;0.107;;
966771;unknown;control;2023-10-30 08:15:00+00:00;0.103;;
966771;unknown;control;2023-10-30 08:30:00+00:00;0.097;;
966771;unknown;control;2023-10-30 08:45:00+00:00;0.103;;
966771;unknown;control;2023-10-30 09:00:00+00:00;0.098;;
966771;unknown;control;2023-10-30 09:15:00+00:00;0.102;;
966771;unknown;control;2023-10-30 09:30:00+00:00;0.106;;
966771;unknown;control;2023-10-30 09:45:00+00:00;0.093;;
966771;unknown;control;2023-10-30 10:00:00+00:00;0.1;;
966771;unknown;control;2023-10-30 10:15:00+00:00;0.105;;
966771;unknown;control;2023-10-30 10:30:00+00:00;0.099;;
966771;unknown;control;2023-10-30 10:45:00+00:00;0.103;;
966771;unknown;control;2023-10-30 11:00:00+00:00;0.1;;
966771;unknown;control;2023-10-30 11:15:00+00:00;0.094;;
966771;unknown;control;2023-10-30 11:30:00+00:00;0.108;;
966771;unknown;control;2023-10-30 11:45:00+00:00;0.102;;
966771;unknown;control;2023-10-30 12:00:00+00:00;0.096;;
966771;unknown;control;2023-10-30 12:15:00+00:00;0.103;;
966771;unknown;control;2023-10-30 12:30:00+00:00;0.096;;
966771;unknown;control;2023-10-30 12:45:00+00:00;0.101;;
966771;unknown;control;2023-10-30 13:00:00+00:00;0.106;;
966771;unknown;control;2023-10-30 13:15:00+00:00;0.092;;
966771;unknown;control;2023-10-30 13:30:00+00:00;0.099;;
966771;unknown;control;2023-10-30 13:45:00+00:00;0.103;;
966771;unknown;control;2023-10-30 14:00:00+00:00;0.097;;
966771;unknown;control;2023-10-30 14:15:00+00:00;0.104;;
966771;unknown;control;2023-10-30 14:30:00+00:00;0.098;;
966771;unknown;control;2023-10-30 14:45:00+00:00;0.094;;
966771;unknown;control;2023-10-30 15:00:00+00:00;0.093;;
966771;unknown;control;2023-10-30 15:15:00+00:00;0.083;;
966771;unknown;control;2023-10-30 15:30:00+00:00;0.077;;
966771;unknown;control;2023-10-30 15:45:00+00:00;0.086;;
966771;unknown;control;2023-10-30 16:00:00+00:00;0.079;;
966771;unknown;control;2023-10-30 16:15:00+00:00;0.105;;
966771;unknown;control;2023-10-30 16:30:00+00:00;0.113;;
966771;unknown;control;2023-10-30 16:45:00+00:00;0.102;;
966771;unknown;control;2023-10-30 17:00:00+00:00;0.132;;
966771;unknown;control;2023-10-30 17:15:00+00:00;0.137;;
966771;unknown;control;2023-10-30 17:30:00+00:00;0.134;;
966771;unknown;control;2023-10-30 17:45:00+00:00;0.137;;
966771;unknown;control;2023-10-30 18:00:00+00:00;0.131;;
966771;unknown;control;2023-10-30 18:15:00+00:00;0.126;;
966771;unknown;control;2023-10-30 18:30:00+00:00;0.141;;
966771;unknown;control;2023-10-30 18:45:00+00:00;0.135;;
966771;unknown;control;2023-10-30 19:00:00+00:00;0.185;;
966771;unknown;control;2023-10-30 19:15:00+00:00;0.14;;
966771;unknown;control;2023-10-30 19:30:00+00:00;0.187;;
966771;unknown;control;2023-10-30 19:45:00+00:00;0.114;;
966771;unknown;control;2023-10-30 20:00:00+00:00;0.159;;
966771;unknown;control;2023-10-30 20:15:00+00:00;0.143;;
966771;unknown;control;2023-10-30 20:30:00+00:00;0.121;;
966771;unknown;control;2023-10-30 20:45:00+00:00;0.134;;
966771;unknown;control;2023-10-30 21:00:00+00:00;0.148;;
966771;unknown;control;2023-10-30 21:15:00+00:00;0.101;;
966771;unknown;control;2023-10-30 21:30:00+00:00;0.139;;
966771;unknown;control;2023-10-30 21:45:00+00:00;0.134;;
966771;unknown;control;2023-10-30 22:00:00+00:00;0.089;;
966771;unknown;control;2023-10-30 22:15:00+00:00;0.133;;
966771;unknown;control;2023-10-30 22:30:00+00:00;0.146;;
966771;unknown;control;2023-10-30 22:45:00+00:00;0.154;;
966771;unknown;control;2023-10-30 23:00:00+00:00;0.097;;
966771;unknown;control;2023-10-30 23:15:00+00:00;0.154;;
966771;unknown;control;2023-10-30 23:30:00+00:00;0.156;;
966771;unknown;control;2023-10-30 23:45:00+00:00;0.142;;
966771;unknown;control;2023-10-31 00:00:00+00:00;0.204;;
966771;unknown;control;2023-10-31 00:15:00+00:00;0.167;;
966771;unknown;control;2023-10-31 00:30:00+00:00;1.392;;
966771;unknown;control;2023-10-31 00:45:00+00:00;1.348;;
966771;unknown;control;2023-10-31 01:00:00+00:00;0.68;;
966771;unknown;control;2023-10-31 01:15:00+00:00;0.147;;
966771;unknown;control;2023-10-31 01:30:00+00:00;0.154;;
966771;unknown;control;2023-10-31 01:45:00+00:00;0.151;;
966771;unknown;control;2023-10-31 02:00:00+00:00;0.145;;
966771;unknown;control;2023-10-31 02:15:00+00:00;0.151;;
966771;unknown;control;2023-10-31 02:30:00+00:00;0.156;;
966771;unknown;control;2023-10-31 02:45:00+00:00;0.155;;
966771;unknown;control;2023-10-31 03:00:00+00:00;0.157;;
966771;unknown;control;2023-10-31 03:15:00+00:00;0.165;;
966771;unknown;control;2023-10-31 03:30:00+00:00;0.207;;
966771;unknown;control;2023-10-31 03:45:00+00:00;0.23;;
966771;unknown;control;2023-10-31 04:00:00+00:00;0.419;;
966771;unknown;control;2023-10-31 04:15:00+00:00;0.296;;
966771;unknown;control;2023-10-31 04:30:00+00:00;0.19;;
966771;unknown;control;2023-10-31 04:45:00+00:00;0.139;;
966771;unknown;control;2023-10-31 05:00:00+00:00;0.682;;
966771;unknown;control;2023-10-31 05:15:00+00:00;0.673;;
966771;unknown;control;2023-10-31 05:30:00+00:00;0.175;;
966771;unknown;control;2023-10-31 05:45:00+00:00;0.167;;
966771;unknown;control;2023-10-31 06:00:00+00:00;0.191;;
966771;unknown;control;2023-10-31 06:15:00+00:00;0.168;;
966771;unknown;control;2023-10-31 06:30:00+00:00;0.161;;
966771;unknown;control;2023-10-31 06:45:00+00:00;0.15;;
966771;unknown;control;2023-10-31 07:00:00+00:00;0.16;;
966771;unknown;control;2023-10-31 07:15:00+00:00;0.15;;
966771;unknown;control;2023-10-31 07:30:00+00:00;0.154;;
966771;unknown;control;2023-10-31 07:45:00+00:00;0.101;;
966771;unknown;control;2023-10-31 08:00:00+00:00;0.104;;
966771;unknown;control;2023-10-31 08:15:00+00:00;0.097;;
966771;unknown;control;2023-10-31 08:30:00+00:00;0.101;;
966771;unknown;control;2023-10-31 08:45:00+00:00;0.095;;
966771;unknown;control;2023-10-31 09:00:00+00:00;0.096;;
966771;unknown;control;2023-10-31 09:15:00+00:00;0.107;;
966771;unknown;control;2023-10-31 09:30:00+00:00;0.098;;
966771;unknown;control;2023-10-31 09:45:00+00:00;0.098;;
966771;unknown;control;2023-10-31 10:00:00+00:00;0.103;;
966771;unknown;control;2023-10-31 10:15:00+00:00;0.096;;
966771;unknown;control;2023-10-31 10:30:00+00:00;0.105;;
966771;unknown;control;2023-10-31 10:45:00+00:00;0.104;;
966771;unknown;control;2023-10-31 11:00:00+00:00;0.093;;
966771;unknown;control;2023-10-31 11:15:00+00:00;0.102;;
966771;unknown;control;2023-10-31 11:30:00+00:00;0.104;;
966771;unknown;control;2023-10-31 11:45:00+00:00;0.098;;
966771;unknown;control;2023-10-31 12:00:00+00:00;0.102;;
966771;unknown;control;2023-10-31 12:15:00+00:00;0.097;;
966771;unknown;control;2023-10-31 12:30:00+00:00;0.097;;
966771;unknown;control;2023-10-31 12:45:00+00:00;0.108;;
966771;unknown;control;2023-10-31 13:00:00+00:00;0.098;;
966771;unknown;control;2023-10-31 13:15:00+00:00;0.096;;
966771;unknown;control;2023-10-31 13:30:00+00:00;0.102;;
966771;unknown;control;2023-10-31 13:45:00+00:00;0.098;;
966771;unknown;control;2023-10-31 14:00:00+00:00;0.104;;
966771;unknown;control;2023-10-31 14:15:00+00:00;0.101;;
966771;unknown;control;2023-10-31 14:30:00+00:00;0.093;;
966771;unknown;control;2023-10-31 14:45:00+00:00;0.101;;
966771;unknown;control;2023-10-31 15:00:00+00:00;0.091;;
966771;unknown;control;2023-10-31 15:15:00+00:00;0.079;;
966771;unknown;control;2023-10-31 15:30:00+00:00;0.083;;
966771;unknown;control;2023-10-31 15:45:00+00:00;0.08;;
966771;unknown;control;2023-10-31 16:00:00+00:00;0.078;;
966771;unknown;control;2023-10-31 16:15:00+00:00;0.113;;
966771;unknown;control;2023-10-31 16:30:00+00:00;0.164;;
966771;unknown;control;2023-10-31 16:45:00+00:00;0.636;;
966771;unknown;control;2023-10-31 17:00:00+00:00;0.135;;
966771;unknown;control;2023-10-31 17:15:00+00:00;0.181;;
966771;unknown;control;2023-10-31 17:30:00+00:00;0.186;;
966771;unknown;control;2023-10-31 17:45:00+00:00;0.134;;
966771;unknown;control;2023-10-31 18:00:00+00:00;0.163;;
966771;unknown;control;2023-10-31 18:15:00+00:00;0.179;;
966771;unknown;control;2023-10-31 18:30:00+00:00;0.226;;
966771;unknown;control;2023-10-31 18:45:00+00:00;0.178;;
966771;unknown;control;2023-10-31 19:00:00+00:00;0.191;;
966771;unknown;control;2023-10-31 19:15:00+00:00;0.2;;
966771;unknown;control;2023-10-31 19:30:00+00:00;0.247;;
966771;unknown;control;2023-10-31 19:45:00+00:00;0.182;;
966771;unknown;control;2023-10-31 20:00:00+00:00;0.213;;
966771;unknown;control;2023-10-31 20:15:00+00:00;0.156;;
966771;unknown;control;2023-10-31 20:30:00+00:00;0.228;;
966771;unknown;control;2023-10-31 20:45:00+00:00;0.156;;
966771;unknown;control;2023-10-31 21:00:00+00:00;0.201;;
966771;unknown;control;2023-10-31 21:15:00+00:00;0.398;;
966771;unknown;control;2023-10-31 21:30:00+00:00;0.281;;
966771;unknown;control;2023-10-31 21:45:00+00:00;0.149;;
966771;unknown;control;2023-10-31 22:00:00+00:00;0.563;;
966771;unknown;control;2023-10-31 22:15:00+00:00;0.843;;
966771;unknown;control;2023-10-31 22:30:00+00:00;0.208;;
966771;unknown;control;2023-10-31 22:45:00+00:00;0.168;;
966771;unknown;control;2023-10-31 23:00:00+00:00;0.201;;
966771;unknown;control;2023-10-31 23:15:00+00:00;0.227;;
966771;unknown;control;2023-10-31 23:30:00+00:00;0.233;;
966771;unknown;control;2023-10-31 23:45:00+00:00;0.171;;
966771;unknown;control;2023-11-01 00:00:00+00:00;0.24;;
966771;unknown;control;2023-11-01 00:15:00+00:00;0.256;;
966771;unknown;control;2023-11-01 00:30:00+00:00;0.215;;
966771;unknown;control;2023-11-01 00:45:00+00:00;0.793;;
966771;unknown;control;2023-11-01 01:00:00+00:00;0.983;;
966771;unknown;control;2023-11-01 01:15:00+00:00;0.384;;
966771;unknown;control;2023-11-01 01:30:00+00:00;1.471;;
966771;unknown;control;2023-11-01 01:45:00+00:00;1.888;;
966771;unknown;control;2023-11-01 02:00:00+00:00;1.394;;
966771;unknown;control;2023-11-01 02:15:00+00:00;0.263;;
966771;unknown;control;2023-11-01 02:30:00+00:00;0.234;;
966771;unknown;control;2023-11-01 02:45:00+00:00;0.427;;
966771;unknown;control;2023-11-01 03:00:00+00:00;1.012;;
966771;unknown;control;2023-11-01 03:15:00+00:00;0.771;;
966771;unknown;control;2023-11-01 03:30:00+00:00;0.287;;
966771;unknown;control;2023-11-01 03:45:00+00:00;0.277;;
966771;unknown;control;2023-11-01 04:00:00+00:00;0.797;;
966771;unknown;control;2023-11-01 04:15:00+00:00;0.346;;
966771;unknown;control;2023-11-01 04:30:00+00:00;0.239;;
966771;unknown;control;2023-11-01 04:45:00+00:00;0.563;;
966771;unknown;control;2023-11-01 05:00:00+00:00;1.033;;
966771;unknown;control;2023-11-01 05:15:00+00:00;0.895;;
966771;unknown;control;2023-11-01 05:30:00+00:00;0.284;;
966771;unknown;control;2023-11-01 05:45:00+00:00;0.306;;
966771;unknown;control;2023-11-01 06:00:00+00:00;0.6;;
966771;unknown;control;2023-11-01 06:15:00+00:00;1.049;;
966771;unknown;control;2023-11-01 06:30:00+00:00;0.596;;
966771;unknown;control;2023-11-01 06:45:00+00:00;0.169;;
966771;unknown;control;2023-11-01 07:00:00+00:00;0.104;;
966771;unknown;control;2023-11-01 07:15:00+00:00;0.099;;
966771;unknown;control;2023-11-01 07:30:00+00:00;0.092;;
966771;unknown;control;2023-11-01 07:45:00+00:00;0.103;;
966771;unknown;control;2023-11-01 08:00:00+00:00;0.102;;
966771;unknown;control;2023-11-01 08:15:00+00:00;0.098;;
966771;unknown;control;2023-11-01 08:30:00+00:00;0.103;;
966771;unknown;control;2023-11-01 08:45:00+00:00;0.098;;
966771;unknown;control;2023-11-01 09:00:00+00:00;0.099;;
966771;unknown;control;2023-11-01 09:15:00+00:00;0.107;;
966771;unknown;control;2023-11-01 09:30:00+00:00;0.098;;
966771;unknown;control;2023-11-01 09:45:00+00:00;0.097;;
966771;unknown;control;2023-11-01 10:00:00+00:00;0.103;;
966771;unknown;control;2023-11-01 10:15:00+00:00;0.097;;
966771;unknown;control;2023-11-01 10:30:00+00:00;0.104;;
966771;unknown;control;2023-11-01 10:45:00+00:00;0.102;;
966771;unknown;control;2023-11-01 11:00:00+00:00;0.092;;
966771;unknown;control;2023-11-01 11:15:00+00:00;0.1;;
966771;unknown;control;2023-11-01 11:30:00+00:00;0.105;;
966771;unknown;control;2023-11-01 11:45:00+00:00;0.096;;
966771;unknown;control;2023-11-01 12:00:00+00:00;0.101;;
966771;unknown;control;2023-11-01 12:15:00+00:00;0.098;;
966771;unknown;control;2023-11-01 12:30:00+00:00;0.095;;
966771;unknown;control;2023-11-01 12:45:00+00:00;0.107;;
966771;unknown;control;2023-11-01 13:00:00+00:00;0.099;;
966771;unknown;control;2023-11-01 13:15:00+00:00;0.095;;
966771;unknown;control;2023-11-01 13:30:00+00:00;0.102;;
966771;unknown;control;2023-11-01 13:45:00+00:00;0.1;;
966771;unknown;control;2023-11-01 14:00:00+00:00;0.101;;
966771;unknown;control;2023-11-01 14:15:00+00:00;0.102;;
966771;unknown;control;2023-11-01 14:30:00+00:00;0.093;;
966771;unknown;control;2023-11-01 14:45:00+00:00;0.1;;
966771;unknown;control;2023-11-01 15:00:00+00:00;0.093;;
966771;unknown;control;2023-11-01 15:15:00+00:00;0.078;;
966771;unknown;control;2023-11-01 15:30:00+00:00;0.082;;
966771;unknown;control;2023-11-01 15:45:00+00:00;0.082;;
966771;unknown;control;2023-11-01 16:00:00+00:00;0.135;;
966771;unknown;control;2023-11-01 16:15:00+00:00;0.126;;
966771;unknown;control;2023-11-01 16:30:00+00:00;0.177;;
966771;unknown;control;2023-11-01 16:45:00+00:00;0.117;;
966771;unknown;control;2023-11-01 17:00:00+00:00;0.191;;
966771;unknown;control;2023-11-01 17:15:00+00:00;0.136;;
966771;unknown;control;2023-11-01 17:30:00+00:00;0.195;;
966771;unknown;control;2023-11-01 17:45:00+00:00;0.205;;
966771;unknown;control;2023-11-01 18:00:00+00:00;0.128;;
966771;unknown;control;2023-11-01 18:15:00+00:00;0.194;;
966771;unknown;control;2023-11-01 18:30:00+00:00;0.205;;
966771;unknown;control;2023-11-01 18:45:00+00:00;0.255;;
966771;unknown;control;2023-11-01 19:00:00+00:00;0.206;;
966771;unknown;control;2023-11-01 19:15:00+00:00;0.269;;
966771;unknown;control;2023-11-01 19:30:00+00:00;0.271;;
966771;unknown;control;2023-11-01 19:45:00+00:00;0.648;;
966771;unknown;control;2023-11-01 20:00:00+00:00;0.878;;
966771;unknown;control;2023-11-01 20:15:00+00:00;0.236;;
966771;unknown;control;2023-11-01 20:30:00+00:00;0.244;;
966771;unknown;control;2023-11-01 20:45:00+00:00;0.295;;
966771;unknown;control;2023-11-01 21:00:00+00:00;0.602;;
966771;unknown;control;2023-11-01 21:15:00+00:00;0.795;;
966771;unknown;control;2023-11-01 21:30:00+00:00;0.228;;
966771;unknown;control;2023-11-01 21:45:00+00:00;0.206;;
966771;unknown;control;2023-11-01 22:00:00+00:00;0.212;;
966771;unknown;control;2023-11-01 22:15:00+00:00;0.259;;
966771;unknown;control;2023-11-01 22:30:00+00:00;0.261;;
966771;unknown;control;2023-11-01 22:45:00+00:00;0.249;;
966771;unknown;control;2023-11-01 23:00:00+00:00;0.919;;
966771;unknown;control;2023-11-01 23:15:00+00:00;0.701;;
966771;unknown;control;2023-11-01 23:30:00+00:00;0.27;;
966771;unknown;control;2023-11-01 23:45:00+00:00;0.276;;
966771;unknown;control;2023-11-02 00:00:00+00:00;0.387;;
966771;unknown;control;2023-11-02 00:15:00+00:00;0.959;;
966771;unknown;control;2023-11-02 00:30:00+00:00;0.787;;
966771;unknown;control;2023-11-02 00:45:00+00:00;0.278;;
966771;unknown;control;2023-11-02 01:00:00+00:00;0.22;;
966771;unknown;control;2023-11-02 01:15:00+00:00;0.59;;
966771;unknown;control;2023-11-02 01:30:00+00:00;2.2;;
966771;unknown;control;2023-11-02 01:45:00+00:00;1.436;;
966771;unknown;control;2023-11-02 02:00:00+00:00;0.656;;
966771;unknown;control;2023-11-02 02:15:00+00:00;0.248;;
966771;unknown;control;2023-11-02 02:30:00+00:00;0.175;;
966771;unknown;control;2023-11-02 02:45:00+00:00;0.253;;
966771;unknown;control;2023-11-02 03:00:00+00:00;0.227;;
966771;unknown;control;2023-11-02 03:15:00+00:00;0.187;;
966771;unknown;control;2023-11-02 03:30:00+00:00;0.264;;
966771;unknown;control;2023-11-02 03:45:00+00:00;0.24;;
966771;unknown;control;2023-11-02 04:00:00+00:00;0.924;;
966771;unknown;control;2023-11-02 04:15:00+00:00;0.318;;
966771;unknown;control;2023-11-02 04:30:00+00:00;0.215;;
966771;unknown;control;2023-11-02 04:45:00+00:00;0.214;;
966771;unknown;control;2023-11-02 05:00:00+00:00;0.224;;
966771;unknown;control;2023-11-02 05:15:00+00:00;0.243;;
966771;unknown;control;2023-11-02 05:30:00+00:00;0.168;;
966771;unknown;control;2023-11-02 05:45:00+00:00;0.24;;
966771;unknown;control;2023-11-02 06:00:00+00:00;0.622;;
966771;unknown;control;2023-11-02 06:15:00+00:00;0.762;;
966771;unknown;control;2023-11-02 06:30:00+00:00;0.206;;
966771;unknown;control;2023-11-02 06:45:00+00:00;0.206;;
966771;unknown;control;2023-11-02 07:00:00+00:00;0.231;;
966771;unknown;control;2023-11-02 07:15:00+00:00;0.196;;
966771;unknown;control;2023-11-02 07:30:00+00:00;0.162;;
966771;unknown;control;2023-11-02 07:45:00+00:00;0.229;;
966771;unknown;control;2023-11-02 08:00:00+00:00;0.17;;
966771;unknown;control;2023-11-02 08:15:00+00:00;0.225;;
966771;unknown;control;2023-11-02 08:30:00+00:00;0.21;;
966771;unknown;control;2023-11-02 08:45:00+00:00;0.173;;
966771;unknown;control;2023-11-02 09:00:00+00:00;0.175;;
966771;unknown;control;2023-11-02 09:15:00+00:00;0.165;;
966771;unknown;control;2023-11-02 09:30:00+00:00;0.162;;
966771;unknown;control;2023-11-02 09:45:00+00:00;0.169;;
966771;unknown;control;2023-11-02 10:00:00+00:00;0.1;;
966771;unknown;control;2023-11-02 10:15:00+00:00;0.17;;
966771;unknown;control;2023-11-02 10:30:00+00:00;0.104;;
966771;unknown;control;2023-11-02 10:45:00+00:00;0.156;;
966771;unknown;control;2023-11-02 11:00:00+00:00;0.165;;
966771;unknown;control;2023-11-02 11:15:00+00:00;0.105;;
966771;unknown;control;2023-11-02 11:30:00+00:00;0.164;;
966771;unknown;control;2023-11-02 11:45:00+00:00;0.1;;
966771;unknown;control;2023-11-02 12:00:00+00:00;0.166;;
966771;unknown;control;2023-11-02 12:15:00+00:00;0.153;;
966771;unknown;control;2023-11-02 12:30:00+00:00;0.172;;
966771;unknown;control;2023-11-02 12:45:00+00:00;0.168;;
966771;unknown;control;2023-11-02 13:00:00+00:00;0.158;;
966771;unknown;control;2023-11-02 13:15:00+00:00;0.172;;
966771;unknown;control;2023-11-02 13:30:00+00:00;0.167;;
966771;unknown;control;2023-11-02 13:45:00+00:00;0.17;;
966771;unknown;control;2023-11-02 14:00:00+00:00;0.17;;
966771;unknown;control;2023-11-02 14:15:00+00:00;0.22;;
966771;unknown;control;2023-11-02 14:30:00+00:00;0.16;;
966771;unknown;control;2023-11-02 14:45:00+00:00;0.174;;
966771;unknown;control;2023-11-02 15:00:00+00:00;0.22;;
966771;unknown;control;2023-11-02 15:15:00+00:00;0.149;;
966771;unknown;control;2023-11-02 15:30:00+00:00;0.268;;
966771;unknown;control;2023-11-02 15:45:00+00:00;0.903;;
966771;unknown;control;2023-11-02 16:00:00+00:00;0.202;;
966771;unknown;control;2023-11-02 16:15:00+00:00;0.19;;
966771;unknown;control;2023-11-02 16:30:00+00:00;0.238;;
966771;unknown;control;2023-11-02 16:45:00+00:00;0.212;;
966771;unknown;control;2023-11-02 17:00:00+00:00;0.652;;
966771;unknown;control;2023-11-02 17:15:00+00:00;0.768;;
966771;unknown;control;2023-11-02 17:30:00+00:00;0.192;;
966771;unknown;control;2023-11-02 17:45:00+00:00;0.236;;
966771;unknown;control;2023-11-02 18:00:00+00:00;0.19;;
966771;unknown;control;2023-11-02 18:15:00+00:00;0.241;;
966771;unknown;control;2023-11-02 18:30:00+00:00;0.253;;
966771;unknown;control;2023-11-02 18:45:00+00:00;0.767;;
966771;unknown;control;2023-11-02 19:00:00+00:00;0.583;;
966771;unknown;control;2023-11-02 19:15:00+00:00;0.23;;
966771;unknown;control;2023-11-02 19:30:00+00:00;0.221;;
966771;unknown;control;2023-11-02 19:45:00+00:00;0.322;;
966771;unknown;control;2023-11-02 20:00:00+00:00;0.985;;
966771;unknown;control;2023-11-02 20:15:00+00:00;0.422;;
966771;unknown;control;2023-11-02 20:30:00+00:00;0.232;;
966771;unknown;control;2023-11-02 20:45:00+00:00;0.188;;
966771;unknown;control;2023-11-02 21:00:00+00:00;0.252;;
966771;unknown;control;2023-11-02 21:15:00+00:00;0.737;;
966771;unknown;control;2023-11-02 21:30:00+00:00;0.327;;
966771;unknown;control;2023-11-02 21:45:00+00:00;0.262;;
966771;unknown;control;2023-11-02 22:00:00+00:00;0.691;;
966771;unknown;control;2023-11-02 22:15:00+00:00;1.041;;
966771;unknown;control;2023-11-02 22:30:00+00:00;0.317;;
966771;unknown;control;2023-11-02 22:45:00+00:00;0.259;;
966771;unknown;control;2023-11-02 23:00:00+00:00;0.256;;
966771;unknown;control;2023-11-02 23:15:00+00:00;0.873;;
966771;unknown;control;2023-11-02 23:30:00+00:00;0.712;;
966771;unknown;control;2023-11-02 23:45:00+00:00;0.266;;
966771;unknown;control;2023-11-03 00:00:00+00:00;0.212;;
966771;unknown;control;2023-11-03 00:15:00+00:00;0.243;;
966771;unknown;control;2023-11-03 00:30:00+00:00;0.463;;
966771;unknown;control;2023-11-03 00:45:00+00:00;0.989;;
966771;unknown;control;2023-11-03 01:00:00+00:00;0.786;;
966771;unknown;control;2023-11-03 01:15:00+00:00;0.273;;
966771;unknown;control;2023-11-03 01:30:00+00:00;1.492;;
966771;unknown;control;2023-11-03 01:45:00+00:00;1.606;;
966771;unknown;control;2023-11-03 02:00:00+00:00;1.185;;
966771;unknown;control;2023-11-03 02:15:00+00:00;0.647;;
966771;unknown;control;2023-11-03 02:30:00+00:00;0.27;;
966771;unknown;control;2023-11-03 02:45:00+00:00;0.243;;
966771;unknown;control;2023-11-03 03:00:00+00:00;0.221;;
966771;unknown;control;2023-11-03 03:15:00+00:00;0.712;;
966771;unknown;control;2023-11-03 03:30:00+00:00;0.902;;
966771;unknown;control;2023-11-03 03:45:00+00:00;0.241;;
966771;unknown;control;2023-11-03 04:00:00+00:00;0.234;;
966771;unknown;control;2023-11-03 04:15:00+00:00;0.196;;
966771;unknown;control;2023-11-03 04:30:00+00:00;0.355;;
966771;unknown;control;2023-11-03 04:45:00+00:00;0.966;;
966771;unknown;control;2023-11-03 05:00:00+00:00;0.222;;
966771;unknown;control;2023-11-03 05:15:00+00:00;0.224;;
966771;unknown;control;2023-11-03 05:30:00+00:00;0.223;;
966771;unknown;control;2023-11-03 05:45:00+00:00;0.25;;
966771;unknown;control;2023-11-03 06:00:00+00:00;0.263;;
966771;unknown;control;2023-11-03 06:15:00+00:00;0.192;;
966771;unknown;control;2023-11-03 06:30:00+00:00;0.215;;
966771;unknown;control;2023-11-03 06:45:00+00:00;0.215;;
966771;unknown;control;2023-11-03 07:00:00+00:00;0.238;;
966771;unknown;control;2023-11-03 07:15:00+00:00;0.235;;
966771;unknown;control;2023-11-03 07:30:00+00:00;0.173;;
966771;unknown;control;2023-11-03 07:45:00+00:00;0.215;;
966771;unknown;control;2023-11-03 08:00:00+00:00;0.163;;
966771;unknown;control;2023-11-03 08:15:00+00:00;0.169;;
966771;unknown;control;2023-11-03 08:30:00+00:00;0.154;;
966771;unknown;control;2023-11-03 08:45:00+00:00;0.163;;
966771;unknown;control;2023-11-03 09:00:00+00:00;0.104;;
966771;unknown;control;2023-11-03 09:15:00+00:00;0.097;;
966771;unknown;control;2023-11-03 09:30:00+00:00;0.104;;
966771;unknown;control;2023-11-03 09:45:00+00:00;0.099;;
966771;unknown;control;2023-11-03 10:00:00+00:00;0.094;;
966771;unknown;control;2023-11-03 10:15:00+00:00;0.108;;
966771;unknown;control;2023-11-03 10:30:00+00:00;0.101;;
966771;unknown;control;2023-11-03 10:45:00+00:00;0.096;;
966771;unknown;control;2023-11-03 11:00:00+00:00;0.101;;
966771;unknown;control;2023-11-03 11:15:00+00:00;0.096;;
966771;unknown;control;2023-11-03 11:30:00+00:00;0.101;;
966771;unknown;control;2023-11-03 11:45:00+00:00;0.105;;
966771;unknown;control;2023-11-03 12:00:00+00:00;0.091;;
966771;unknown;control;2023-11-03 12:15:00+00:00;0.099;;
966771;unknown;control;2023-11-03 12:30:00+00:00;0.105;;
966771;unknown;control;2023-11-03 12:45:00+00:00;0.098;;
966771;unknown;control;2023-11-03 13:00:00+00:00;0.102;;
966771;unknown;control;2023-11-03 13:15:00+00:00;0.098;;
966771;unknown;control;2023-11-03 13:30:00+00:00;0.094;;
966771;unknown;control;2023-11-03 13:45:00+00:00;0.191;;
966771;unknown;control;2023-11-03 14:00:00+00:00;0.16;;
966771;unknown;control;2023-11-03 14:15:00+00:00;0.155;;
966771;unknown;control;2023-11-03 14:30:00+00:00;0.271;;
966771;unknown;control;2023-11-03 14:45:00+00:00;0.907;;
966771;unknown;control;2023-11-03 15:00:00+00:00;0.274;;
966771;unknown;control;2023-11-03 15:15:00+00:00;0.161;;
966771;unknown;control;2023-11-03 15:30:00+00:00;0.171;;
966771;unknown;control;2023-11-03 15:45:00+00:00;0.147;;
966771;unknown;control;2023-11-03 16:00:00+00:00;0.233;;
966771;unknown;control;2023-11-03 16:15:00+00:00;0.251;;
966771;unknown;control;2023-11-03 16:30:00+00:00;0.854;;
966771;unknown;control;2023-11-03 16:45:00+00:00;0.847;;
966771;unknown;control;2023-11-03 17:00:00+00:00;0.309;;
966771;unknown;control;2023-11-03 17:15:00+00:00;0.553;;
966771;unknown;control;2023-11-03 17:30:00+00:00;1.054;;
966771;unknown;control;2023-11-03 17:45:00+00:00;1.069;;
966771;unknown;control;2023-11-03 18:00:00+00:00;0.385;;
966771;unknown;control;2023-11-03 18:15:00+00:00;0.33;;
966771;unknown;control;2023-11-03 18:30:00+00:00;0.858;;
966771;unknown;control;2023-11-03 18:45:00+00:00;1.103;;
966771;unknown;control;2023-11-03 19:00:00+00:00;0.957;;
966771;unknown;control;2023-11-03 19:15:00+00:00;1.102;;
966771;unknown;control;2023-11-03 19:30:00+00:00;0.653;;
966771;unknown;control;2023-11-03 19:45:00+00:00;0.323;;
966771;unknown;control;2023-11-03 20:00:00+00:00;0.451;;
966771;unknown;control;2023-11-03 20:15:00+00:00;1.057;;
966771;unknown;control;2023-11-03 20:30:00+00:00;1.08;;
966771;unknown;control;2023-11-03 20:45:00+00:00;0.883;;
966771;unknown;control;2023-11-03 21:00:00+00:00;1.022;;
966771;unknown;control;2023-11-03 21:15:00+00:00;0.374;;
966771;unknown;control;2023-11-03 21:30:00+00:00;0.245;;
966771;unknown;control;2023-11-03 21:45:00+00:00;0.234;;
966771;unknown;control;2023-11-03 22:00:00+00:00;0.211;;
966771;unknown;control;2023-11-03 22:15:00+00:00;0.237;;
966771;unknown;control;2023-11-03 22:30:00+00:00;0.244;;
966771;unknown;control;2023-11-03 22:45:00+00:00;0.267;;
966771;unknown;control;2023-11-03 23:00:00+00:00;0.253;;
966771;unknown;control;2023-11-03 23:15:00+00:00;0.226;;
966771;unknown;control;2023-11-03 23:30:00+00:00;0.221;;
966771;unknown;control;2023-11-03 23:45:00+00:00;0.223;;
966771;unknown;control;2023-11-04 00:00:00+00:00;0.236;;
966771;unknown;control;2023-11-04 00:15:00+00:00;0.233;;
966771;unknown;control;2023-11-04 00:30:00+00:00;0.558;;
966771;unknown;control;2023-11-04 00:45:00+00:00;0.869;;
966771;unknown;control;2023-11-04 01:00:00+00:00;0.288;;
966771;unknown;control;2023-11-04 01:15:00+00:00;0.285;;
966771;unknown;control;2023-11-04 01:30:00+00:00;1.501;;
966771;unknown;control;2023-11-04 01:45:00+00:00;2.189;;
966771;unknown;control;2023-11-04 02:00:00+00:00;1.225;;
966771;unknown;control;2023-11-04 02:15:00+00:00;0.614;;
966771;unknown;control;2023-11-04 02:30:00+00:00;0.303;;
966771;unknown;control;2023-11-04 02:45:00+00:00;0.617;;
966771;unknown;control;2023-11-04 03:00:00+00:00;1.049;;
966771;unknown;control;2023-11-04 03:15:00+00:00;0.581;;
966771;unknown;control;2023-11-04 03:30:00+00:00;0.287;;
966771;unknown;control;2023-11-04 03:45:00+00:00;0.267;;
966771;unknown;control;2023-11-04 04:00:00+00:00;0.859;;
966771;unknown;control;2023-11-04 04:15:00+00:00;0.342;;
966771;unknown;control;2023-11-04 04:30:00+00:00;0.279;;
966771;unknown;control;2023-11-04 04:45:00+00:00;0.677;;
966771;unknown;control;2023-11-04 05:00:00+00:00;1.033;;
966771;unknown;control;2023-11-04 05:15:00+00:00;0.608;;
966771;unknown;control;2023-11-04 05:30:00+00:00;0.304;;
966771;unknown;control;2023-11-04 05:45:00+00:00;0.309;;
966771;unknown;control;2023-11-04 06:00:00+00:00;0.868;;
966771;unknown;control;2023-11-04 06:15:00+00:00;1.055;;
966771;unknown;control;2023-11-04 06:30:00+00:00;0.456;;
966771;unknown;control;2023-11-04 06:45:00+00:00;0.186;;
966771;unknown;control;2023-11-04 07:00:00+00:00;0.198;;
966771;unknown;control;2023-11-04 07:15:00+00:00;0.24;;
966771;unknown;control;2023-11-04 07:30:00+00:00;0.172;;
966771;unknown;control;2023-11-04 07:45:00+00:00;0.096;;
966771;unknown;control;2023-11-04 08:00:00+00:00;0.099;;
966771;unknown;control;2023-11-04 08:15:00+00:00;0.109;;
966771;unknown;control;2023-11-04 08:30:00+00:00;0.101;;
966771;unknown;control;2023-11-04 08:45:00+00:00;0.099;;
966771;unknown;control;2023-11-04 09:00:00+00:00;0.103;;
966771;unknown;control;2023-11-04 09:15:00+00:00;0.092;;
966771;unknown;control;2023-11-04 09:30:00+00:00;0.1;;
966771;unknown;control;2023-11-04 09:45:00+00:00;0.101;;
966771;unknown;control;2023-11-04 10:00:00+00:00;0.097;;
966771;unknown;control;2023-11-04 10:15:00+00:00;0.166;;
966771;unknown;control;2023-11-04 10:30:00+00:00;0.1;;
966771;unknown;control;2023-11-04 10:45:00+00:00;0.092;;
966771;unknown;control;2023-11-04 11:00:00+00:00;0.103;;
966771;unknown;control;2023-11-04 11:15:00+00:00;0.104;;
966771;unknown;control;2023-11-04 11:30:00+00:00;0.098;;
966771;unknown;control;2023-11-04 11:45:00+00:00;0.102;;
966771;unknown;control;2023-11-04 12:00:00+00:00;0.097;;
966771;unknown;control;2023-11-04 12:15:00+00:00;0.098;;
966771;unknown;control;2023-11-04 12:30:00+00:00;0.184;;
966771;unknown;control;2023-11-04 12:45:00+00:00;0.229;;
966771;unknown;control;2023-11-04 13:00:00+00:00;0.172;;
966771;unknown;control;2023-11-04 13:15:00+00:00;0.243;;
966771;unknown;control;2023-11-04 13:30:00+00:00;0.228;;
966771;unknown;control;2023-11-04 13:45:00+00:00;0.634;;
966771;unknown;control;2023-11-04 14:00:00+00:00;0.699;;
966771;unknown;control;2023-11-04 14:15:00+00:00;0.188;;
966771;unknown;control;2023-11-04 14:30:00+00:00;0.232;;
966771;unknown;control;2023-11-04 14:45:00+00:00;0.253;;
966771;unknown;control;2023-11-04 15:00:00+00:00;0.227;;
966771;unknown;control;2023-11-04 15:15:00+00:00;0.222;;
966771;unknown;control;2023-11-04 15:30:00+00:00;0.422;;
966771;unknown;control;2023-11-04 15:45:00+00:00;0.927;;
966771;unknown;control;2023-11-04 16:00:00+00:00;0.238;;
966771;unknown;control;2023-11-04 16:15:00+00:00;0.259;;
966771;unknown;control;2023-11-04 16:30:00+00:00;0.243;;
966771;unknown;control;2023-11-04 16:45:00+00:00;0.274;;
966771;unknown;control;2023-11-04 17:00:00+00:00;0.264;;
966771;unknown;control;2023-11-04 17:15:00+00:00;0.259;;
966771;unknown;control;2023-11-04 17:30:00+00:00;0.399;;
966771;unknown;control;2023-11-04 17:45:00+00:00;0.973;;
966771;unknown;control;2023-11-04 18:00:00+00:00;0.252;;
966771;unknown;control;2023-11-04 18:15:00+00:00;0.265;;
966771;unknown;control;2023-11-04 18:30:00+00:00;0.247;;
966771;unknown;control;2023-11-04 18:45:00+00:00;0.287;;
966771;unknown;control;2023-11-04 19:00:00+00:00;0.276;;
966771;unknown;control;2023-11-04 19:15:00+00:00;0.247;;
966771;unknown;control;2023-11-04 19:30:00+00:00;0.409;;
966771;unknown;control;2023-11-04 19:45:00+00:00;0.877;;
966771;unknown;control;2023-11-04 20:00:00+00:00;0.213;;
966771;unknown;control;2023-11-04 20:15:00+00:00;0.235;;
966771;unknown;control;2023-11-04 20:30:00+00:00;0.198;;
966771;unknown;control;2023-11-04 20:45:00+00:00;0.178;;
966771;unknown;control;2023-11-04 21:00:00+00:00;0.187;;
966771;unknown;control;2023-11-04 21:15:00+00:00;0.206;;
966771;unknown;control;2023-11-04 21:30:00+00:00;0.181;;
966771;unknown;control;2023-11-04 21:45:00+00:00;0.189;;
966771;unknown;control;2023-11-04 22:00:00+00:00;0.184;;
966771;unknown;control;2023-11-04 22:15:00+00:00;0.852;;
966771;unknown;control;2023-11-04 22:30:00+00:00;0.291;;
966771;unknown;control;2023-11-04 22:45:00+00:00;0.213;;
966771;unknown;control;2023-11-04 23:00:00+00:00;0.213;;
966771;unknown;control;2023-11-04 23:15:00+00:00;0.221;;
966771;unknown;control;2023-11-04 23:30:00+00:00;0.232;;
966771;unknown;control;2023-11-04 23:45:00+00:00;0.528;;
966771;unknown;control;2023-11-05 00:00:00+00:00;0.997;;
966771;unknown;control;2023-11-05 00:15:00+00:00;0.493;;
966771;unknown;control;2023-11-05 00:30:00+00:00;0.279;;
966771;unknown;control;2023-11-05 00:45:00+00:00;0.265;;
966771;unknown;control;2023-11-05 01:00:00+00:00;0.496;;
966771;unknown;control;2023-11-05 01:15:00+00:00;1.013;;
966771;unknown;control;2023-11-05 01:30:00+00:00;1.925;;
966771;unknown;control;2023-11-05 01:45:00+00:00;1.535;;
966771;unknown;control;2023-11-05 02:00:00+00:00;0.797;;
966771;unknown;control;2023-11-05 02:15:00+00:00;0.302;;
966771;unknown;control;2023-11-05 02:30:00+00:00;0.983;;
966771;unknown;control;2023-11-05 02:45:00+00:00;0.788;;
966771;unknown;control;2023-11-05 03:00:00+00:00;0.208;;
966771;unknown;control;2023-11-05 03:15:00+00:00;0.265;;
966771;unknown;control;2023-11-05 03:30:00+00:00;0.208;;
966771;unknown;control;2023-11-05 03:45:00+00:00;0.527;;
966771;unknown;control;2023-11-05 04:00:00+00:00;0.773;;
966771;unknown;control;2023-11-05 04:15:00+00:00;0.143;;
966771;unknown;control;2023-11-05 04:30:00+00:00;0.18;;
966771;unknown;control;2023-11-05 04:45:00+00:00;0.137;;
966771;unknown;control;2023-11-05 05:00:00+00:00;0.221;;
966771;unknown;control;2023-11-05 05:15:00+00:00;0.156;;
966771;unknown;control;2023-11-05 05:30:00+00:00;0.16;;
966771;unknown;control;2023-11-05 05:45:00+00:00;0.212;;
966771;unknown;control;2023-11-05 06:00:00+00:00;0.14;;
966771;unknown;control;2023-11-05 06:15:00+00:00;0.221;;
966771;unknown;control;2023-11-05 06:30:00+00:00;0.158;;
966771;unknown;control;2023-11-05 06:45:00+00:00;0.149;;
966771;unknown;control;2023-11-05 07:00:00+00:00;0.155;;
966771;unknown;control;2023-11-05 07:15:00+00:00;0.21;;
966771;unknown;control;2023-11-05 07:30:00+00:00;0.195;;
966771;unknown;control;2023-11-05 07:45:00+00:00;0.23;;
966771;unknown;control;2023-11-05 08:00:00+00:00;0.21;;
966771;unknown;control;2023-11-05 08:15:00+00:00;0.238;;
966771;unknown;control;2023-11-05 08:30:00+00:00;0.168;;
966771;unknown;control;2023-11-05 08:45:00+00:00;0.093;;
966771;unknown;control;2023-11-05 09:00:00+00:00;0.11;;
966771;unknown;control;2023-11-05 09:15:00+00:00;0.105;;
966771;unknown;control;2023-11-05 09:30:00+00:00;0.094;;
966771;unknown;control;2023-11-05 09:45:00+00:00;0.103;;
966771;unknown;control;2023-11-05 10:00:00+00:00;0.096;;
966771;unknown;control;2023-11-05 10:15:00+00:00;0.096;;
966771;unknown;control;2023-11-05 10:30:00+00:00;0.102;;
966771;unknown;control;2023-11-05 10:45:00+00:00;0.1;;
966771;unknown;control;2023-11-05 11:00:00+00:00;0.103;;
966771;unknown;control;2023-11-05 11:15:00+00:00;0.105;;
966771;unknown;control;2023-11-05 11:30:00+00:00;0.092;;
966771;unknown;control;2023-11-05 11:45:00+00:00;0.1;;
966771;unknown;control;2023-11-05 12:00:00+00:00;0.106;;
966771;unknown;control;2023-11-05 12:15:00+00:00;0.097;;
966771;unknown;control;2023-11-05 12:30:00+00:00;0.102;;
966771;unknown;control;2023-11-05 12:45:00+00:00;0.098;;
966771;unknown;control;2023-11-05 13:00:00+00:00;0.096;;
966771;unknown;control;2023-11-05 13:15:00+00:00;0.107;;
966771;unknown;control;2023-11-05 13:30:00+00:00;0.098;;
966771;unknown;control;2023-11-05 13:45:00+00:00;0.095;;
966771;unknown;control;2023-11-05 14:00:00+00:00;0.102;;
966771;unknown;control;2023-11-05 14:15:00+00:00;0.099;;
966771;unknown;control;2023-11-05 14:30:00+00:00;0.157;;
966771;unknown;control;2023-11-05 14:45:00+00:00;0.16;;
966771;unknown;control;2023-11-05 15:00:00+00:00;0.153;;
966771;unknown;control;2023-11-05 15:15:00+00:00;0.101;;
966771;unknown;control;2023-11-05 15:30:00+00:00;0.146;;
966771;unknown;control;2023-11-05 15:45:00+00:00;0.196;;
966771;unknown;control;2023-11-05 16:00:00+00:00;0.139;;
966771;unknown;control;2023-11-05 16:15:00+00:00;0.217;;
966771;unknown;control;2023-11-05 16:30:00+00:00;0.452;;
966771;unknown;control;2023-11-05 16:45:00+00:00;0.774;;
966771;unknown;control;2023-11-05 17:00:00+00:00;0.232;;
966771;unknown;control;2023-11-05 17:15:00+00:00;0.25;;
966771;unknown;control;2023-11-05 17:30:00+00:00;0.211;;
966771;unknown;control;2023-11-05 17:45:00+00:00;0.234;;
966771;unknown;control;2023-11-05 18:00:00+00:00;0.221;;
966771;unknown;control;2023-11-05 18:15:00+00:00;0.26;;
966771;unknown;control;2023-11-05 18:30:00+00:00;0.192;;
966771;unknown;control;2023-11-05 18:45:00+00:00;0.234;;
966771;unknown;control;2023-11-05 19:00:00+00:00;0.238;;
966771;unknown;control;2023-11-05 19:15:00+00:00;0.24;;
966771;unknown;control;2023-11-05 19:30:00+00:00;0.184;;
966771;unknown;control;2023-11-05 19:45:00+00:00;0.222;;
966771;unknown;control;2023-11-05 20:00:00+00:00;0.342;;
966771;unknown;control;2023-11-05 20:15:00+00:00;0.935;;
966771;unknown;control;2023-11-05 20:30:00+00:00;0.291;;
966771;unknown;control;2023-11-05 20:45:00+00:00;0.16;;
966771;unknown;control;2023-11-05 21:00:00+00:00;0.154;;
966771;unknown;control;2023-11-05 21:15:00+00:00;0.204;;
966771;unknown;control;2023-11-05 21:30:00+00:00;0.136;;
966771;unknown;control;2023-11-05 21:45:00+00:00;0.196;;
966771;unknown;control;2023-11-05 22:00:00+00:00;0.146;;
966771;unknown;control;2023-11-05 22:15:00+00:00;0.22;;
966771;unknown;control;2023-11-05 22:30:00+00:00;0.221;;
966771;unknown;control;2023-11-05 22:45:00+00:00;0.218;;
966771;unknown;control;2023-11-05 23:00:00+00:00;0.227;;
966771;unknown;control;2023-11-05 23:15:00+00:00;0.209;;
966771;unknown;control;2023-11-05 23:30:00+00:00;0.17;;
966771;unknown;control;2023-11-05 23:45:00+00:00;0.229;;
966771;unknown;control;2023-11-06 00:00:00+00:00;0.21;;
966771;unknown;control;2023-11-06 00:15:00+00:00;0.169;;
966771;unknown;control;2023-11-06 00:30:00+00:00;0.224;;
966771;unknown;control;2023-11-06 00:45:00+00:00;0.198;;
966771;unknown;control;2023-11-06 01:00:00+00:00;0.148;;
966771;unknown;control;2023-11-06 01:15:00+00:00;0.208;;
966771;unknown;control;2023-11-06 01:30:00+00:00;1.438;;
966771;unknown;control;2023-11-06 01:45:00+00:00;1.342;;
966771;unknown;control;2023-11-06 02:00:00+00:00;0.208;;
966771;unknown;control;2023-11-06 02:15:00+00:00;0.147;;
966771;unknown;control;2023-11-06 02:30:00+00:00;0.161;;
966771;unknown;control;2023-11-06 02:45:00+00:00;0.202;;
966771;unknown;control;2023-11-06 03:00:00+00:00;0.146;;
966771;unknown;control;2023-11-06 03:15:00+00:00;0.196;;
966771;unknown;control;2023-11-06 03:30:00+00:00;0.206;;
966771;unknown;control;2023-11-06 03:45:00+00:00;0.162;;
966771;unknown;control;2023-11-06 04:00:00+00:00;0.207;;
966771;unknown;control;2023-11-06 04:15:00+00:00;0.13;;
966771;unknown;control;2023-11-06 04:30:00+00:00;0.134;;
966771;unknown;control;2023-11-06 04:45:00+00:00;0.188;;
966771;unknown;control;2023-11-06 05:00:00+00:00;0.709;;
966771;unknown;control;2023-11-06 05:15:00+00:00;0.518;;
966771;unknown;control;2023-11-06 05:30:00+00:00;0.211;;
966771;unknown;control;2023-11-06 05:45:00+00:00;0.221;;
966771;unknown;control;2023-11-06 06:00:00+00:00;0.169;;
966771;unknown;control;2023-11-06 06:15:00+00:00;0.226;;
966771;unknown;control;2023-11-06 06:30:00+00:00;0.159;;
966771;unknown;control;2023-11-06 06:45:00+00:00;0.2;;
966771;unknown;control;2023-11-06 07:00:00+00:00;0.198;;
966771;unknown;control;2023-11-06 07:15:00+00:00;0.1;;
966771;unknown;control;2023-11-06 07:30:00+00:00;0.103;;
966771;unknown;control;2023-11-06 07:45:00+00:00;0.095;;
966771;unknown;control;2023-11-06 08:00:00+00:00;0.101;;
966771;unknown;control;2023-11-06 08:15:00+00:00;0.108;;
966771;unknown;control;2023-11-06 08:30:00+00:00;0.094;;
966771;unknown;control;2023-11-06 08:45:00+00:00;0.101;;
966771;unknown;control;2023-11-06 09:00:00+00:00;0.102;;
966771;unknown;control;2023-11-06 09:15:00+00:00;0.098;;
966771;unknown;control;2023-11-06 09:30:00+00:00;0.107;;
966771;unknown;control;2023-11-06 09:45:00+00:00;0.107;;
966771;unknown;control;2023-11-06 10:00:00+00:00;0.098;;
966771;unknown;control;2023-11-06 10:15:00+00:00;0.103;;
966771;unknown;control;2023-11-06 10:30:00+00:00;0.097;;
966771;unknown;control;2023-11-06 10:45:00+00:00;0.097;;
966771;unknown;control;2023-11-06 11:00:00+00:00;0.103;;
966771;unknown;control;2023-11-06 11:15:00+00:00;0.096;;
966771;unknown;control;2023-11-06 11:30:00+00:00;0.101;;
966771;unknown;control;2023-11-06 11:45:00+00:00;0.106;;
966771;unknown;control;2023-11-06 12:00:00+00:00;0.096;;
966771;unknown;control;2023-11-06 12:15:00+00:00;0.099;;
966771;unknown;control;2023-11-06 12:30:00+00:00;0.101;;
966771;unknown;control;2023-11-06 12:45:00+00:00;0.097;;
966771;unknown;control;2023-11-06 13:00:00+00:00;0.104;;
966771;unknown;control;2023-11-06 13:15:00+00:00;0.099;;
966771;unknown;control;2023-11-06 13:30:00+00:00;0.094;;
966771;unknown;control;2023-11-06 13:45:00+00:00;0.106;;
966771;unknown;control;2023-11-06 14:00:00+00:00;0.102;;
966771;unknown;control;2023-11-06 14:15:00+00:00;0.099;;
966771;unknown;control;2023-11-06 14:30:00+00:00;0.101;;
966771;unknown;control;2023-11-06 14:45:00+00:00;0.094;;
966771;unknown;control;2023-11-06 15:00:00+00:00;0.088;;
966771;unknown;control;2023-11-06 15:15:00+00:00;0.088;;
966771;unknown;control;2023-11-06 15:30:00+00:00;0.101;;
966771;unknown;control;2023-11-06 15:45:00+00:00;0.125;;
966771;unknown;control;2023-11-06 16:00:00+00:00;0.093;;
966771;unknown;control;2023-11-06 16:15:00+00:00;0.162;;
966771;unknown;control;2023-11-06 16:30:00+00:00;0.187;;
966771;unknown;control;2023-11-06 16:45:00+00:00;0.178;;
966771;unknown;control;2023-11-06 17:00:00+00:00;0.186;;
966771;unknown;control;2023-11-06 17:15:00+00:00;0.191;;
966771;unknown;control;2023-11-06 17:30:00+00:00;0.258;;
966771;unknown;control;2023-11-06 17:45:00+00:00;0.207;;
966771;unknown;control;2023-11-06 18:00:00+00:00;0.266;;
966771;unknown;control;2023-11-06 18:15:00+00:00;0.259;;
966771;unknown;control;2023-11-06 18:30:00+00:00;0.884;;
966771;unknown;control;2023-11-06 18:45:00+00:00;0.612;;
966771;unknown;control;2023-11-06 19:00:00+00:00;0.281;;
966771;unknown;control;2023-11-06 19:15:00+00:00;0.447;;
966771;unknown;control;2023-11-06 19:30:00+00:00;0.982;;
966771;unknown;control;2023-11-06 19:45:00+00:00;0.361;;
966771;unknown;control;2023-11-06 20:00:00+00:00;0.244;;
966771;unknown;control;2023-11-06 20:15:00+00:00;0.215;;
966771;unknown;control;2023-11-06 20:30:00+00:00;0.215;;
966771;unknown;control;2023-11-06 20:45:00+00:00;0.714;;
966771;unknown;control;2023-11-06 21:00:00+00:00;0.684;;
966771;unknown;control;2023-11-06 21:15:00+00:00;0.223;;
966771;unknown;control;2023-11-06 21:30:00+00:00;0.214;;
966771;unknown;control;2023-11-06 21:45:00+00:00;0.155;;
966771;unknown;control;2023-11-06 22:00:00+00:00;0.238;;
966771;unknown;control;2023-11-06 22:15:00+00:00;0.96;;
966771;unknown;control;2023-11-06 22:30:00+00:00;0.342;;
966771;unknown;control;2023-11-06 22:45:00+00:00;0.167;;
966771;unknown;control;2023-11-06 23:00:00+00:00;0.227;;
966771;unknown;control;2023-11-06 23:15:00+00:00;0.222;;
966771;unknown;control;2023-11-06 23:30:00+00:00;0.246;;
966771;unknown;control;2023-11-06 23:45:00+00:00;0.24;;
966771;unknown;control;2023-11-07 00:00:00+00:00;0.197;;
966771;unknown;control;2023-11-07 00:15:00+00:00;0.28;;
966771;unknown;control;2023-11-07 00:30:00+00:00;0.667;;
966771;unknown;control;2023-11-07 00:45:00+00:00;0.899;;
966771;unknown;control;2023-11-07 01:00:00+00:00;0.23;;
966771;unknown;control;2023-11-07 01:15:00+00:00;0.235;;
966771;unknown;control;2023-11-07 01:30:00+00:00;1.47;;
966771;unknown;control;2023-11-07 01:45:00+00:00;1.879;;
966771;unknown;control;2023-11-07 02:00:00+00:00;1.532;;
966771;unknown;control;2023-11-07 02:15:00+00:00;0.416;;
966771;unknown;control;2023-11-07 02:30:00+00:00;0.189;;
966771;unknown;control;2023-11-07 02:45:00+00:00;0.236;;
966771;unknown;control;2023-11-07 03:00:00+00:00;0.174;;
966771;unknown;control;2023-11-07 03:15:00+00:00;0.245;;
966771;unknown;control;2023-11-07 03:30:00+00:00;0.226;;
966771;unknown;control;2023-11-07 03:45:00+00:00;0.385;;
966771;unknown;control;2023-11-07 04:00:00+00:00;1.031;;
966771;unknown;control;2023-11-07 04:15:00+00:00;0.347;;
966771;unknown;control;2023-11-07 04:30:00+00:00;0.246;;
966771;unknown;control;2023-11-07 04:45:00+00:00;0.278;;
966771;unknown;control;2023-11-07 05:00:00+00:00;1.026;;
966771;unknown;control;2023-11-07 05:15:00+00:00;0.672;;
966771;unknown;control;2023-11-07 05:30:00+00:00;0.213;;
966771;unknown;control;2023-11-07 05:45:00+00:00;0.245;;
966771;unknown;control;2023-11-07 06:00:00+00:00;0.298;;
966771;unknown;control;2023-11-07 06:15:00+00:00;0.891;;
966771;unknown;control;2023-11-07 06:30:00+00:00;0.618;;
966771;unknown;control;2023-11-07 06:45:00+00:00;0.251;;
966771;unknown;control;2023-11-07 07:00:00+00:00;0.162;;
966771;unknown;control;2023-11-07 07:15:00+00:00;0.16;;
966771;unknown;control;2023-11-07 07:30:00+00:00;0.164;;
966771;unknown;control;2023-11-07 07:45:00+00:00;0.161;;
966771;unknown;control;2023-11-07 08:00:00+00:00;0.105;;
966771;unknown;control;2023-11-07 08:15:00+00:00;0.102;;
966771;unknown;control;2023-11-07 08:30:00+00:00;0.092;;
966771;unknown;control;2023-11-07 08:45:00+00:00;0.102;;
966771;unknown;control;2023-11-07 09:00:00+00:00;0.1;;
966771;unknown;control;2023-11-07 09:15:00+00:00;0.099;;
966771;unknown;control;2023-11-07 09:30:00+00:00;0.104;;
966771;unknown;control;2023-11-07 09:45:00+00:00;0.097;;
966771;unknown;control;2023-11-07 10:00:00+00:00;0.098;;
966771;unknown;control;2023-11-07 10:15:00+00:00;0.109;;
966771;unknown;control;2023-11-07 10:30:00+00:00;0.103;;
966771;unknown;control;2023-11-07 10:45:00+00:00;0.106;;
966771;unknown;control;2023-11-07 11:00:00+00:00;0.102;;
966771;unknown;control;2023-11-07 11:15:00+00:00;0.093;;
966771;unknown;control;2023-11-07 11:30:00+00:00;0.099;;
966771;unknown;control;2023-11-07 11:45:00+00:00;0.102;;
966771;unknown;control;2023-11-07 12:00:00+00:00;0.092;;
966771;unknown;control;2023-11-07 12:15:00+00:00;0.102;;
966771;unknown;control;2023-11-07 12:30:00+00:00;0.104;;
966771;unknown;control;2023-11-07 12:45:00+00:00;0.098;;
966771;unknown;control;2023-11-07 13:00:00+00:00;0.164;;
966771;unknown;control;2023-11-07 13:15:00+00:00;0.213;;
966771;unknown;control;2023-11-07 13:30:00+00:00;0.096;;
966771;unknown;control;2023-11-07 13:45:00+00:00;0.107;;
966771;unknown;control;2023-11-07 14:00:00+00:00;0.098;;
966771;unknown;control;2023-11-07 14:15:00+00:00;0.167;;
966771;unknown;control;2023-11-07 14:30:00+00:00;0.175;;
966771;unknown;control;2023-11-07 14:45:00+00:00;0.178;;
966771;unknown;control;2023-11-07 15:00:00+00:00;0.155;;
966771;unknown;control;2023-11-07 15:15:00+00:00;0.144;;
966771;unknown;control;2023-11-07 15:30:00+00:00;0.469;;
966771;unknown;control;2023-11-07 15:45:00+00:00;0.712;;
966771;unknown;control;2023-11-07 16:00:00+00:00;0.196;;
966771;unknown;control;2023-11-07 16:15:00+00:00;0.266;;
966771;unknown;control;2023-11-07 16:30:00+00:00;0.213;;
966771;unknown;control;2023-11-07 16:45:00+00:00;0.382;;
966771;unknown;control;2023-11-07 17:00:00+00:00;1.03;;
966771;unknown;control;2023-11-07 17:15:00+00:00;0.294;;
966771;unknown;control;2023-11-07 17:30:00+00:00;0.235;;
966771;unknown;control;2023-11-07 17:45:00+00:00;0.269;;
966771;unknown;control;2023-11-07 18:00:00+00:00;0.512;;
966771;unknown;control;2023-11-07 18:15:00+00:00;1.045;;
966771;unknown;control;2023-11-07 18:30:00+00:00;0.28;;
966771;unknown;control;2023-11-07 18:45:00+00:00;0.3;;
966771;unknown;control;2023-11-07 19:00:00+00:00;0.282;;
966771;unknown;control;2023-11-07 19:15:00+00:00;0.272;;
966771;unknown;control;2023-11-07 19:30:00+00:00;0.912;;
966771;unknown;control;2023-11-07 19:45:00+00:00;1.057;;
966771;unknown;control;2023-11-07 20:00:00+00:00;0.283;;
966771;unknown;control;2023-11-07 20:15:00+00:00;0.289;;
966771;unknown;control;2023-11-07 20:30:00+00:00;0.711;;
966771;unknown;control;2023-11-07 20:45:00+00:00;1.034;;
966771;unknown;control;2023-11-07 21:00:00+00:00;0.563;;
966771;unknown;control;2023-11-07 21:15:00+00:00;0.278;;
966771;unknown;control;2023-11-07 21:30:00+00:00;0.284;;
966771;unknown;control;2023-11-07 21:45:00+00:00;0.279;;
966771;unknown;control;2023-11-07 22:00:00+00:00;0.898;;
966771;unknown;control;2023-11-07 22:15:00+00:00;1.049;;
966771;unknown;control;2023-11-07 22:30:00+00:00;0.308;;
966771;unknown;control;2023-11-07 22:45:00+00:00;0.262;;
966771;unknown;control;2023-11-07 23:00:00+00:00;0.25;;
966771;unknown;control;2023-11-07 23:15:00+00:00;0.219;;
966771;unknown;control;2023-11-07 23:30:00+00:00;0.22;;
966771;unknown;control;2023-11-07 23:45:00+00:00;0.261;;
966771;unknown;control;2023-11-08 00:00:00+00:00;0.75;;
966771;unknown;control;2023-11-08 00:15:00+00:00;0.786;;
966771;unknown;control;2023-11-08 00:30:00+00:00;0.228;;
966771;unknown;control;2023-11-08 00:45:00+00:00;0.205;;
966771;unknown;control;2023-11-08 01:00:00+00:00;0.254;;
966771;unknown;control;2023-11-08 01:15:00+00:00;0.247;;
966771;unknown;control;2023-11-08 01:30:00+00:00;1.592;;
966771;unknown;control;2023-11-08 01:45:00+00:00;2.194;;
966771;unknown;control;2023-11-08 02:00:00+00:00;1.285;;
966771;unknown;control;2023-11-08 02:15:00+00:00;0.283;;
966771;unknown;control;2023-11-08 02:30:00+00:00;0.32;;
966771;unknown;control;2023-11-08 02:45:00+00:00;0.319;;
966771;unknown;control;2023-11-08 03:00:00+00:00;0.919;;
966771;unknown;control;2023-11-08 03:15:00+00:00;1.056;;
966771;unknown;control;2023-11-08 03:30:00+00:00;0.589;;
966771;unknown;control;2023-11-08 03:45:00+00:00;0.272;;
966771;unknown;control;2023-11-08 04:00:00+00:00;0.314;;
966771;unknown;control;2023-11-08 04:15:00+00:00;0.277;;
966771;unknown;control;2023-11-08 04:30:00+00:00;0.233;;
966771;unknown;control;2023-11-08 04:45:00+00:00;0.71;;
966771;unknown;control;2023-11-08 05:00:00+00:00;1.015;;
966771;unknown;control;2023-11-08 05:15:00+00:00;0.369;;
966771;unknown;control;2023-11-08 05:30:00+00:00;0.279;;
966771;unknown;control;2023-11-08 05:45:00+00:00;0.324;;
966771;unknown;control;2023-11-08 06:00:00+00:00;0.251;;
966771;unknown;control;2023-11-08 06:15:00+00:00;0.28;;
966771;unknown;control;2023-11-08 06:30:00+00:00;0.251;;
966771;unknown;control;2023-11-08 06:45:00+00:00;0.251;;
966771;unknown;control;2023-11-08 07:00:00+00:00;0.218;;
966771;unknown;control;2023-11-08 07:15:00+00:00;0.215;;
966771;unknown;control;2023-11-08 07:30:00+00:00;0.14;;
966771;unknown;control;2023-11-08 07:45:00+00:00;0.124;;
966771;unknown;control;2023-11-08 08:00:00+00:00;0.138;;
966771;unknown;control;2023-11-08 08:15:00+00:00;0.221;;
966771;unknown;control;2023-11-08 08:30:00+00:00;0.269;;
966771;unknown;control;2023-11-08 08:45:00+00:00;0.593;;
966771;unknown;control;2023-11-08 09:00:00+00:00;0.706;;
966771;unknown;control;2023-11-08 09:15:00+00:00;0.182;;
966771;unknown;control;2023-11-08 09:30:00+00:00;0.19;;
966771;unknown;control;2023-11-08 09:45:00+00:00;0.211;;
966771;unknown;control;2023-11-08 10:00:00+00:00;0.281;;
966771;unknown;control;2023-11-08 10:15:00+00:00;0.795;;
966771;unknown;control;2023-11-08 10:30:00+00:00;0.356;;
966771;unknown;control;2023-11-08 10:45:00+00:00;0.364;;
966771;unknown;control;2023-11-08 11:00:00+00:00;0.352;;
966771;unknown;control;2023-11-08 11:15:00+00:00;0.212;;
966771;unknown;control;2023-11-08 11:30:00+00:00;0.222;;
966771;unknown;control;2023-11-08 11:45:00+00:00;0.176;;
966771;unknown;control;2023-11-08 12:00:00+00:00;0.125;;
966771;unknown;control;2023-11-08 12:15:00+00:00;0.232;;
966771;unknown;control;2023-11-08 12:30:00+00:00;0.426;;
966771;unknown;control;2023-11-08 12:45:00+00:00;0.852;;
966771;unknown;control;2023-11-08 13:00:00+00:00;0.196;;
966771;unknown;control;2023-11-08 13:15:00+00:00;0.115;;
966771;unknown;control;2023-11-08 13:30:00+00:00;0.264;;
966771;unknown;control;2023-11-08 13:45:00+00:00;0.849;;
966771;unknown;control;2023-11-08 14:00:00+00:00;0.225;;
966771;unknown;control;2023-11-08 14:15:00+00:00;0.184;;
966771;unknown;control;2023-11-08 14:30:00+00:00;0.191;;
966771;unknown;control;2023-11-08 14:45:00+00:00;0.679;;
966771;unknown;control;2023-11-08 15:00:00+00:00;0.25;;
966771;unknown;control;2023-11-08 15:15:00+00:00;0.259;;
966771;unknown;control;2023-11-08 15:30:00+00:00;0.175;;
966771;unknown;control;2023-11-08 15:45:00+00:00;0.269;;
966771;unknown;control;2023-11-08 16:00:00+00:00;0.281;;
966771;unknown;control;2023-11-08 16:15:00+00:00;0.374;;
966771;unknown;control;2023-11-08 16:30:00+00:00;0.845;;
966771;unknown;control;2023-11-08 16:45:00+00:00;1.0;;
966771;unknown;control;2023-11-08 17:00:00+00:00;0.529;;
966771;unknown;control;2023-11-08 17:15:00+00:00;0.505;;
966771;unknown;control;2023-11-08 17:30:00+00:00;0.516;;
966771;unknown;control;2023-11-08 17:45:00+00:00;0.5;;
966771;unknown;control;2023-11-08 18:00:00+00:00;0.466;;
966771;unknown;control;2023-11-08 18:15:00+00:00;0.44;;
966771;unknown;control;2023-11-08 18:30:00+00:00;1.082;;
966771;unknown;control;2023-11-08 18:45:00+00:00;1.216;;
966771;unknown;control;2023-11-08 19:00:00+00:00;1.106;;
966771;unknown;control;2023-11-08 19:15:00+00:00;1.227;;
966771;unknown;control;2023-11-08 19:30:00+00:00;1.168;;
966771;unknown;control;2023-11-08 19:45:00+00:00;0.912;;
966771;unknown;control;2023-11-08 20:00:00+00:00;1.088;;
966771;unknown;control;2023-11-08 20:15:00+00:00;0.982;;
966771;unknown;control;2023-11-08 20:30:00+00:00;1.028;;
966771;unknown;control;2023-11-08 20:45:00+00:00;1.114;;
966771;unknown;control;2023-11-08 21:00:00+00:00;0.917;;
966771;unknown;control;2023-11-08 21:15:00+00:00;1.127;;
966771;unknown;control;2023-11-08 21:30:00+00:00;0.426;;
966771;unknown;control;2023-11-08 21:45:00+00:00;0.333;;
966771;unknown;control;2023-11-08 22:00:00+00:00;0.326;;
966771;unknown;control;2023-11-08 22:15:00+00:00;0.325;;
966771;unknown;control;2023-11-08 22:30:00+00:00;0.319;;
966771;unknown;control;2023-11-08 22:45:00+00:00;0.313;;
966771;unknown;control;2023-11-08 23:00:00+00:00;0.327;;
966771;unknown;control;2023-11-08 23:15:00+00:00;0.328;;
966771;unknown;control;2023-11-08 23:30:00+00:00;0.336;;
966771;unknown;control;2023-11-08 23:45:00+00:00;0.342;;
966771;unknown;control;2023-11-09 00:00:00+00:00;0.355;;
966771;unknown;control;2023-11-09 00:15:00+00:00;0.518;;
966771;unknown;control;2023-11-09 00:30:00+00:00;1.077;;
966771;unknown;control;2023-11-09 00:45:00+00:00;1.109;;
966771;unknown;control;2023-11-09 01:00:00+00:00;1.035;;
966771;unknown;control;2023-11-09 01:15:00+00:00;0.935;;
966771;unknown;control;2023-11-09 01:30:00+00:00;2.29;;
966771;unknown;control;2023-11-09 01:45:00+00:00;2.308;;
966771;unknown;control;2023-11-09 02:00:00+00:00;2.261;;
966771;unknown;control;2023-11-09 02:15:00+00:00;2.094;;
966771;unknown;control;2023-11-09 02:30:00+00:00;2.367;;
966771;unknown;control;2023-11-09 02:45:00+00:00;2.078;;
966771;unknown;control;2023-11-09 03:00:00+00:00;1.136;;
966771;unknown;control;2023-11-09 03:15:00+00:00;0.821;;
966771;unknown;control;2023-11-09 03:30:00+00:00;1.143;;
966771;unknown;control;2023-11-09 03:45:00+00:00;1.142;;
966771;unknown;control;2023-11-09 04:00:00+00:00;1.139;;
966771;unknown;control;2023-11-09 04:15:00+00:00;0.409;;
966771;unknown;control;2023-11-09 04:30:00+00:00;0.356;;
966771;unknown;control;2023-11-09 04:45:00+00:00;0.342;;
966771;unknown;control;2023-11-09 05:00:00+00:00;0.325;;
966771;unknown;control;2023-11-09 05:15:00+00:00;0.338;;
966771;unknown;control;2023-11-09 05:30:00+00:00;0.643;;
966771;unknown;control;2023-11-09 05:45:00+00:00;0.548;;
966771;unknown;control;2023-11-09 06:00:00+00:00;0.376;;
966771;unknown;control;2023-11-09 06:15:00+00:00;0.375;;
966771;unknown;control;2023-11-09 06:30:00+00:00;0.334;;
966771;unknown;control;2023-11-09 06:45:00+00:00;0.297;;
966771;unknown;control;2023-11-09 07:00:00+00:00;0.875;;
966771;unknown;control;2023-11-09 07:15:00+00:00;1.163;;
966771;unknown;control;2023-11-09 07:30:00+00:00;0.424;;
966771;unknown;control;2023-11-09 07:45:00+00:00;0.281;;
966771;unknown;control;2023-11-09 08:00:00+00:00;0.246;;
966771;unknown;control;2023-11-09 08:15:00+00:00;0.291;;
966771;unknown;control;2023-11-09 08:30:00+00:00;0.304;;
966771;unknown;control;2023-11-09 08:45:00+00:00;0.697;;
966771;unknown;control;2023-11-09 09:00:00+00:00;0.356;;
966771;unknown;control;2023-11-09 09:15:00+00:00;0.344;;
966771;unknown;control;2023-11-09 09:30:00+00:00;0.351;;
966771;unknown;control;2023-11-09 09:45:00+00:00;0.247;;
966771;unknown;control;2023-11-09 10:00:00+00:00;0.211;;
966771;unknown;control;2023-11-09 10:15:00+00:00;0.208;;
966771;unknown;control;2023-11-09 10:30:00+00:00;0.152;;
966771;unknown;control;2023-11-09 10:45:00+00:00;0.218;;
966771;unknown;control;2023-11-09 11:00:00+00:00;0.227;;
966771;unknown;control;2023-11-09 11:15:00+00:00;0.177;;
966771;unknown;control;2023-11-09 11:30:00+00:00;0.19;;
966771;unknown;control;2023-11-09 11:45:00+00:00;1.081;;
966771;unknown;control;2023-11-09 12:00:00+00:00;1.307;;
966771;unknown;control;2023-11-09 12:15:00+00:00;0.926;;
966771;unknown;control;2023-11-09 12:30:00+00:00;0.997;;
966771;unknown;control;2023-11-09 12:45:00+00:00;1.261;;
966771;unknown;control;2023-11-09 13:00:00+00:00;1.168;;
966771;unknown;control;2023-11-09 13:15:00+00:00;0.431;;
966771;unknown;control;2023-11-09 13:30:00+00:00;0.198;;
966771;unknown;control;2023-11-09 13:45:00+00:00;0.947;;
966771;unknown;control;2023-11-09 14:00:00+00:00;1.082;;
966771;unknown;control;2023-11-09 14:15:00+00:00;0.375;;
966771;unknown;control;2023-11-09 14:30:00+00:00;0.232;;
966771;unknown;control;2023-11-09 14:45:00+00:00;0.557;;
966771;unknown;control;2023-11-09 15:00:00+00:00;0.307;;
966771;unknown;control;2023-11-09 15:15:00+00:00;0.254;;
966771;unknown;control;2023-11-09 15:30:00+00:00;0.224;;
966771;unknown;control;2023-11-09 15:45:00+00:00;0.254;;
966771;unknown;control;2023-11-09 16:00:00+00:00;0.294;;
966771;unknown;control;2023-11-09 16:15:00+00:00;0.243;;
966771;unknown;control;2023-11-09 16:30:00+00:00;0.322;;
966771;unknown;control;2023-11-09 16:45:00+00:00;0.322;;
966771;unknown;control;2023-11-09 17:00:00+00:00;0.33;;
966771;unknown;control;2023-11-09 17:15:00+00:00;0.634;;
966771;unknown;control;2023-11-09 17:30:00+00:00;0.311;;
966771;unknown;control;2023-11-09 17:45:00+00:00;0.331;;
966771;unknown;control;2023-11-09 18:00:00+00:00;0.248;;
966771;unknown;control;2023-11-09 18:15:00+00:00;0.285;;
966771;unknown;control;2023-11-09 18:30:00+00:00;0.915;;
966771;unknown;control;2023-11-09 18:45:00+00:00;1.127;;
966771;unknown;control;2023-11-09 19:00:00+00:00;1.109;;
966771;unknown;control;2023-11-09 19:15:00+00:00;1.074;;
966771;unknown;control;2023-11-09 19:30:00+00:00;1.099;;
966771;unknown;control;2023-11-09 19:45:00+00:00;1.16;;
966771;unknown;control;2023-11-09 20:00:00+00:00;1.139;;
966771;unknown;control;2023-11-09 20:15:00+00:00;1.121;;
966771;unknown;control;2023-11-09 20:30:00+00:00;0.82;;
966771;unknown;control;2023-11-09 20:45:00+00:00;0.252;;
966771;unknown;control;2023-11-09 21:00:00+00:00;0.871;;
966771;unknown;control;2023-11-09 21:15:00+00:00;1.105;;
966771;unknown;control;2023-11-09 21:30:00+00:00;0.349;;
966771;unknown;control;2023-11-09 21:45:00+00:00;0.177;;
966771;unknown;control;2023-11-09 22:00:00+00:00;0.259;;
966771;unknown;control;2023-11-09 22:15:00+00:00;0.277;;
966771;unknown;control;2023-11-09 22:30:00+00:00;0.225;;
966771;unknown;control;2023-11-09 22:45:00+00:00;0.203;;
966771;unknown;control;2023-11-09 23:00:00+00:00;0.259;;
966771;unknown;control;2023-11-09 23:15:00+00:00;0.219;;
966771;unknown;control;2023-11-09 23:30:00+00:00;0.213;;
966771;unknown;control;2023-11-09 23:45:00+00:00;0.247;;
966771;unknown;control;2023-11-10 00:00:00+00:00;0.173;;
966771;unknown;control;2023-11-10 00:15:00+00:00;0.249;;
966771;unknown;control;2023-11-10 00:30:00+00:00;0.175;;
966771;unknown;control;2023-11-10 00:45:00+00:00;0.247;;
966771;unknown;control;2023-11-10 01:00:00+00:00;0.852;;
966771;unknown;control;2023-11-10 01:15:00+00:00;1.05;;
966771;unknown;control;2023-11-10 01:30:00+00:00;2.17;;
966771;unknown;control;2023-11-10 01:45:00+00:00;2.216;;
966771;unknown;control;2023-11-10 02:00:00+00:00;1.66;;
966771;unknown;control;2023-11-10 02:15:00+00:00;1.419;;
966771;unknown;control;2023-11-10 02:30:00+00:00;1.532;;
966771;unknown;control;2023-11-10 02:45:00+00:00;1.537;;
966771;unknown;control;2023-11-10 03:00:00+00:00;1.08;;
966771;unknown;control;2023-11-10 03:15:00+00:00;0.511;;
966771;unknown;control;2023-11-10 03:30:00+00:00;0.267;;
966771;unknown;control;2023-11-10 03:45:00+00:00;0.873;;
966771;unknown;control;2023-11-10 04:00:00+00:00;1.023;;
966771;unknown;control;2023-11-10 04:15:00+00:00;0.323;;
966771;unknown;control;2023-11-10 04:30:00+00:00;0.264;;
966771;unknown;control;2023-11-10 04:45:00+00:00;0.275;;
966771;unknown;control;2023-11-10 05:00:00+00:00;0.236;;
966771;unknown;control;2023-11-10 05:15:00+00:00;0.221;;
966771;unknown;control;2023-11-10 05:30:00+00:00;0.249;;
966771;unknown;control;2023-11-10 05:45:00+00:00;0.264;;
966771;unknown;control;2023-11-10 06:00:00+00:00;0.688;;
966771;unknown;control;2023-11-10 06:15:00+00:00;0.362;;
966771;unknown;control;2023-11-10 06:30:00+00:00;0.315;;
966771;unknown;control;2023-11-10 06:45:00+00:00;0.351;;
966771;unknown;control;2023-11-10 07:00:00+00:00;0.526;;
966771;unknown;control;2023-11-10 07:15:00+00:00;0.401;;
966771;unknown;control;2023-11-10 07:30:00+00:00;0.22;;
966771;unknown;control;2023-11-10 07:45:00+00:00;0.205;;
966771;unknown;control;2023-11-10 08:00:00+00:00;0.226;;
966771;unknown;control;2023-11-10 08:15:00+00:00;0.259;;
966771;unknown;control;2023-11-10 08:30:00+00:00;0.307;;
966771;unknown;control;2023-11-10 08:45:00+00:00;0.314;;
966771;unknown;control;2023-11-10 09:00:00+00:00;0.307;;
966771;unknown;control;2023-11-10 09:15:00+00:00;0.299;;
966771;unknown;control;2023-11-10 09:30:00+00:00;0.221;;
966771;unknown;control;2023-11-10 09:45:00+00:00;0.293;;
966771;unknown;control;2023-11-10 10:00:00+00:00;0.208;;
966771;unknown;control;2023-11-10 10:15:00+00:00;0.161;;
966771;unknown;control;2023-11-10 10:30:00+00:00;0.163;;
966771;unknown;control;2023-11-10 10:45:00+00:00;0.159;;
966771;unknown;control;2023-11-10 11:00:00+00:00;0.467;;
966771;unknown;control;2023-11-10 11:15:00+00:00;0.231;;
966771;unknown;control;2023-11-10 11:30:00+00:00;0.104;;
966771;unknown;control;2023-11-10 11:45:00+00:00;0.757;;
966771;unknown;control;2023-11-10 12:00:00+00:00;0.898;;
966771;unknown;control;2023-11-10 12:15:00+00:00;0.466;;
966771;unknown;control;2023-11-10 12:30:00+00:00;0.11;;
966771;unknown;control;2023-11-10 12:45:00+00:00;0.796;;
966771;unknown;control;2023-11-10 13:00:00+00:00;0.896;;
966771;unknown;control;2023-11-10 13:15:00+00:00;0.476;;
966771;unknown;control;2023-11-10 13:30:00+00:00;0.105;;
966771;unknown;control;2023-11-10 13:45:00+00:00;0.097;;
966771;unknown;control;2023-11-10 14:00:00+00:00;0.403;;
966771;unknown;control;2023-11-10 14:15:00+00:00;0.961;;
966771;unknown;control;2023-11-10 14:30:00+00:00;0.547;;
966771;unknown;control;2023-11-10 14:45:00+00:00;0.181;;
966771;unknown;control;2023-11-10 15:00:00+00:00;0.407;;
966771;unknown;control;2023-11-10 15:15:00+00:00;0.29;;
966771;unknown;control;2023-11-10 15:30:00+00:00;0.236;;
966771;unknown;control;2023-11-10 15:45:00+00:00;0.285;;
966771;unknown;control;2023-11-10 16:00:00+00:00;0.213;;
966771;unknown;control;2023-11-10 16:15:00+00:00;0.302;;
966771;unknown;control;2023-11-10 16:30:00+00:00;0.495;;
966771;unknown;control;2023-11-10 16:45:00+00:00;0.34;;
966771;unknown;control;2023-11-10 17:00:00+00:00;0.369;;
966771;unknown;control;2023-11-10 17:15:00+00:00;0.398;;
966771;unknown;control;2023-11-10 17:30:00+00:00;0.401;;
966771;unknown;control;2023-11-10 17:45:00+00:00;0.407;;
966771;unknown;control;2023-11-10 18:00:00+00:00;0.407;;
966771;unknown;control;2023-11-10 18:15:00+00:00;0.341;;
966771;unknown;control;2023-11-10 18:30:00+00:00;1.005;;
966771;unknown;control;2023-11-10 18:45:00+00:00;1.091;;
966771;unknown;control;2023-11-10 19:00:00+00:00;0.939;;
966771;unknown;control;2023-11-10 19:15:00+00:00;1.126;;
966771;unknown;control;2023-11-10 19:30:00+00:00;1.1;;
966771;unknown;control;2023-11-10 19:45:00+00:00;1.025;;
966771;unknown;control;2023-11-10 20:00:00+00:00;1.154;;
966771;unknown;control;2023-11-10 20:15:00+00:00;0.721;;
966771;unknown;control;2023-11-10 20:30:00+00:00;0.263;;
966771;unknown;control;2023-11-10 20:45:00+00:00;1.008;;
966771;unknown;control;2023-11-10 21:00:00+00:00;1.09;;
966771;unknown;control;2023-11-10 21:15:00+00:00;0.599;;
966771;unknown;control;2023-11-10 21:30:00+00:00;0.21;;
966771;unknown;control;2023-11-10 21:45:00+00:00;0.291;;
966771;unknown;control;2023-11-10 22:00:00+00:00;0.298;;
966771;unknown;control;2023-11-10 22:15:00+00:00;0.3;;
966771;unknown;control;2023-11-10 22:30:00+00:00;0.241;;
966771;unknown;control;2023-11-10 22:45:00+00:00;0.234;;
966771;unknown;control;2023-11-10 23:00:00+00:00;0.286;;
966771;unknown;control;2023-11-10 23:15:00+00:00;0.294;;
966771;unknown;control;2023-11-10 23:30:00+00:00;0.302;;
966771;unknown;control;2023-11-10 23:45:00+00:00;0.272;;
966771;unknown;control;2023-11-11 00:00:00+00:00;0.249;;
966771;unknown;control;2023-11-11 00:15:00+00:00;0.278;;
966771;unknown;control;2023-11-11 00:30:00+00:00;0.273;;
966771;unknown;control;2023-11-11 00:45:00+00:00;0.263;;
966771;unknown;control;2023-11-11 01:00:00+00:00;0.929;;
966771;unknown;control;2023-11-11 01:15:00+00:00;1.079;;
966771;unknown;control;2023-11-11 01:30:00+00:00;2.285;;
966771;unknown;control;2023-11-11 01:45:00+00:00;2.319;;
966771;unknown;control;2023-11-11 02:00:00+00:00;2.224;;
966771;unknown;control;2023-11-11 02:15:00+00:00;1.52;;
966771;unknown;control;2023-11-11 02:30:00+00:00;1.604;;
966771;unknown;control;2023-11-11 02:45:00+00:00;1.072;;
966771;unknown;control;2023-11-11 03:00:00+00:00;1.119;;
966771;unknown;control;2023-11-11 03:15:00+00:00;0.342;;
966771;unknown;control;2023-11-11 03:30:00+00:00;0.295;;
966771;unknown;control;2023-11-11 03:45:00+00:00;1.023;;
966771;unknown;control;2023-11-11 04:00:00+00:00;0.968;;
966771;unknown;control;2023-11-11 04:15:00+00:00;0.272;;
966771;unknown;control;2023-11-11 04:30:00+00:00;0.276;;
966771;unknown;control;2023-11-11 04:45:00+00:00;0.261;;
966771;unknown;control;2023-11-11 05:00:00+00:00;0.206;;
966771;unknown;control;2023-11-11 05:15:00+00:00;0.226;;
966771;unknown;control;2023-11-11 05:30:00+00:00;0.271;;
966771;unknown;control;2023-11-11 05:45:00+00:00;0.273;;
966771;unknown;control;2023-11-11 06:00:00+00:00;0.286;;
966771;unknown;control;2023-11-11 06:15:00+00:00;0.413;;
966771;unknown;control;2023-11-11 06:30:00+00:00;0.298;;
966771;unknown;control;2023-11-11 06:45:00+00:00;0.298;;
966771;unknown;control;2023-11-11 07:00:00+00:00;0.267;;
966771;unknown;control;2023-11-11 07:15:00+00:00;0.153;;
966771;unknown;control;2023-11-11 07:30:00+00:00;0.177;;
966771;unknown;control;2023-11-11 07:45:00+00:00;0.226;;
966771;unknown;control;2023-11-11 08:00:00+00:00;0.318;;
966771;unknown;control;2023-11-11 08:15:00+00:00;0.255;;
966771;unknown;control;2023-11-11 08:30:00+00:00;0.141;;
966771;unknown;control;2023-11-11 08:45:00+00:00;0.104;;
966771;unknown;control;2023-11-11 09:00:00+00:00;0.545;;
966771;unknown;control;2023-11-11 09:15:00+00:00;0.275;;
966771;unknown;control;2023-11-11 09:30:00+00:00;0.106;;
966771;unknown;control;2023-11-11 09:45:00+00:00;0.209;;
966771;unknown;control;2023-11-11 10:00:00+00:00;0.388;;
966771;unknown;control;2023-11-11 10:15:00+00:00;0.145;;
966771;unknown;control;2023-11-11 10:30:00+00:00;0.111;;
966771;unknown;control;2023-11-11 10:45:00+00:00;0.107;;
966771;unknown;control;2023-11-11 11:00:00+00:00;0.102;;
966771;unknown;control;2023-11-11 11:15:00+00:00;0.101;;
966771;unknown;control;2023-11-11 11:30:00+00:00;0.166;;
966771;unknown;control;2023-11-11 11:45:00+00:00;0.878;;
966771;unknown;control;2023-11-11 12:00:00+00:00;0.906;;
966771;unknown;control;2023-11-11 12:15:00+00:00;0.908;;
966771;unknown;control;2023-11-11 12:30:00+00:00;0.345;;
966771;unknown;control;2023-11-11 12:45:00+00:00;0.119;;
966771;unknown;control;2023-11-11 13:00:00+00:00;0.222;;
966771;unknown;control;2023-11-11 13:15:00+00:00;0.999;;
966771;unknown;control;2023-11-11 13:30:00+00:00;0.895;;
966771;unknown;control;2023-11-11 13:45:00+00:00;0.173;;
966771;unknown;control;2023-11-11 14:00:00+00:00;0.29;;
966771;unknown;control;2023-11-11 14:15:00+00:00;0.951;;
966771;unknown;control;2023-11-11 14:30:00+00:00;0.962;;
966771;unknown;control;2023-11-11 14:45:00+00:00;0.378;;
966771;unknown;control;2023-11-11 15:00:00+00:00;0.305;;
966771;unknown;control;2023-11-11 15:15:00+00:00;0.301;;
966771;unknown;control;2023-11-11 15:30:00+00:00;0.348;;
966771;unknown;control;2023-11-11 15:45:00+00:00;0.406;;
966771;unknown;control;2023-11-11 16:00:00+00:00;0.413;;
966771;unknown;control;2023-11-11 16:15:00+00:00;0.543;;
966771;unknown;control;2023-11-11 16:30:00+00:00;0.695;;
966771;unknown;control;2023-11-11 16:45:00+00:00;0.933;;
966771;unknown;control;2023-11-11 17:00:00+00:00;0.381;;
966771;unknown;control;2023-11-11 17:15:00+00:00;0.377;;
966771;unknown;control;2023-11-11 17:30:00+00:00;0.316;;
966771;unknown;control;2023-11-11 17:45:00+00:00;0.321;;
966771;unknown;control;2023-11-11 18:00:00+00:00;0.319;;
966771;unknown;control;2023-11-11 18:15:00+00:00;0.242;;
966771;unknown;control;2023-11-11 18:30:00+00:00;0.99;;
966771;unknown;control;2023-11-11 18:45:00+00:00;1.087;;
966771;unknown;control;2023-11-11 19:00:00+00:00;1.046;;
966771;unknown;control;2023-11-11 19:15:00+00:00;1.164;;
966771;unknown;control;2023-11-11 19:30:00+00:00;1.048;;
966771;unknown;control;2023-11-11 19:45:00+00:00;0.34;;
966771;unknown;control;2023-11-11 20:00:00+00:00;0.849;;
966771;unknown;control;2023-11-11 20:15:00+00:00;1.152;;
966771;unknown;control;2023-11-11 20:30:00+00:00;0.725;;
966771;unknown;control;2023-11-11 20:45:00+00:00;0.336;;
966771;unknown;control;2023-11-11 21:00:00+00:00;0.927;;
966771;unknown;control;2023-11-11 21:15:00+00:00;1.088;;
966771;unknown;control;2023-11-11 21:30:00+00:00;0.401;;
966771;unknown;control;2023-11-11 21:45:00+00:00;0.304;;
966771;unknown;control;2023-11-11 22:00:00+00:00;0.288;;
966771;unknown;control;2023-11-11 22:15:00+00:00;0.29;;
966771;unknown;control;2023-11-11 22:30:00+00:00;0.281;;
966771;unknown;control;2023-11-11 22:45:00+00:00;0.294;;
966771;unknown;control;2023-11-11 23:00:00+00:00;0.286;;
966771;unknown;control;2023-11-11 23:15:00+00:00;0.327;;
966771;unknown;control;2023-11-11 23:30:00+00:00;0.352;;
966771;unknown;control;2023-11-11 23:45:00+00:00;0.319;;
966771;unknown;control;2023-11-12 00:00:00+00:00;0.316;;
966771;unknown;control;2023-11-12 00:15:00+00:00;0.308;;
966771;unknown;control;2023-11-12 00:30:00+00:00;0.313;;
966771;unknown;control;2023-11-12 00:45:00+00:00;0.342;;
966771;unknown;control;2023-11-12 01:00:00+00:00;1.034;;
966771;unknown;control;2023-11-12 01:15:00+00:00;1.146;;
966771;unknown;control;2023-11-12 01:30:00+00:00;2.103;;
966771;unknown;control;2023-11-12 01:45:00+00:00;2.297;;
966771;unknown;control;2023-11-12 02:00:00+00:00;2.299;;
966771;unknown;control;2023-11-12 02:15:00+00:00;2.253;;
966771;unknown;control;2023-11-12 02:30:00+00:00;2.063;;
966771;unknown;control;2023-11-12 02:45:00+00:00;2.342;;
966771;unknown;control;2023-11-12 03:00:00+00:00;2.353;;
966771;unknown;control;2023-11-12 03:15:00+00:00;1.745;;
966771;unknown;control;2023-11-12 03:30:00+00:00;1.121;;
966771;unknown;control;2023-11-12 03:45:00+00:00;1.126;;
966771;unknown;control;2023-11-12 04:00:00+00:00;1.067;;
966771;unknown;control;2023-11-12 04:15:00+00:00;0.311;;
966771;unknown;control;2023-11-12 04:30:00+00:00;0.297;;
966771;unknown;control;2023-11-12 04:45:00+00:00;0.269;;
966771;unknown;control;2023-11-12 05:00:00+00:00;0.272;;
966771;unknown;control;2023-11-12 05:15:00+00:00;0.276;;
966771;unknown;control;2023-11-12 05:30:00+00:00;0.274;;
966771;unknown;control;2023-11-12 05:45:00+00:00;0.281;;
966771;unknown;control;2023-11-12 06:00:00+00:00;0.263;;
966771;unknown;control;2023-11-12 06:15:00+00:00;0.279;;
966771;unknown;control;2023-11-12 06:30:00+00:00;0.289;;
966771;unknown;control;2023-11-12 06:45:00+00:00;0.268;;
966771;unknown;control;2023-11-12 07:00:00+00:00;0.287;;
966771;unknown;control;2023-11-12 07:15:00+00:00;0.621;;
966771;unknown;control;2023-11-12 07:30:00+00:00;0.279;;
966771;unknown;control;2023-11-12 07:45:00+00:00;0.271;;
966771;unknown;control;2023-11-12 08:00:00+00:00;0.276;;
966771;unknown;control;2023-11-12 08:15:00+00:00;0.221;;
966771;unknown;control;2023-11-12 08:30:00+00:00;0.271;;
966771;unknown;control;2023-11-12 08:45:00+00:00;0.439;;
966771;unknown;control;2023-11-12 09:00:00+00:00;0.241;;
966771;unknown;control;2023-11-12 09:15:00+00:00;0.267;;
966771;unknown;control;2023-11-12 09:30:00+00:00;0.249;;
966771;unknown;control;2023-11-12 09:45:00+00:00;0.496;;
966771;unknown;control;2023-11-12 10:00:00+00:00;0.528;;
966771;unknown;control;2023-11-12 10:15:00+00:00;0.341;;
966771;unknown;control;2023-11-12 10:30:00+00:00;0.358;;
966771;unknown;control;2023-11-12 10:45:00+00:00;0.269;;
966771;unknown;control;2023-11-12 11:00:00+00:00;0.309;;
966771;unknown;control;2023-11-12 11:15:00+00:00;0.619;;
966771;unknown;control;2023-11-12 11:30:00+00:00;1.04;;
966771;unknown;control;2023-11-12 11:45:00+00:00;0.966;;
966771;unknown;control;2023-11-12 12:00:00+00:00;1.006;;
966771;unknown;control;2023-11-12 12:15:00+00:00;1.083;;
966771;unknown;control;2023-11-12 12:30:00+00:00;0.947;;
966771;unknown;control;2023-11-12 12:45:00+00:00;1.176;;
966771;unknown;control;2023-11-12 13:00:00+00:00;1.181;;
966771;unknown;control;2023-11-12 13:15:00+00:00;0.961;;
966771;unknown;control;2023-11-12 13:30:00+00:00;1.109;;
966771;unknown;control;2023-11-12 13:45:00+00:00;0.968;;
966771;unknown;control;2023-11-12 14:00:00+00:00;1.01;;
966771;unknown;control;2023-11-12 14:15:00+00:00;1.097;;
966771;unknown;control;2023-11-12 14:30:00+00:00;0.92;;
966771;unknown;control;2023-11-12 14:45:00+00:00;1.224;;
966771;unknown;control;2023-11-12 15:00:00+00:00;1.138;;
966771;unknown;control;2023-11-12 15:15:00+00:00;0.64;;
966771;unknown;control;2023-11-12 15:30:00+00:00;0.379;;
966771;unknown;control;2023-11-12 15:45:00+00:00;0.463;;
966771;unknown;control;2023-11-12 16:00:00+00:00;0.469;;
966771;unknown;control;2023-11-12 16:15:00+00:00;0.459;;
966771;unknown;control;2023-11-12 16:30:00+00:00;0.51;;
966771;unknown;control;2023-11-12 16:45:00+00:00;0.466;;
966771;unknown;control;2023-11-12 17:00:00+00:00;0.338;;
966771;unknown;control;2023-11-12 17:15:00+00:00;0.305;;
966771;unknown;control;2023-11-12 17:30:00+00:00;0.277;;
966771;unknown;control;2023-11-12 17:45:00+00:00;0.297;;
966771;unknown;control;2023-11-12 18:00:00+00:00;0.298;;
966771;unknown;control;2023-11-12 18:15:00+00:00;0.651;;
966771;unknown;control;2023-11-12 18:30:00+00:00;0.352;;
966771;unknown;control;2023-11-12 18:45:00+00:00;0.91;;
966771;unknown;control;2023-11-12 19:00:00+00:00;0.913;;
966771;unknown;control;2023-11-12 19:15:00+00:00;0.706;;
966771;unknown;control;2023-11-12 19:30:00+00:00;0.262;;
966771;unknown;control;2023-11-12 19:45:00+00:00;0.429;;
966771;unknown;control;2023-11-12 20:00:00+00:00;1.125;;
966771;unknown;control;2023-11-12 20:15:00+00:00;0.262;;
966771;unknown;control;2023-11-12 20:30:00+00:00;0.155;;
966771;unknown;control;2023-11-12 20:45:00+00:00;0.184;;
966771;unknown;control;2023-11-12 21:00:00+00:00;0.695;;
966771;unknown;control;2023-11-12 21:15:00+00:00;0.592;;
966771;unknown;control;2023-11-12 21:30:00+00:00;0.168;;
966771;unknown;control;2023-11-12 21:45:00+00:00;0.165;;
966771;unknown;control;2023-11-12 22:00:00+00:00;0.162;;
966771;unknown;control;2023-11-12 22:15:00+00:00;0.168;;
966771;unknown;control;2023-11-12 22:30:00+00:00;0.165;;
966771;unknown;control;2023-11-12 22:45:00+00:00;0.165;;
966771;unknown;control;2023-11-12 23:00:00+00:00;0.17;;
966771;unknown;control;2023-11-12 23:15:00+00:00;0.163;;
966771;unknown;control;2023-11-12 23:30:00+00:00;0.166;;
966771;unknown;control;2023-11-12 23:45:00+00:00;0.17;;
966771;unknown;control;2023-11-13 00:00:00+00:00;0.14;;
966771;unknown;control;2023-11-13 00:15:00+00:00;0.116;;
966771;unknown;control;2023-11-13 00:30:00+00:00;0.168;;
966771;unknown;control;2023-11-13 00:45:00+00:00;0.867;;
966771;unknown;control;2023-11-13 01:00:00+00:00;0.855;;
966771;unknown;control;2023-11-13 01:15:00+00:00;0.109;;
966771;unknown;control;2023-11-13 01:30:00+00:00;1.381;;
966771;unknown;control;2023-11-13 01:45:00+00:00;1.334;;
966771;unknown;control;2023-11-13 02:00:00+00:00;1.66;;
966771;unknown;control;2023-11-13 02:15:00+00:00;1.847;;
966771;unknown;control;2023-11-13 02:30:00+00:00;1.341;;
966771;unknown;control;2023-11-13 02:45:00+00:00;1.125;;
966771;unknown;control;2023-11-13 03:00:00+00:00;0.108;;
966771;unknown;control;2023-11-13 03:15:00+00:00;0.633;;
966771;unknown;control;2023-11-13 03:30:00+00:00;0.474;;
966771;unknown;control;2023-11-13 03:45:00+00:00;0.2;;
966771;unknown;control;2023-11-13 04:00:00+00:00;0.128;;
966771;unknown;control;2023-11-13 04:15:00+00:00;0.158;;
966771;unknown;control;2023-11-13 04:30:00+00:00;0.168;;
966771;unknown;control;2023-11-13 04:45:00+00:00;0.177;;
966771;unknown;control;2023-11-13 05:00:00+00:00;0.173;;
966771;unknown;control;2023-11-13 05:15:00+00:00;0.174;;
966771;unknown;control;2023-11-13 05:30:00+00:00;0.119;;
966771;unknown;control;2023-11-13 05:45:00+00:00;0.676;;
966771;unknown;control;2023-11-13 06:00:00+00:00;0.283;;
966771;unknown;control;2023-11-13 06:15:00+00:00;0.209;;
966771;unknown;control;2023-11-13 06:30:00+00:00;0.216;;
966771;unknown;control;2023-11-13 06:45:00+00:00;0.137;;
966771;unknown;control;2023-11-13 07:00:00+00:00;0.227;;
966771;unknown;control;2023-11-13 07:15:00+00:00;0.124;;
966771;unknown;control;2023-11-13 07:30:00+00:00;0.402;;
966771;unknown;control;2023-11-13 07:45:00+00:00;0.709;;
966771;unknown;control;2023-11-13 08:00:00+00:00;0.121;;
966771;unknown;control;2023-11-13 08:15:00+00:00;0.132;;
966771;unknown;control;2023-11-13 08:30:00+00:00;0.134;;
966771;unknown;control;2023-11-13 08:45:00+00:00;0.097;;
966771;unknown;control;2023-11-13 09:00:00+00:00;0.453;;
966771;unknown;control;2023-11-13 09:15:00+00:00;0.272;;
966771;unknown;control;2023-11-13 09:30:00+00:00;0.305;;
966771;unknown;control;2023-11-13 09:45:00+00:00;0.286;;
966771;unknown;control;2023-11-13 10:00:00+00:00;0.274;;
966771;unknown;control;2023-11-13 10:15:00+00:00;0.39;;
966771;unknown;control;2023-11-13 10:30:00+00:00;0.186;;
966771;unknown;control;2023-11-13 10:45:00+00:00;0.095;;
966771;unknown;control;2023-11-13 11:00:00+00:00;0.101;;
966771;unknown;control;2023-11-13 11:15:00+00:00;0.101;;
966771;unknown;control;2023-11-13 11:30:00+00:00;0.086;;
966771;unknown;control;2023-11-13 11:45:00+00:00;0.862;;
966771;unknown;control;2023-11-13 12:00:00+00:00;0.474;;
966771;unknown;control;2023-11-13 12:15:00+00:00;0.106;;
966771;unknown;control;2023-11-13 12:30:00+00:00;0.129;;
966771;unknown;control;2023-11-13 12:45:00+00:00;0.466;;
966771;unknown;control;2023-11-13 13:00:00+00:00;0.236;;
966771;unknown;control;2023-11-13 13:15:00+00:00;0.479;;
966771;unknown;control;2023-11-13 13:30:00+00:00;1.074;;
966771;unknown;control;2023-11-13 13:45:00+00:00;0.236;;
966771;unknown;control;2023-11-13 14:00:00+00:00;0.118;;
966771;unknown;control;2023-11-13 14:15:00+00:00;0.122;;
966771;unknown;control;2023-11-13 14:30:00+00:00;0.105;;
966771;unknown;control;2023-11-13 14:45:00+00:00;0.134;;
966771;unknown;control;2023-11-13 15:00:00+00:00;0.121;;
966771;unknown;control;2023-11-13 15:15:00+00:00;0.172;;
966771;unknown;control;2023-11-13 15:30:00+00:00;0.235;;
966771;unknown;control;2023-11-13 15:45:00+00:00;0.223;;
966771;unknown;control;2023-11-13 16:00:00+00:00;0.245;;
966771;unknown;control;2023-11-13 16:15:00+00:00;0.235;;
966771;unknown;control;2023-11-13 16:30:00+00:00;0.226;;
966771;unknown;control;2023-11-13 16:45:00+00:00;0.264;;
966771;unknown;control;2023-11-13 17:00:00+00:00;0.233;;
966771;unknown;control;2023-11-13 17:15:00+00:00;0.172;;
966771;unknown;control;2023-11-13 17:30:00+00:00;0.147;;
966771;unknown;control;2023-11-13 17:45:00+00:00;0.16;;
966771;unknown;control;2023-11-13 18:00:00+00:00;0.118;;
966771;unknown;control;2023-11-13 18:15:00+00:00;0.127;;
966771;unknown;control;2023-11-13 18:30:00+00:00;0.814;;
966771;unknown;control;2023-11-13 18:45:00+00:00;0.269;;
966771;unknown;control;2023-11-13 19:00:00+00:00;0.139;;
966771;unknown;control;2023-11-13 19:15:00+00:00;0.135;;
966771;unknown;control;2023-11-13 19:30:00+00:00;0.137;;
966771;unknown;control;2023-11-13 19:45:00+00:00;0.139;;
966771;unknown;control;2023-11-13 20:00:00+00:00;0.157;;
966771;unknown;control;2023-11-13 20:15:00+00:00;0.135;;
966771;unknown;control;2023-11-13 20:30:00+00:00;0.167;;
966771;unknown;control;2023-11-13 20:45:00+00:00;0.238;;
966771;unknown;control;2023-11-13 21:00:00+00:00;0.244;;
966771;unknown;control;2023-11-13 21:15:00+00:00;0.156;;
966771;unknown;control;2023-11-13 21:30:00+00:00;0.105;;
966771;unknown;control;2023-11-13 21:45:00+00:00;0.103;;
966771;unknown;control;2023-11-13 22:00:00+00:00;0.102;;
966771;unknown;control;2023-11-13 22:15:00+00:00;0.092;;
966771;unknown;control;2023-11-13 22:30:00+00:00;0.098;;
966771;unknown;control;2023-11-13 22:45:00+00:00;0.106;;
966771;unknown;control;2023-11-13 23:00:00+00:00;0.088;;
966771;unknown;control;2023-11-13 23:15:00+00:00;0.097;;
966771;unknown;control;2023-11-13 23:30:00+00:00;0.093;;
966771;unknown;control;2023-11-13 23:45:00+00:00;0.089;;
966771;unknown;control;2023-11-14 00:00:00+00:00;0.099;;
966771;unknown;control;2023-11-14 00:15:00+00:00;0.091;;
966771;unknown;control;2023-11-14 00:30:00+00:00;0.092;;
966771;unknown;control;2023-11-14 00:45:00+00:00;0.096;;
966771;unknown;control;2023-11-14 01:00:00+00:00;0.786;;
966771;unknown;control;2023-11-14 01:15:00+00:00;0.123;;
966771;unknown;control;2023-11-14 01:30:00+00:00;1.359;;
966771;unknown;control;2023-11-14 01:45:00+00:00;1.365;;
966771;unknown;control;2023-11-14 02:00:00+00:00;1.362;;
966771;unknown;control;2023-11-14 02:15:00+00:00;1.369;;
966771;unknown;control;2023-11-14 02:30:00+00:00;1.156;;
966771;unknown;control;2023-11-14 02:45:00+00:00;0.112;;
966771;unknown;control;2023-11-14 03:00:00+00:00;0.114;;
966771;unknown;control;2023-11-14 03:15:00+00:00;0.109;;
966771;unknown;control;2023-11-14 03:30:00+00:00;0.109;;
966771;unknown;control;2023-11-14 03:45:00+00:00;0.489;;
966771;unknown;control;2023-11-14 04:00:00+00:00;0.513;;
966771;unknown;control;2023-11-14 04:15:00+00:00;0.174;;
966771;unknown;control;2023-11-14 04:30:00+00:00;0.198;;
966771;unknown;control;2023-11-14 04:45:00+00:00;0.193;;
966771;unknown;control;2023-11-14 05:00:00+00:00;0.234;;
966771;unknown;control;2023-11-14 05:15:00+00:00;0.17;;
966771;unknown;control;2023-11-14 05:30:00+00:00;0.246;;
966771;unknown;control;2023-11-14 05:45:00+00:00;1.292;;
966771;unknown;control;2023-11-14 06:00:00+00:00;0.315;;
966771;unknown;control;2023-11-14 06:15:00+00:00;0.228;;
966771;unknown;control;2023-11-14 06:30:00+00:00;0.243;;
966771;unknown;control;2023-11-14 06:45:00+00:00;0.239;;
966771;unknown;control;2023-11-14 07:00:00+00:00;0.244;;
966771;unknown;control;2023-11-14 07:15:00+00:00;0.243;;
966771;unknown;control;2023-11-14 07:30:00+00:00;0.171;;
966771;unknown;control;2023-11-14 07:45:00+00:00;0.158;;
966771;unknown;control;2023-11-14 08:00:00+00:00;0.167;;
966771;unknown;control;2023-11-14 08:15:00+00:00;0.157;;
966771;unknown;control;2023-11-14 08:30:00+00:00;0.088;;
966771;unknown;control;2023-11-14 08:45:00+00:00;0.097;;
966771;unknown;control;2023-11-14 09:00:00+00:00;0.085;;
966771;unknown;control;2023-11-14 09:15:00+00:00;0.094;;
966771;unknown;control;2023-11-14 09:30:00+00:00;0.168;;
966771;unknown;control;2023-11-14 09:45:00+00:00;0.081;;
966771;unknown;control;2023-11-14 10:00:00+00:00;0.272;;
966771;unknown;control;2023-11-14 10:15:00+00:00;0.375;;
966771;unknown;control;2023-11-14 10:30:00+00:00;0.188;;
966771;unknown;control;2023-11-14 10:45:00+00:00;0.186;;
966771;unknown;control;2023-11-14 11:00:00+00:00;0.176;;
966771;unknown;control;2023-11-14 11:15:00+00:00;0.13;;
966771;unknown;control;2023-11-14 11:30:00+00:00;0.116;;
966771;unknown;control;2023-11-14 11:45:00+00:00;0.777;;
966771;unknown;control;2023-11-14 12:00:00+00:00;0.713;;
966771;unknown;control;2023-11-14 12:15:00+00:00;0.188;;
966771;unknown;control;2023-11-14 12:30:00+00:00;0.187;;
966771;unknown;control;2023-11-14 12:45:00+00:00;0.571;;
966771;unknown;control;2023-11-14 13:00:00+00:00;0.944;;
966771;unknown;control;2023-11-14 13:15:00+00:00;0.112;;
966771;unknown;control;2023-11-14 13:30:00+00:00;0.195;;
966771;unknown;control;2023-11-14 13:45:00+00:00;0.21;;
966771;unknown;control;2023-11-14 14:00:00+00:00;0.664;;
966771;unknown;control;2023-11-14 14:15:00+00:00;0.731;;
966771;unknown;control;2023-11-14 14:30:00+00:00;0.188;;
966771;unknown;control;2023-11-14 14:45:00+00:00;0.25;;
966771;unknown;control;2023-11-14 15:00:00+00:00;0.205;;
966771;unknown;control;2023-11-14 15:15:00+00:00;0.175;;
966771;unknown;control;2023-11-14 15:30:00+00:00;0.179;;
966771;unknown;control;2023-11-14 15:45:00+00:00;0.181;;
966771;unknown;control;2023-11-14 16:00:00+00:00;0.186;;
966771;unknown;control;2023-11-14 16:15:00+00:00;0.211;;
966771;unknown;control;2023-11-14 16:30:00+00:00;0.214;;
966771;unknown;control;2023-11-14 16:45:00+00:00;0.175;;
966771;unknown;control;2023-11-14 17:00:00+00:00;0.17;;
966771;unknown;control;2023-11-14 17:15:00+00:00;0.183;;
966771;unknown;control;2023-11-14 17:30:00+00:00;0.183;;
966771;unknown;control;2023-11-14 17:45:00+00:00;0.176;;
966771;unknown;control;2023-11-14 18:00:00+00:00;0.102;;
966771;unknown;control;2023-11-14 18:15:00+00:00;0.18;;
966771;unknown;control;2023-11-14 18:30:00+00:00;0.86;;
966771;unknown;control;2023-11-14 18:45:00+00:00;0.763;;
966771;unknown;control;2023-11-14 19:00:00+00:00;0.17;;
966771;unknown;control;2023-11-14 19:15:00+00:00;0.189;;
966771;unknown;control;2023-11-14 19:30:00+00:00;0.161;;
966771;unknown;control;2023-11-14 19:45:00+00:00;0.155;;
966771;unknown;control;2023-11-14 20:00:00+00:00;0.189;;
966771;unknown;control;2023-11-14 20:15:00+00:00;0.881;;
966771;unknown;control;2023-11-14 20:30:00+00:00;0.511;;
966771;unknown;control;2023-11-14 20:45:00+00:00;0.118;;
966771;unknown;control;2023-11-14 21:00:00+00:00;0.188;;
966771;unknown;control;2023-11-14 21:15:00+00:00;0.117;;
966771;unknown;control;2023-11-14 21:30:00+00:00;0.193;;
966771;unknown;control;2023-11-14 21:45:00+00:00;0.255;;
966771;unknown;control;2023-11-14 22:00:00+00:00;0.197;;
966771;unknown;control;2023-11-14 22:15:00+00:00;0.178;;
966771;unknown;control;2023-11-14 22:30:00+00:00;0.202;;
966771;unknown;control;2023-11-14 22:45:00+00:00;0.206;;
966771;unknown;control;2023-11-14 23:00:00+00:00;0.166;;
966771;unknown;control;2023-11-14 23:15:00+00:00;0.15;;
966771;unknown;control;2023-11-14 23:30:00+00:00;0.151;;
966771;unknown;control;2023-11-14 23:45:00+00:00;0.206;;
966771;unknown;control;2023-11-15 00:00:00+00:00;0.168;;
966771;unknown;control;2023-11-15 00:15:00+00:00;0.171;;
966771;unknown;control;2023-11-15 00:30:00+00:00;0.167;;
966771;unknown;control;2023-11-15 00:45:00+00:00;0.159;;
966771;unknown;control;2023-11-15 01:00:00+00:00;0.853;;
966771;unknown;control;2023-11-15 01:15:00+00:00;0.984;;
966771;unknown;control;2023-11-15 01:30:00+00:00;1.538;;
966771;unknown;control;2023-11-15 01:45:00+00:00;1.438;;
966771;unknown;control;2023-11-15 02:00:00+00:00;1.742;;
966771;unknown;control;2023-11-15 02:15:00+00:00;2.202;;
966771;unknown;control;2023-11-15 02:30:00+00:00;0.337;;
966771;unknown;control;2023-11-15 02:45:00+00:00;0.195;;
966771;unknown;control;2023-11-15 03:00:00+00:00;0.953;;
966771;unknown;control;2023-11-15 03:15:00+00:00;0.484;;
966771;unknown;control;2023-11-15 03:30:00+00:00;0.234;;
966771;unknown;control;2023-11-15 03:45:00+00:00;0.374;;
966771;unknown;control;2023-11-15 04:00:00+00:00;1.006;;
966771;unknown;control;2023-11-15 04:15:00+00:00;0.194;;
966771;unknown;control;2023-11-15 04:30:00+00:00;0.216;;
966771;unknown;control;2023-11-15 04:45:00+00:00;0.191;;
966771;unknown;control;2023-11-15 05:00:00+00:00;0.232;;
966771;unknown;control;2023-11-15 05:15:00+00:00;0.169;;
966771;unknown;control;2023-11-15 05:30:00+00:00;0.2;;
966771;unknown;control;2023-11-15 05:45:00+00:00;1.299;;
966771;unknown;control;2023-11-15 06:00:00+00:00;0.337;;
966771;unknown;control;2023-11-15 06:15:00+00:00;0.235;;
966771;unknown;control;2023-11-15 06:30:00+00:00;0.24;;
966771;unknown;control;2023-11-15 06:45:00+00:00;0.237;;
966771;unknown;control;2023-11-15 07:00:00+00:00;0.284;;
966771;unknown;control;2023-11-15 07:15:00+00:00;0.253;;
966771;unknown;control;2023-11-15 07:30:00+00:00;0.089;;
966771;unknown;control;2023-11-15 07:45:00+00:00;0.184;;
966771;unknown;control;2023-11-15 08:00:00+00:00;0.184;;
966771;unknown;control;2023-11-15 08:15:00+00:00;0.185;;
966771;unknown;control;2023-11-15 08:30:00+00:00;0.088;;
966771;unknown;control;2023-11-15 08:45:00+00:00;0.088;;
966771;unknown;control;2023-11-15 09:00:00+00:00;0.092;;
966771;unknown;control;2023-11-15 09:15:00+00:00;0.086;;
966771;unknown;control;2023-11-15 09:30:00+00:00;0.089;;
966771;unknown;control;2023-11-15 09:45:00+00:00;0.092;;
966771;unknown;control;2023-11-15 10:00:00+00:00;0.088;;
966771;unknown;control;2023-11-15 10:15:00+00:00;0.091;;
966771;unknown;control;2023-11-15 10:30:00+00:00;0.091;;
966771;unknown;control;2023-11-15 10:45:00+00:00;0.172;;
966771;unknown;control;2023-11-15 11:00:00+00:00;0.516;;
966771;unknown;control;2023-11-15 11:15:00+00:00;0.098;;
966771;unknown;control;2023-11-15 11:30:00+00:00;0.103;;
966771;unknown;control;2023-11-15 11:45:00+00:00;0.782;;
966771;unknown;control;2023-11-15 12:00:00+00:00;0.317;;
966771;unknown;control;2023-11-15 12:15:00+00:00;0.111;;
966771;unknown;control;2023-11-15 12:30:00+00:00;0.112;;
966771;unknown;control;2023-11-15 12:45:00+00:00;0.104;;
966771;unknown;control;2023-11-15 13:00:00+00:00;0.573;;
966771;unknown;control;2023-11-15 13:15:00+00:00;0.966;;
966771;unknown;control;2023-11-15 13:30:00+00:00;0.363;;
966771;unknown;control;2023-11-15 13:45:00+00:00;0.219;;
966771;unknown;control;2023-11-15 14:00:00+00:00;0.34;;
966771;unknown;control;2023-11-15 14:15:00+00:00;0.957;;
966771;unknown;control;2023-11-15 14:30:00+00:00;0.386;;
966771;unknown;control;2023-11-15 14:45:00+00:00;0.179;;
966771;unknown;control;2023-11-15 15:00:00+00:00;0.17;;
966771;unknown;control;2023-11-15 15:15:00+00:00;0.257;;
966771;unknown;control;2023-11-15 15:30:00+00:00;0.17;;
966771;unknown;control;2023-11-15 15:45:00+00:00;0.24;;
966771;unknown;control;2023-11-15 16:00:00+00:00;0.298;;
966771;unknown;control;2023-11-15 16:15:00+00:00;0.501;;
966771;unknown;control;2023-11-15 16:30:00+00:00;0.341;;
966771;unknown;control;2023-11-15 16:45:00+00:00;0.507;;
966771;unknown;control;2023-11-15 17:00:00+00:00;0.369;;
966771;unknown;control;2023-11-15 17:15:00+00:00;0.503;;
966771;unknown;control;2023-11-15 17:30:00+00:00;0.275;;
966771;unknown;control;2023-11-15 17:45:00+00:00;0.353;;
966771;unknown;control;2023-11-15 18:00:00+00:00;0.289;;
966771;unknown;control;2023-11-15 18:15:00+00:00;0.365;;
966771;unknown;control;2023-11-15 18:30:00+00:00;1.157;;
966771;unknown;control;2023-11-15 18:45:00+00:00;1.403;;
966771;unknown;control;2023-11-15 19:00:00+00:00;1.099;;
966771;unknown;control;2023-11-15 19:15:00+00:00;1.174;;
966771;unknown;control;2023-11-15 19:30:00+00:00;0.73;;
966771;unknown;control;2023-11-15 19:45:00+00:00;0.298;;
966771;unknown;control;2023-11-15 20:00:00+00:00;1.474;;
966771;unknown;control;2023-11-15 20:15:00+00:00;1.428;;
966771;unknown;control;2023-11-15 20:30:00+00:00;1.294;;
966771;unknown;control;2023-11-15 20:45:00+00:00;0.808;;
966771;unknown;control;2023-11-15 21:00:00+00:00;0.329;;
966771;unknown;control;2023-11-15 21:15:00+00:00;1.064;;
966771;unknown;control;2023-11-15 21:30:00+00:00;0.356;;
966771;unknown;control;2023-11-15 21:45:00+00:00;0.276;;
966771;unknown;control;2023-11-15 22:00:00+00:00;0.277;;
966771;unknown;control;2023-11-15 22:15:00+00:00;0.288;;
966771;unknown;control;2023-11-15 22:30:00+00:00;0.26;;
966771;unknown;control;2023-11-15 22:45:00+00:00;0.264;;
966771;unknown;control;2023-11-15 23:00:00+00:00;0.276;;
966771;unknown;control;2023-11-15 23:15:00+00:00;0.253;;
966771;unknown;control;2023-11-15 23:30:00+00:00;0.245;;
966771;unknown;control;2023-11-15 23:45:00+00:00;0.278;;
966771;unknown;control;2023-11-16 00:00:00+00:00;0.279;;
966771;unknown;control;2023-11-16 00:15:00+00:00;0.293;;
966771;unknown;control;2023-11-16 00:30:00+00:00;0.297;;
966771;unknown;control;2023-11-16 00:45:00+00:00;0.294;;
966771;unknown;control;2023-11-16 01:00:00+00:00;0.981;;
966771;unknown;control;2023-11-16 01:15:00+00:00;1.094;;
966771;unknown;control;2023-11-16 01:30:00+00:00;2.119;;
966771;unknown;control;2023-11-16 01:45:00+00:00;2.292;;
966771;unknown;control;2023-11-16 02:00:00+00:00;2.317;;
966771;unknown;control;2023-11-16 02:15:00+00:00;2.115;;
966771;unknown;control;2023-11-16 02:30:00+00:00;1.117;;
966771;unknown;control;2023-11-16 02:45:00+00:00;0.938;;
966771;unknown;control;2023-11-16 03:00:00+00:00;0.225;;
966771;unknown;control;2023-11-16 03:15:00+00:00;0.741;;
966771;unknown;control;2023-11-16 03:30:00+00:00;1.093;;
966771;unknown;control;2023-11-16 03:45:00+00:00;0.902;;
966771;unknown;control;2023-11-16 04:00:00+00:00;0.317;;
966771;unknown;control;2023-11-16 04:15:00+00:00;0.299;;
966771;unknown;control;2023-11-16 04:30:00+00:00;0.297;;
966771;unknown;control;2023-11-16 04:45:00+00:00;0.302;;
966771;unknown;control;2023-11-16 05:00:00+00:00;0.314;;
966771;unknown;control;2023-11-16 05:15:00+00:00;0.324;;
966771;unknown;control;2023-11-16 05:30:00+00:00;0.319;;
966771;unknown;control;2023-11-16 05:45:00+00:00;0.315;;
966771;unknown;control;2023-11-16 06:00:00+00:00;0.32;;
966771;unknown;control;2023-11-16 06:15:00+00:00;0.325;;
966771;unknown;control;2023-11-16 06:30:00+00:00;0.303;;
966771;unknown;control;2023-11-16 06:45:00+00:00;0.294;;
966771;unknown;control;2023-11-16 07:00:00+00:00;0.285;;
966771;unknown;control;2023-11-16 07:15:00+00:00;0.271;;
966771;unknown;control;2023-11-16 07:30:00+00:00;0.206;;
966771;unknown;control;2023-11-16 07:45:00+00:00;0.264;;
966771;unknown;control;2023-11-16 08:00:00+00:00;0.118;;
966771;unknown;control;2023-11-16 08:15:00+00:00;0.099;;
966771;unknown;control;2023-11-16 08:30:00+00:00;0.091;;
966771;unknown;control;2023-11-16 08:45:00+00:00;0.193;;
966771;unknown;control;2023-11-16 09:00:00+00:00;0.17;;
966771;unknown;control;2023-11-16 09:15:00+00:00;0.158;;
966771;unknown;control;2023-11-16 09:30:00+00:00;0.167;;
966771;unknown;control;2023-11-16 09:45:00+00:00;0.17;;
966771;unknown;control;2023-11-16 10:00:00+00:00;0.2;;
966771;unknown;control;2023-11-16 10:15:00+00:00;0.416;;
966771;unknown;control;2023-11-16 10:30:00+00:00;0.098;;
966771;unknown;control;2023-11-16 10:45:00+00:00;0.088;;
966771;unknown;control;2023-11-16 11:00:00+00:00;0.09;;
966771;unknown;control;2023-11-16 11:15:00+00:00;0.091;;
966771;unknown;control;2023-11-16 11:30:00+00:00;0.095;;
966771;unknown;control;2023-11-16 11:45:00+00:00;0.773;;
966771;unknown;control;2023-11-16 12:00:00+00:00;0.917;;
966771;unknown;control;2023-11-16 12:15:00+00:00;0.964;;
966771;unknown;control;2023-11-16 12:30:00+00:00;0.325;;
966771;unknown;control;2023-11-16 12:45:00+00:00;0.248;;
966771;unknown;control;2023-11-16 13:00:00+00:00;0.963;;
966771;unknown;control;2023-11-16 13:15:00+00:00;0.523;;
966771;unknown;control;2023-11-16 13:30:00+00:00;0.174;;
966771;unknown;control;2023-11-16 13:45:00+00:00;0.426;;
966771;unknown;control;2023-11-16 14:00:00+00:00;0.873;;
966771;unknown;control;2023-11-16 14:15:00+00:00;0.103;;
966771;unknown;control;2023-11-16 14:30:00+00:00;0.108;;
966771;unknown;control;2023-11-16 14:45:00+00:00;0.199;;
966771;unknown;control;2023-11-16 15:00:00+00:00;0.171;;
966771;unknown;control;2023-11-16 15:15:00+00:00;0.195;;
966771;unknown;control;2023-11-16 15:30:00+00:00;0.384;;
966771;unknown;control;2023-11-16 15:45:00+00:00;0.245;;
966771;unknown;control;2023-11-16 16:00:00+00:00;0.414;;
966771;unknown;control;2023-11-16 16:15:00+00:00;0.424;;
966771;unknown;control;2023-11-16 16:30:00+00:00;0.356;;
966771;unknown;control;2023-11-16 16:45:00+00:00;0.29;;
966771;unknown;control;2023-11-16 17:00:00+00:00;0.363;;
966771;unknown;control;2023-11-16 17:15:00+00:00;0.286;;
966771;unknown;control;2023-11-16 17:30:00+00:00;0.295;;
966771;unknown;control;2023-11-16 17:45:00+00:00;0.291;;
966771;unknown;control;2023-11-16 18:00:00+00:00;0.608;;
966771;unknown;control;2023-11-16 18:15:00+00:00;0.318;;
966771;unknown;control;2023-11-16 18:30:00+00:00;0.891;;
966771;unknown;control;2023-11-16 18:45:00+00:00;0.788;;
966771;unknown;control;2023-11-16 19:00:00+00:00;0.332;;
966771;unknown;control;2023-11-16 19:15:00+00:00;0.328;;
966771;unknown;control;2023-11-16 19:30:00+00:00;0.311;;
966771;unknown;control;2023-11-16 19:45:00+00:00;0.29;;
966771;unknown;control;2023-11-16 20:00:00+00:00;0.954;;
966771;unknown;control;2023-11-16 20:15:00+00:00;0.587;;
966771;unknown;control;2023-11-16 20:30:00+00:00;0.253;;
966771;unknown;control;2023-11-16 20:45:00+00:00;0.148;;
966771;unknown;control;2023-11-16 21:00:00+00:00;0.217;;
966771;unknown;control;2023-11-16 21:15:00+00:00;0.108;;
966771;unknown;control;2023-11-16 21:30:00+00:00;0.176;;
966771;unknown;control;2023-11-16 21:45:00+00:00;0.182;;
966771;unknown;control;2023-11-16 22:00:00+00:00;0.184;;
966771;unknown;control;2023-11-16 22:15:00+00:00;0.189;;
966771;unknown;control;2023-11-16 22:30:00+00:00;0.175;;
966771;unknown;control;2023-11-16 22:45:00+00:00;0.171;;
966771;unknown;control;2023-11-16 23:00:00+00:00;0.169;;
966771;unknown;control;2023-11-16 23:15:00+00:00;0.174;;
966771;unknown;control;2023-11-16 23:30:00+00:00;0.178;;
966771;unknown;control;2023-11-16 23:45:00+00:00;0.247;;
966771;unknown;control;2023-11-17 00:00:00+00:00;0.204;;
966771;unknown;control;2023-11-17 00:15:00+00:00;0.185;;
966771;unknown;control;2023-11-17 00:30:00+00:00;0.923;;
966771;unknown;control;2023-11-17 00:45:00+00:00;2.838;;
966771;unknown;control;2023-11-17 01:00:00+00:00;3.465;;
966771;unknown;control;2023-11-17 01:15:00+00:00;3.68;;
966771;unknown;control;2023-11-17 01:30:00+00:00;4.717;;
966771;unknown;control;2023-11-17 01:45:00+00:00;4.072;;
966771;unknown;control;2023-11-17 02:00:00+00:00;4.117;;
966771;unknown;control;2023-11-17 02:15:00+00:00;4.691;;
966771;unknown;control;2023-11-17 02:30:00+00:00;3.835;;
966771;unknown;control;2023-11-17 02:45:00+00:00;2.872;;
966771;unknown;control;2023-11-17 03:00:00+00:00;3.064;;
966771;unknown;control;2023-11-17 03:15:00+00:00;3.626;;
966771;unknown;control;2023-11-17 03:30:00+00:00;3.31;;
966771;unknown;control;2023-11-17 03:45:00+00:00;2.804;;
966771;unknown;control;2023-11-17 04:00:00+00:00;2.891;;
966771;unknown;control;2023-11-17 04:15:00+00:00;2.79;;
966771;unknown;control;2023-11-17 04:30:00+00:00;2.462;;
966771;unknown;control;2023-11-17 04:45:00+00:00;2.015;;
966771;unknown;control;2023-11-17 05:00:00+00:00;1.165;;
966771;unknown;control;2023-11-17 05:15:00+00:00;2.844;;
966771;unknown;control;2023-11-17 05:30:00+00:00;0.589;;
966771;unknown;control;2023-11-17 05:45:00+00:00;0.281;;
966771;unknown;control;2023-11-17 06:00:00+00:00;0.319;;
966771;unknown;control;2023-11-17 06:15:00+00:00;0.306;;
966771;unknown;control;2023-11-17 06:30:00+00:00;0.228;;
966771;unknown;control;2023-11-17 06:45:00+00:00;0.304;;
966771;unknown;control;2023-11-17 07:00:00+00:00;0.248;;
966771;unknown;control;2023-11-17 07:15:00+00:00;0.227;;
966771;unknown;control;2023-11-17 07:30:00+00:00;0.27;;
966771;unknown;control;2023-11-17 07:45:00+00:00;0.189;;
966771;unknown;control;2023-11-17 08:00:00+00:00;0.173;;
966771;unknown;control;2023-11-17 08:15:00+00:00;0.167;;
966771;unknown;control;2023-11-17 08:30:00+00:00;0.175;;
966771;unknown;control;2023-11-17 08:45:00+00:00;0.172;;
966771;unknown;control;2023-11-17 09:00:00+00:00;0.163;;
966771;unknown;control;2023-11-17 09:15:00+00:00;0.173;;
966771;unknown;control;2023-11-17 09:30:00+00:00;0.252;;
966771;unknown;control;2023-11-17 09:45:00+00:00;0.256;;
966771;unknown;control;2023-11-17 10:00:00+00:00;0.209;;
966771;unknown;control;2023-11-17 10:15:00+00:00;0.663;;
966771;unknown;control;2023-11-17 10:30:00+00:00;0.433;;
966771;unknown;control;2023-11-17 10:45:00+00:00;0.306;;
966771;unknown;control;2023-11-17 11:00:00+00:00;0.172;;
966771;unknown;control;2023-11-17 11:15:00+00:00;0.157;;
966771;unknown;control;2023-11-17 11:30:00+00:00;0.146;;
966771;unknown;control;2023-11-17 11:45:00+00:00;0.842;;
966771;unknown;control;2023-11-17 12:00:00+00:00;0.883;;
966771;unknown;control;2023-11-17 12:15:00+00:00;0.973;;
966771;unknown;control;2023-11-17 12:30:00+00:00;0.524;;
966771;unknown;control;2023-11-17 12:45:00+00:00;0.197;;
966771;unknown;control;2023-11-17 13:00:00+00:00;0.79;;
966771;unknown;control;2023-11-17 13:15:00+00:00;0.853;;
966771;unknown;control;2023-11-17 13:30:00+00:00;0.193;;
966771;unknown;control;2023-11-17 13:45:00+00:00;0.34;;
966771;unknown;control;2023-11-17 14:00:00+00:00;0.881;;
966771;unknown;control;2023-11-17 14:15:00+00:00;0.564;;
966771;unknown;control;2023-11-17 14:30:00+00:00;0.194;;
966771;unknown;control;2023-11-17 14:45:00+00:00;0.187;;
966771;unknown;control;2023-11-17 15:00:00+00:00;0.278;;
966771;unknown;control;2023-11-17 15:15:00+00:00;0.201;;
966771;unknown;control;2023-11-17 15:30:00+00:00;0.237;;
966771;unknown;control;2023-11-17 15:45:00+00:00;0.282;;
966771;unknown;control;2023-11-17 16:00:00+00:00;0.249;;
966771;unknown;control;2023-11-17 16:15:00+00:00;0.34;;
966771;unknown;control;2023-11-17 16:30:00+00:00;0.28;;
966771;unknown;control;2023-11-17 16:45:00+00:00;0.348;;
966771;unknown;control;2023-11-17 17:00:00+00:00;0.257;;
966771;unknown;control;2023-11-17 17:15:00+00:00;0.35;;
966771;unknown;control;2023-11-17 17:30:00+00:00;0.519;;
966771;unknown;control;2023-11-17 17:45:00+00:00;0.475;;
966771;unknown;control;2023-11-17 18:00:00+00:00;0.728;;
966771;unknown;control;2023-11-17 18:15:00+00:00;0.289;;
966771;unknown;control;2023-11-17 18:30:00+00:00;1.058;;
966771;unknown;control;2023-11-17 18:45:00+00:00;1.125;;
966771;unknown;control;2023-11-17 19:00:00+00:00;1.254;;
966771;unknown;control;2023-11-17 19:15:00+00:00;1.222;;
966771;unknown;control;2023-11-17 19:30:00+00:00;1.189;;
966771;unknown;control;2023-11-17 19:45:00+00:00;1.3;;
966771;unknown;control;2023-11-17 20:00:00+00:00;0.968;;
966771;unknown;control;2023-11-17 20:15:00+00:00;0.415;;
966771;unknown;control;2023-11-17 20:30:00+00:00;0.67;;
966771;unknown;control;2023-11-17 20:45:00+00:00;1.206;;
966771;unknown;control;2023-11-17 21:00:00+00:00;0.689;;
966771;unknown;control;2023-11-17 21:15:00+00:00;0.356;;
966771;unknown;control;2023-11-17 21:30:00+00:00;0.245;;
966771;unknown;control;2023-11-17 21:45:00+00:00;0.289;;
966771;unknown;control;2023-11-17 22:00:00+00:00;0.185;;
966771;unknown;control;2023-11-17 22:15:00+00:00;0.319;;
966771;unknown;control;2023-11-17 22:30:00+00:00;0.321;;
966771;unknown;control;2023-11-17 22:45:00+00:00;0.244;;
966771;unknown;control;2023-11-17 23:00:00+00:00;0.302;;
966771;unknown;control;2023-11-17 23:15:00+00:00;0.331;;
966771;unknown;control;2023-11-17 23:30:00+00:00;0.258;;
966771;unknown;control;2023-11-17 23:45:00+00:00;0.319;;
966771;unknown;control;2023-11-18 00:00:00+00:00;0.357;;
966771;unknown;control;2023-11-18 00:15:00+00:00;0.28;;
966771;unknown;control;2023-11-18 00:30:00+00:00;0.299;;
966771;unknown;control;2023-11-18 00:45:00+00:00;0.365;;
966771;unknown;control;2023-11-18 01:00:00+00:00;0.95;;
966771;unknown;control;2023-11-18 01:15:00+00:00;1.095;;
966771;unknown;control;2023-11-18 01:30:00+00:00;2.176;;
966771;unknown;control;2023-11-18 01:45:00+00:00;2.313;;
966771;unknown;control;2023-11-18 02:00:00+00:00;2.321;;
966771;unknown;control;2023-11-18 02:15:00+00:00;2.179;;
966771;unknown;control;2023-11-18 02:30:00+00:00;2.319;;
966771;unknown;control;2023-11-18 02:45:00+00:00;2.353;;
966771;unknown;control;2023-11-18 03:00:00+00:00;1.024;;
966771;unknown;control;2023-11-18 03:15:00+00:00;1.077;;
966771;unknown;control;2023-11-18 03:30:00+00:00;1.177;;
966771;unknown;control;2023-11-18 03:45:00+00:00;1.165;;
966771;unknown;control;2023-11-18 04:00:00+00:00;0.923;;
966771;unknown;control;2023-11-18 04:15:00+00:00;0.416;;
966771;unknown;control;2023-11-18 04:30:00+00:00;0.284;;
966771;unknown;control;2023-11-18 04:45:00+00:00;0.347;;
966771;unknown;control;2023-11-18 05:00:00+00:00;0.336;;
966771;unknown;control;2023-11-18 05:15:00+00:00;0.272;;
966771;unknown;control;2023-11-18 05:30:00+00:00;0.341;;
966771;unknown;control;2023-11-18 05:45:00+00:00;0.435;;
966771;unknown;control;2023-11-18 06:00:00+00:00;0.296;;
966771;unknown;control;2023-11-18 06:15:00+00:00;0.336;;
966771;unknown;control;2023-11-18 06:30:00+00:00;0.311;;
966771;unknown;control;2023-11-18 06:45:00+00:00;0.54;;
966771;unknown;control;2023-11-18 07:00:00+00:00;0.657;;
966771;unknown;control;2023-11-18 07:15:00+00:00;0.302;;
966771;unknown;control;2023-11-18 07:30:00+00:00;0.272;;
966771;unknown;control;2023-11-18 07:45:00+00:00;0.574;;
966771;unknown;control;2023-11-18 08:00:00+00:00;0.395;;
966771;unknown;control;2023-11-18 08:15:00+00:00;0.182;;
966771;unknown;control;2023-11-18 08:30:00+00:00;0.264;;
966771;unknown;control;2023-11-18 08:45:00+00:00;0.181;;
966771;unknown;control;2023-11-18 09:00:00+00:00;0.186;;
966771;unknown;control;2023-11-18 09:15:00+00:00;0.103;;
966771;unknown;control;2023-11-18 09:30:00+00:00;0.22;;
966771;unknown;control;2023-11-18 09:45:00+00:00;0.092;;
966771;unknown;control;2023-11-18 10:00:00+00:00;0.103;;
966771;unknown;control;2023-11-18 10:15:00+00:00;0.114;;
966771;unknown;control;2023-11-18 10:30:00+00:00;0.154;;
966771;unknown;control;2023-11-18 10:45:00+00:00;0.096;;
966771;unknown;control;2023-11-18 11:00:00+00:00;0.185;;
966771;unknown;control;2023-11-18 11:15:00+00:00;0.712;;
966771;unknown;control;2023-11-18 11:30:00+00:00;0.51;;
966771;unknown;control;2023-11-18 11:45:00+00:00;0.771;;
966771;unknown;control;2023-11-18 12:00:00+00:00;0.988;;
966771;unknown;control;2023-11-18 12:15:00+00:00;0.901;;
966771;unknown;control;2023-11-18 12:30:00+00:00;1.045;;
966771;unknown;control;2023-11-18 12:45:00+00:00;0.916;;
966771;unknown;control;2023-11-18 13:00:00+00:00;0.193;;
966771;unknown;control;2023-11-18 13:15:00+00:00;0.189;;
966771;unknown;control;2023-11-18 13:30:00+00:00;0.764;;
966771;unknown;control;2023-11-18 13:45:00+00:00;1.175;;
966771;unknown;control;2023-11-18 14:00:00+00:00;0.648;;
966771;unknown;control;2023-11-18 14:15:00+00:00;0.296;;
966771;unknown;control;2023-11-18 14:30:00+00:00;0.281;;
966771;unknown;control;2023-11-18 14:45:00+00:00;0.86;;
966771;unknown;control;2023-11-18 15:00:00+00:00;0.286;;
966771;unknown;control;2023-11-18 15:15:00+00:00;0.196;;
966771;unknown;control;2023-11-18 15:30:00+00:00;0.172;;
966771;unknown;control;2023-11-18 15:45:00+00:00;0.181;;
966771;unknown;control;2023-11-18 16:00:00+00:00;0.274;;
966771;unknown;control;2023-11-18 16:15:00+00:00;0.275;;
966771;unknown;control;2023-11-18 16:30:00+00:00;0.337;;
966771;unknown;control;2023-11-18 16:45:00+00:00;0.354;;
966771;unknown;control;2023-11-18 17:00:00+00:00;0.44;;
966771;unknown;control;2023-11-18 17:15:00+00:00;0.762;;
966771;unknown;control;2023-11-18 17:30:00+00:00;0.793;;
966771;unknown;control;2023-11-18 17:45:00+00:00;0.706;;
966771;unknown;control;2023-11-18 18:00:00+00:00;0.46;;
966771;unknown;control;2023-11-18 18:15:00+00:00;0.384;;
966771;unknown;control;2023-11-18 18:30:00+00:00;1.082;;
966771;unknown;control;2023-11-18 18:45:00+00:00;1.19;;
966771;unknown;control;2023-11-18 19:00:00+00:00;1.1;;
966771;unknown;control;2023-11-18 19:15:00+00:00;1.083;;
966771;unknown;control;2023-11-18 19:30:00+00:00;0.386;;
966771;unknown;control;2023-11-18 19:45:00+00:00;0.633;;
966771;unknown;control;2023-11-18 20:00:00+00:00;1.164;;
966771;unknown;control;2023-11-18 20:15:00+00:00;0.456;;
966771;unknown;control;2023-11-18 20:30:00+00:00;0.435;;
966771;unknown;control;2023-11-18 20:45:00+00:00;1.156;;
966771;unknown;control;2023-11-18 21:00:00+00:00;0.432;;
966771;unknown;control;2023-11-18 21:15:00+00:00;0.36;;
966771;unknown;control;2023-11-18 21:30:00+00:00;0.272;;
966771;unknown;control;2023-11-18 21:45:00+00:00;0.324;;
966771;unknown;control;2023-11-18 22:00:00+00:00;0.215;;
966771;unknown;control;2023-11-18 22:15:00+00:00;0.308;;
966771;unknown;control;2023-11-18 22:30:00+00:00;0.214;;
966771;unknown;control;2023-11-18 22:45:00+00:00;0.316;;
966771;unknown;control;2023-11-18 23:00:00+00:00;0.189;;
966771;unknown;control;2023-11-18 23:15:00+00:00;0.292;;
966771;unknown;control;2023-11-18 23:30:00+00:00;0.192;;
966771;unknown;control;2023-11-18 23:45:00+00:00;0.243;;
966771;unknown;control;2023-11-19 00:00:00+00:00;0.215;;
966771;unknown;control;2023-11-19 00:15:00+00:00;0.178;;
966771;unknown;control;2023-11-19 00:30:00+00:00;0.178;;
966771;unknown;control;2023-11-19 00:45:00+00:00;0.279;;
966771;unknown;control;2023-11-19 01:00:00+00:00;0.872;;
966771;unknown;control;2023-11-19 01:15:00+00:00;0.995;;
966771;unknown;control;2023-11-19 01:30:00+00:00;1.876;;
966771;unknown;control;2023-11-19 01:45:00+00:00;1.403;;
966771;unknown;control;2023-11-19 02:00:00+00:00;1.823;;
966771;unknown;control;2023-11-19 02:15:00+00:00;2.217;;
966771;unknown;control;2023-11-19 02:30:00+00:00;1.552;;
966771;unknown;control;2023-11-19 02:45:00+00:00;1.515;;
966771;unknown;control;2023-11-19 03:00:00+00:00;1.845;;
966771;unknown;control;2023-11-19 03:15:00+00:00;2.205;;
966771;unknown;control;2023-11-19 03:30:00+00:00;0.51;;
966771;unknown;control;2023-11-19 03:45:00+00:00;0.192;;
966771;unknown;control;2023-11-19 04:00:00+00:00;0.189;;
966771;unknown;control;2023-11-19 04:15:00+00:00;0.185;;
966771;unknown;control;2023-11-19 04:30:00+00:00;0.182;;
966771;unknown;control;2023-11-19 04:45:00+00:00;0.174;;
966771;unknown;control;2023-11-19 05:00:00+00:00;0.196;;
966771;unknown;control;2023-11-19 05:15:00+00:00;0.18;;
966771;unknown;control;2023-11-19 05:30:00+00:00;0.18;;
966771;unknown;control;2023-11-19 05:45:00+00:00;0.179;;
966771;unknown;control;2023-11-19 06:00:00+00:00;0.176;;
966771;unknown;control;2023-11-19 06:15:00+00:00;0.186;;
966771;unknown;control;2023-11-19 06:30:00+00:00;0.172;;
966771;unknown;control;2023-11-19 06:45:00+00:00;0.127;;
966771;unknown;control;2023-11-19 07:00:00+00:00;0.424;;
966771;unknown;control;2023-11-19 07:15:00+00:00;0.448;;
966771;unknown;control;2023-11-19 07:30:00+00:00;0.143;;
966771;unknown;control;2023-11-19 07:45:00+00:00;0.131;;
966771;unknown;control;2023-11-19 08:00:00+00:00;0.132;;
966771;unknown;control;2023-11-19 08:15:00+00:00;0.111;;
966771;unknown;control;2023-11-19 08:30:00+00:00;0.111;;
966771;unknown;control;2023-11-19 08:45:00+00:00;0.357;;
966771;unknown;control;2023-11-19 09:00:00+00:00;0.093;;
966771;unknown;control;2023-11-19 09:15:00+00:00;0.098;;
966771;unknown;control;2023-11-19 09:30:00+00:00;0.104;;
966771;unknown;control;2023-11-19 09:45:00+00:00;0.49;;
966771;unknown;control;2023-11-19 10:00:00+00:00;0.56;;
966771;unknown;control;2023-11-19 10:15:00+00:00;0.198;;
966771;unknown;control;2023-11-19 10:30:00+00:00;0.488;;
966771;unknown;control;2023-11-19 10:45:00+00:00;0.117;;
966771;unknown;control;2023-11-19 11:00:00+00:00;0.108;;
966771;unknown;control;2023-11-19 11:15:00+00:00;0.102;;
966771;unknown;control;2023-11-19 11:30:00+00:00;0.112;;
966771;unknown;control;2023-11-19 11:45:00+00:00;0.808;;
966771;unknown;control;2023-11-19 12:00:00+00:00;0.274;;
966771;unknown;control;2023-11-19 12:15:00+00:00;0.127;;
966771;unknown;control;2023-11-19 12:30:00+00:00;0.223;;
966771;unknown;control;2023-11-19 12:45:00+00:00;0.123;;
966771;unknown;control;2023-11-19 13:00:00+00:00;0.127;;
966771;unknown;control;2023-11-19 13:15:00+00:00;0.118;;
966771;unknown;control;2023-11-19 13:30:00+00:00;0.124;;
966771;unknown;control;2023-11-19 13:45:00+00:00;0.117;;
966771;unknown;control;2023-11-19 14:00:00+00:00;0.111;;
966771;unknown;control;2023-11-19 14:15:00+00:00;0.129;;
966771;unknown;control;2023-11-19 14:30:00+00:00;0.115;;
966771;unknown;control;2023-11-19 14:45:00+00:00;0.108;;
966771;unknown;control;2023-11-19 15:00:00+00:00;0.29;;
966771;unknown;control;2023-11-19 15:15:00+00:00;0.881;;
966771;unknown;control;2023-11-19 15:30:00+00:00;0.246;;
966771;unknown;control;2023-11-19 15:45:00+00:00;0.194;;
966771;unknown;control;2023-11-19 16:00:00+00:00;0.5;;
966771;unknown;control;2023-11-19 16:15:00+00:00;0.355;;
966771;unknown;control;2023-11-19 16:30:00+00:00;0.626;;
966771;unknown;control;2023-11-19 16:45:00+00:00;0.471;;
966771;unknown;control;2023-11-19 17:00:00+00:00;0.29;;
966771;unknown;control;2023-11-19 17:15:00+00:00;0.258;;
966771;unknown;control;2023-11-19 17:30:00+00:00;0.229;;
966771;unknown;control;2023-11-19 17:45:00+00:00;0.154;;
966771;unknown;control;2023-11-19 18:00:00+00:00;0.351;;
966771;unknown;control;2023-11-19 18:15:00+00:00;0.178;;
966771;unknown;control;2023-11-19 18:30:00+00:00;0.19;;
966771;unknown;control;2023-11-19 18:45:00+00:00;0.889;;
966771;unknown;control;2023-11-19 19:00:00+00:00;0.649;;
966771;unknown;control;2023-11-19 19:15:00+00:00;0.186;;
966771;unknown;control;2023-11-19 19:30:00+00:00;0.254;;
966771;unknown;control;2023-11-19 19:45:00+00:00;0.716;;
966771;unknown;control;2023-11-19 20:00:00+00:00;0.697;;
966771;unknown;control;2023-11-19 20:15:00+00:00;0.22;;
966771;unknown;control;2023-11-19 20:30:00+00:00;0.206;;
966771;unknown;control;2023-11-19 20:45:00+00:00;0.687;;
966771;unknown;control;2023-11-19 21:00:00+00:00;0.877;;
966771;unknown;control;2023-11-19 21:15:00+00:00;0.185;;
966771;unknown;control;2023-11-19 21:30:00+00:00;0.183;;
966771;unknown;control;2023-11-19 21:45:00+00:00;0.168;;
966771;unknown;control;2023-11-19 22:00:00+00:00;0.168;;
966771;unknown;control;2023-11-19 22:15:00+00:00;0.172;;
966771;unknown;control;2023-11-19 22:30:00+00:00;0.169;;
966771;unknown;control;2023-11-19 22:45:00+00:00;0.106;;
966771;unknown;control;2023-11-19 23:00:00+00:00;0.173;;
966771;unknown;control;2023-11-19 23:15:00+00:00;0.165;;
966771;unknown;control;2023-11-19 23:30:00+00:00;0.178;;
966771;unknown;control;2023-11-19 23:45:00+00:00;0.182;;
966771;unknown;control;2023-11-20 00:00:00+00:00;0.167;;
966771;unknown;control;2023-11-20 00:15:00+00:00;0.092;;
966771;unknown;control;2023-11-20 00:30:00+00:00;0.184;;
966771;unknown;control;2023-11-20 00:45:00+00:00;0.863;;
966771;unknown;control;2023-11-20 01:00:00+00:00;0.999;;
966771;unknown;control;2023-11-20 01:15:00+00:00;0.233;;
966771;unknown;control;2023-11-20 01:30:00+00:00;1.451;;
966771;unknown;control;2023-11-20 01:45:00+00:00;2.128;;
966771;unknown;control;2023-11-20 02:00:00+00:00;2.222;;
966771;unknown;control;2023-11-20 02:15:00+00:00;1.654;;
966771;unknown;control;2023-11-20 02:30:00+00:00;1.544;;
966771;unknown;control;2023-11-20 02:45:00+00:00;1.928;;
966771;unknown;control;2023-11-20 03:00:00+00:00;1.612;;
966771;unknown;control;2023-11-20 03:15:00+00:00;0.288;;
966771;unknown;control;2023-11-20 03:30:00+00:00;0.194;;
966771;unknown;control;2023-11-20 03:45:00+00:00;0.604;;
966771;unknown;control;2023-11-20 04:00:00+00:00;1.085;;
966771;unknown;control;2023-11-20 04:15:00+00:00;0.242;;
966771;unknown;control;2023-11-20 04:30:00+00:00;0.206;;
966771;unknown;control;2023-11-20 04:45:00+00:00;0.251;;
966771;unknown;control;2023-11-20 05:00:00+00:00;0.181;;
966771;unknown;control;2023-11-20 05:15:00+00:00;0.186;;
966771;unknown;control;2023-11-20 05:30:00+00:00;0.285;;
966771;unknown;control;2023-11-20 05:45:00+00:00;1.337;;
966771;unknown;control;2023-11-20 06:00:00+00:00;0.377;;
966771;unknown;control;2023-11-20 06:15:00+00:00;0.24;;
966771;unknown;control;2023-11-20 06:30:00+00:00;0.195;;
966771;unknown;control;2023-11-20 06:45:00+00:00;0.646;;
966771;unknown;control;2023-11-20 07:00:00+00:00;0.255;;
966771;unknown;control;2023-11-20 07:15:00+00:00;0.212;;
966771;unknown;control;2023-11-20 07:30:00+00:00;0.212;;
966771;unknown;control;2023-11-20 07:45:00+00:00;0.21;;
966771;unknown;control;2023-11-20 08:00:00+00:00;0.087;;
966771;unknown;control;2023-11-20 08:15:00+00:00;0.091;;
966771;unknown;control;2023-11-20 08:30:00+00:00;0.171;;
966771;unknown;control;2023-11-20 08:45:00+00:00;0.19;;
966771;unknown;control;2023-11-20 09:00:00+00:00;0.126;;
966771;unknown;control;2023-11-20 09:15:00+00:00;0.482;;
966771;unknown;control;2023-11-20 09:30:00+00:00;0.806;;
966771;unknown;control;2023-11-20 09:45:00+00:00;0.171;;
966771;unknown;control;2023-11-20 10:00:00+00:00;0.235;;
966771;unknown;control;2023-11-20 10:15:00+00:00;0.367;;
966771;unknown;control;2023-11-20 10:30:00+00:00;0.254;;
966771;unknown;control;2023-11-20 10:45:00+00:00;0.168;;
966771;unknown;control;2023-11-20 11:00:00+00:00;0.091;;
966771;unknown;control;2023-11-20 11:15:00+00:00;0.14;;
966771;unknown;control;2023-11-20 11:30:00+00:00;0.083;;
966771;unknown;control;2023-11-20 11:45:00+00:00;0.663;;
966771;unknown;control;2023-11-20 12:00:00+00:00;0.104;;
966771;unknown;control;2023-11-20 12:15:00+00:00;0.162;;
966771;unknown;control;2023-11-20 12:30:00+00:00;0.257;;
966771;unknown;control;2023-11-20 12:45:00+00:00;0.281;;
966771;unknown;control;2023-11-20 13:00:00+00:00;0.295;;
966771;unknown;control;2023-11-20 13:15:00+00:00;0.301;;
966771;unknown;control;2023-11-20 13:30:00+00:00;0.287;;
966771;unknown;control;2023-11-20 13:45:00+00:00;0.162;;
966771;unknown;control;2023-11-20 14:00:00+00:00;0.213;;
966771;unknown;control;2023-11-20 14:15:00+00:00;0.136;;
966771;unknown;control;2023-11-20 14:30:00+00:00;0.126;;
966771;unknown;control;2023-11-20 14:45:00+00:00;0.14;;
966771;unknown;control;2023-11-20 15:00:00+00:00;0.177;;
966771;unknown;control;2023-11-20 15:15:00+00:00;0.181;;
966771;unknown;control;2023-11-20 15:30:00+00:00;0.183;;
966771;unknown;control;2023-11-20 15:45:00+00:00;0.257;;
966771;unknown;control;2023-11-20 16:00:00+00:00;0.347;;
966771;unknown;control;2023-11-20 16:15:00+00:00;0.317;;
966771;unknown;control;2023-11-20 16:30:00+00:00;0.298;;
966771;unknown;control;2023-11-20 16:45:00+00:00;0.333;;
966771;unknown;control;2023-11-20 17:00:00+00:00;0.291;;
966771;unknown;control;2023-11-20 17:15:00+00:00;0.433;;
966771;unknown;control;2023-11-20 17:30:00+00:00;0.333;;
966771;unknown;control;2023-11-20 17:45:00+00:00;0.383;;
966771;unknown;control;2023-11-20 18:00:00+00:00;0.358;;
966771;unknown;control;2023-11-20 18:15:00+00:00;0.337;;
966771;unknown;control;2023-11-20 18:30:00+00:00;1.065;;
966771;unknown;control;2023-11-20 18:45:00+00:00;1.228;;
966771;unknown;control;2023-11-20 19:00:00+00:00;1.113;;
966771;unknown;control;2023-11-20 19:15:00+00:00;1.206;;
966771;unknown;control;2023-11-20 19:30:00+00:00;1.13;;
966771;unknown;control;2023-11-20 19:45:00+00:00;1.128;;
966771;unknown;control;2023-11-20 20:00:00+00:00;0.383;;
966771;unknown;control;2023-11-20 20:15:00+00:00;0.341;;
966771;unknown;control;2023-11-20 20:30:00+00:00;1.023;;
966771;unknown;control;2023-11-20 20:45:00+00:00;0.347;;
966771;unknown;control;2023-11-20 21:00:00+00:00;0.264;;
966771;unknown;control;2023-11-20 21:15:00+00:00;0.253;;
966771;unknown;control;2023-11-20 21:30:00+00:00;0.178;;
966771;unknown;control;2023-11-20 21:45:00+00:00;0.201;;
966771;unknown;control;2023-11-20 22:00:00+00:00;0.275;;
966771;unknown;control;2023-11-20 22:15:00+00:00;0.178;;
966771;unknown;control;2023-11-20 22:30:00+00:00;0.181;;
966771;unknown;control;2023-11-20 22:45:00+00:00;0.188;;
966771;unknown;control;2023-11-20 23:00:00+00:00;0.259;;
966771;unknown;control;2023-11-20 23:15:00+00:00;0.196;;
966771;unknown;control;2023-11-20 23:30:00+00:00;0.181;;
966771;unknown;control;2023-11-20 23:45:00+00:00;0.205;;
966771;unknown;control;2023-11-21 00:00:00+00:00;0.238;;
966771;unknown;control;2023-11-21 00:15:00+00:00;0.177;;
966771;unknown;control;2023-11-21 00:30:00+00:00;0.175;;
966771;unknown;control;2023-11-21 00:45:00+00:00;0.279;;
966771;unknown;control;2023-11-21 01:00:00+00:00;0.873;;
966771;unknown;control;2023-11-21 01:15:00+00:00;1.083;;
966771;unknown;control;2023-11-21 01:30:00+00:00;1.565;;
966771;unknown;control;2023-11-21 01:45:00+00:00;1.508;;
966771;unknown;control;2023-11-21 02:00:00+00:00;1.868;;
966771;unknown;control;2023-11-21 02:15:00+00:00;2.171;;
966771;unknown;control;2023-11-21 02:30:00+00:00;1.432;;
966771;unknown;control;2023-11-21 02:45:00+00:00;0.931;;
966771;unknown;control;2023-11-21 03:00:00+00:00;0.57;;
966771;unknown;control;2023-11-21 03:15:00+00:00;1.014;;
966771;unknown;control;2023-11-21 03:30:00+00:00;0.195;;
966771;unknown;control;2023-11-21 03:45:00+00:00;0.277;;
966771;unknown;control;2023-11-21 04:00:00+00:00;0.22;;
966771;unknown;control;2023-11-21 04:15:00+00:00;0.202;;
966771;unknown;control;2023-11-21 04:30:00+00:00;0.256;;
966771;unknown;control;2023-11-21 04:45:00+00:00;0.178;;
966771;unknown;control;2023-11-21 05:00:00+00:00;0.596;;
966771;unknown;control;2023-11-21 05:15:00+00:00;0.221;;
966771;unknown;control;2023-11-21 05:30:00+00:00;0.311;;
966771;unknown;control;2023-11-21 05:45:00+00:00;0.872;;
966771;unknown;control;2023-11-21 06:00:00+00:00;0.277;;
966771;unknown;control;2023-11-21 06:15:00+00:00;0.253;;
966771;unknown;control;2023-11-21 06:30:00+00:00;0.286;;
966771;unknown;control;2023-11-21 06:45:00+00:00;0.237;;
966771;unknown;control;2023-11-21 07:00:00+00:00;0.244;;
966771;unknown;control;2023-11-21 07:15:00+00:00;0.186;;
966771;unknown;control;2023-11-21 07:30:00+00:00;0.167;;
966771;unknown;control;2023-11-21 07:45:00+00:00;0.141;;
966771;unknown;control;2023-11-21 08:00:00+00:00;0.109;;
966771;unknown;control;2023-11-21 08:15:00+00:00;0.144;;
966771;unknown;control;2023-11-21 08:30:00+00:00;0.104;;
966771;unknown;control;2023-11-21 08:45:00+00:00;0.165;;
966771;unknown;control;2023-11-21 09:00:00+00:00;0.168;;
966771;unknown;control;2023-11-21 09:15:00+00:00;0.086;;
966771;unknown;control;2023-11-21 09:30:00+00:00;0.089;;
966771;unknown;control;2023-11-21 09:45:00+00:00;0.082;;
966771;unknown;control;2023-11-21 10:00:00+00:00;0.088;;
966771;unknown;control;2023-11-21 10:15:00+00:00;0.097;;
966771;unknown;control;2023-11-21 10:30:00+00:00;0.087;;
966771;unknown;control;2023-11-21 10:45:00+00:00;0.158;;
966771;unknown;control;2023-11-21 11:00:00+00:00;0.489;;
966771;unknown;control;2023-11-21 11:15:00+00:00;0.097;;
966771;unknown;control;2023-11-21 11:30:00+00:00;0.103;;
966771;unknown;control;2023-11-21 11:45:00+00:00;0.78;;
966771;unknown;control;2023-11-21 12:00:00+00:00;0.429;;
966771;unknown;control;2023-11-21 12:15:00+00:00;0.192;;
966771;unknown;control;2023-11-21 12:30:00+00:00;0.111;;
966771;unknown;control;2023-11-21 12:45:00+00:00;0.099;;
966771;unknown;control;2023-11-21 13:00:00+00:00;0.107;;
966771;unknown;control;2023-11-21 13:15:00+00:00;0.112;;
966771;unknown;control;2023-11-21 13:30:00+00:00;0.412;;
966771;unknown;control;2023-11-21 13:45:00+00:00;0.877;;
966771;unknown;control;2023-11-21 14:00:00+00:00;0.288;;
966771;unknown;control;2023-11-21 14:15:00+00:00;0.114;;
966771;unknown;control;2023-11-21 14:30:00+00:00;0.197;;
966771;unknown;control;2023-11-21 14:45:00+00:00;0.221;;
966771;unknown;control;2023-11-21 15:00:00+00:00;0.429;;
966771;unknown;control;2023-11-21 15:15:00+00:00;0.38;;
966771;unknown;control;2023-11-21 15:30:00+00:00;0.303;;
966771;unknown;control;2023-11-21 15:45:00+00:00;0.549;;
966771;unknown;control;2023-11-21 16:00:00+00:00;0.375;;
966771;unknown;control;2023-11-21 16:15:00+00:00;0.427;;
966771;unknown;control;2023-11-21 16:30:00+00:00;0.276;;
966771;unknown;control;2023-11-21 16:45:00+00:00;0.258;;
966771;unknown;control;2023-11-21 17:00:00+00:00;0.248;;
966771;unknown;control;2023-11-21 17:15:00+00:00;0.285;;
966771;unknown;control;2023-11-21 17:30:00+00:00;0.661;;
966771;unknown;control;2023-11-21 17:45:00+00:00;0.353;;
966771;unknown;control;2023-11-21 18:00:00+00:00;0.311;;
966771;unknown;control;2023-11-21 18:15:00+00:00;0.278;;
966771;unknown;control;2023-11-21 18:30:00+00:00;1.369;;
966771;unknown;control;2023-11-21 18:45:00+00:00;1.307;;
966771;unknown;control;2023-11-21 19:00:00+00:00;1.078;;
966771;unknown;control;2023-11-21 19:15:00+00:00;0.399;;
966771;unknown;control;2023-11-21 19:30:00+00:00;0.784;;
966771;unknown;control;2023-11-21 19:45:00+00:00;1.145;;
966771;unknown;control;2023-11-21 20:00:00+00:00;0.545;;
966771;unknown;control;2023-11-21 20:15:00+00:00;0.256;;
966771;unknown;control;2023-11-21 20:30:00+00:00;0.712;;
966771;unknown;control;2023-11-21 20:45:00+00:00;0.825;;
966771;unknown;control;2023-11-21 21:00:00+00:00;0.259;;
966771;unknown;control;2023-11-21 21:15:00+00:00;0.318;;
966771;unknown;control;2023-11-21 21:30:00+00:00;0.247;;
966771;unknown;control;2023-11-21 21:45:00+00:00;0.193;;
966771;unknown;control;2023-11-21 22:00:00+00:00;0.275;;
966771;unknown;control;2023-11-21 22:15:00+00:00;0.2;;
966771;unknown;control;2023-11-21 22:30:00+00:00;0.196;;
966771;unknown;control;2023-11-21 22:45:00+00:00;0.191;;
966771;unknown;control;2023-11-21 23:00:00+00:00;0.271;;
966771;unknown;control;2023-11-21 23:15:00+00:00;0.201;;
966771;unknown;control;2023-11-21 23:30:00+00:00;0.197;;
966771;unknown;control;2023-11-21 23:45:00+00:00;0.25;;
966771;unknown;control;2023-11-22 00:00:00+00:00;0.215;;
966771;unknown;control;2023-11-22 00:15:00+00:00;0.188;;
966771;unknown;control;2023-11-22 00:30:00+00:00;0.242;;
966771;unknown;control;2023-11-22 00:45:00+00:00;0.227;;
966771;unknown;control;2023-11-22 01:00:00+00:00;0.88;;
966771;unknown;control;2023-11-22 01:15:00+00:00;1.041;;
966771;unknown;control;2023-11-22 01:30:00+00:00;1.7;;
966771;unknown;control;2023-11-22 01:45:00+00:00;1.475;;
966771;unknown;control;2023-11-22 02:00:00+00:00;1.845;;
966771;unknown;control;2023-11-22 02:15:00+00:00;2.176;;
966771;unknown;control;2023-11-22 02:30:00+00:00;1.502;;
966771;unknown;control;2023-11-22 02:45:00+00:00;0.386;;
966771;unknown;control;2023-11-22 03:00:00+00:00;0.68;;
966771;unknown;control;2023-11-22 03:15:00+00:00;1.103;;
966771;unknown;control;2023-11-22 03:30:00+00:00;0.656;;
966771;unknown;control;2023-11-22 03:45:00+00:00;0.283;;
966771;unknown;control;2023-11-22 04:00:00+00:00;0.189;;
966771;unknown;control;2023-11-22 04:15:00+00:00;0.225;;
966771;unknown;control;2023-11-22 04:30:00+00:00;0.225;;
966771;unknown;control;2023-11-22 04:45:00+00:00;0.171;;
966771;unknown;control;2023-11-22 05:00:00+00:00;0.271;;
966771;unknown;control;2023-11-22 05:15:00+00:00;0.174;;
966771;unknown;control;2023-11-22 05:30:00+00:00;0.203;;
966771;unknown;control;2023-11-22 05:45:00+00:00;0.24;;
966771;unknown;control;2023-11-22 06:00:00+00:00;0.208;;
966771;unknown;control;2023-11-22 06:15:00+00:00;0.268;;
966771;unknown;control;2023-11-22 06:30:00+00:00;0.256;;
966771;unknown;control;2023-11-22 06:45:00+00:00;0.371;;
966771;unknown;control;2023-11-22 07:00:00+00:00;0.355;;
966771;unknown;control;2023-11-22 07:15:00+00:00;0.239;;
966771;unknown;control;2023-11-22 07:30:00+00:00;0.411;;
966771;unknown;control;2023-11-22 07:45:00+00:00;0.3;;
966771;unknown;control;2023-11-22 08:00:00+00:00;0.273;;
966771;unknown;control;2023-11-22 08:15:00+00:00;0.321;;
966771;unknown;control;2023-11-22 08:30:00+00:00;0.218;;
966771;unknown;control;2023-11-22 08:45:00+00:00;0.316;;
966771;unknown;control;2023-11-22 09:00:00+00:00;0.251;;
966771;unknown;control;2023-11-22 09:15:00+00:00;0.293;;
966771;unknown;control;2023-11-22 09:30:00+00:00;0.284;;
966771;unknown;control;2023-11-22 09:45:00+00:00;0.211;;
966771;unknown;control;2023-11-22 10:00:00+00:00;0.197;;
966771;unknown;control;2023-11-22 10:15:00+00:00;0.437;;
966771;unknown;control;2023-11-22 10:30:00+00:00;1.194;;
966771;unknown;control;2023-11-22 10:45:00+00:00;0.991;;
966771;unknown;control;2023-11-22 11:00:00+00:00;0.24;;
966771;unknown;control;2023-11-22 11:15:00+00:00;0.288;;
966771;unknown;control;2023-11-22 11:30:00+00:00;0.239;;
966771;unknown;control;2023-11-22 11:45:00+00:00;0.852;;
966771;unknown;control;2023-11-22 12:00:00+00:00;1.039;;
966771;unknown;control;2023-11-22 12:15:00+00:00;0.837;;
966771;unknown;control;2023-11-22 12:30:00+00:00;1.058;;
966771;unknown;control;2023-11-22 12:45:00+00:00;0.995;;
966771;unknown;control;2023-11-22 13:00:00+00:00;0.938;;
966771;unknown;control;2023-11-22 13:15:00+00:00;1.067;;
966771;unknown;control;2023-11-22 13:30:00+00:00;0.902;;
966771;unknown;control;2023-11-22 13:45:00+00:00;1.086;;
966771;unknown;control;2023-11-22 14:00:00+00:00;0.954;;
966771;unknown;control;2023-11-22 14:15:00+00:00;1.031;;
966771;unknown;control;2023-11-22 14:30:00+00:00;1.065;;
966771;unknown;control;2023-11-22 14:45:00+00:00;1.09;;
966771;unknown;control;2023-11-22 15:00:00+00:00;0.466;;
966771;unknown;control;2023-11-22 15:15:00+00:00;0.312;;
966771;unknown;control;2023-11-22 15:30:00+00:00;0.278;;
966771;unknown;control;2023-11-22 15:45:00+00:00;0.314;;
966771;unknown;control;2023-11-22 16:00:00+00:00;0.4;;
966771;unknown;control;2023-11-22 16:15:00+00:00;0.412;;
966771;unknown;control;2023-11-22 16:30:00+00:00;0.407;;
966771;unknown;control;2023-11-22 16:45:00+00:00;0.437;;
966771;unknown;control;2023-11-22 17:00:00+00:00;0.571;;
966771;unknown;control;2023-11-22 17:15:00+00:00;0.449;;
966771;unknown;control;2023-11-22 17:30:00+00:00;0.408;;
966771;unknown;control;2023-11-22 17:45:00+00:00;0.397;;
966771;unknown;control;2023-11-22 18:00:00+00:00;0.39;;
966771;unknown;control;2023-11-22 18:15:00+00:00;0.412;;
966771;unknown;control;2023-11-22 18:30:00+00:00;1.042;;
966771;unknown;control;2023-11-22 18:45:00+00:00;1.168;;
966771;unknown;control;2023-11-22 19:00:00+00:00;1.012;;
966771;unknown;control;2023-11-22 19:15:00+00:00;1.154;;
966771;unknown;control;2023-11-22 19:30:00+00:00;1.174;;
966771;unknown;control;2023-11-22 19:45:00+00:00;1.008;;
966771;unknown;control;2023-11-22 20:00:00+00:00;1.198;;
966771;unknown;control;2023-11-22 20:15:00+00:00;1.033;;
966771;unknown;control;2023-11-22 20:30:00+00:00;1.108;;
966771;unknown;control;2023-11-22 20:45:00+00:00;0.603;;
966771;unknown;control;2023-11-22 21:00:00+00:00;0.379;;
966771;unknown;control;2023-11-22 21:15:00+00:00;0.725;;
966771;unknown;control;2023-11-22 21:30:00+00:00;0.393;;
966771;unknown;control;2023-11-22 21:45:00+00:00;0.36;;
966771;unknown;control;2023-11-22 22:00:00+00:00;0.381;;
966771;unknown;control;2023-11-22 22:15:00+00:00;0.376;;
966771;unknown;control;2023-11-22 22:30:00+00:00;0.329;;
966771;unknown;control;2023-11-22 22:45:00+00:00;0.295;;
966771;unknown;control;2023-11-22 23:00:00+00:00;0.337;;
966771;unknown;control;2023-11-22 23:15:00+00:00;0.341;;
966771;unknown;control;2023-11-22 23:30:00+00:00;0.376;;
966771;unknown;control;2023-11-22 23:45:00+00:00;0.314;;
966771;unknown;control;2023-11-23 00:00:00+00:00;0.28;;
966771;unknown;control;2023-11-23 00:15:00+00:00;0.298;;
966771;unknown;control;2023-11-23 00:30:00+00:00;0.334;;
966771;unknown;control;2023-11-23 00:45:00+00:00;0.349;;
966771;unknown;control;2023-11-23 01:00:00+00:00;0.98;;
966771;unknown;control;2023-11-23 01:15:00+00:00;1.104;;
966771;unknown;control;2023-11-23 01:30:00+00:00;2.294;;
966771;unknown;control;2023-11-23 01:45:00+00:00;2.138;;
966771;unknown;control;2023-11-23 02:00:00+00:00;2.348;;
966771;unknown;control;2023-11-23 02:15:00+00:00;2.329;;
966771;unknown;control;2023-11-23 02:30:00+00:00;2.345;;
966771;unknown;control;2023-11-23 02:45:00+00:00;2.213;;
966771;unknown;control;2023-11-23 03:00:00+00:00;1.773;;
966771;unknown;control;2023-11-23 03:15:00+00:00;1.172;;
966771;unknown;control;2023-11-23 03:30:00+00:00;1.174;;
966771;unknown;control;2023-11-23 03:45:00+00:00;1.14;;
966771;unknown;control;2023-11-23 04:00:00+00:00;0.874;;
966771;unknown;control;2023-11-23 04:15:00+00:00;0.43;;
966771;unknown;control;2023-11-23 04:30:00+00:00;0.339;;
966771;unknown;control;2023-11-23 04:45:00+00:00;0.308;;
966771;unknown;control;2023-11-23 05:00:00+00:00;0.29;;
966771;unknown;control;2023-11-23 05:15:00+00:00;0.317;;
966771;unknown;control;2023-11-23 05:30:00+00:00;0.338;;
966771;unknown;control;2023-11-23 05:45:00+00:00;0.301;;
966771;unknown;control;2023-11-23 06:00:00+00:00;0.304;;
966771;unknown;control;2023-11-23 06:15:00+00:00;0.285;;
966771;unknown;control;2023-11-23 06:30:00+00:00;0.318;;
966771;unknown;control;2023-11-23 06:45:00+00:00;0.416;;
966771;unknown;control;2023-11-23 07:00:00+00:00;0.316;;
966771;unknown;control;2023-11-23 07:15:00+00:00;0.271;;
966771;unknown;control;2023-11-23 07:30:00+00:00;0.246;;
966771;unknown;control;2023-11-23 07:45:00+00:00;0.292;;
966771;unknown;control;2023-11-23 08:00:00+00:00;0.29;;
966771;unknown;control;2023-11-23 08:15:00+00:00;0.568;;
966771;unknown;control;2023-11-23 08:30:00+00:00;0.716;;
966771;unknown;control;2023-11-23 08:45:00+00:00;0.709;;
966771;unknown;control;2023-11-23 09:00:00+00:00;0.965;;
966771;unknown;control;2023-11-23 09:15:00+00:00;0.763;;
966771;unknown;control;2023-11-23 09:30:00+00:00;0.185;;
966771;unknown;control;2023-11-23 09:45:00+00:00;0.189;;
966771;unknown;control;2023-11-23 10:00:00+00:00;0.22;;
966771;unknown;control;2023-11-23 10:15:00+00:00;0.278;;
966771;unknown;control;2023-11-23 10:30:00+00:00;0.121;;
966771;unknown;control;2023-11-23 10:45:00+00:00;0.115;;
966771;unknown;control;2023-11-23 11:00:00+00:00;0.102;;
966771;unknown;control;2023-11-23 11:15:00+00:00;0.17;;
966771;unknown;control;2023-11-23 11:30:00+00:00;0.137;;
966771;unknown;control;2023-11-23 11:45:00+00:00;0.745;;
966771;unknown;control;2023-11-23 12:00:00+00:00;0.882;;
966771;unknown;control;2023-11-23 12:15:00+00:00;0.848;;
966771;unknown;control;2023-11-23 12:30:00+00:00;0.967;;
966771;unknown;control;2023-11-23 12:45:00+00:00;0.994;;
966771;unknown;control;2023-11-23 13:00:00+00:00;0.935;;
966771;unknown;control;2023-11-23 13:15:00+00:00;1.01;;
966771;unknown;control;2023-11-23 13:30:00+00:00;0.319;;
966771;unknown;control;2023-11-23 13:45:00+00:00;0.285;;
966771;unknown;control;2023-11-23 14:00:00+00:00;0.351;;
966771;unknown;control;2023-11-23 14:15:00+00:00;1.042;;
966771;unknown;control;2023-11-23 14:30:00+00:00;0.891;;
966771;unknown;control;2023-11-23 14:45:00+00:00;0.263;;
966771;unknown;control;2023-11-23 15:00:00+00:00;0.287;;
966771;unknown;control;2023-11-23 15:15:00+00:00;0.309;;
966771;unknown;control;2023-11-23 15:30:00+00:00;0.352;;
966771;unknown;control;2023-11-23 15:45:00+00:00;0.393;;
966771;unknown;control;2023-11-23 16:00:00+00:00;0.453;;
966771;unknown;control;2023-11-23 16:15:00+00:00;0.464;;
966771;unknown;control;2023-11-23 16:30:00+00:00;0.564;;
966771;unknown;control;2023-11-23 16:45:00+00:00;0.509;;
966771;unknown;control;2023-11-23 17:00:00+00:00;0.55;;
966771;unknown;control;2023-11-23 17:15:00+00:00;0.51;;
966771;unknown;control;2023-11-23 17:30:00+00:00;0.43;;
966771;unknown;control;2023-11-23 17:45:00+00:00;0.499;;
966771;unknown;control;2023-11-23 18:00:00+00:00;0.509;;
966771;unknown;control;2023-11-23 18:15:00+00:00;0.885;;
966771;unknown;control;2023-11-23 18:30:00+00:00;1.105;;
966771;unknown;control;2023-11-23 18:45:00+00:00;1.188;;
966771;unknown;control;2023-11-23 19:00:00+00:00;1.393;;
966771;unknown;control;2023-11-23 19:15:00+00:00;1.274;;
966771;unknown;control;2023-11-23 19:30:00+00:00;1.175;;
966771;unknown;control;2023-11-23 19:45:00+00:00;1.004;;
966771;unknown;control;2023-11-23 20:00:00+00:00;1.255;;
966771;unknown;control;2023-11-23 20:15:00+00:00;1.155;;
966771;unknown;control;2023-11-23 20:30:00+00:00;1.066;;
966771;unknown;control;2023-11-23 20:45:00+00:00;1.125;;
966771;unknown;control;2023-11-23 21:00:00+00:00;0.75;;
966771;unknown;control;2023-11-23 21:15:00+00:00;0.278;;
966771;unknown;control;2023-11-23 21:30:00+00:00;0.227;;
966771;unknown;control;2023-11-23 21:45:00+00:00;0.284;;
966771;unknown;control;2023-11-23 22:00:00+00:00;0.187;;
966771;unknown;control;2023-11-23 22:15:00+00:00;0.286;;
966771;unknown;control;2023-11-23 22:30:00+00:00;0.224;;
966771;unknown;control;2023-11-23 22:45:00+00:00;0.267;;
966771;unknown;control;2023-11-23 23:00:00+00:00;0.26;;
966771;unknown;control;2023-11-23 23:15:00+00:00;0.217;;
966771;unknown;control;2023-11-23 23:30:00+00:00;0.283;;
966771;unknown;control;2023-11-23 23:45:00+00:00;0.186;;
966771;unknown;control;2023-11-24 00:00:00+00:00;0.279;;
966771;unknown;control;2023-11-24 00:15:00+00:00;0.197;;
966771;unknown;control;2023-11-24 00:30:00+00:00;0.29;;
966771;unknown;control;2023-11-24 00:45:00+00:00;0.204;;
966771;unknown;control;2023-11-24 01:00:00+00:00;0.928;;
966771;unknown;control;2023-11-24 01:15:00+00:00;1.018;;
966771;unknown;control;2023-11-24 01:30:00+00:00;2.178;;
966771;unknown;control;2023-11-24 01:45:00+00:00;2.284;;
966771;unknown;control;2023-11-24 02:00:00+00:00;2.287;;
966771;unknown;control;2023-11-24 02:15:00+00:00;2.185;;
966771;unknown;control;2023-11-24 02:30:00+00:00;1.808;;
966771;unknown;control;2023-11-24 02:45:00+00:00;0.3;;
966771;unknown;control;2023-11-24 03:00:00+00:00;0.201;;
966771;unknown;control;2023-11-24 03:15:00+00:00;0.321;;
966771;unknown;control;2023-11-24 03:30:00+00:00;0.974;;
966771;unknown;control;2023-11-24 03:45:00+00:00;1.015;;
966771;unknown;control;2023-11-24 04:00:00+00:00;0.247;;
966771;unknown;control;2023-11-24 04:15:00+00:00;0.252;;
966771;unknown;control;2023-11-24 04:30:00+00:00;0.293;;
966771;unknown;control;2023-11-24 04:45:00+00:00;0.216;;
966771;unknown;control;2023-11-24 05:00:00+00:00;0.298;;
966771;unknown;control;2023-11-24 05:15:00+00:00;0.194;;
966771;unknown;control;2023-11-24 05:30:00+00:00;0.306;;
966771;unknown;control;2023-11-24 05:45:00+00:00;0.353;;
966771;unknown;control;2023-11-24 06:00:00+00:00;0.258;;
966771;unknown;control;2023-11-24 06:15:00+00:00;0.331;;
966771;unknown;control;2023-11-24 06:30:00+00:00;0.276;;
966771;unknown;control;2023-11-24 06:45:00+00:00;0.245;;
966771;unknown;control;2023-11-24 07:00:00+00:00;0.319;;
966771;unknown;control;2023-11-24 07:15:00+00:00;0.297;;
966771;unknown;control;2023-11-24 07:30:00+00:00;0.221;;
966771;unknown;control;2023-11-24 07:45:00+00:00;0.275;;
966771;unknown;control;2023-11-24 08:00:00+00:00;0.294;;
966771;unknown;control;2023-11-24 08:15:00+00:00;0.266;;
966771;unknown;control;2023-11-24 08:30:00+00:00;0.106;;
966771;unknown;control;2023-11-24 08:45:00+00:00;0.175;;
966771;unknown;control;2023-11-24 09:00:00+00:00;0.186;;
966771;unknown;control;2023-11-24 09:15:00+00:00;0.173;;
966771;unknown;control;2023-11-24 09:30:00+00:00;0.094;;
966771;unknown;control;2023-11-24 09:45:00+00:00;0.11;;
966771;unknown;control;2023-11-24 10:00:00+00:00;0.21;;
966771;unknown;control;2023-11-24 10:15:00+00:00;0.51;;
966771;unknown;control;2023-11-24 10:30:00+00:00;0.362;;
966771;unknown;control;2023-11-24 10:45:00+00:00;0.166;;
966771;unknown;control;2023-11-24 11:00:00+00:00;0.295;;
966771;unknown;control;2023-11-24 11:15:00+00:00;0.845;;
966771;unknown;control;2023-11-24 11:30:00+00:00;0.275;;
966771;unknown;control;2023-11-24 11:45:00+00:00;0.943;;
966771;unknown;control;2023-11-24 12:00:00+00:00;0.947;;
966771;unknown;control;2023-11-24 12:15:00+00:00;0.105;;
966771;unknown;control;2023-11-24 12:30:00+00:00;0.109;;
966771;unknown;control;2023-11-24 12:45:00+00:00;0.779;;
966771;unknown;control;2023-11-24 13:00:00+00:00;0.862;;
966771;unknown;control;2023-11-24 13:15:00+00:00;0.208;;
966771;unknown;control;2023-11-24 13:30:00+00:00;0.196;;
966771;unknown;control;2023-11-24 13:45:00+00:00;0.56;;
966771;unknown;control;2023-11-24 14:00:00+00:00;1.0;;
966771;unknown;control;2023-11-24 14:15:00+00:00;0.74;;
966771;unknown;control;2023-11-24 14:30:00+00:00;0.199;;
966771;unknown;control;2023-11-24 14:45:00+00:00;0.347;;
966771;unknown;control;2023-11-24 15:00:00+00:00;0.277;;
966771;unknown;control;2023-11-24 15:15:00+00:00;0.206;;
966771;unknown;control;2023-11-24 15:30:00+00:00;0.411;;
966771;unknown;control;2023-11-24 15:45:00+00:00;0.332;;
966771;unknown;control;2023-11-24 16:00:00+00:00;0.379;;
966771;unknown;control;2023-11-24 16:15:00+00:00;0.279;;
966771;unknown;control;2023-11-24 16:30:00+00:00;0.404;;
966771;unknown;control;2023-11-24 16:45:00+00:00;0.327;;
966771;unknown;control;2023-11-24 17:00:00+00:00;0.403;;
966771;unknown;control;2023-11-24 17:15:00+00:00;0.326;;
966771;unknown;control;2023-11-24 17:30:00+00:00;0.342;;
966771;unknown;control;2023-11-24 17:45:00+00:00;0.396;;
966771;unknown;control;2023-11-24 18:00:00+00:00;0.349;;
966771;unknown;control;2023-11-24 18:15:00+00:00;0.397;;
966771;unknown;control;2023-11-24 18:30:00+00:00;0.964;;
966771;unknown;control;2023-11-24 18:45:00+00:00;1.199;;
966771;unknown;control;2023-11-24 19:00:00+00:00;1.086;;
966771;unknown;control;2023-11-24 19:15:00+00:00;1.138;;
966771;unknown;control;2023-11-24 19:30:00+00:00;1.239;;
966771;unknown;control;2023-11-24 19:45:00+00:00;0.928;;
966771;unknown;control;2023-11-24 20:00:00+00:00;1.205;;
966771;unknown;control;2023-11-24 20:15:00+00:00;0.945;;
966771;unknown;control;2023-11-24 20:30:00+00:00;1.095;;
966771;unknown;control;2023-11-24 20:45:00+00:00;1.171;;
966771;unknown;control;2023-11-24 21:00:00+00:00;0.993;;
966771;unknown;control;2023-11-24 21:15:00+00:00;1.155;;
966771;unknown;control;2023-11-24 21:30:00+00:00;0.48;;
966771;unknown;control;2023-11-24 21:45:00+00:00;0.319;;
966771;unknown;control;2023-11-24 22:00:00+00:00;0.424;;
966771;unknown;control;2023-11-24 22:15:00+00:00;0.309;;
966771;unknown;control;2023-11-24 22:30:00+00:00;0.398;;
966771;unknown;control;2023-11-24 22:45:00+00:00;0.304;;
966771;unknown;control;2023-11-24 23:00:00+00:00;0.367;;
966771;unknown;control;2023-11-24 23:15:00+00:00;0.333;;
966771;unknown;control;2023-11-24 23:30:00+00:00;0.35;;
966771;unknown;control;2023-11-24 23:45:00+00:00;0.367;;
966771;unknown;control;2023-11-25 00:00:00+00:00;0.397;;
966771;unknown;control;2023-11-25 00:15:00+00:00;0.359;;
966771;unknown;control;2023-11-25 00:30:00+00:00;0.429;;
966771;unknown;control;2023-11-25 00:45:00+00:00;0.453;;
966771;unknown;control;2023-11-25 01:00:00+00:00;0.948;;
966771;unknown;control;2023-11-25 01:15:00+00:00;1.194;;
966771;unknown;control;2023-11-25 01:30:00+00:00;2.356;;
966771;unknown;control;2023-11-25 01:45:00+00:00;2.146;;
966771;unknown;control;2023-11-25 02:00:00+00:00;2.345;;
966771;unknown;control;2023-11-25 02:15:00+00:00;2.4;;
966771;unknown;control;2023-11-25 02:30:00+00:00;2.088;;
966771;unknown;control;2023-11-25 02:45:00+00:00;2.457;;
966771;unknown;control;2023-11-25 03:00:00+00:00;1.695;;
966771;unknown;control;2023-11-25 03:15:00+00:00;0.987;;
966771;unknown;control;2023-11-25 03:30:00+00:00;1.194;;
966771;unknown;control;2023-11-25 03:45:00+00:00;1.192;;
966771;unknown;control;2023-11-25 04:00:00+00:00;1.224;;
966771;unknown;control;2023-11-25 04:15:00+00:00;0.473;;
966771;unknown;control;2023-11-25 04:30:00+00:00;0.321;;
966771;unknown;control;2023-11-25 04:45:00+00:00;0.4;;
966771;unknown;control;2023-11-25 05:00:00+00:00;0.364;;
966771;unknown;control;2023-11-25 05:15:00+00:00;0.364;;
966771;unknown;control;2023-11-25 05:30:00+00:00;0.353;;
966771;unknown;control;2023-11-25 05:45:00+00:00;0.374;;
966771;unknown;control;2023-11-25 06:00:00+00:00;0.416;;
966771;unknown;control;2023-11-25 06:15:00+00:00;0.426;;
966771;unknown;control;2023-11-25 06:30:00+00:00;0.349;;
966771;unknown;control;2023-11-25 06:45:00+00:00;0.435;;
966771;unknown;control;2023-11-25 07:00:00+00:00;0.435;;
966771;unknown;control;2023-11-25 07:15:00+00:00;0.363;;
966771;unknown;control;2023-11-25 07:30:00+00:00;0.401;;
966771;unknown;control;2023-11-25 07:45:00+00:00;0.204;;
966771;unknown;control;2023-11-25 08:00:00+00:00;0.269;;
966771;unknown;control;2023-11-25 08:15:00+00:00;0.338;;
966771;unknown;control;2023-11-25 08:30:00+00:00;0.925;;
966771;unknown;control;2023-11-25 08:45:00+00:00;0.86;;
966771;unknown;control;2023-11-25 09:00:00+00:00;0.203;;
966771;unknown;control;2023-11-25 09:15:00+00:00;0.225;;
966771;unknown;control;2023-11-25 09:30:00+00:00;0.273;;
966771;unknown;control;2023-11-25 09:45:00+00:00;0.203;;
966771;unknown;control;2023-11-25 10:00:00+00:00;0.196;;
966771;unknown;control;2023-11-25 10:15:00+00:00;0.104;;
966771;unknown;control;2023-11-25 10:30:00+00:00;0.101;;
966771;unknown;control;2023-11-25 10:45:00+00:00;0.188;;
966771;unknown;control;2023-11-25 11:00:00+00:00;0.184;;
966771;unknown;control;2023-11-25 11:15:00+00:00;0.182;;
966771;unknown;control;2023-11-25 11:30:00+00:00;0.175;;
966771;unknown;control;2023-11-25 11:45:00+00:00;0.859;;
966771;unknown;control;2023-11-25 12:00:00+00:00;1.024;;
966771;unknown;control;2023-11-25 12:15:00+00:00;0.849;;
966771;unknown;control;2023-11-25 12:30:00+00:00;0.982;;
966771;unknown;control;2023-11-25 12:45:00+00:00;1.123;;
966771;unknown;control;2023-11-25 13:00:00+00:00;0.831;;
966771;unknown;control;2023-11-25 13:15:00+00:00;1.124;;
966771;unknown;control;2023-11-25 13:30:00+00:00;0.89;;
966771;unknown;control;2023-11-25 13:45:00+00:00;1.05;;
966771;unknown;control;2023-11-25 14:00:00+00:00;1.054;;
966771;unknown;control;2023-11-25 14:15:00+00:00;0.949;;
966771;unknown;control;2023-11-25 14:30:00+00:00;1.155;;
966771;unknown;control;2023-11-25 14:45:00+00:00;1.101;;
966771;unknown;control;2023-11-25 15:00:00+00:00;0.365;;
966771;unknown;control;2023-11-25 15:15:00+00:00;0.355;;
966771;unknown;control;2023-11-25 15:30:00+00:00;0.295;;
966771;unknown;control;2023-11-25 15:45:00+00:00;0.381;;
966771;unknown;control;2023-11-25 16:00:00+00:00;0.345;;
966771;unknown;control;2023-11-25 16:15:00+00:00;0.367;;
966771;unknown;control;2023-11-25 16:30:00+00:00;0.421;;
966771;unknown;control;2023-11-25 16:45:00+00:00;0.41;;
966771;unknown;control;2023-11-25 17:00:00+00:00;0.395;;
966771;unknown;control;2023-11-25 17:15:00+00:00;0.447;;
966771;unknown;control;2023-11-25 17:30:00+00:00;0.363;;
966771;unknown;control;2023-11-25 17:45:00+00:00;0.451;;
966771;unknown;control;2023-11-25 18:00:00+00:00;0.348;;
966771;unknown;control;2023-11-25 18:15:00+00:00;0.449;;
966771;unknown;control;2023-11-25 18:30:00+00:00;0.96;;
966771;unknown;control;2023-11-25 18:45:00+00:00;1.149;;
966771;unknown;control;2023-11-25 19:00:00+00:00;1.133;;
966771;unknown;control;2023-11-25 19:15:00+00:00;0.991;;
966771;unknown;control;2023-11-25 19:30:00+00:00;1.223;;
966771;unknown;control;2023-11-25 19:45:00+00:00;1.054;;
966771;unknown;control;2023-11-25 20:00:00+00:00;1.096;;
966771;unknown;control;2023-11-25 20:15:00+00:00;1.209;;
966771;unknown;control;2023-11-25 20:30:00+00:00;0.941;;
966771;unknown;control;2023-11-25 20:45:00+00:00;1.221;;
966771;unknown;control;2023-11-25 21:00:00+00:00;1.118;;
966771;unknown;control;2023-11-25 21:15:00+00:00;0.935;;
966771;unknown;control;2023-11-25 21:30:00+00:00;0.418;;
966771;unknown;control;2023-11-25 21:45:00+00:00;0.271;;
966771;unknown;control;2023-11-25 22:00:00+00:00;0.355;;
966771;unknown;control;2023-11-25 22:15:00+00:00;0.315;;
966771;unknown;control;2023-11-25 22:30:00+00:00;0.284;;
966771;unknown;control;2023-11-25 22:45:00+00:00;0.419;;
966771;unknown;control;2023-11-25 23:00:00+00:00;0.329;;
966771;unknown;control;2023-11-25 23:15:00+00:00;0.385;;
966771;unknown;control;2023-11-25 23:30:00+00:00;0.41;;
966771;unknown;control;2023-11-25 23:45:00+00:00;0.288;;
966771;unknown;control;2023-11-26 00:00:00+00:00;0.402;;
966771;unknown;control;2023-11-26 00:15:00+00:00;0.326;;
966771;unknown;control;2023-11-26 00:30:00+00:00;0.382;;
966771;unknown;control;2023-11-26 00:45:00+00:00;0.333;;
966771;unknown;control;2023-11-26 01:00:00+00:00;0.986;;
966771;unknown;control;2023-11-26 01:15:00+00:00;1.154;;
966771;unknown;control;2023-11-26 01:30:00+00:00;2.157;;
966771;unknown;control;2023-11-26 01:45:00+00:00;2.38;;
966771;unknown;control;2023-11-26 02:00:00+00:00;1.58;;
966771;unknown;control;2023-11-26 02:15:00+00:00;0.991;;
966771;unknown;control;2023-11-26 02:30:00+00:00;1.103;;
966771;unknown;control;2023-11-26 02:45:00+00:00;1.031;;
966771;unknown;control;2023-11-26 03:00:00+00:00;1.07;;
966771;unknown;control;2023-11-26 03:15:00+00:00;1.194;;
966771;unknown;control;2023-11-26 03:30:00+00:00;0.943;;
966771;unknown;control;2023-11-26 03:45:00+00:00;1.136;;
966771;unknown;control;2023-11-26 04:00:00+00:00;1.215;;
966771;unknown;control;2023-11-26 04:15:00+00:00;0.351;;
966771;unknown;control;2023-11-26 04:30:00+00:00;0.324;;
966771;unknown;control;2023-11-26 04:45:00+00:00;0.337;;
966771;unknown;control;2023-11-26 05:00:00+00:00;0.279;;
966771;unknown;control;2023-11-26 05:15:00+00:00;0.335;;
966771;unknown;control;2023-11-26 05:30:00+00:00;0.317;;
966771;unknown;control;2023-11-26 05:45:00+00:00;0.269;;
966771;unknown;control;2023-11-26 06:00:00+00:00;0.351;;
966771;unknown;control;2023-11-26 06:15:00+00:00;0.3;;
966771;unknown;control;2023-11-26 06:30:00+00:00;0.244;;
966771;unknown;control;2023-11-26 06:45:00+00:00;0.355;;
966771;unknown;control;2023-11-26 07:00:00+00:00;0.262;;
966771;unknown;control;2023-11-26 07:15:00+00:00;0.267;;
966771;unknown;control;2023-11-26 07:30:00+00:00;0.331;;
966771;unknown;control;2023-11-26 07:45:00+00:00;0.249;;
966771;unknown;control;2023-11-26 08:00:00+00:00;0.29;;
966771;unknown;control;2023-11-26 08:15:00+00:00;0.201;;
966771;unknown;control;2023-11-26 08:30:00+00:00;0.248;;
966771;unknown;control;2023-11-26 08:45:00+00:00;0.187;;
966771;unknown;control;2023-11-26 09:00:00+00:00;0.112;;
966771;unknown;control;2023-11-26 09:15:00+00:00;0.563;;
966771;unknown;control;2023-11-26 09:30:00+00:00;0.884;;
966771;unknown;control;2023-11-26 09:45:00+00:00;0.213;;
966771;unknown;control;2023-11-26 10:00:00+00:00;0.207;;
966771;unknown;control;2023-11-26 10:15:00+00:00;0.296;;
966771;unknown;control;2023-11-26 10:30:00+00:00;0.227;;
966771;unknown;control;2023-11-26 10:45:00+00:00;0.274;;
966771;unknown;control;2023-11-26 11:00:00+00:00;0.238;;
966771;unknown;control;2023-11-26 11:15:00+00:00;0.213;;
966771;unknown;control;2023-11-26 11:30:00+00:00;0.272;;
966771;unknown;control;2023-11-26 11:45:00+00:00;0.845;;
966771;unknown;control;2023-11-26 12:00:00+00:00;0.972;;
966771;unknown;control;2023-11-26 12:15:00+00:00;0.888;;
966771;unknown;control;2023-11-26 12:30:00+00:00;1.079;;
966771;unknown;control;2023-11-26 12:45:00+00:00;0.986;;
966771;unknown;control;2023-11-26 13:00:00+00:00;0.854;;
966771;unknown;control;2023-11-26 13:15:00+00:00;1.104;;
966771;unknown;control;2023-11-26 13:30:00+00:00;0.276;;
966771;unknown;control;2023-11-26 13:45:00+00:00;0.286;;
966771;unknown;control;2023-11-26 14:00:00+00:00;0.46;;
966771;unknown;control;2023-11-26 14:15:00+00:00;1.105;;
966771;unknown;control;2023-11-26 14:30:00+00:00;1.055;;
966771;unknown;control;2023-11-26 14:45:00+00:00;0.985;;
966771;unknown;control;2023-11-26 15:00:00+00:00;1.142;;
966771;unknown;control;2023-11-26 15:15:00+00:00;0.942;;
966771;unknown;control;2023-11-26 15:30:00+00:00;0.452;;
966771;unknown;control;2023-11-26 15:45:00+00:00;0.448;;
966771;unknown;control;2023-11-26 16:00:00+00:00;0.421;;
966771;unknown;control;2023-11-26 16:15:00+00:00;0.657;;
966771;unknown;control;2023-11-26 16:30:00+00:00;0.723;;
966771;unknown;control;2023-11-26 16:45:00+00:00;0.644;;
966771;unknown;control;2023-11-26 17:00:00+00:00;0.606;;
966771;unknown;control;2023-11-26 17:15:00+00:00;0.685;;
966771;unknown;control;2023-11-26 17:30:00+00:00;0.458;;
966771;unknown;control;2023-11-26 17:45:00+00:00;0.575;;
966771;unknown;control;2023-11-26 18:00:00+00:00;0.472;;
966771;unknown;control;2023-11-26 18:15:00+00:00;0.496;;
966771;unknown;control;2023-11-26 18:30:00+00:00;0.533;;
966771;unknown;control;2023-11-26 18:45:00+00:00;1.087;;
966771;unknown;control;2023-11-26 19:00:00+00:00;1.291;;
966771;unknown;control;2023-11-26 19:15:00+00:00;1.199;;
966771;unknown;control;2023-11-26 19:30:00+00:00;1.279;;
966771;unknown;control;2023-11-26 19:45:00+00:00;1.197;;
966771;unknown;control;2023-11-26 20:00:00+00:00;0.956;;
966771;unknown;control;2023-11-26 20:15:00+00:00;1.279;;
966771;unknown;control;2023-11-26 20:30:00+00:00;1.201;;
966771;unknown;control;2023-11-26 20:45:00+00:00;1.287;;
966771;unknown;control;2023-11-26 21:00:00+00:00;1.201;;
966771;unknown;control;2023-11-26 21:15:00+00:00;1.157;;
966771;unknown;control;2023-11-26 21:30:00+00:00;0.501;;
966771;unknown;control;2023-11-26 21:45:00+00:00;0.392;;
966771;unknown;control;2023-11-26 22:00:00+00:00;0.397;;
966771;unknown;control;2023-11-26 22:15:00+00:00;0.45;;
966771;unknown;control;2023-11-26 22:30:00+00:00;0.357;;
966771;unknown;control;2023-11-26 22:45:00+00:00;0.465;;
966771;unknown;control;2023-11-26 23:00:00+00:00;0.406;;
966771;unknown;control;2023-11-26 23:15:00+00:00;0.365;;
966771;unknown;control;2023-11-26 23:30:00+00:00;0.442;;
966771;unknown;control;2023-11-26 23:45:00+00:00;0.331;;
966771;unknown;control;2023-11-27 00:00:00+00:00;0.43;;
966771;unknown;control;2023-11-27 00:15:00+00:00;0.315;;
966771;unknown;control;2023-11-27 00:30:00+00:00;0.392;;
966771;unknown;control;2023-11-27 00:45:00+00:00;0.689;;
966771;unknown;control;2023-11-27 01:00:00+00:00;1.092;;
966771;unknown;control;2023-11-27 01:15:00+00:00;1.16;;
966771;unknown;control;2023-11-27 01:30:00+00:00;2.253;;
966771;unknown;control;2023-11-27 01:45:00+00:00;2.387;;
966771;unknown;control;2023-11-27 02:00:00+00:00;1.514;;
966771;unknown;control;2023-11-27 02:15:00+00:00;0.774;;
966771;unknown;control;2023-11-27 02:30:00+00:00;1.106;;
966771;unknown;control;2023-11-27 02:45:00+00:00;1.176;;
966771;unknown;control;2023-11-27 03:00:00+00:00;1.151;;
966771;unknown;control;2023-11-27 03:15:00+00:00;1.161;;
966771;unknown;control;2023-11-27 03:30:00+00:00;1.134;;
966771;unknown;control;2023-11-27 03:45:00+00:00;0.99;;
966771;unknown;control;2023-11-27 04:00:00+00:00;0.841;;
966771;unknown;control;2023-11-27 04:15:00+00:00;0.444;;
966771;unknown;control;2023-11-27 04:30:00+00:00;0.347;;
966771;unknown;control;2023-11-27 04:45:00+00:00;0.416;;
966771;unknown;control;2023-11-27 05:00:00+00:00;0.353;;
966771;unknown;control;2023-11-27 05:15:00+00:00;0.398;;
966771;unknown;control;2023-11-27 05:30:00+00:00;0.373;;
966771;unknown;control;2023-11-27 05:45:00+00:00;0.405;;
966771;unknown;control;2023-11-27 06:00:00+00:00;0.952;;
966771;unknown;control;2023-11-27 06:15:00+00:00;0.572;;
966771;unknown;control;2023-11-27 06:30:00+00:00;0.514;;
966771;unknown;control;2023-11-27 06:45:00+00:00;0.486;;
966771;unknown;control;2023-11-27 07:00:00+00:00;0.468;;
966771;unknown;control;2023-11-27 07:15:00+00:00;0.427;;
966771;unknown;control;2023-11-27 07:30:00+00:00;0.29;;
966771;unknown;control;2023-11-27 07:45:00+00:00;0.366;;
966771;unknown;control;2023-11-27 08:00:00+00:00;0.323;;
966771;unknown;control;2023-11-27 08:15:00+00:00;0.523;;
966771;unknown;control;2023-11-27 08:30:00+00:00;1.056;;
966771;unknown;control;2023-11-27 08:45:00+00:00;0.968;;
966771;unknown;control;2023-11-27 09:00:00+00:00;0.801;;
966771;unknown;control;2023-11-27 09:15:00+00:00;0.478;;
966771;unknown;control;2023-11-27 09:30:00+00:00;0.221;;
966771;unknown;control;2023-11-27 09:45:00+00:00;0.235;;
966771;unknown;control;2023-11-27 10:00:00+00:00;0.206;;
966771;unknown;control;2023-11-27 10:15:00+00:00;0.107;;
966771;unknown;control;2023-11-27 10:30:00+00:00;0.287;;
966771;unknown;control;2023-11-27 10:45:00+00:00;0.648;;
966771;unknown;control;2023-11-27 11:00:00+00:00;0.106;;
966771;unknown;control;2023-11-27 11:15:00+00:00;0.29;;
966771;unknown;control;2023-11-27 11:30:00+00:00;0.201;;
966771;unknown;control;2023-11-27 11:45:00+00:00;0.74;;
966771;unknown;control;2023-11-27 12:00:00+00:00;1.561;;
966771;unknown;control;2023-11-27 12:15:00+00:00;1.298;;
966771;unknown;control;2023-11-27 12:30:00+00:00;0.943;;
966771;unknown;control;2023-11-27 12:45:00+00:00;1.055;;
966771;unknown;control;2023-11-27 13:00:00+00:00;0.974;;
966771;unknown;control;2023-11-27 13:15:00+00:00;1.121;;
966771;unknown;control;2023-11-27 13:30:00+00:00;1.131;;
966771;unknown;control;2023-11-27 13:45:00+00:00;1.262;;
966771;unknown;control;2023-11-27 14:00:00+00:00;1.242;;
966771;unknown;control;2023-11-27 14:15:00+00:00;0.504;;
966771;unknown;control;2023-11-27 14:30:00+00:00;0.362;;
966771;unknown;control;2023-11-27 14:45:00+00:00;1.055;;
966771;unknown;control;2023-11-27 15:00:00+00:00;0.34;;
966771;unknown;control;2023-11-27 15:15:00+00:00;0.481;;
966771;unknown;control;2023-11-27 15:30:00+00:00;0.475;;
966771;unknown;control;2023-11-27 15:45:00+00:00;0.595;;
966771;unknown;control;2023-11-27 16:00:00+00:00;0.464;;
966771;unknown;control;2023-11-27 16:15:00+00:00;0.458;;
966771;unknown;control;2023-11-27 16:30:00+00:00;0.433;;
966771;unknown;control;2023-11-27 16:45:00+00:00;0.408;;
966771;unknown;control;2023-11-27 17:00:00+00:00;0.48;;
966771;unknown;control;2023-11-27 17:15:00+00:00;0.41;;
966771;unknown;control;2023-11-27 17:30:00+00:00;0.463;;
966771;unknown;control;2023-11-27 17:45:00+00:00;0.525;;
966771;unknown;control;2023-11-27 18:00:00+00:00;0.428;;
966771;unknown;control;2023-11-27 18:15:00+00:00;0.539;;
966771;unknown;control;2023-11-27 18:30:00+00:00;1.196;;
966771;unknown;control;2023-11-27 18:45:00+00:00;1.211;;
966771;unknown;control;2023-11-27 19:00:00+00:00;1.176;;
966771;unknown;control;2023-11-27 19:15:00+00:00;1.334;;
966771;unknown;control;2023-11-27 19:30:00+00:00;1.293;;
966771;unknown;control;2023-11-27 19:45:00+00:00;1.175;;
966771;unknown;control;2023-11-27 20:00:00+00:00;1.345;;
966771;unknown;control;2023-11-27 20:15:00+00:00;1.159;;
966771;unknown;control;2023-11-27 20:30:00+00:00;1.166;;
966771;unknown;control;2023-11-27 20:45:00+00:00;1.05;;
966771;unknown;control;2023-11-27 21:00:00+00:00;0.453;;
966771;unknown;control;2023-11-27 21:15:00+00:00;0.45;;
966771;unknown;control;2023-11-27 21:30:00+00:00;0.329;;
966771;unknown;control;2023-11-27 21:45:00+00:00;0.441;;
966771;unknown;control;2023-11-27 22:00:00+00:00;0.309;;
966771;unknown;control;2023-11-27 22:15:00+00:00;0.375;;
966771;unknown;control;2023-11-27 22:30:00+00:00;0.4;;
966771;unknown;control;2023-11-27 22:45:00+00:00;0.378;;
966771;unknown;control;2023-11-27 23:00:00+00:00;0.3;;
966771;unknown;control;2023-11-27 23:15:00+00:00;0.398;;
966771;unknown;control;2023-11-27 23:30:00+00:00;0.3;;
966771;unknown;control;2023-11-27 23:45:00+00:00;0.383;;
966771;unknown;control;2023-11-28 00:00:00+00:00;0.298;;
966771;unknown;control;2023-11-28 00:15:00+00:00;0.427;;
966771;unknown;control;2023-11-28 00:30:00+00:00;0.403;;
966771;unknown;control;2023-11-28 00:45:00+00:00;0.271;;
966771;unknown;control;2023-11-28 01:00:00+00:00;1.051;;
966771;unknown;control;2023-11-28 01:15:00+00:00;1.159;;
966771;unknown;control;2023-11-28 01:30:00+00:00;2.133;;
966771;unknown;control;2023-11-28 01:45:00+00:00;2.386;;
966771;unknown;control;2023-11-28 02:00:00+00:00;2.308;;
966771;unknown;control;2023-11-28 02:15:00+00:00;2.214;;
966771;unknown;control;2023-11-28 02:30:00+00:00;2.43;;
966771;unknown;control;2023-11-28 02:45:00+00:00;1.949;;
966771;unknown;control;2023-11-28 03:00:00+00:00;1.49;;
966771;unknown;control;2023-11-28 03:15:00+00:00;0.766;;
966771;unknown;control;2023-11-28 03:30:00+00:00;1.206;;
966771;unknown;control;2023-11-28 03:45:00+00:00;1.182;;
966771;unknown;control;2023-11-28 04:00:00+00:00;0.408;;
966771;unknown;control;2023-11-28 04:15:00+00:00;0.348;;
966771;unknown;control;2023-11-28 04:30:00+00:00;0.326;;
966771;unknown;control;2023-11-28 04:45:00+00:00;0.382;;
966771;unknown;control;2023-11-28 05:00:00+00:00;0.582;;
966771;unknown;control;2023-11-28 05:15:00+00:00;0.502;;
966771;unknown;control;2023-11-28 05:30:00+00:00;0.358;;
966771;unknown;control;2023-11-28 05:45:00+00:00;0.986;;
966771;unknown;control;2023-11-28 06:00:00+00:00;0.551;;
966771;unknown;control;2023-11-28 06:15:00+00:00;0.35;;
966771;unknown;control;2023-11-28 06:30:00+00:00;0.527;;
966771;unknown;control;2023-11-28 06:45:00+00:00;0.49;;
966771;unknown;control;2023-11-28 07:00:00+00:00;0.491;;
966771;unknown;control;2023-11-28 07:15:00+00:00;0.548;;
966771;unknown;control;2023-11-28 07:30:00+00:00;0.418;;
966771;unknown;control;2023-11-28 07:45:00+00:00;0.476;;
966771;unknown;control;2023-11-28 08:00:00+00:00;0.374;;
966771;unknown;control;2023-11-28 08:15:00+00:00;0.487;;
966771;unknown;control;2023-11-28 08:30:00+00:00;0.423;;
966771;unknown;control;2023-11-28 08:45:00+00:00;0.427;;
966771;unknown;control;2023-11-28 09:00:00+00:00;0.504;;
966771;unknown;control;2023-11-28 09:15:00+00:00;0.428;;
966771;unknown;control;2023-11-28 09:30:00+00:00;0.344;;
966771;unknown;control;2023-11-28 09:45:00+00:00;0.521;;
966771;unknown;control;2023-11-28 10:00:00+00:00;0.586;;
966771;unknown;control;2023-11-28 10:15:00+00:00;1.004;;
966771;unknown;control;2023-11-28 10:30:00+00:00;0.433;;
966771;unknown;control;2023-11-28 10:45:00+00:00;0.561;;
966771;unknown;control;2023-11-28 11:00:00+00:00;0.622;;
966771;unknown;control;2023-11-28 11:15:00+00:00;0.246;;
966771;unknown;control;2023-11-28 11:30:00+00:00;0.366;;
966771;unknown;control;2023-11-28 11:45:00+00:00;1.291;;
966771;unknown;control;2023-11-28 12:00:00+00:00;1.147;;
966771;unknown;control;2023-11-28 12:15:00+00:00;0.903;;
966771;unknown;control;2023-11-28 12:30:00+00:00;1.069;;
966771;unknown;control;2023-11-28 12:45:00+00:00;1.135;;
966771;unknown;control;2023-11-28 13:00:00+00:00;0.877;;
966771;unknown;control;2023-11-28 13:15:00+00:00;1.271;;
966771;unknown;control;2023-11-28 13:30:00+00:00;1.182;;
966771;unknown;control;2023-11-28 13:45:00+00:00;1.159;;
966771;unknown;control;2023-11-28 14:00:00+00:00;1.249;;
966771;unknown;control;2023-11-28 14:15:00+00:00;1.077;;
966771;unknown;control;2023-11-28 14:30:00+00:00;1.199;;
966771;unknown;control;2023-11-28 14:45:00+00:00;1.327;;
966771;unknown;control;2023-11-28 15:00:00+00:00;0.52;;
966771;unknown;control;2023-11-28 15:15:00+00:00;0.597;;
966771;unknown;control;2023-11-28 15:30:00+00:00;0.426;;
966771;unknown;control;2023-11-28 15:45:00+00:00;0.8;;
966771;unknown;control;2023-11-28 16:00:00+00:00;0.541;;
966771;unknown;control;2023-11-28 16:15:00+00:00;0.492;;
966771;unknown;control;2023-11-28 16:30:00+00:00;0.495;;
966771;unknown;control;2023-11-28 16:45:00+00:00;0.614;;
966771;unknown;control;2023-11-28 17:00:00+00:00;0.511;;
966771;unknown;control;2023-11-28 17:15:00+00:00;0.373;;
966771;unknown;control;2023-11-28 17:30:00+00:00;0.386;;
966771;unknown;control;2023-11-28 17:45:00+00:00;0.359;;
966771;unknown;control;2023-11-28 18:00:00+00:00;0.379;;
966771;unknown;control;2023-11-28 18:15:00+00:00;0.351;;
966771;unknown;control;2023-11-28 18:30:00+00:00;1.093;;
966771;unknown;control;2023-11-28 18:45:00+00:00;1.136;;
966771;unknown;control;2023-11-28 19:00:00+00:00;1.061;;
966771;unknown;control;2023-11-28 19:15:00+00:00;1.198;;
966771;unknown;control;2023-11-28 19:30:00+00:00;1.222;;
966771;unknown;control;2023-11-28 19:45:00+00:00;1.106;;
966771;unknown;control;2023-11-28 20:00:00+00:00;1.315;;
966771;unknown;control;2023-11-28 20:15:00+00:00;1.184;;
966771;unknown;control;2023-11-28 20:30:00+00:00;0.608;;
966771;unknown;control;2023-11-28 20:45:00+00:00;0.445;;
966771;unknown;control;2023-11-28 21:00:00+00:00;0.372;;
966771;unknown;control;2023-11-28 21:15:00+00:00;0.744;;
966771;unknown;control;2023-11-28 21:30:00+00:00;0.407;;
966771;unknown;control;2023-11-28 21:45:00+00:00;0.363;;
966771;unknown;control;2023-11-28 22:00:00+00:00;0.422;;
966771;unknown;control;2023-11-28 22:15:00+00:00;0.418;;
966771;unknown;control;2023-11-28 22:30:00+00:00;0.423;;
966771;unknown;control;2023-11-28 22:45:00+00:00;0.435;;
966771;unknown;control;2023-11-28 23:00:00+00:00;0.422;;
966771;unknown;control;2023-11-28 23:15:00+00:00;0.511;;
966771;unknown;control;2023-11-28 23:30:00+00:00;0.42;;
966771;unknown;control;2023-11-28 23:45:00+00:00;0.424;;
966771;unknown;control;2023-11-29 00:00:00+00:00;0.622;;
966771;unknown;control;2023-11-29 00:15:00+00:00;1.174;;
966771;unknown;control;2023-11-29 00:30:00+00:00;1.287;;
966771;unknown;control;2023-11-29 00:45:00+00:00;1.202;;
966771;unknown;control;2023-11-29 01:00:00+00:00;1.21;;
966771;unknown;control;2023-11-29 01:15:00+00:00;1.198;;
966771;unknown;control;2023-11-29 01:30:00+00:00;2.219;;
966771;unknown;control;2023-11-29 01:45:00+00:00;2.311;;
966771;unknown;control;2023-11-29 02:00:00+00:00;2.412;;
966771;unknown;control;2023-11-29 02:15:00+00:00;2.428;;
966771;unknown;control;2023-11-29 02:30:00+00:00;2.522;;
966771;unknown;control;2023-11-29 02:45:00+00:00;1.325;;
966771;unknown;control;2023-11-29 03:00:00+00:00;1.215;;
966771;unknown;control;2023-11-29 03:15:00+00:00;0.947;;
966771;unknown;control;2023-11-29 03:30:00+00:00;1.129;;
966771;unknown;control;2023-11-29 03:45:00+00:00;1.309;;
966771;unknown;control;2023-11-29 04:00:00+00:00;1.218;;
966771;unknown;control;2023-11-29 04:15:00+00:00;0.569;;
966771;unknown;control;2023-11-29 04:30:00+00:00;0.427;;
966771;unknown;control;2023-11-29 04:45:00+00:00;0.413;;
966771;unknown;control;2023-11-29 05:00:00+00:00;0.398;;
966771;unknown;control;2023-11-29 05:15:00+00:00;0.312;;
966771;unknown;control;2023-11-29 05:30:00+00:00;0.836;;
966771;unknown;control;2023-11-29 05:45:00+00:00;1.638;;
966771;unknown;control;2023-11-29 06:00:00+00:00;0.428;;
966771;unknown;control;2023-11-29 06:15:00+00:00;0.429;;
966771;unknown;control;2023-11-29 06:30:00+00:00;0.433;;
966771;unknown;control;2023-11-29 06:45:00+00:00;0.885;;
966771;unknown;control;2023-11-29 07:00:00+00:00;1.158;;
966771;unknown;control;2023-11-29 07:15:00+00:00;1.185;;
966771;unknown;control;2023-11-29 07:30:00+00:00;1.128;;
966771;unknown;control;2023-11-29 07:45:00+00:00;1.133;;
966771;unknown;control;2023-11-29 08:00:00+00:00;1.088;;
966771;unknown;control;2023-11-29 08:15:00+00:00;0.21;;
966771;unknown;control;2023-11-29 08:30:00+00:00;0.221;;
966771;unknown;control;2023-11-29 08:45:00+00:00;0.321;;
966771;unknown;control;2023-11-29 09:00:00+00:00;0.209;;
966771;unknown;control;2023-11-29 09:15:00+00:00;0.254;;
966771;unknown;control;2023-11-29 09:30:00+00:00;0.12;;
966771;unknown;control;2023-11-29 09:45:00+00:00;0.119;;
966771;unknown;control;2023-11-29 10:00:00+00:00;0.422;;
966771;unknown;control;2023-11-29 10:15:00+00:00;0.602;;
966771;unknown;control;2023-11-29 10:30:00+00:00;0.916;;
966771;unknown;control;2023-11-29 10:45:00+00:00;0.853;;
966771;unknown;control;2023-11-29 11:00:00+00:00;0.258;;
966771;unknown;control;2023-11-29 11:15:00+00:00;0.242;;
966771;unknown;control;2023-11-29 11:30:00+00:00;0.202;;
966771;unknown;control;2023-11-29 11:45:00+00:00;0.817;;
966771;unknown;control;2023-11-29 12:00:00+00:00;0.986;;
966771;unknown;control;2023-11-29 12:15:00+00:00;0.899;;
966771;unknown;control;2023-11-29 12:30:00+00:00;1.111;;
966771;unknown;control;2023-11-29 12:45:00+00:00;1.042;;
966771;unknown;control;2023-11-29 13:00:00+00:00;1.005;;
966771;unknown;control;2023-11-29 13:15:00+00:00;1.12;;
966771;unknown;control;2023-11-29 13:30:00+00:00;0.338;;
966771;unknown;control;2023-11-29 13:45:00+00:00;0.38;;
966771;unknown;control;2023-11-29 14:00:00+00:00;0.297;;
966771;unknown;control;2023-11-29 14:15:00+00:00;1.207;;
966771;unknown;control;2023-11-29 14:30:00+00:00;1.154;;
966771;unknown;control;2023-11-29 14:45:00+00:00;1.11;;
966771;unknown;control;2023-11-29 15:00:00+00:00;0.418;;
966771;unknown;control;2023-11-29 15:15:00+00:00;0.32;;
966771;unknown;control;2023-11-29 15:30:00+00:00;0.415;;
966771;unknown;control;2023-11-29 15:45:00+00:00;0.436;;
966771;unknown;control;2023-11-29 16:00:00+00:00;0.456;;
966771;unknown;control;2023-11-29 16:15:00+00:00;0.406;;
966771;unknown;control;2023-11-29 16:30:00+00:00;0.403;;
966771;unknown;control;2023-11-29 16:45:00+00:00;0.472;;
966771;unknown;control;2023-11-29 17:00:00+00:00;0.444;;
966771;unknown;control;2023-11-29 17:15:00+00:00;0.823;;
966771;unknown;control;2023-11-29 17:30:00+00:00;1.211;;
966771;unknown;control;2023-11-29 17:45:00+00:00;1.278;;
966771;unknown;control;2023-11-29 18:00:00+00:00;1.415;;
966771;unknown;control;2023-11-29 18:15:00+00:00;1.245;;
966771;unknown;control;2023-11-29 18:30:00+00:00;1.017;;
966771;unknown;control;2023-11-29 18:45:00+00:00;1.311;;
966771;unknown;control;2023-11-29 19:00:00+00:00;1.245;;
966771;unknown;control;2023-11-29 19:15:00+00:00;0.649;;
966771;unknown;control;2023-11-29 19:30:00+00:00;0.513;;
966771;unknown;control;2023-11-29 19:45:00+00:00;0.472;;
966771;unknown;control;2023-11-29 20:00:00+00:00;0.803;;
966771;unknown;control;2023-11-29 20:15:00+00:00;1.261;;
966771;unknown;control;2023-11-29 20:30:00+00:00;1.153;;
966771;unknown;control;2023-11-29 20:45:00+00:00;0.925;;
966771;unknown;control;2023-11-29 21:00:00+00:00;0.432;;
966771;unknown;control;2023-11-29 21:15:00+00:00;0.344;;
966771;unknown;control;2023-11-29 21:30:00+00:00;0.447;;
966771;unknown;control;2023-11-29 21:45:00+00:00;0.432;;
966771;unknown;control;2023-11-29 22:00:00+00:00;0.859;;
966771;unknown;control;2023-11-29 22:15:00+00:00;1.184;;
966771;unknown;control;2023-11-29 22:30:00+00:00;1.201;;
966771;unknown;control;2023-11-29 22:45:00+00:00;1.116;;
966771;unknown;control;2023-11-29 23:00:00+00:00;0.365;;
966771;unknown;control;2023-11-29 23:15:00+00:00;0.414;;
966771;unknown;control;2023-11-29 23:30:00+00:00;0.429;;
966771;unknown;control;2023-11-29 23:45:00+00:00;0.912;;
966771;unknown;control;2023-11-30 00:00:00+00:00;1.104;;
966771;unknown;control;2023-11-30 00:15:00+00:00;1.203;;
966771;unknown;control;2023-11-30 00:30:00+00:00;1.043;;
966771;unknown;control;2023-11-30 00:45:00+00:00;0.368;;
966771;unknown;control;2023-11-30 01:00:00+00:00;0.369;;
966771;unknown;control;2023-11-30 01:15:00+00:00;0.422;;
966771;unknown;control;2023-11-30 01:30:00+00:00;2.056;;
966771;unknown;control;2023-11-30 01:45:00+00:00;2.306;;
966771;unknown;control;2023-11-30 02:00:00+00:00;2.006;;
966771;unknown;control;2023-11-30 02:15:00+00:00;0.946;;
966771;unknown;control;2023-11-30 02:30:00+00:00;0.316;;
966771;unknown;control;2023-11-30 02:45:00+00:00;0.408;;
966771;unknown;control;2023-11-30 03:00:00+00:00;0.358;;
966771;unknown;control;2023-11-30 03:15:00+00:00;0.369;;
966771;unknown;control;2023-11-30 03:30:00+00:00;0.465;;
966771;unknown;control;2023-11-30 03:45:00+00:00;1.015;;
966771;unknown;control;2023-11-30 04:00:00+00:00;1.147;;
966771;unknown;control;2023-11-30 04:15:00+00:00;0.537;;
966771;unknown;control;2023-11-30 04:30:00+00:00;0.428;;
966771;unknown;control;2023-11-30 04:45:00+00:00;0.444;;
966771;unknown;control;2023-11-30 05:00:00+00:00;0.722;;
966771;unknown;control;2023-11-30 05:15:00+00:00;1.184;;
966771;unknown;control;2023-11-30 05:30:00+00:00;1.207;;
966771;unknown;control;2023-11-30 05:45:00+00:00;1.202;;
966771;unknown;control;2023-11-30 06:00:00+00:00;1.011;;
966771;unknown;control;2023-11-30 06:15:00+00:00;0.457;;
966771;unknown;control;2023-11-30 06:30:00+00:00;0.393;;
966771;unknown;control;2023-11-30 06:45:00+00:00;0.803;;
966771;unknown;control;2023-11-30 07:00:00+00:00;1.222;;
966771;unknown;control;2023-11-30 07:15:00+00:00;1.191;;
966771;unknown;control;2023-11-30 07:30:00+00:00;1.073;;
966771;unknown;control;2023-11-30 07:45:00+00:00;0.523;;
966771;unknown;control;2023-11-30 08:00:00+00:00;0.434;;
966771;unknown;control;2023-11-30 08:15:00+00:00;0.438;;
966771;unknown;control;2023-11-30 08:30:00+00:00;0.446;;
966771;unknown;control;2023-11-30 08:45:00+00:00;0.615;;
966771;unknown;control;2023-11-30 09:00:00+00:00;1.178;;
966771;unknown;control;2023-11-30 09:15:00+00:00;1.213;;
966771;unknown;control;2023-11-30 09:30:00+00:00;1.132;;
966771;unknown;control;2023-11-30 09:45:00+00:00;0.494;;
966771;unknown;control;2023-11-30 10:00:00+00:00;0.565;;
966771;unknown;control;2023-11-30 10:15:00+00:00;0.431;;
966771;unknown;control;2023-11-30 10:30:00+00:00;0.541;;
966771;unknown;control;2023-11-30 10:45:00+00:00;1.194;;
966771;unknown;control;2023-11-30 11:00:00+00:00;1.122;;
966771;unknown;control;2023-11-30 11:15:00+00:00;0.664;;
966771;unknown;control;2023-11-30 11:30:00+00:00;0.366;;
966771;unknown;control;2023-11-30 11:45:00+00:00;0.377;;
966771;unknown;control;2023-11-30 12:00:00+00:00;0.951;;
966771;unknown;control;2023-11-30 12:15:00+00:00;1.055;;
966771;unknown;control;2023-11-30 12:30:00+00:00;0.99;;
966771;unknown;control;2023-11-30 12:45:00+00:00;0.279;;
966771;unknown;control;2023-11-30 13:00:00+00:00;0.411;;
966771;unknown;control;2023-11-30 13:15:00+00:00;0.339;;
966771;unknown;control;2023-11-30 13:30:00+00:00;0.368;;
966771;unknown;control;2023-11-30 13:45:00+00:00;0.795;;
966771;unknown;control;2023-11-30 14:00:00+00:00;1.132;;
966771;unknown;control;2023-11-30 14:15:00+00:00;1.174;;
966771;unknown;control;2023-11-30 14:30:00+00:00;0.315;;
966771;unknown;control;2023-11-30 14:45:00+00:00;0.416;;
966771;unknown;control;2023-11-30 15:00:00+00:00;0.375;;
966771;unknown;control;2023-11-30 15:15:00+00:00;0.414;;
966771;unknown;control;2023-11-30 15:30:00+00:00;1.023;;
966771;unknown;control;2023-11-30 15:45:00+00:00;1.16;;
966771;unknown;control;2023-11-30 16:00:00+00:00;0.848;;
966771;unknown;control;2023-11-30 16:15:00+00:00;0.519;;
966771;unknown;control;2023-11-30 16:30:00+00:00;0.557;;
966771;unknown;control;2023-11-30 16:45:00+00:00;0.535;;
966771;unknown;control;2023-11-30 17:00:00+00:00;1.122;;
966771;unknown;control;2023-11-30 17:15:00+00:00;1.581;;
966771;unknown;control;2023-11-30 17:30:00+00:00;1.272;;
966771;unknown;control;2023-11-30 17:45:00+00:00;0.391;;
966771;unknown;control;2023-11-30 18:00:00+00:00;0.48;;
966771;unknown;control;2023-11-30 18:15:00+00:00;1.035;;
966771;unknown;control;2023-11-30 18:30:00+00:00;1.157;;
966771;unknown;control;2023-11-30 18:45:00+00:00;0.996;;
966771;unknown;control;2023-11-30 19:00:00+00:00;0.481;;
966771;unknown;control;2023-11-30 19:15:00+00:00;0.392;;
966771;unknown;control;2023-11-30 19:30:00+00:00;0.572;;
966771;unknown;control;2023-11-30 19:45:00+00:00;1.207;;
966771;unknown;control;2023-11-30 20:00:00+00:00;1.26;;
966771;unknown;control;2023-11-30 20:15:00+00:00;0.723;;
966771;unknown;control;2023-11-30 20:30:00+00:00;0.358;;
966771;unknown;control;2023-11-30 20:45:00+00:00;0.439;;
966771;unknown;control;2023-11-30 21:00:00+00:00;0.449;;
966771;unknown;control;2023-11-30 21:15:00+00:00;1.135;;
966771;unknown;control;2023-11-30 21:30:00+00:00;0.463;;
966771;unknown;control;2023-11-30 21:45:00+00:00;0.333;;
966771;unknown;control;2023-11-30 22:00:00+00:00;0.731;;
966771;unknown;control;2023-11-30 22:15:00+00:00;1.08;;
966771;unknown;control;2023-11-30 22:30:00+00:00;1.227;;
966771;unknown;control;2023-11-30 22:45:00+00:00;0.665;;
966771;unknown;control;2023-11-30 23:00:00+00:00;0.362;;
966771;unknown;control;2023-11-30 23:15:00+00:00;0.413;;
966771;unknown;control;2023-11-30 23:30:00+00:00;0.657;;
966771;unknown;control;2023-11-30 23:45:00+00:00;1.186;;
966771;unknown;control;2023-12-01 00:00:00+00:00;1.108;;
966771;unknown;control;2023-12-01 00:15:00+00:00;0.526;;
966771;unknown;control;2023-12-01 00:30:00+00:00;0.409;;
966771;unknown;control;2023-12-01 00:45:00+00:00;0.418;;
966771;unknown;control;2023-12-01 01:00:00+00:00;0.709;;
966771;unknown;control;2023-12-01 01:15:00+00:00;1.153;;
966771;unknown;control;2023-12-01 01:30:00+00:00;2.393;;
966771;unknown;control;2023-12-01 01:45:00+00:00;1.576;;
966771;unknown;control;2023-12-01 02:00:00+00:00;1.541;;
966771;unknown;control;2023-12-01 02:15:00+00:00;1.615;;
966771;unknown;control;2023-12-01 02:30:00+00:00;1.947;;
966771;unknown;control;2023-12-01 02:45:00+00:00;1.817;;
966771;unknown;control;2023-12-01 03:00:00+00:00;1.186;;
966771;unknown;control;2023-12-01 03:15:00+00:00;0.392;;
966771;unknown;control;2023-12-01 03:30:00+00:00;0.347;;
966771;unknown;control;2023-12-01 03:45:00+00:00;0.421;;
966771;unknown;control;2023-12-01 04:00:00+00:00;0.795;;
966771;unknown;control;2023-12-01 04:15:00+00:00;0.42;;
966771;unknown;control;2023-12-01 04:30:00+00:00;0.82;;
966771;unknown;control;2023-12-01 04:45:00+00:00;1.166;;
966771;unknown;control;2023-12-01 05:00:00+00:00;0.876;;
966771;unknown;control;2023-12-01 05:15:00+00:00;1.169;;
966771;unknown;control;2023-12-01 05:30:00+00:00;0.518;;
966771;unknown;control;2023-12-01 05:45:00+00:00;0.337;;
966771;unknown;control;2023-12-01 06:00:00+00:00;0.382;;
966771;unknown;control;2023-12-01 06:15:00+00:00;0.733;;
966771;unknown;control;2023-12-01 06:30:00+00:00;1.181;;
966771;unknown;control;2023-12-01 06:45:00+00:00;1.137;;
966771;unknown;control;2023-12-01 07:00:00+00:00;0.43;;
966771;unknown;control;2023-12-01 07:15:00+00:00;0.347;;
966771;unknown;control;2023-12-01 07:30:00+00:00;0.412;;
966771;unknown;control;2023-12-01 07:45:00+00:00;0.794;;
966771;unknown;control;2023-12-01 08:00:00+00:00;1.16;;
966771;unknown;control;2023-12-01 08:15:00+00:00;1.034;;
966771;unknown;control;2023-12-01 08:30:00+00:00;0.454;;
966771;unknown;control;2023-12-01 08:45:00+00:00;0.288;;
966771;unknown;control;2023-12-01 09:00:00+00:00;0.408;;
966771;unknown;control;2023-12-01 09:15:00+00:00;0.269;;
966771;unknown;control;2023-12-01 09:30:00+00:00;0.338;;
966771;unknown;control;2023-12-01 09:45:00+00:00;0.293;;
966771;unknown;control;2023-12-01 10:00:00+00:00;0.537;;
966771;unknown;control;2023-12-01 10:15:00+00:00;0.626;;
966771;unknown;control;2023-12-01 10:30:00+00:00;0.636;;
966771;unknown;control;2023-12-01 10:45:00+00:00;1.056;;
966771;unknown;control;2023-12-01 11:00:00+00:00;0.687;;
966771;unknown;control;2023-12-01 11:15:00+00:00;0.41;;
966771;unknown;control;2023-12-01 11:30:00+00:00;0.649;;
966771;unknown;control;2023-12-01 11:45:00+00:00;0.732;;
966771;unknown;control;2023-12-01 12:00:00+00:00;0.65;;
966771;unknown;control;2023-12-01 12:15:00+00:00;1.206;;
966771;unknown;control;2023-12-01 12:30:00+00:00;0.956;;
966771;unknown;control;2023-12-01 12:45:00+00:00;0.392;;
966771;unknown;control;2023-12-01 13:00:00+00:00;0.325;;
966771;unknown;control;2023-12-01 13:15:00+00:00;0.432;;
966771;unknown;control;2023-12-01 13:30:00+00:00;1.132;;
966771;unknown;control;2023-12-01 13:45:00+00:00;1.478;;
966771;unknown;control;2023-12-01 14:00:00+00:00;0.563;;
966771;unknown;control;2023-12-01 14:15:00+00:00;0.507;;
966771;unknown;control;2023-12-01 14:30:00+00:00;0.489;;
966771;unknown;control;2023-12-01 14:45:00+00:00;1.175;;
966771;unknown;control;2023-12-01 15:00:00+00:00;0.394;;
966771;unknown;control;2023-12-01 15:15:00+00:00;1.521;;
966771;unknown;control;2023-12-01 15:30:00+00:00;1.194;;
966771;unknown;control;2023-12-01 15:45:00+00:00;1.335;;
966771;unknown;control;2023-12-01 16:00:00+00:00;1.303;;
966771;unknown;control;2023-12-01 16:15:00+00:00;0.798;;
966771;unknown;control;2023-12-01 16:30:00+00:00;0.588;;
966771;unknown;control;2023-12-01 16:45:00+00:00;0.546;;
966771;unknown;control;2023-12-01 17:00:00+00:00;1.105;;
966771;unknown;control;2023-12-01 17:15:00+00:00;1.244;;
966771;unknown;control;2023-12-01 17:30:00+00:00;0.908;;
966771;unknown;control;2023-12-01 17:45:00+00:00;0.505;;
966771;unknown;control;2023-12-01 18:00:00+00:00;0.523;;
966771;unknown;control;2023-12-01 18:15:00+00:00;0.857;;
966771;unknown;control;2023-12-01 18:30:00+00:00;1.278;;
966771;unknown;control;2023-12-01 18:45:00+00:00;1.325;;
966771;unknown;control;2023-12-01 19:00:00+00:00;0.829;;
966771;unknown;control;2023-12-01 19:15:00+00:00;0.48;;
966771;unknown;control;2023-12-01 19:30:00+00:00;0.57;;
966771;unknown;control;2023-12-01 19:45:00+00:00;0.544;;
966771;unknown;control;2023-12-01 20:00:00+00:00;1.169;;
966771;unknown;control;2023-12-01 20:15:00+00:00;1.399;;
966771;unknown;control;2023-12-01 20:30:00+00:00;1.199;;
966771;unknown;control;2023-12-01 20:45:00+00:00;0.487;;
966771;unknown;control;2023-12-01 21:00:00+00:00;0.451;;
966771;unknown;control;2023-12-01 21:15:00+00:00;0.466;;
966771;unknown;control;2023-12-01 21:30:00+00:00;0.53;;
966771;unknown;control;2023-12-01 21:45:00+00:00;1.138;;
966771;unknown;control;2023-12-01 22:00:00+00:00;1.168;;
966771;unknown;control;2023-12-01 22:15:00+00:00;1.262;;
966771;unknown;control;2023-12-01 22:30:00+00:00;1.191;;
966771;unknown;control;2023-12-01 22:45:00+00:00;0.667;;
966771;unknown;control;2023-12-01 23:00:00+00:00;0.44;;
966771;unknown;control;2023-12-01 23:15:00+00:00;0.423;;
966771;unknown;control;2023-12-01 23:30:00+00:00;0.489;;
966771;unknown;control;2023-12-01 23:45:00+00:00;0.682;;
966771;unknown;control;2023-12-02 00:00:00+00:00;1.149;;
966771;unknown;control;2023-12-02 00:15:00+00:00;1.195;;
966771;unknown;control;2023-12-02 00:30:00+00:00;0.907;;
966771;unknown;control;2023-12-02 00:45:00+00:00;0.443;;
966771;unknown;control;2023-12-02 01:00:00+00:00;0.438;;
966771;unknown;control;2023-12-02 01:15:00+00:00;0.441;;
966771;unknown;control;2023-12-02 01:30:00+00:00;1.994;;
966771;unknown;control;2023-12-02 01:45:00+00:00;2.373;;
966771;unknown;control;2023-12-02 02:00:00+00:00;2.371;;
966771;unknown;control;2023-12-02 02:15:00+00:00;2.49;;
966771;unknown;control;2023-12-02 02:30:00+00:00;1.886;;
966771;unknown;control;2023-12-02 02:45:00+00:00;1.653;;
966771;unknown;control;2023-12-02 03:00:00+00:00;0.667;;
966771;unknown;control;2023-12-02 03:15:00+00:00;0.542;;
966771;unknown;control;2023-12-02 03:30:00+00:00;0.578;;
966771;unknown;control;2023-12-02 03:45:00+00:00;1.117;;
966771;unknown;control;2023-12-02 04:00:00+00:00;1.274;;
966771;unknown;control;2023-12-02 04:15:00+00:00;0.577;;
966771;unknown;control;2023-12-02 04:30:00+00:00;0.523;;
966771;unknown;control;2023-12-02 04:45:00+00:00;0.449;;
966771;unknown;control;2023-12-02 05:00:00+00:00;0.911;;
966771;unknown;control;2023-12-02 05:15:00+00:00;1.228;;
966771;unknown;control;2023-12-02 05:30:00+00:00;1.304;;
966771;unknown;control;2023-12-02 05:45:00+00:00;1.194;;
966771;unknown;control;2023-12-02 06:00:00+00:00;0.873;;
966771;unknown;control;2023-12-02 06:15:00+00:00;0.492;;
966771;unknown;control;2023-12-02 06:30:00+00:00;0.48;;
966771;unknown;control;2023-12-02 06:45:00+00:00;0.589;;
966771;unknown;control;2023-12-02 07:00:00+00:00;1.115;;
966771;unknown;control;2023-12-02 07:15:00+00:00;1.166;;
966771;unknown;control;2023-12-02 07:30:00+00:00;1.17;;
966771;unknown;control;2023-12-02 07:45:00+00:00;1.177;;
966771;unknown;control;2023-12-02 08:00:00+00:00;1.111;;
966771;unknown;control;2023-12-02 08:15:00+00:00;0.859;;
966771;unknown;control;2023-12-02 08:30:00+00:00;1.051;;
966771;unknown;control;2023-12-02 08:45:00+00:00;0.322;;
966771;unknown;control;2023-12-02 09:00:00+00:00;0.442;;
966771;unknown;control;2023-12-02 09:15:00+00:00;0.3;;
966771;unknown;control;2023-12-02 09:30:00+00:00;0.379;;
966771;unknown;control;2023-12-02 09:45:00+00:00;0.283;;
966771;unknown;control;2023-12-02 10:00:00+00:00;0.384;;
966771;unknown;control;2023-12-02 10:15:00+00:00;0.275;;
966771;unknown;control;2023-12-02 10:30:00+00:00;0.386;;
966771;unknown;control;2023-12-02 10:45:00+00:00;0.469;;
966771;unknown;control;2023-12-02 11:00:00+00:00;1.153;;
966771;unknown;control;2023-12-02 11:15:00+00:00;1.138;;
966771;unknown;control;2023-12-02 11:30:00+00:00;1.082;;
966771;unknown;control;2023-12-02 11:45:00+00:00;0.332;;
966771;unknown;control;2023-12-02 12:00:00+00:00;0.708;;
966771;unknown;control;2023-12-02 12:15:00+00:00;0.358;;
966771;unknown;control;2023-12-02 12:30:00+00:00;0.413;;
966771;unknown;control;2023-12-02 12:45:00+00:00;0.506;;
966771;unknown;control;2023-12-02 13:00:00+00:00;1.159;;
966771;unknown;control;2023-12-02 13:15:00+00:00;1.138;;
966771;unknown;control;2023-12-02 13:30:00+00:00;1.173;;
966771;unknown;control;2023-12-02 13:45:00+00:00;0.672;;
966771;unknown;control;2023-12-02 14:00:00+00:00;0.324;;
966771;unknown;control;2023-12-02 14:15:00+00:00;0.44;;
966771;unknown;control;2023-12-02 14:30:00+00:00;0.722;;
966771;unknown;control;2023-12-02 14:45:00+00:00;1.152;;
966771;unknown;control;2023-12-02 15:00:00+00:00;0.483;;
966771;unknown;control;2023-12-02 15:15:00+00:00;0.628;;
966771;unknown;control;2023-12-02 15:30:00+00:00;1.257;;
966771;unknown;control;2023-12-02 15:45:00+00:00;1.363;;
966771;unknown;control;2023-12-02 16:00:00+00:00;1.211;;
966771;unknown;control;2023-12-02 16:15:00+00:00;1.234;;
966771;unknown;control;2023-12-02 16:30:00+00:00;1.259;;
966771;unknown;control;2023-12-02 16:45:00+00:00;1.263;;
966771;unknown;control;2023-12-02 17:00:00+00:00;1.537;;
966771;unknown;control;2023-12-02 17:15:00+00:00;0.998;;
966771;unknown;control;2023-12-02 17:30:00+00:00;0.819;;
966771;unknown;control;2023-12-02 17:45:00+00:00;0.648;;
966771;unknown;control;2023-12-02 18:00:00+00:00;0.905;;
966771;unknown;control;2023-12-02 18:15:00+00:00;1.214;;
966771;unknown;control;2023-12-02 18:30:00+00:00;1.227;;
966771;unknown;control;2023-12-02 18:45:00+00:00;0.945;;
966771;unknown;control;2023-12-02 19:00:00+00:00;0.879;;
966771;unknown;control;2023-12-02 19:15:00+00:00;0.739;;
966771;unknown;control;2023-12-02 19:30:00+00:00;1.068;;
966771;unknown;control;2023-12-02 19:45:00+00:00;1.481;;
966771;unknown;control;2023-12-02 20:00:00+00:00;1.286;;
966771;unknown;control;2023-12-02 20:15:00+00:00;1.213;;
966771;unknown;control;2023-12-02 20:30:00+00:00;1.252;;
966771;unknown;control;2023-12-02 20:45:00+00:00;0.533;;
966771;unknown;control;2023-12-02 21:00:00+00:00;0.474;;
966771;unknown;control;2023-12-02 21:15:00+00:00;0.746;;
966771;unknown;control;2023-12-02 21:30:00+00:00;0.649;;
966771;unknown;control;2023-12-02 21:45:00+00:00;1.193;;
966771;unknown;control;2023-12-02 22:00:00+00:00;1.212;;
966771;unknown;control;2023-12-02 22:15:00+00:00;1.3;;
966771;unknown;control;2023-12-02 22:30:00+00:00;1.234;;
966771;unknown;control;2023-12-02 22:45:00+00:00;1.295;;
966771;unknown;control;2023-12-02 23:00:00+00:00;1.258;;
966771;unknown;control;2023-12-02 23:15:00+00:00;1.088;;
966771;unknown;control;2023-12-02 23:30:00+00:00;0.946;;
966771;unknown;control;2023-12-02 23:45:00+00:00;1.266;;
966771;unknown;control;2023-12-03 00:00:00+00:00;1.288;;
966771;unknown;control;2023-12-03 00:15:00+00:00;1.291;;
966771;unknown;control;2023-12-03 00:30:00+00:00;1.273;;
966771;unknown;control;2023-12-03 00:45:00+00:00;1.272;;
966771;unknown;control;2023-12-03 01:00:00+00:00;1.29;;
966771;unknown;control;2023-12-03 01:15:00+00:00;1.271;;
966771;unknown;control;2023-12-03 01:30:00+00:00;2.384;;
966771;unknown;control;2023-12-03 01:45:00+00:00;2.426;;
966771;unknown;control;2023-12-03 02:00:00+00:00;2.44;;
966771;unknown;control;2023-12-03 02:15:00+00:00;2.437;;
966771;unknown;control;2023-12-03 02:30:00+00:00;2.345;;
966771;unknown;control;2023-12-03 02:45:00+00:00;1.929;;
966771;unknown;control;2023-12-03 03:00:00+00:00;2.356;;
966771;unknown;control;2023-12-03 03:15:00+00:00;2.445;;
966771;unknown;control;2023-12-03 03:30:00+00:00;2.446;;
966771;unknown;control;2023-12-03 03:45:00+00:00;2.424;;
966771;unknown;control;2023-12-03 04:00:00+00:00;1.429;;
966771;unknown;control;2023-12-03 04:15:00+00:00;0.578;;
966771;unknown;control;2023-12-03 04:30:00+00:00;1.11;;
966771;unknown;control;2023-12-03 04:45:00+00:00;1.259;;
966771;unknown;control;2023-12-03 05:00:00+00:00;1.261;;
966771;unknown;control;2023-12-03 05:15:00+00:00;1.262;;
966771;unknown;control;2023-12-03 05:30:00+00:00;1.268;;
966771;unknown;control;2023-12-03 05:45:00+00:00;1.248;;
966771;unknown;control;2023-12-03 06:00:00+00:00;1.255;;
966771;unknown;control;2023-12-03 06:15:00+00:00;1.274;;
966771;unknown;control;2023-12-03 06:30:00+00:00;1.198;;
966771;unknown;control;2023-12-03 06:45:00+00:00;0.78;;
966771;unknown;control;2023-12-03 07:00:00+00:00;1.225;;
966771;unknown;control;2023-12-03 07:15:00+00:00;1.54;;
966771;unknown;control;2023-12-03 07:30:00+00:00;1.845;;
966771;unknown;control;2023-12-03 07:45:00+00:00;1.468;;
966771;unknown;control;2023-12-03 08:00:00+00:00;1.519;;
966771;unknown;control;2023-12-03 08:15:00+00:00;1.449;;
966771;unknown;control;2023-12-03 08:30:00+00:00;1.293;;
966771;unknown;control;2023-12-03 08:45:00+00:00;1.33;;
966771;unknown;control;2023-12-03 09:00:00+00:00;1.295;;
966771;unknown;control;2023-12-03 09:15:00+00:00;1.249;;
966771;unknown;control;2023-12-03 09:30:00+00:00;1.098;;
966771;unknown;control;2023-12-03 09:45:00+00:00;0.623;;
966771;unknown;control;2023-12-03 10:00:00+00:00;0.245;;
966771;unknown;control;2023-12-03 10:15:00+00:00;0.3;;
966771;unknown;control;2023-12-03 10:30:00+00:00;0.503;;
966771;unknown;control;2023-12-03 10:45:00+00:00;0.92;;
966771;unknown;control;2023-12-03 11:00:00+00:00;1.197;;
966771;unknown;control;2023-12-03 11:15:00+00:00;1.463;;
966771;unknown;control;2023-12-03 11:30:00+00:00;1.104;;
966771;unknown;control;2023-12-03 11:45:00+00:00;1.212;;
966771;unknown;control;2023-12-03 12:00:00+00:00;1.149;;
966771;unknown;control;2023-12-03 12:15:00+00:00;0.644;;
966771;unknown;control;2023-12-03 12:30:00+00:00;0.42;;
966771;unknown;control;2023-12-03 12:45:00+00:00;0.671;;
966771;unknown;control;2023-12-03 13:00:00+00:00;1.132;;
966771;unknown;control;2023-12-03 13:15:00+00:00;0.953;;
966771;unknown;control;2023-12-03 13:30:00+00:00;1.396;;
966771;unknown;control;2023-12-03 13:45:00+00:00;1.741;;
966771;unknown;control;2023-12-03 14:00:00+00:00;1.551;;
966771;unknown;control;2023-12-03 14:15:00+00:00;1.329;;
966771;unknown;control;2023-12-03 14:30:00+00:00;1.34;;
966771;unknown;control;2023-12-03 14:45:00+00:00;1.699;;
966771;unknown;control;2023-12-03 15:00:00+00:00;1.303;;
966771;unknown;control;2023-12-03 15:15:00+00:00;1.398;;
966771;unknown;control;2023-12-03 15:30:00+00:00;0.594;;
966771;unknown;control;2023-12-03 15:45:00+00:00;0.68;;
966771;unknown;control;2023-12-03 16:00:00+00:00;1.228;;
966771;unknown;control;2023-12-03 16:15:00+00:00;1.374;;
966771;unknown;control;2023-12-03 16:30:00+00:00;1.685;;
966771;unknown;control;2023-12-03 16:45:00+00:00;1.742;;
966771;unknown;control;2023-12-03 17:00:00+00:00;1.636;;
966771;unknown;control;2023-12-03 17:15:00+00:00;1.565;;
966771;unknown;control;2023-12-03 17:30:00+00:00;1.443;;
966771;unknown;control;2023-12-03 17:45:00+00:00;1.351;;
966771;unknown;control;2023-12-03 18:00:00+00:00;1.376;;
966771;unknown;control;2023-12-03 18:15:00+00:00;1.359;;
966771;unknown;control;2023-12-03 18:30:00+00:00;1.339;;
966771;unknown;control;2023-12-03 18:45:00+00:00;0.597;;
966771;unknown;control;2023-12-03 19:00:00+00:00;0.827;;
966771;unknown;control;2023-12-03 19:15:00+00:00;0.989;;
966771;unknown;control;2023-12-03 19:30:00+00:00;1.397;;
966771;unknown;control;2023-12-03 19:45:00+00:00;1.44;;
966771;unknown;control;2023-12-03 20:00:00+00:00;1.463;;
966771;unknown;control;2023-12-03 20:15:00+00:00;1.434;;
966771;unknown;control;2023-12-03 20:30:00+00:00;1.421;;
966771;unknown;control;2023-12-03 20:45:00+00:00;1.34;;
966771;unknown;control;2023-12-03 21:00:00+00:00;1.326;;
966771;unknown;control;2023-12-03 21:15:00+00:00;1.297;;
966771;unknown;control;2023-12-03 21:30:00+00:00;0.598;;
966771;unknown;control;2023-12-03 21:45:00+00:00;0.669;;
966771;unknown;control;2023-12-03 22:00:00+00:00;1.073;;
966771;unknown;control;2023-12-03 22:15:00+00:00;0.901;;
966771;unknown;control;2023-12-03 22:30:00+00:00;1.307;;
966771;unknown;control;2023-12-03 22:45:00+00:00;1.321;;
966771;unknown;control;2023-12-03 23:00:00+00:00;1.3;;
966771;unknown;control;2023-12-03 23:15:00+00:00;1.295;;
966771;unknown;control;2023-12-03 23:30:00+00:00;1.302;;
966771;unknown;control;2023-12-03 23:45:00+00:00;1.303;;
966771;unknown;control;2023-12-04 00:00:00+00:00;1.312;;
966771;unknown;control;2023-12-04 00:15:00+00:00;1.201;;
966771;unknown;control;2023-12-04 00:30:00+00:00;1.344;;
966771;unknown;control;2023-12-04 00:45:00+00:00;1.321;;
966771;unknown;control;2023-12-04 01:00:00+00:00;1.306;;
966771;unknown;control;2023-12-04 01:15:00+00:00;0.81;;
966771;unknown;control;2023-12-04 01:30:00+00:00;2.275;;
966771;unknown;control;2023-12-04 01:45:00+00:00;2.485;;
966771;unknown;control;2023-12-04 02:00:00+00:00;2.473;;
966771;unknown;control;2023-12-04 02:15:00+00:00;2.469;;
966771;unknown;control;2023-12-04 02:30:00+00:00;2.467;;
966771;unknown;control;2023-12-04 02:45:00+00:00;2.432;;
966771;unknown;control;2023-12-04 03:00:00+00:00;2.459;;
966771;unknown;control;2023-12-04 03:15:00+00:00;2.11;;
966771;unknown;control;2023-12-04 03:30:00+00:00;0.828;;
966771;unknown;control;2023-12-04 03:45:00+00:00;0.53;;
966771;unknown;control;2023-12-04 04:00:00+00:00;0.527;;
966771;unknown;control;2023-12-04 04:15:00+00:00;0.699;;
966771;unknown;control;2023-12-04 04:30:00+00:00;1.146;;
966771;unknown;control;2023-12-04 04:45:00+00:00;1.302;;
966771;unknown;control;2023-12-04 05:00:00+00:00;1.302;;
966771;unknown;control;2023-12-04 05:15:00+00:00;1.299;;
966771;unknown;control;2023-12-04 05:30:00+00:00;1.39;;
966771;unknown;control;2023-12-04 05:45:00+00:00;1.298;;
966771;unknown;control;2023-12-04 06:00:00+00:00;1.327;;
966771;unknown;control;2023-12-04 06:15:00+00:00;1.633;;
966771;unknown;control;2023-12-04 06:30:00+00:00;1.386;;
966771;unknown;control;2023-12-04 06:45:00+00:00;1.375;;
966771;unknown;control;2023-12-04 07:00:00+00:00;1.344;;
966771;unknown;control;2023-12-04 07:15:00+00:00;0.93;;
966771;unknown;control;2023-12-04 07:30:00+00:00;1.092;;
966771;unknown;control;2023-12-04 07:45:00+00:00;1.234;;
966771;unknown;control;2023-12-04 08:00:00+00:00;1.233;;
966771;unknown;control;2023-12-04 08:15:00+00:00;1.199;;
966771;unknown;control;2023-12-04 08:30:00+00:00;1.176;;
966771;unknown;control;2023-12-04 08:45:00+00:00;0.469;;
966771;unknown;control;2023-12-04 09:00:00+00:00;0.442;;
966771;unknown;control;2023-12-04 09:15:00+00:00;0.382;;
966771;unknown;control;2023-12-04 09:30:00+00:00;0.422;;
966771;unknown;control;2023-12-04 09:45:00+00:00;1.311;;
966771;unknown;control;2023-12-04 10:00:00+00:00;1.196;;
966771;unknown;control;2023-12-04 10:15:00+00:00;0.88;;
966771;unknown;control;2023-12-04 10:30:00+00:00;0.243;;
966771;unknown;control;2023-12-04 10:45:00+00:00;0.27;;
966771;unknown;control;2023-12-04 11:00:00+00:00;0.219;;
966771;unknown;control;2023-12-04 11:15:00+00:00;0.195;;
966771;unknown;control;2023-12-04 11:30:00+00:00;0.216;;
966771;unknown;control;2023-12-04 11:45:00+00:00;0.217;;
966771;unknown;control;2023-12-04 12:00:00+00:00;0.47;;
966771;unknown;control;2023-12-04 12:15:00+00:00;0.84;;
966771;unknown;control;2023-12-04 12:30:00+00:00;1.181;;
966771;unknown;control;2023-12-04 12:45:00+00:00;1.363;;
966771;unknown;control;2023-12-04 13:00:00+00:00;1.241;;
966771;unknown;control;2023-12-04 13:15:00+00:00;1.233;;
966771;unknown;control;2023-12-04 13:30:00+00:00;0.936;;
966771;unknown;control;2023-12-04 13:45:00+00:00;0.44;;
966771;unknown;control;2023-12-04 14:00:00+00:00;0.421;;
966771;unknown;control;2023-12-04 14:15:00+00:00;0.76;;
966771;unknown;control;2023-12-04 14:30:00+00:00;1.269;;
966771;unknown;control;2023-12-04 14:45:00+00:00;1.408;;
966771;unknown;control;2023-12-04 15:00:00+00:00;0.696;;
966771;unknown;control;2023-12-04 15:15:00+00:00;1.128;;
966771;unknown;control;2023-12-04 15:30:00+00:00;1.38;;
966771;unknown;control;2023-12-04 15:45:00+00:00;1.394;;
966771;unknown;control;2023-12-04 16:00:00+00:00;1.409;;
966771;unknown;control;2023-12-04 16:15:00+00:00;1.013;;
966771;unknown;control;2023-12-04 16:30:00+00:00;1.325;;
966771;unknown;control;2023-12-04 16:45:00+00:00;1.368;;
966771;unknown;control;2023-12-04 17:00:00+00:00;1.374;;
966771;unknown;control;2023-12-04 17:15:00+00:00;1.23;;
966771;unknown;control;2023-12-04 17:30:00+00:00;0.95;;
966771;unknown;control;2023-12-04 17:45:00+00:00;0.443;;
966771;unknown;control;2023-12-04 18:00:00+00:00;0.563;;
966771;unknown;control;2023-12-04 18:15:00+00:00;0.928;;
966771;unknown;control;2023-12-04 18:30:00+00:00;1.174;;
966771;unknown;control;2023-12-04 18:45:00+00:00;1.275;;
966771;unknown;control;2023-12-04 19:00:00+00:00;1.383;;
966771;unknown;control;2023-12-04 19:15:00+00:00;0.877;;
966771;unknown;control;2023-12-04 19:30:00+00:00;0.606;;
966771;unknown;control;2023-12-04 19:45:00+00:00;0.935;;
966771;unknown;control;2023-12-04 20:00:00+00:00;1.272;;
966771;unknown;control;2023-12-04 20:15:00+00:00;1.272;;
966771;unknown;control;2023-12-04 20:30:00+00:00;0.854;;
966771;unknown;control;2023-12-04 20:45:00+00:00;1.27;;
966771;unknown;control;2023-12-04 21:00:00+00:00;1.342;;
966771;unknown;control;2023-12-04 21:15:00+00:00;0.428;;
966771;unknown;control;2023-12-04 21:30:00+00:00;0.393;;
966771;unknown;control;2023-12-04 21:45:00+00:00;0.424;;
966771;unknown;control;2023-12-04 22:00:00+00:00;0.904;;
966771;unknown;control;2023-12-04 22:15:00+00:00;0.933;;
966771;unknown;control;2023-12-04 22:30:00+00:00;1.277;;
966771;unknown;control;2023-12-04 22:45:00+00:00;1.232;;
966771;unknown;control;2023-12-04 23:00:00+00:00;0.467;;
966771;unknown;control;2023-12-04 23:15:00+00:00;0.424;;
966771;unknown;control;2023-12-04 23:30:00+00:00;0.579;;
966771;unknown;control;2023-12-04 23:45:00+00:00;0.848;;
966771;unknown;control;2023-12-05 00:00:00+00:00;1.148;;
966771;unknown;control;2023-12-05 00:15:00+00:00;0.931;;
966771;unknown;control;2023-12-05 00:30:00+00:00;0.402;;
966771;unknown;control;2023-12-05 00:45:00+00:00;0.393;;
966771;unknown;control;2023-12-05 01:00:00+00:00;0.325;;
966771;unknown;control;2023-12-05 01:15:00+00:00;0.393;;
966771;unknown;control;2023-12-05 01:30:00+00:00;1.657;;
966771;unknown;control;2023-12-05 01:45:00+00:00;2.271;;
966771;unknown;control;2023-12-05 02:00:00+00:00;2.374;;
966771;unknown;control;2023-12-05 02:15:00+00:00;2.392;;
966771;unknown;control;2023-12-05 02:30:00+00:00;2.115;;
966771;unknown;control;2023-12-05 02:45:00+00:00;1.623;;
966771;unknown;control;2023-12-05 03:00:00+00:00;1.578;;
966771;unknown;control;2023-12-05 03:15:00+00:00;0.362;;
966771;unknown;control;2023-12-05 03:30:00+00:00;0.449;;
966771;unknown;control;2023-12-05 03:45:00+00:00;0.96;;
966771;unknown;control;2023-12-05 04:00:00+00:00;1.206;;
966771;unknown;control;2023-12-05 04:15:00+00:00;0.461;;
966771;unknown;control;2023-12-05 04:30:00+00:00;0.414;;
966771;unknown;control;2023-12-05 04:45:00+00:00;0.387;;
966771;unknown;control;2023-12-05 05:00:00+00:00;0.352;;
966771;unknown;control;2023-12-05 05:15:00+00:00;0.383;;
966771;unknown;control;2023-12-05 05:30:00+00:00;1.213;;
966771;unknown;control;2023-12-05 05:45:00+00:00;2.405;;
966771;unknown;control;2023-12-05 06:00:00+00:00;0.51;;
966771;unknown;control;2023-12-05 06:15:00+00:00;0.412;;
966771;unknown;control;2023-12-05 06:30:00+00:00;0.293;;
966771;unknown;control;2023-12-05 06:45:00+00:00;0.438;;
966771;unknown;control;2023-12-05 07:00:00+00:00;1.023;;
966771;unknown;control;2023-12-05 07:15:00+00:00;1.097;;
966771;unknown;control;2023-12-05 07:30:00+00:00;0.978;;
966771;unknown;control;2023-12-05 07:45:00+00:00;0.603;;
966771;unknown;control;2023-12-05 08:00:00+00:00;0.248;;
966771;unknown;control;2023-12-05 08:15:00+00:00;0.442;;
966771;unknown;control;2023-12-05 08:30:00+00:00;1.752;;
966771;unknown;control;2023-12-05 08:45:00+00:00;0.463;;
966771;unknown;control;2023-12-05 09:00:00+00:00;0.252;;
966771;unknown;control;2023-12-05 09:15:00+00:00;0.263;;
966771;unknown;control;2023-12-05 09:30:00+00:00;0.239;;
966771;unknown;control;2023-12-05 09:45:00+00:00;0.268;;
966771;unknown;control;2023-12-05 10:00:00+00:00;0.243;;
966771;unknown;control;2023-12-05 10:15:00+00:00;0.107;;
966771;unknown;control;2023-12-05 10:30:00+00:00;0.112;;
966771;unknown;control;2023-12-05 10:45:00+00:00;0.128;;
966771;unknown;control;2023-12-05 11:00:00+00:00;0.12;;
966771;unknown;control;2023-12-05 11:15:00+00:00;0.129;;
966771;unknown;control;2023-12-05 11:30:00+00:00;0.129;;
966771;unknown;control;2023-12-05 11:45:00+00:00;0.114;;
966771;unknown;control;2023-12-05 12:00:00+00:00;0.163;;
966771;unknown;control;2023-12-05 12:15:00+00:00;0.877;;
966771;unknown;control;2023-12-05 12:30:00+00:00;0.871;;
966771;unknown;control;2023-12-05 12:45:00+00:00;0.264;;
966771;unknown;control;2023-12-05 13:00:00+00:00;0.147;;
966771;unknown;control;2023-12-05 13:15:00+00:00;0.301;;
966771;unknown;control;2023-12-05 13:30:00+00:00;0.336;;
966771;unknown;control;2023-12-05 13:45:00+00:00;0.338;;
966771;unknown;control;2023-12-05 14:00:00+00:00;0.343;;
966771;unknown;control;2023-12-05 14:15:00+00:00;0.858;;
966771;unknown;control;2023-12-05 14:30:00+00:00;1.182;;
966771;unknown;control;2023-12-05 14:45:00+00:00;0.568;;
966771;unknown;control;2023-12-05 15:00:00+00:00;0.332;;
966771;unknown;control;2023-12-05 15:15:00+00:00;0.416;;
966771;unknown;control;2023-12-05 15:30:00+00:00;0.907;;
966771;unknown;control;2023-12-05 15:45:00+00:00;1.097;;
966771;unknown;control;2023-12-05 16:00:00+00:00;0.541;;
966771;unknown;control;2023-12-05 16:15:00+00:00;0.439;;
966771;unknown;control;2023-12-05 16:30:00+00:00;0.38;;
966771;unknown;control;2023-12-05 16:45:00+00:00;1.166;;
966771;unknown;control;2023-12-05 17:00:00+00:00;1.663;;
966771;unknown;control;2023-12-05 17:15:00+00:00;1.085;;
966771;unknown;control;2023-12-05 17:30:00+00:00;0.636;;
966771;unknown;control;2023-12-05 17:45:00+00:00;0.616;;
966771;unknown;control;2023-12-05 18:00:00+00:00;1.205;;
966771;unknown;control;2023-12-05 18:15:00+00:00;1.112;;
966771;unknown;control;2023-12-05 18:30:00+00:00;0.539;;
966771;unknown;control;2023-12-05 18:45:00+00:00;0.55;;
966771;unknown;control;2023-12-05 19:00:00+00:00;0.89;;
966771;unknown;control;2023-12-05 19:15:00+00:00;1.298;;
966771;unknown;control;2023-12-05 19:30:00+00:00;0.873;;
966771;unknown;control;2023-12-05 19:45:00+00:00;0.52;;
966771;unknown;control;2023-12-05 20:00:00+00:00;0.509;;
966771;unknown;control;2023-12-05 20:15:00+00:00;1.019;;
966771;unknown;control;2023-12-05 20:30:00+00:00;1.394;;
966771;unknown;control;2023-12-05 20:45:00+00:00;0.555;;
966771;unknown;control;2023-12-05 21:00:00+00:00;0.398;;
966771;unknown;control;2023-12-05 21:15:00+00:00;0.54;;
966771;unknown;control;2023-12-05 21:30:00+00:00;0.764;;
966771;unknown;control;2023-12-05 21:45:00+00:00;1.186;;
966771;unknown;control;2023-12-05 22:00:00+00:00;1.014;;
966771;unknown;control;2023-12-05 22:15:00+00:00;1.159;;
966771;unknown;control;2023-12-05 22:30:00+00:00;0.507;;
966771;unknown;control;2023-12-05 22:45:00+00:00;0.438;;
966771;unknown;control;2023-12-05 23:00:00+00:00;0.412;;
966771;unknown;control;2023-12-05 23:15:00+00:00;0.417;;
966771;unknown;control;2023-12-05 23:30:00+00:00;0.334;;
966771;unknown;control;2023-12-05 23:45:00+00:00;0.371;;
966771;unknown;control;2023-12-06 00:00:00+00:00;0.941;;
966771;unknown;control;2023-12-06 00:15:00+00:00;1.112;;
966771;unknown;control;2023-12-06 00:30:00+00:00;0.398;;
966771;unknown;control;2023-12-06 00:45:00+00:00;0.41;;
966771;unknown;control;2023-12-06 01:00:00+00:00;0.412;;
966771;unknown;control;2023-12-06 01:15:00+00:00;0.389;;
966771;unknown;control;2023-12-06 01:30:00+00:00;1.979;;
966771;unknown;control;2023-12-06 01:45:00+00:00;2.329;;
966771;unknown;control;2023-12-06 02:00:00+00:00;1.742;;
966771;unknown;control;2023-12-06 02:15:00+00:00;1.408;;
966771;unknown;control;2023-12-06 02:30:00+00:00;0.377;;
966771;unknown;control;2023-12-06 02:45:00+00:00;0.394;;
966771;unknown;control;2023-12-06 03:00:00+00:00;1.14;;
966771;unknown;control;2023-12-06 03:15:00+00:00;1.031;;
966771;unknown;control;2023-12-06 03:30:00+00:00;0.422;;
966771;unknown;control;2023-12-06 03:45:00+00:00;0.372;;
966771;unknown;control;2023-12-06 04:00:00+00:00;0.35;;
966771;unknown;control;2023-12-06 04:15:00+00:00;0.438;;
966771;unknown;control;2023-12-06 04:30:00+00:00;1.126;;
966771;unknown;control;2023-12-06 04:45:00+00:00;1.006;;
966771;unknown;control;2023-12-06 05:00:00+00:00;0.365;;
966771;unknown;control;2023-12-06 05:15:00+00:00;0.323;;
966771;unknown;control;2023-12-06 05:30:00+00:00;0.606;;
966771;unknown;control;2023-12-06 05:45:00+00:00;1.983;;
966771;unknown;control;2023-12-06 06:00:00+00:00;1.091;;
966771;unknown;control;2023-12-06 06:15:00+00:00;0.738;;
966771;unknown;control;2023-12-06 06:30:00+00:00;0.419;;
966771;unknown;control;2023-12-06 06:45:00+00:00;0.328;;
966771;unknown;control;2023-12-06 07:00:00+00:00;0.635;;
966771;unknown;control;2023-12-06 07:15:00+00:00;1.246;;
966771;unknown;control;2023-12-06 07:30:00+00:00;0.977;;
966771;unknown;control;2023-12-06 07:45:00+00:00;0.509;;
966771;unknown;control;2023-12-06 08:00:00+00:00;0.46;;
966771;unknown;control;2023-12-06 08:15:00+00:00;0.25;;
966771;unknown;control;2023-12-06 08:30:00+00:00;0.353;;
966771;unknown;control;2023-12-06 08:45:00+00:00;0.265;;
966771;unknown;control;2023-12-06 09:00:00+00:00;0.228;;
966771;unknown;control;2023-12-06 09:15:00+00:00;0.469;;
966771;unknown;control;2023-12-06 09:30:00+00:00;0.975;;
966771;unknown;control;2023-12-06 09:45:00+00:00;1.043;;
966771;unknown;control;2023-12-06 10:00:00+00:00;0.501;;
966771;unknown;control;2023-12-06 10:15:00+00:00;0.489;;
966771;unknown;control;2023-12-06 10:30:00+00:00;0.421;;
966771;unknown;control;2023-12-06 10:45:00+00:00;0.974;;
966771;unknown;control;2023-12-06 11:00:00+00:00;1.236;;
966771;unknown;control;2023-12-06 11:15:00+00:00;0.649;;
966771;unknown;control;2023-12-06 11:30:00+00:00;0.282;;
966771;unknown;control;2023-12-06 11:45:00+00:00;0.238;;
966771;unknown;control;2023-12-06 12:00:00+00:00;0.238;;
966771;unknown;control;2023-12-06 12:15:00+00:00;0.269;;
966771;unknown;control;2023-12-06 12:30:00+00:00;0.39;;
966771;unknown;control;2023-12-06 12:45:00+00:00;0.983;;
966771;unknown;control;2023-12-06 13:00:00+00:00;0.955;;
966771;unknown;control;2023-12-06 13:15:00+00:00;0.298;;
966771;unknown;control;2023-12-06 13:30:00+00:00;0.244;;
966771;unknown;control;2023-12-06 13:45:00+00:00;0.288;;
966771;unknown;control;2023-12-06 14:00:00+00:00;0.354;;
966771;unknown;control;2023-12-06 14:15:00+00:00;0.871;;
966771;unknown;control;2023-12-06 14:30:00+00:00;1.143;;
966771;unknown;control;2023-12-06 14:45:00+00:00;0.325;;
966771;unknown;control;2023-12-06 15:00:00+00:00;0.275;;
966771;unknown;control;2023-12-06 15:15:00+00:00;0.433;;
966771;unknown;control;2023-12-06 15:30:00+00:00;0.408;;
966771;unknown;control;2023-12-06 15:45:00+00:00;1.043;;
966771;unknown;control;2023-12-06 16:00:00+00:00;1.28;;
966771;unknown;control;2023-12-06 16:15:00+00:00;0.799;;
966771;unknown;control;2023-12-06 16:30:00+00:00;0.556;;
966771;unknown;control;2023-12-06 16:45:00+00:00;0.401;;
966771;unknown;control;2023-12-06 17:00:00+00:00;1.023;;
966771;unknown;control;2023-12-06 17:15:00+00:00;1.178;;
966771;unknown;control;2023-12-06 17:30:00+00:00;0.559;;
966771;unknown;control;2023-12-06 17:45:00+00:00;0.408;;
966771;unknown;control;2023-12-06 18:00:00+00:00;0.283;;
966771;unknown;control;2023-12-06 18:15:00+00:00;0.85;;
966771;unknown;control;2023-12-06 18:30:00+00:00;1.139;;
966771;unknown;control;2023-12-06 18:45:00+00:00;0.614;;
966771;unknown;control;2023-12-06 19:00:00+00:00;0.428;;
966771;unknown;control;2023-12-06 19:15:00+00:00;0.313;;
966771;unknown;control;2023-12-06 19:30:00+00:00;0.667;;
966771;unknown;control;2023-12-06 19:45:00+00:00;1.161;;
966771;unknown;control;2023-12-06 20:00:00+00:00;0.679;;
966771;unknown;control;2023-12-06 20:15:00+00:00;0.432;;
966771;unknown;control;2023-12-06 20:30:00+00:00;0.311;;
966771;unknown;control;2023-12-06 20:45:00+00:00;0.782;;
966771;unknown;control;2023-12-06 21:00:00+00:00;1.09;;
966771;unknown;control;2023-12-06 21:15:00+00:00;0.407;;
966771;unknown;control;2023-12-06 21:30:00+00:00;0.322;;
966771;unknown;control;2023-12-06 21:45:00+00:00;0.305;;
966771;unknown;control;2023-12-06 22:00:00+00:00;1.008;;
966771;unknown;control;2023-12-06 22:15:00+00:00;1.026;;
966771;unknown;control;2023-12-06 22:30:00+00:00;0.444;;
966771;unknown;control;2023-12-06 22:45:00+00:00;0.317;;
966771;unknown;control;2023-12-06 23:00:00+00:00;0.353;;
966771;unknown;control;2023-12-06 23:15:00+00:00;0.776;;
966771;unknown;control;2023-12-06 23:30:00+00:00;1.035;;
966771;unknown;control;2023-12-06 23:45:00+00:00;1.159;;
966771;unknown;control;2023-12-07 00:00:00+00:00;0.792;;
966771;unknown;control;2023-12-07 00:15:00+00:00;0.325;;
966771;unknown;control;2023-12-07 00:30:00+00:00;0.383;;
966771;unknown;control;2023-12-07 00:45:00+00:00;0.285;;
966771;unknown;control;2023-12-07 01:00:00+00:00;0.55;;
966771;unknown;control;2023-12-07 01:15:00+00:00;1.104;;
966771;unknown;control;2023-12-07 01:30:00+00:00;2.239;;
966771;unknown;control;2023-12-07 01:45:00+00:00;2.224;;
966771;unknown;control;2023-12-07 02:00:00+00:00;1.513;;
966771;unknown;control;2023-12-07 02:15:00+00:00;1.537;;
966771;unknown;control;2023-12-07 02:30:00+00:00;1.53;;
966771;unknown;control;2023-12-07 02:45:00+00:00;1.149;;
966771;unknown;control;2023-12-07 03:00:00+00:00;1.095;;
966771;unknown;control;2023-12-07 03:15:00+00:00;0.864;;
966771;unknown;control;2023-12-07 03:30:00+00:00;0.302;;
966771;unknown;control;2023-12-07 03:45:00+00:00;0.359;;
966771;unknown;control;2023-12-07 04:00:00+00:00;0.54;;
966771;unknown;control;2023-12-07 04:15:00+00:00;0.519;;
966771;unknown;control;2023-12-07 04:30:00+00:00;1.133;;
966771;unknown;control;2023-12-07 04:45:00+00:00;1.194;;
966771;unknown;control;2023-12-07 05:00:00+00:00;0.568;;
966771;unknown;control;2023-12-07 05:15:00+00:00;0.359;;
966771;unknown;control;2023-12-07 05:30:00+00:00;0.438;;
966771;unknown;control;2023-12-07 05:45:00+00:00;0.817;;
966771;unknown;control;2023-12-07 06:00:00+00:00;1.094;;
966771;unknown;control;2023-12-07 06:15:00+00:00;1.184;;
966771;unknown;control;2023-12-07 06:30:00+00:00;0.731;;
966771;unknown;control;2023-12-07 06:45:00+00:00;1.149;;
966771;unknown;control;2023-12-07 07:00:00+00:00;0.454;;
966771;unknown;control;2023-12-07 07:15:00+00:00;1.022;;
966771;unknown;control;2023-12-07 07:30:00+00:00;1.217;;
966771;unknown;control;2023-12-07 07:45:00+00:00;0.852;;
966771;unknown;control;2023-12-07 08:00:00+00:00;0.953;;
966771;unknown;control;2023-12-07 08:15:00+00:00;0.636;;
966771;unknown;control;2023-12-07 08:30:00+00:00;0.726;;
966771;unknown;control;2023-12-07 08:45:00+00:00;1.34;;
966771;unknown;control;2023-12-07 09:00:00+00:00;1.163;;
966771;unknown;control;2023-12-07 09:15:00+00:00;0.773;;
966771;unknown;control;2023-12-07 09:30:00+00:00;0.497;;
966771;unknown;control;2023-12-07 09:45:00+00:00;0.298;;
966771;unknown;control;2023-12-07 10:00:00+00:00;0.203;;
966771;unknown;control;2023-12-07 10:15:00+00:00;0.21;;
966771;unknown;control;2023-12-07 10:30:00+00:00;0.4;;
966771;unknown;control;2023-12-07 10:45:00+00:00;0.961;;
966771;unknown;control;2023-12-07 11:00:00+00:00;0.915;;
966771;unknown;control;2023-12-07 11:15:00+00:00;0.452;;
966771;unknown;control;2023-12-07 11:30:00+00:00;0.491;;
966771;unknown;control;2023-12-07 11:45:00+00:00;0.239;;
966771;unknown;control;2023-12-07 12:00:00+00:00;0.273;;
966771;unknown;control;2023-12-07 12:15:00+00:00;0.27;;
966771;unknown;control;2023-12-07 12:30:00+00:00;0.601;;
966771;unknown;control;2023-12-07 12:45:00+00:00;0.545;;
966771;unknown;control;2023-12-07 13:00:00+00:00;0.497;;
966771;unknown;control;2023-12-07 13:15:00+00:00;0.612;;
966771;unknown;control;2023-12-07 13:30:00+00:00;1.392;;
966771;unknown;control;2023-12-07 13:45:00+00:00;1.264;;
966771;unknown;control;2023-12-07 14:00:00+00:00;0.672;;
966771;unknown;control;2023-12-07 14:15:00+00:00;0.503;;
966771;unknown;control;2023-12-07 14:30:00+00:00;0.583;;
966771;unknown;control;2023-12-07 14:45:00+00:00;0.827;;
966771;unknown;control;2023-12-07 15:00:00+00:00;0.413;;
966771;unknown;control;2023-12-07 15:15:00+00:00;0.751;;
966771;unknown;control;2023-12-07 15:30:00+00:00;0.93;;
966771;unknown;control;2023-12-07 15:45:00+00:00;1.118;;
966771;unknown;control;2023-12-07 16:00:00+00:00;1.197;;
966771;unknown;control;2023-12-07 16:15:00+00:00;1.22;;
966771;unknown;control;2023-12-07 16:30:00+00:00;1.22;;
966771;unknown;control;2023-12-07 16:45:00+00:00;0.826;;
966771;unknown;control;2023-12-07 17:00:00+00:00;0.453;;
966771;unknown;control;2023-12-07 17:15:00+00:00;0.444;;
966771;unknown;control;2023-12-07 17:30:00+00:00;0.807;;
966771;unknown;control;2023-12-07 17:45:00+00:00;1.256;;
966771;unknown;control;2023-12-07 18:00:00+00:00;1.311;;
966771;unknown;control;2023-12-07 18:15:00+00:00;1.247;;
966771;unknown;control;2023-12-07 18:30:00+00:00;1.251;;
966771;unknown;control;2023-12-07 18:45:00+00:00;0.496;;
966771;unknown;control;2023-12-07 19:00:00+00:00;0.423;;
966771;unknown;control;2023-12-07 19:15:00+00:00;0.505;;
966771;unknown;control;2023-12-07 19:30:00+00:00;1.02;;
966771;unknown;control;2023-12-07 19:45:00+00:00;1.281;;
966771;unknown;control;2023-12-07 20:00:00+00:00;1.314;;
966771;unknown;control;2023-12-07 20:15:00+00:00;0.425;;
966771;unknown;control;2023-12-07 20:30:00+00:00;0.471;;
966771;unknown;control;2023-12-07 20:45:00+00:00;0.488;;
966771;unknown;control;2023-12-07 21:00:00+00:00;0.451;;
966771;unknown;control;2023-12-07 21:15:00+00:00;1.17;;
966771;unknown;control;2023-12-07 21:30:00+00:00;0.442;;
966771;unknown;control;2023-12-07 21:45:00+00:00;0.395;;
966771;unknown;control;2023-12-07 22:00:00+00:00;0.957;;
966771;unknown;control;2023-12-07 22:15:00+00:00;0.859;;
966771;unknown;control;2023-12-07 22:30:00+00:00;1.139;;
966771;unknown;control;2023-12-07 22:45:00+00:00;1.188;;
966771;unknown;control;2023-12-07 23:00:00+00:00;1.115;;
966771;unknown;control;2023-12-07 23:15:00+00:00;0.344;;
966771;unknown;control;2023-12-07 23:30:00+00:00;0.382;;
966771;unknown;control;2023-12-07 23:45:00+00:00;0.4;;
966771;unknown;control;2023-12-08 00:00:00+00:00;0.383;;
966771;unknown;control;2023-12-08 00:15:00+00:00;0.755;;
966771;unknown;control;2023-12-08 00:30:00+00:00;1.15;;
966771;unknown;control;2023-12-08 00:45:00+00:00;1.158;;
966771;unknown;control;2023-12-08 01:00:00+00:00;1.152;;
966771;unknown;control;2023-12-08 01:15:00+00:00;0.507;;
966771;unknown;control;2023-12-08 01:30:00+00:00;1.573;;
966771;unknown;control;2023-12-08 01:45:00+00:00;1.606;;
966771;unknown;control;2023-12-08 02:00:00+00:00;1.608;;
966771;unknown;control;2023-12-08 02:15:00+00:00;1.609;;
966771;unknown;control;2023-12-08 02:30:00+00:00;2.184;;
966771;unknown;control;2023-12-08 02:45:00+00:00;1.166;;
966771;unknown;control;2023-12-08 03:00:00+00:00;1.157;;
966771;unknown;control;2023-12-08 03:15:00+00:00;1.053;;
966771;unknown;control;2023-12-08 03:30:00+00:00;0.412;;
966771;unknown;control;2023-12-08 03:45:00+00:00;0.4;;
966771;unknown;control;2023-12-08 04:00:00+00:00;0.356;;
966771;unknown;control;2023-12-08 04:15:00+00:00;0.319;;
966771;unknown;control;2023-12-08 04:30:00+00:00;0.554;;
966771;unknown;control;2023-12-08 04:45:00+00:00;1.109;;
966771;unknown;control;2023-12-08 05:00:00+00:00;1.128;;
966771;unknown;control;2023-12-08 05:15:00+00:00;0.673;;
966771;unknown;control;2023-12-08 05:30:00+00:00;0.422;;
966771;unknown;control;2023-12-08 05:45:00+00:00;0.427;;
966771;unknown;control;2023-12-08 06:00:00+00:00;0.493;;
966771;unknown;control;2023-12-08 06:15:00+00:00;0.352;;
966771;unknown;control;2023-12-08 06:30:00+00:00;0.445;;
966771;unknown;control;2023-12-08 06:45:00+00:00;0.927;;
966771;unknown;control;2023-12-08 07:00:00+00:00;1.135;;
966771;unknown;control;2023-12-08 07:15:00+00:00;1.066;;
966771;unknown;control;2023-12-08 07:30:00+00:00;0.308;;
966771;unknown;control;2023-12-08 07:45:00+00:00;0.421;;
966771;unknown;control;2023-12-08 08:00:00+00:00;0.282;;
966771;unknown;control;2023-12-08 08:15:00+00:00;0.403;;
966771;unknown;control;2023-12-08 08:30:00+00:00;1.065;;
966771;unknown;control;2023-12-08 08:45:00+00:00;1.594;;
966771;unknown;control;2023-12-08 09:00:00+00:00;0.353;;
966771;unknown;control;2023-12-08 09:15:00+00:00;0.303;;
966771;unknown;control;2023-12-08 09:30:00+00:00;0.335;;
966771;unknown;control;2023-12-08 09:45:00+00:00;0.272;;
966771;unknown;control;2023-12-08 10:00:00+00:00;0.282;;
966771;unknown;control;2023-12-08 10:15:00+00:00;0.359;;
966771;unknown;control;2023-12-08 10:30:00+00:00;0.27;;
966771;unknown;control;2023-12-08 10:45:00+00:00;0.261;;
966771;unknown;control;2023-12-08 11:00:00+00:00;0.344;;
966771;unknown;control;2023-12-08 11:15:00+00:00;0.287;;
966771;unknown;control;2023-12-08 11:30:00+00:00;0.238;;
966771;unknown;control;2023-12-08 11:45:00+00:00;0.456;;
966771;unknown;control;2023-12-08 12:00:00+00:00;1.254;;
966771;unknown;control;2023-12-08 12:15:00+00:00;0.723;;
966771;unknown;control;2023-12-08 12:30:00+00:00;0.428;;
966771;unknown;control;2023-12-08 12:45:00+00:00;0.477;;
966771;unknown;control;2023-12-08 13:00:00+00:00;0.348;;
966771;unknown;control;2023-12-08 13:15:00+00:00;0.245;;
966771;unknown;control;2023-12-08 13:30:00+00:00;0.25;;
966771;unknown;control;2023-12-08 13:45:00+00:00;0.295;;
966771;unknown;control;2023-12-08 14:00:00+00:00;0.326;;
966771;unknown;control;2023-12-08 14:15:00+00:00;0.244;;
966771;unknown;control;2023-12-08 14:30:00+00:00;0.255;;
966771;unknown;control;2023-12-08 14:45:00+00:00;0.384;;
966771;unknown;control;2023-12-08 15:00:00+00:00;0.494;;
966771;unknown;control;2023-12-08 15:15:00+00:00;1.084;;
966771;unknown;control;2023-12-08 15:30:00+00:00;0.848;;
966771;unknown;control;2023-12-08 15:45:00+00:00;0.282;;
966771;unknown;control;2023-12-08 16:00:00+00:00;0.41;;
966771;unknown;control;2023-12-08 16:15:00+00:00;0.426;;
966771;unknown;control;2023-12-08 16:30:00+00:00;1.113;;
966771;unknown;control;2023-12-08 16:45:00+00:00;0.813;;
966771;unknown;control;2023-12-08 17:00:00+00:00;0.683;;
966771;unknown;control;2023-12-08 17:15:00+00:00;0.535;;
966771;unknown;control;2023-12-08 17:30:00+00:00;0.287;;
966771;unknown;control;2023-12-08 17:45:00+00:00;1.047;;
966771;unknown;control;2023-12-08 18:00:00+00:00;0.875;;
966771;unknown;control;2023-12-08 18:15:00+00:00;0.374;;
966771;unknown;control;2023-12-08 18:30:00+00:00;0.416;;
966771;unknown;control;2023-12-08 18:45:00+00:00;0.312;;
966771;unknown;control;2023-12-08 19:00:00+00:00;0.342;;
966771;unknown;control;2023-12-08 19:15:00+00:00;0.422;;
966771;unknown;control;2023-12-08 19:30:00+00:00;0.304;;
966771;unknown;control;2023-12-08 19:45:00+00:00;0.414;;
966771;unknown;control;2023-12-08 20:00:00+00:00;0.315;;
966771;unknown;control;2023-12-08 20:15:00+00:00;0.343;;
966771;unknown;control;2023-12-08 20:30:00+00:00;0.377;;
966771;unknown;control;2023-12-08 20:45:00+00:00;0.293;;
966771;unknown;control;2023-12-08 21:00:00+00:00;0.358;;
966771;unknown;control;2023-12-08 21:15:00+00:00;0.263;;
966771;unknown;control;2023-12-08 21:30:00+00:00;0.736;;
966771;unknown;control;2023-12-08 21:45:00+00:00;1.039;;
966771;unknown;control;2023-12-08 22:00:00+00:00;0.593;;
966771;unknown;control;2023-12-08 22:15:00+00:00;0.325;;
966771;unknown;control;2023-12-08 22:30:00+00:00;0.231;;
966771;unknown;control;2023-12-08 22:45:00+00:00;0.365;;
966771;unknown;control;2023-12-08 23:00:00+00:00;0.258;;
966771;unknown;control;2023-12-08 23:15:00+00:00;0.309;;
966771;unknown;control;2023-12-08 23:30:00+00:00;0.311;;
966771;unknown;control;2023-12-08 23:45:00+00:00;0.627;;
966771;unknown;control;2023-12-09 00:00:00+00:00;1.115;;
966771;unknown;control;2023-12-09 00:15:00+00:00;0.603;;
966771;unknown;control;2023-12-09 00:30:00+00:00;0.37;;
966771;unknown;control;2023-12-09 00:45:00+00:00;0.23;;
966771;unknown;control;2023-12-09 01:00:00+00:00;0.29;;
966771;unknown;control;2023-12-09 01:15:00+00:00;0.298;;
966771;unknown;control;2023-12-09 01:30:00+00:00;1.423;;
966771;unknown;control;2023-12-09 01:45:00+00:00;1.525;;
966771;unknown;control;2023-12-09 02:00:00+00:00;1.479;;
966771;unknown;control;2023-12-09 02:15:00+00:00;1.447;;
966771;unknown;control;2023-12-09 02:30:00+00:00;2.015;;
966771;unknown;control;2023-12-09 02:45:00+00:00;1.016;;
966771;unknown;control;2023-12-09 03:00:00+00:00;0.514;;
966771;unknown;control;2023-12-09 03:15:00+00:00;0.295;;
966771;unknown;control;2023-12-09 03:30:00+00:00;0.229;;
966771;unknown;control;2023-12-09 03:45:00+00:00;0.342;;
966771;unknown;control;2023-12-09 04:00:00+00:00;0.248;;
966771;unknown;control;2023-12-09 04:15:00+00:00;0.476;;
966771;unknown;control;2023-12-09 04:30:00+00:00;1.058;;
966771;unknown;control;2023-12-09 04:45:00+00:00;0.882;;
966771;unknown;control;2023-12-09 05:00:00+00:00;0.341;;
966771;unknown;control;2023-12-09 05:15:00+00:00;0.223;;
966771;unknown;control;2023-12-09 05:30:00+00:00;0.322;;
966771;unknown;control;2023-12-09 05:45:00+00:00;0.28;;
966771;unknown;control;2023-12-09 06:00:00+00:00;0.291;;
966771;unknown;control;2023-12-09 06:15:00+00:00;0.376;;
966771;unknown;control;2023-12-09 06:30:00+00:00;0.237;;
966771;unknown;control;2023-12-09 06:45:00+00:00;0.29;;
966771;unknown;control;2023-12-09 07:00:00+00:00;0.312;;
966771;unknown;control;2023-12-09 07:15:00+00:00;0.738;;
966771;unknown;control;2023-12-09 07:30:00+00:00;0.957;;
966771;unknown;control;2023-12-09 07:45:00+00:00;0.304;;
966771;unknown;control;2023-12-09 08:00:00+00:00;0.354;;
966771;unknown;control;2023-12-09 08:15:00+00:00;0.298;;
966771;unknown;control;2023-12-09 08:30:00+00:00;0.211;;
966771;unknown;control;2023-12-09 08:45:00+00:00;0.131;;
966771;unknown;control;2023-12-09 09:00:00+00:00;0.127;;
966771;unknown;control;2023-12-09 09:15:00+00:00;0.224;;
966771;unknown;control;2023-12-09 09:30:00+00:00;0.116;;
966771;unknown;control;2023-12-09 09:45:00+00:00;0.211;;
966771;unknown;control;2023-12-09 10:00:00+00:00;0.218;;
966771;unknown;control;2023-12-09 10:15:00+00:00;0.579;;
966771;unknown;control;2023-12-09 10:30:00+00:00;0.907;;
966771;unknown;control;2023-12-09 10:45:00+00:00;0.288;;
966771;unknown;control;2023-12-09 11:00:00+00:00;0.205;;
966771;unknown;control;2023-12-09 11:15:00+00:00;0.192;;
966771;unknown;control;2023-12-09 11:30:00+00:00;0.19;;
966771;unknown;control;2023-12-09 11:45:00+00:00;0.265;;
966771;unknown;control;2023-12-09 12:00:00+00:00;0.217;;
966771;unknown;control;2023-12-09 12:15:00+00:00;0.246;;
966771;unknown;control;2023-12-09 12:30:00+00:00;0.214;;
966771;unknown;control;2023-12-09 12:45:00+00:00;0.229;;
966771;unknown;control;2023-12-09 13:00:00+00:00;0.4;;
966771;unknown;control;2023-12-09 13:15:00+00:00;0.55;;
966771;unknown;control;2023-12-09 13:30:00+00:00;0.82;;
966771;unknown;control;2023-12-09 13:45:00+00:00;1.012;;
966771;unknown;control;2023-12-09 14:00:00+00:00;0.554;;
966771;unknown;control;2023-12-09 14:15:00+00:00;0.338;;
966771;unknown;control;2023-12-09 14:30:00+00:00;0.462;;
966771;unknown;control;2023-12-09 14:45:00+00:00;0.381;;
966771;unknown;control;2023-12-09 15:00:00+00:00;0.441;;
966771;unknown;control;2023-12-09 15:15:00+00:00;1.136;;
966771;unknown;control;2023-12-09 15:30:00+00:00;0.805;;
966771;unknown;control;2023-12-09 15:45:00+00:00;0.402;;
966771;unknown;control;2023-12-09 16:00:00+00:00;0.662;;
966771;unknown;control;2023-12-09 16:15:00+00:00;0.521;;
966771;unknown;control;2023-12-09 16:30:00+00:00;0.532;;
966771;unknown;control;2023-12-09 16:45:00+00:00;1.203;;
966771;unknown;control;2023-12-09 17:00:00+00:00;0.75;;
966771;unknown;control;2023-12-09 17:15:00+00:00;0.42;;
966771;unknown;control;2023-12-09 17:30:00+00:00;0.337;;
966771;unknown;control;2023-12-09 17:45:00+00:00;0.398;;
966771;unknown;control;2023-12-09 18:00:00+00:00;0.534;;
966771;unknown;control;2023-12-09 18:15:00+00:00;0.678;;
966771;unknown;control;2023-12-09 18:30:00+00:00;1.132;;
966771;unknown;control;2023-12-09 18:45:00+00:00;0.719;;
966771;unknown;control;2023-12-09 19:00:00+00:00;0.438;;
966771;unknown;control;2023-12-09 19:15:00+00:00;0.379;;
966771;unknown;control;2023-12-09 19:30:00+00:00;0.438;;
966771;unknown;control;2023-12-09 19:45:00+00:00;0.358;;
966771;unknown;control;2023-12-09 20:00:00+00:00;0.438;;
966771;unknown;control;2023-12-09 20:15:00+00:00;0.341;;
966771;unknown;control;2023-12-09 20:30:00+00:00;0.397;;
966771;unknown;control;2023-12-09 20:45:00+00:00;0.266;;
966771;unknown;control;2023-12-09 21:00:00+00:00;0.281;;
966771;unknown;control;2023-12-09 21:15:00+00:00;0.302;;
966771;unknown;control;2023-12-09 21:30:00+00:00;0.244;;
966771;unknown;control;2023-12-09 21:45:00+00:00;0.327;;
966771;unknown;control;2023-12-09 22:00:00+00:00;0.225;;
966771;unknown;control;2023-12-09 22:15:00+00:00;0.308;;
966771;unknown;control;2023-12-09 22:30:00+00:00;0.247;;
966771;unknown;control;2023-12-09 22:45:00+00:00;0.238;;
966771;unknown;control;2023-12-09 23:00:00+00:00;0.315;;
966771;unknown;control;2023-12-09 23:15:00+00:00;0.23;;
966771;unknown;control;2023-12-09 23:30:00+00:00;0.364;;
966771;unknown;control;2023-12-09 23:45:00+00:00;0.258;;
966771;unknown;control;2023-12-10 00:00:00+00:00;0.353;;
966771;unknown;control;2023-12-10 00:15:00+00:00;0.307;;
966771;unknown;control;2023-12-10 00:30:00+00:00;0.346;;
966771;unknown;control;2023-12-10 00:45:00+00:00;0.283;;
966771;unknown;control;2023-12-10 01:00:00+00:00;0.788;;
966771;unknown;control;2023-12-10 01:15:00+00:00;0.727;;
966771;unknown;control;2023-12-10 01:30:00+00:00;1.474;;
966771;unknown;control;2023-12-10 01:45:00+00:00;1.548;;
966771;unknown;control;2023-12-10 02:00:00+00:00;1.539;;
966771;unknown;control;2023-12-10 02:15:00+00:00;1.559;;
966771;unknown;control;2023-12-10 02:30:00+00:00;1.522;;
966771;unknown;control;2023-12-10 02:45:00+00:00;1.557;;
966771;unknown;control;2023-12-10 03:00:00+00:00;1.553;;
966771;unknown;control;2023-12-10 03:15:00+00:00;1.568;;
966771;unknown;control;2023-12-10 03:30:00+00:00;0.32;;
966771;unknown;control;2023-12-10 03:45:00+00:00;1.061;;
966771;unknown;control;2023-12-10 04:00:00+00:00;0.935;;
966771;unknown;control;2023-12-10 04:15:00+00:00;0.339;;
966771;unknown;control;2023-12-10 04:30:00+00:00;0.312;;
966771;unknown;control;2023-12-10 04:45:00+00:00;0.361;;
966771;unknown;control;2023-12-10 05:00:00+00:00;0.55;;
966771;unknown;control;2023-12-10 05:15:00+00:00;1.106;;
966771;unknown;control;2023-12-10 05:30:00+00:00;0.295;;
966771;unknown;control;2023-12-10 05:45:00+00:00;0.343;;
966771;unknown;control;2023-12-10 06:00:00+00:00;0.243;;
966771;unknown;control;2023-12-10 06:15:00+00:00;0.357;;
966771;unknown;control;2023-12-10 06:30:00+00:00;0.264;;
966771;unknown;control;2023-12-10 06:45:00+00:00;0.843;;
966771;unknown;control;2023-12-10 07:00:00+00:00;0.927;;
966771;unknown;control;2023-12-10 07:15:00+00:00;0.476;;
966771;unknown;control;2023-12-10 07:30:00+00:00;0.314;;
966771;unknown;control;2023-12-10 07:45:00+00:00;0.609;;
966771;unknown;control;2023-12-10 08:00:00+00:00;0.346;;
966771;unknown;control;2023-12-10 08:15:00+00:00;0.309;;
966771;unknown;control;2023-12-10 08:30:00+00:00;0.407;;
966771;unknown;control;2023-12-10 08:45:00+00:00;0.323;;
966771;unknown;control;2023-12-10 09:00:00+00:00;0.236;;
966771;unknown;control;2023-12-10 09:15:00+00:00;0.278;;
966771;unknown;control;2023-12-10 09:30:00+00:00;0.288;;
966771;unknown;control;2023-12-10 09:45:00+00:00;0.241;;
966771;unknown;control;2023-12-10 10:00:00+00:00;0.277;;
966771;unknown;control;2023-12-10 10:15:00+00:00;0.186;;
966771;unknown;control;2023-12-10 10:30:00+00:00;0.291;;
966771;unknown;control;2023-12-10 10:45:00+00:00;0.133;;
966771;unknown;control;2023-12-10 11:00:00+00:00;0.224;;
966771;unknown;control;2023-12-10 11:15:00+00:00;0.124;;
966771;unknown;control;2023-12-10 11:30:00+00:00;0.195;;
966771;unknown;control;2023-12-10 11:45:00+00:00;0.119;;
966771;unknown;control;2023-12-10 12:00:00+00:00;0.121;;
966771;unknown;control;2023-12-10 12:15:00+00:00;0.123;;
966771;unknown;control;2023-12-10 12:30:00+00:00;0.196;;
966771;unknown;control;2023-12-10 12:45:00+00:00;0.117;;
966771;unknown;control;2023-12-10 13:00:00+00:00;0.108;;
966771;unknown;control;2023-12-10 13:15:00+00:00;0.112;;
966771;unknown;control;2023-12-10 13:30:00+00:00;0.112;;
966771;unknown;control;2023-12-10 13:45:00+00:00;0.179;;
966771;unknown;control;2023-12-10 14:00:00+00:00;0.101;;
966771;unknown;control;2023-12-10 14:15:00+00:00;0.192;;
966771;unknown;control;2023-12-10 14:30:00+00:00;0.189;;
966771;unknown;control;2023-12-10 14:45:00+00:00;0.195;;
966771;unknown;control;2023-12-10 15:00:00+00:00;0.297;;
966771;unknown;control;2023-12-10 15:15:00+00:00;0.404;;
966771;unknown;control;2023-12-10 15:30:00+00:00;0.451;;
966771;unknown;control;2023-12-10 15:45:00+00:00;0.814;;
966771;unknown;control;2023-12-10 16:00:00+00:00;1.087;;
966771;unknown;control;2023-12-10 16:15:00+00:00;0.401;;
966771;unknown;control;2023-12-10 16:30:00+00:00;0.484;;
966771;unknown;control;2023-12-10 16:45:00+00:00;1.097;;
966771;unknown;control;2023-12-10 17:00:00+00:00;0.878;;
966771;unknown;control;2023-12-10 17:15:00+00:00;0.417;;
966771;unknown;control;2023-12-10 17:30:00+00:00;0.371;;
966771;unknown;control;2023-12-10 17:45:00+00:00;0.464;;
966771;unknown;control;2023-12-10 18:00:00+00:00;0.621;;
966771;unknown;control;2023-12-10 18:15:00+00:00;1.174;;
966771;unknown;control;2023-12-10 18:30:00+00:00;0.455;;
966771;unknown;control;2023-12-10 18:45:00+00:00;0.398;;
966771;unknown;control;2023-12-10 19:00:00+00:00;0.37;;
966771;unknown;control;2023-12-10 19:15:00+00:00;0.265;;
966771;unknown;control;2023-12-10 19:30:00+00:00;0.348;;
966771;unknown;control;2023-12-10 19:45:00+00:00;0.228;;
966771;unknown;control;2023-12-10 20:00:00+00:00;0.341;;
966771;unknown;control;2023-12-10 20:15:00+00:00;0.316;;
966771;unknown;control;2023-12-10 20:30:00+00:00;0.275;;
966771;unknown;control;2023-12-10 20:45:00+00:00;0.541;;
966771;unknown;control;2023-12-10 21:00:00+00:00;0.678;;
966771;unknown;control;2023-12-10 21:15:00+00:00;0.236;;
966771;unknown;control;2023-12-10 21:30:00+00:00;0.214;;
966771;unknown;control;2023-12-10 21:45:00+00:00;0.522;;
966771;unknown;control;2023-12-10 22:00:00+00:00;0.418;;
966771;unknown;control;2023-12-10 22:15:00+00:00;0.19;;
966771;unknown;control;2023-12-10 22:30:00+00:00;0.204;;
966771;unknown;control;2023-12-10 22:45:00+00:00;0.293;;
966771;unknown;control;2023-12-10 23:00:00+00:00;0.207;;
966771;unknown;control;2023-12-10 23:15:00+00:00;0.307;;
966771;unknown;control;2023-12-10 23:30:00+00:00;0.189;;
966771;unknown;control;2023-12-10 23:45:00+00:00;0.243;;
966771;unknown;control;2023-12-11 00:00:00+00:00;0.256;;
966771;unknown;control;2023-12-11 00:15:00+00:00;0.215;;
966771;unknown;control;2023-12-11 00:30:00+00:00;0.324;;
966771;unknown;control;2023-12-11 00:45:00+00:00;0.214;;
966771;unknown;control;2023-12-11 01:00:00+00:00;0.208;;
966771;unknown;control;2023-12-11 01:15:00+00:00;0.248;;
966771;unknown;control;2023-12-11 01:30:00+00:00;1.453;;
966771;unknown;control;2023-12-11 01:45:00+00:00;1.439;;
966771;unknown;control;2023-12-11 02:00:00+00:00;1.453;;
966771;unknown;control;2023-12-11 02:15:00+00:00;1.493;;
966771;unknown;control;2023-12-11 02:30:00+00:00;1.44;;
966771;unknown;control;2023-12-11 02:45:00+00:00;1.212;;
966771;unknown;control;2023-12-11 03:00:00+00:00;0.197;;
966771;unknown;control;2023-12-11 03:15:00+00:00;0.208;;
966771;unknown;control;2023-12-11 03:30:00+00:00;0.213;;
966771;unknown;control;2023-12-11 03:45:00+00:00;0.26;;
966771;unknown;control;2023-12-11 04:00:00+00:00;0.197;;
966771;unknown;control;2023-12-11 04:15:00+00:00;0.172;;
966771;unknown;control;2023-12-11 04:30:00+00:00;0.184;;
966771;unknown;control;2023-12-11 04:45:00+00:00;0.2;;
966771;unknown;control;2023-12-11 05:00:00+00:00;0.154;;
966771;unknown;control;2023-12-11 05:15:00+00:00;0.187;;
966771;unknown;control;2023-12-11 05:30:00+00:00;0.196;;
966771;unknown;control;2023-12-11 05:45:00+00:00;1.269;;
966771;unknown;control;2023-12-11 06:00:00+00:00;0.364;;
966771;unknown;control;2023-12-11 06:15:00+00:00;0.201;;
966771;unknown;control;2023-12-11 06:30:00+00:00;0.263;;
966771;unknown;control;2023-12-11 06:45:00+00:00;0.697;;
966771;unknown;control;2023-12-11 07:00:00+00:00;0.279;;
966771;unknown;control;2023-12-11 07:15:00+00:00;0.312;;
966771;unknown;control;2023-12-11 07:30:00+00:00;0.354;;
966771;unknown;control;2023-12-11 07:45:00+00:00;0.422;;
966771;unknown;control;2023-12-11 08:00:00+00:00;0.273;;
966771;unknown;control;2023-12-11 08:15:00+00:00;0.626;;
966771;unknown;control;2023-12-11 08:30:00+00:00;0.346;;
966771;unknown;control;2023-12-11 08:45:00+00:00;0.324;;
966771;unknown;control;2023-12-11 09:00:00+00:00;0.275;;
966771;unknown;control;2023-12-11 09:15:00+00:00;0.351;;
966771;unknown;control;2023-12-11 09:30:00+00:00;0.337;;
966771;unknown;control;2023-12-11 09:45:00+00:00;0.306;;
966771;unknown;control;2023-12-11 10:00:00+00:00;0.271;;
966771;unknown;control;2023-12-11 10:15:00+00:00;0.21;;
966771;unknown;control;2023-12-11 10:30:00+00:00;0.213;;
966771;unknown;control;2023-12-11 10:45:00+00:00;0.338;;
966771;unknown;control;2023-12-11 11:00:00+00:00;0.596;;
966771;unknown;control;2023-12-11 11:15:00+00:00;0.255;;
966771;unknown;control;2023-12-11 11:30:00+00:00;0.149;;
966771;unknown;control;2023-12-11 11:45:00+00:00;0.135;;
966771;unknown;control;2023-12-11 12:00:00+00:00;0.192;;
966771;unknown;control;2023-12-11 12:15:00+00:00;0.599;;
966771;unknown;control;2023-12-11 12:30:00+00:00;0.907;;
966771;unknown;control;2023-12-11 12:45:00+00:00;0.218;;
966771;unknown;control;2023-12-11 13:00:00+00:00;0.229;;
966771;unknown;control;2023-12-11 13:15:00+00:00;0.243;;
966771;unknown;control;2023-12-11 13:30:00+00:00;0.225;;
966771;unknown;control;2023-12-11 13:45:00+00:00;0.386;;
966771;unknown;control;2023-12-11 14:00:00+00:00;0.356;;
966771;unknown;control;2023-12-11 14:15:00+00:00;0.445;;
966771;unknown;control;2023-12-11 14:30:00+00:00;0.458;;
966771;unknown;control;2023-12-11 14:45:00+00:00;0.462;;
966771;unknown;control;2023-12-11 15:00:00+00:00;0.406;;
966771;unknown;control;2023-12-11 15:15:00+00:00;0.382;;
966771;unknown;control;2023-12-11 15:30:00+00:00;0.389;;
966771;unknown;control;2023-12-11 15:45:00+00:00;0.529;;
966771;unknown;control;2023-12-11 16:00:00+00:00;0.634;;
966771;unknown;control;2023-12-11 16:15:00+00:00;0.306;;
966771;unknown;control;2023-12-11 16:30:00+00:00;0.258;;
966771;unknown;control;2023-12-11 16:45:00+00:00;0.244;;
966771;unknown;control;2023-12-11 17:00:00+00:00;0.24;;
966771;unknown;control;2023-12-11 17:15:00+00:00;0.231;;
966771;unknown;control;2023-12-11 17:30:00+00:00;0.291;;
966771;unknown;control;2023-12-11 17:45:00+00:00;0.268;;
966771;unknown;control;2023-12-11 18:00:00+00:00;0.238;;
966771;unknown;control;2023-12-11 18:15:00+00:00;0.258;;
966771;unknown;control;2023-12-11 18:30:00+00:00;0.943;;
966771;unknown;control;2023-12-11 18:45:00+00:00;1.084;;
966771;unknown;control;2023-12-11 19:00:00+00:00;0.658;;
966771;unknown;control;2023-12-11 19:15:00+00:00;0.328;;
966771;unknown;control;2023-12-11 19:30:00+00:00;0.749;;
966771;unknown;control;2023-12-11 19:45:00+00:00;1.083;;
966771;unknown;control;2023-12-11 20:00:00+00:00;0.893;;
966771;unknown;control;2023-12-11 20:15:00+00:00;0.259;;
966771;unknown;control;2023-12-11 20:30:00+00:00;0.348;;
966771;unknown;control;2023-12-11 20:45:00+00:00;0.98;;
966771;unknown;control;2023-12-11 21:00:00+00:00;0.907;;
966771;unknown;control;2023-12-11 21:15:00+00:00;0.316;;
966771;unknown;control;2023-12-11 21:30:00+00:00;0.184;;
966771;unknown;control;2023-12-11 21:45:00+00:00;0.262;;
966771;unknown;control;2023-12-11 22:00:00+00:00;0.245;;
966771;unknown;control;2023-12-11 22:15:00+00:00;0.18;;
966771;unknown;control;2023-12-11 22:30:00+00:00;0.184;;
966771;unknown;control;2023-12-11 22:45:00+00:00;0.241;;
966771;unknown;control;2023-12-11 23:00:00+00:00;0.208;;
966771;unknown;control;2023-12-11 23:15:00+00:00;0.183;;
966771;unknown;control;2023-12-11 23:30:00+00:00;0.181;;
966771;unknown;control;2023-12-11 23:45:00+00:00;0.195;;
966771;unknown;control;2023-12-12 00:00:00+00:00;0.229;;
966771;unknown;control;2023-12-12 00:15:00+00:00;0.162;;
966771;unknown;control;2023-12-12 00:30:00+00:00;0.172;;
966771;unknown;control;2023-12-12 00:45:00+00:00;0.186;;
966771;unknown;control;2023-12-12 01:00:00+00:00;0.928;;
966771;unknown;control;2023-12-12 01:15:00+00:00;0.748;;
966771;unknown;control;2023-12-12 01:30:00+00:00;1.401;;
966771;unknown;control;2023-12-12 01:45:00+00:00;1.499;;
966771;unknown;control;2023-12-12 02:00:00+00:00;1.426;;
966771;unknown;control;2023-12-12 02:15:00+00:00;1.981;;
966771;unknown;control;2023-12-12 02:30:00+00:00;1.906;;
966771;unknown;control;2023-12-12 02:45:00+00:00;1.447;;
966771;unknown;control;2023-12-12 03:00:00+00:00;0.534;;
966771;unknown;control;2023-12-12 03:15:00+00:00;0.255;;
966771;unknown;control;2023-12-12 03:30:00+00:00;0.234;;
966771;unknown;control;2023-12-12 03:45:00+00:00;0.634;;
966771;unknown;control;2023-12-12 04:00:00+00:00;0.796;;
966771;unknown;control;2023-12-12 04:15:00+00:00;0.2;;
966771;unknown;control;2023-12-12 04:30:00+00:00;0.168;;
966771;unknown;control;2023-12-12 04:45:00+00:00;0.201;;
966771;unknown;control;2023-12-12 05:00:00+00:00;0.229;;
966771;unknown;control;2023-12-12 05:15:00+00:00;0.171;;
966771;unknown;control;2023-12-12 05:30:00+00:00;0.445;;
966771;unknown;control;2023-12-12 05:45:00+00:00;1.584;;
966771;unknown;control;2023-12-12 06:00:00+00:00;0.208;;
966771;unknown;control;2023-12-12 06:15:00+00:00;0.203;;
966771;unknown;control;2023-12-12 06:30:00+00:00;0.286;;
966771;unknown;control;2023-12-12 06:45:00+00:00;0.229;;
966771;unknown;control;2023-12-12 07:00:00+00:00;0.251;;
966771;unknown;control;2023-12-12 07:15:00+00:00;0.281;;
966771;unknown;control;2023-12-12 07:30:00+00:00;0.183;;
966771;unknown;control;2023-12-12 07:45:00+00:00;0.219;;
966771;unknown;control;2023-12-12 08:00:00+00:00;0.252;;
966771;unknown;control;2023-12-12 08:15:00+00:00;0.477;;
966771;unknown;control;2023-12-12 08:30:00+00:00;0.741;;
966771;unknown;control;2023-12-12 08:45:00+00:00;0.477;;
966771;unknown;control;2023-12-12 09:00:00+00:00;0.246;;
966771;unknown;control;2023-12-12 09:15:00+00:00;0.186;;
966771;unknown;control;2023-12-12 09:30:00+00:00;0.226;;
966771;unknown;control;2023-12-12 09:45:00+00:00;0.18;;
966771;unknown;control;2023-12-12 10:00:00+00:00;0.19;;
966771;unknown;control;2023-12-12 10:15:00+00:00;0.106;;
966771;unknown;control;2023-12-12 10:30:00+00:00;0.18;;
966771;unknown;control;2023-12-12 10:45:00+00:00;0.149;;
966771;unknown;control;2023-12-12 11:00:00+00:00;0.2;;
966771;unknown;control;2023-12-12 11:15:00+00:00;0.102;;
966771;unknown;control;2023-12-12 11:30:00+00:00;0.124;;
966771;unknown;control;2023-12-12 11:45:00+00:00;0.122;;
966771;unknown;control;2023-12-12 12:00:00+00:00;0.099;;
966771;unknown;control;2023-12-12 12:15:00+00:00;0.105;;
966771;unknown;control;2023-12-12 12:30:00+00:00;0.099;;
966771;unknown;control;2023-12-12 12:45:00+00:00;0.094;;
966771;unknown;control;2023-12-12 13:00:00+00:00;0.105;;
966771;unknown;control;2023-12-12 13:15:00+00:00;0.102;;
966771;unknown;control;2023-12-12 13:30:00+00:00;0.099;;
966771;unknown;control;2023-12-12 13:45:00+00:00;0.111;;
966771;unknown;control;2023-12-12 14:00:00+00:00;0.178;;
966771;unknown;control;2023-12-12 14:15:00+00:00;0.104;;
966771;unknown;control;2023-12-12 14:30:00+00:00;0.18;;
966771;unknown;control;2023-12-12 14:45:00+00:00;0.176;;
966771;unknown;control;2023-12-12 15:00:00+00:00;0.169;;
966771;unknown;control;2023-12-12 15:15:00+00:00;0.162;;
966771;unknown;control;2023-12-12 15:30:00+00:00;0.089;;
966771;unknown;control;2023-12-12 15:45:00+00:00;0.161;;
966771;unknown;control;2023-12-12 16:00:00+00:00;0.113;;
966771;unknown;control;2023-12-12 16:15:00+00:00;0.151;;
966771;unknown;control;2023-12-12 16:30:00+00:00;0.176;;
966771;unknown;control;2023-12-12 16:45:00+00:00;0.339;;
966771;unknown;control;2023-12-12 17:00:00+00:00;0.134;;
966771;unknown;control;2023-12-12 17:15:00+00:00;0.209;;
966771;unknown;control;2023-12-12 17:30:00+00:00;0.231;;
966771;unknown;control;2023-12-12 17:45:00+00:00;0.244;;
966771;unknown;control;2023-12-12 18:00:00+00:00;0.189;;
966771;unknown;control;2023-12-12 18:15:00+00:00;0.248;;
966771;unknown;control;2023-12-12 18:30:00+00:00;0.958;;
966771;unknown;control;2023-12-12 18:45:00+00:00;0.641;;
966771;unknown;control;2023-12-12 19:00:00+00:00;0.321;;
966771;unknown;control;2023-12-12 19:15:00+00:00;0.29;;
966771;unknown;control;2023-12-12 19:30:00+00:00;0.275;;
966771;unknown;control;2023-12-12 19:45:00+00:00;0.269;;
966771;unknown;control;2023-12-12 20:00:00+00:00;0.251;;
966771;unknown;control;2023-12-12 20:15:00+00:00;0.321;;
966771;unknown;control;2023-12-12 20:30:00+00:00;0.575;;
966771;unknown;control;2023-12-12 20:45:00+00:00;0.758;;
966771;unknown;control;2023-12-12 21:00:00+00:00;0.333;;
966771;unknown;control;2023-12-12 21:15:00+00:00;0.253;;
966771;unknown;control;2023-12-12 21:30:00+00:00;0.219;;
966771;unknown;control;2023-12-12 21:45:00+00:00;0.251;;
966771;unknown;control;2023-12-12 22:00:00+00:00;0.175;;
966771;unknown;control;2023-12-12 22:15:00+00:00;0.182;;
966771;unknown;control;2023-12-12 22:30:00+00:00;0.187;;
966771;unknown;control;2023-12-12 22:45:00+00:00;0.242;;
966771;unknown;control;2023-12-12 23:00:00+00:00;0.197;;
966771;unknown;control;2023-12-12 23:15:00+00:00;0.192;;
966771;unknown;control;2023-12-12 23:30:00+00:00;0.205;;
966771;unknown;control;2023-12-12 23:45:00+00:00;0.243;;
966771;unknown;control;2023-12-13 00:00:00+00:00;0.207;;
966771;unknown;control;2023-12-13 00:15:00+00:00;0.181;;
966771;unknown;control;2023-12-13 00:30:00+00:00;0.256;;
966771;unknown;control;2023-12-13 00:45:00+00:00;0.248;;
966771;unknown;control;2023-12-13 01:00:00+00:00;0.858;;
966771;unknown;control;2023-12-13 01:15:00+00:00;0.958;;
966771;unknown;control;2023-12-13 01:30:00+00:00;1.619;;
966771;unknown;control;2023-12-13 01:45:00+00:00;1.412;;
966771;unknown;control;2023-12-13 02:00:00+00:00;1.435;;
966771;unknown;control;2023-12-13 02:15:00+00:00;1.792;;
966771;unknown;control;2023-12-13 02:30:00+00:00;0.658;;
966771;unknown;control;2023-12-13 02:45:00+00:00;0.209;;
966771;unknown;control;2023-12-13 03:00:00+00:00;0.287;;
966771;unknown;control;2023-12-13 03:15:00+00:00;0.414;;
966771;unknown;control;2023-12-13 03:30:00+00:00;0.966;;
966771;unknown;control;2023-12-13 03:45:00+00:00;0.297;;
966771;unknown;control;2023-12-13 04:00:00+00:00;0.245;;
966771;unknown;control;2023-12-13 04:15:00+00:00;0.242;;
966771;unknown;control;2023-12-13 04:30:00+00:00;0.29;;
966771;unknown;control;2023-12-13 04:45:00+00:00;0.184;;
966771;unknown;control;2023-12-13 05:00:00+00:00;0.244;;
966771;unknown;control;2023-12-13 05:15:00+00:00;0.246;;
966771;unknown;control;2023-12-13 05:30:00+00:00;0.511;;
966771;unknown;control;2023-12-13 05:45:00+00:00;1.644;;
966771;unknown;control;2023-12-13 06:00:00+00:00;0.214;;
966771;unknown;control;2023-12-13 06:15:00+00:00;0.285;;
966771;unknown;control;2023-12-13 06:30:00+00:00;0.266;;
966771;unknown;control;2023-12-13 06:45:00+00:00;0.218;;
966771;unknown;control;2023-12-13 07:00:00+00:00;0.3;;
966771;unknown;control;2023-12-13 07:15:00+00:00;0.228;;
966771;unknown;control;2023-12-13 07:30:00+00:00;0.182;;
966771;unknown;control;2023-12-13 07:45:00+00:00;0.234;;
966771;unknown;control;2023-12-13 08:00:00+00:00;0.24;;
966771;unknown;control;2023-12-13 08:15:00+00:00;0.593;;
966771;unknown;control;2023-12-13 08:30:00+00:00;0.731;;
966771;unknown;control;2023-12-13 08:45:00+00:00;0.195;;
966771;unknown;control;2023-12-13 09:00:00+00:00;0.189;;
966771;unknown;control;2023-12-13 09:15:00+00:00;0.202;;
966771;unknown;control;2023-12-13 09:30:00+00:00;0.267;;
966771;unknown;control;2023-12-13 09:45:00+00:00;0.187;;
966771;unknown;control;2023-12-13 10:00:00+00:00;0.267;;
966771;unknown;control;2023-12-13 10:15:00+00:00;0.12;;
966771;unknown;control;2023-12-13 10:30:00+00:00;0.866;;
966771;unknown;control;2023-12-13 10:45:00+00:00;0.478;;
966771;unknown;control;2023-12-13 11:00:00+00:00;0.246;;
966771;unknown;control;2023-12-13 11:15:00+00:00;0.213;;
966771;unknown;control;2023-12-13 11:30:00+00:00;0.195;;
966771;unknown;control;2023-12-13 11:45:00+00:00;0.891;;
966771;unknown;control;2023-12-13 12:00:00+00:00;0.501;;
966771;unknown;control;2023-12-13 12:15:00+00:00;0.274;;
966771;unknown;control;2023-12-13 12:30:00+00:00;0.644;;
966771;unknown;control;2023-12-13 12:45:00+00:00;0.165;;
966771;unknown;control;2023-12-13 13:00:00+00:00;0.295;;
966771;unknown;control;2023-12-13 13:15:00+00:00;0.785;;
966771;unknown;control;2023-12-13 13:30:00+00:00;0.639;;
966771;unknown;control;2023-12-13 13:45:00+00:00;1.188;;
966771;unknown;control;2023-12-13 14:00:00+00:00;0.544;;
966771;unknown;control;2023-12-13 14:15:00+00:00;0.491;;
966771;unknown;control;2023-12-13 14:30:00+00:00;0.687;;
966771;unknown;control;2023-12-13 14:45:00+00:00;1.124;;
966771;unknown;control;2023-12-13 15:00:00+00:00;0.505;;
966771;unknown;control;2023-12-13 15:15:00+00:00;0.315;;
966771;unknown;control;2023-12-13 15:30:00+00:00;0.286;;
966771;unknown;control;2023-12-13 15:45:00+00:00;0.291;;
966771;unknown;control;2023-12-13 16:00:00+00:00;0.352;;
966771;unknown;control;2023-12-13 16:15:00+00:00;0.336;;
966771;unknown;control;2023-12-13 16:30:00+00:00;0.369;;
966771;unknown;control;2023-12-13 16:45:00+00:00;0.347;;
966771;unknown;control;2023-12-13 17:00:00+00:00;0.314;;
966771;unknown;control;2023-12-13 17:15:00+00:00;0.317;;
966771;unknown;control;2023-12-13 17:30:00+00:00;0.347;;
966771;unknown;control;2023-12-13 17:45:00+00:00;0.274;;
966771;unknown;control;2023-12-13 18:00:00+00:00;0.388;;
966771;unknown;control;2023-12-13 18:15:00+00:00;0.277;;
966771;unknown;control;2023-12-13 18:30:00+00:00;1.087;;
966771;unknown;control;2023-12-13 18:45:00+00:00;1.092;;
966771;unknown;control;2023-12-13 19:00:00+00:00;1.223;;
966771;unknown;control;2023-12-13 19:15:00+00:00;1.246;;
966771;unknown;control;2023-12-13 19:30:00+00:00;0.41;;
966771;unknown;control;2023-12-13 19:45:00+00:00;0.402;;
966771;unknown;control;2023-12-13 20:00:00+00:00;1.065;;
966771;unknown;control;2023-12-13 20:15:00+00:00;0.987;;
966771;unknown;control;2023-12-13 20:30:00+00:00;0.322;;
966771;unknown;control;2023-12-13 20:45:00+00:00;0.312;;
966771;unknown;control;2023-12-13 21:00:00+00:00;0.276;;
966771;unknown;control;2023-12-13 21:15:00+00:00;0.277;;
966771;unknown;control;2023-12-13 21:30:00+00:00;0.265;;
966771;unknown;control;2023-12-13 21:45:00+00:00;0.23;;
966771;unknown;control;2023-12-13 22:00:00+00:00;0.259;;
966771;unknown;control;2023-12-13 22:15:00+00:00;0.2;;
966771;unknown;control;2023-12-13 22:30:00+00:00;0.285;;
966771;unknown;control;2023-12-13 22:45:00+00:00;0.188;;
966771;unknown;control;2023-12-13 23:00:00+00:00;0.314;;
966771;unknown;control;2023-12-13 23:15:00+00:00;0.218;;
966771;unknown;control;2023-12-13 23:30:00+00:00;0.311;;
966771;unknown;control;2023-12-13 23:45:00+00:00;0.211;;
966771;unknown;control;2023-12-14 00:00:00+00:00;0.31;;
966771;unknown;control;2023-12-14 00:15:00+00:00;0.186;;
966771;unknown;control;2023-12-14 00:30:00+00:00;0.302;;
966771;unknown;control;2023-12-14 00:45:00+00:00;0.354;;
966771;unknown;control;2023-12-14 01:00:00+00:00;1.047;;
966771;unknown;control;2023-12-14 01:15:00+00:00;0.992;;
966771;unknown;control;2023-12-14 01:30:00+00:00;2.258;;
966771;unknown;control;2023-12-14 01:45:00+00:00;1.535;;
966771;unknown;control;2023-12-14 02:00:00+00:00;1.511;;
966771;unknown;control;2023-12-14 02:15:00+00:00;1.917;;
966771;unknown;control;2023-12-14 02:30:00+00:00;2.27;;
966771;unknown;control;2023-12-14 02:45:00+00:00;0.614;;
966771;unknown;control;2023-12-14 03:00:00+00:00;0.311;;
966771;unknown;control;2023-12-14 03:15:00+00:00;0.534;;
966771;unknown;control;2023-12-14 03:30:00+00:00;1.065;;
966771;unknown;control;2023-12-14 03:45:00+00:00;0.517;;
966771;unknown;control;2023-12-14 04:00:00+00:00;0.271;;
966771;unknown;control;2023-12-14 04:15:00+00:00;0.288;;
966771;unknown;control;2023-12-14 04:30:00+00:00;0.24;;
966771;unknown;control;2023-12-14 04:45:00+00:00;0.253;;
966771;unknown;control;2023-12-14 05:00:00+00:00;0.329;;
966771;unknown;control;2023-12-14 05:15:00+00:00;0.266;;
966771;unknown;control;2023-12-14 05:30:00+00:00;0.254;;
966771;unknown;control;2023-12-14 05:45:00+00:00;0.766;;
966771;unknown;control;2023-12-14 06:00:00+00:00;0.251;;
966771;unknown;control;2023-12-14 06:15:00+00:00;0.322;;
966771;unknown;control;2023-12-14 06:30:00+00:00;0.34;;
966771;unknown;control;2023-12-14 06:45:00+00:00;0.654;;
966771;unknown;control;2023-12-14 07:00:00+00:00;0.278;;
966771;unknown;control;2023-12-14 07:15:00+00:00;0.261;;
966771;unknown;control;2023-12-14 07:30:00+00:00;0.911;;
966771;unknown;control;2023-12-14 07:45:00+00:00;0.933;;
966771;unknown;control;2023-12-14 08:00:00+00:00;0.413;;
966771;unknown;control;2023-12-14 08:15:00+00:00;0.225;;
966771;unknown;control;2023-12-14 08:30:00+00:00;0.242;;
966771;unknown;control;2023-12-14 08:45:00+00:00;0.306;;
966771;unknown;control;2023-12-14 09:00:00+00:00;0.198;;
966771;unknown;control;2023-12-14 09:15:00+00:00;0.212;;
966771;unknown;control;2023-12-14 09:30:00+00:00;0.177;;
966771;unknown;control;2023-12-14 09:45:00+00:00;0.379;;
966771;unknown;control;2023-12-14 10:00:00+00:00;0.541;;
966771;unknown;control;2023-12-14 10:15:00+00:00;0.334;;
966771;unknown;control;2023-12-14 10:30:00+00:00;0.208;;
966771;unknown;control;2023-12-14 10:45:00+00:00;0.205;;
966771;unknown;control;2023-12-14 11:00:00+00:00;0.19;;
966771;unknown;control;2023-12-14 11:15:00+00:00;0.202;;
966771;unknown;control;2023-12-14 11:30:00+00:00;0.216;;
966771;unknown;control;2023-12-14 11:45:00+00:00;0.928;;
966771;unknown;control;2023-12-14 12:00:00+00:00;0.974;;
966771;unknown;control;2023-12-14 12:15:00+00:00;0.259;;
966771;unknown;control;2023-12-14 12:30:00+00:00;0.188;;
966771;unknown;control;2023-12-14 12:45:00+00:00;0.277;;
966771;unknown;control;2023-12-14 13:00:00+00:00;0.104;;
966771;unknown;control;2023-12-14 13:15:00+00:00;0.171;;
966771;unknown;control;2023-12-14 13:30:00+00:00;0.927;;
966771;unknown;control;2023-12-14 13:45:00+00:00;0.327;;
966771;unknown;control;2023-12-14 14:00:00+00:00;0.204;;
966771;unknown;control;2023-12-14 14:15:00+00:00;0.262;;
966771;unknown;control;2023-12-14 14:30:00+00:00;0.211;;
966771;unknown;control;2023-12-14 14:45:00+00:00;0.732;;
966771;unknown;control;2023-12-14 15:00:00+00:00;0.319;;
966771;unknown;control;2023-12-14 15:15:00+00:00;0.284;;
966771;unknown;control;2023-12-14 15:30:00+00:00;0.28;;
966771;unknown;control;2023-12-14 15:45:00+00:00;0.409;;
966771;unknown;control;2023-12-14 16:00:00+00:00;0.339;;
966771;unknown;control;2023-12-14 16:15:00+00:00;0.324;;
966771;unknown;control;2023-12-14 16:30:00+00:00;0.353;;
966771;unknown;control;2023-12-14 16:45:00+00:00;0.308;;
966771;unknown;control;2023-12-14 17:00:00+00:00;0.33;;
966771;unknown;control;2023-12-14 17:15:00+00:00;0.28;;
966771;unknown;control;2023-12-14 17:30:00+00:00;0.307;;
966771;unknown;control;2023-12-14 17:45:00+00:00;0.287;;
966771;unknown;control;2023-12-14 18:00:00+00:00;0.35;;
966771;unknown;control;2023-12-14 18:15:00+00:00;0.274;;
966771;unknown;control;2023-12-14 18:30:00+00:00;1.073;;
966771;unknown;control;2023-12-14 18:45:00+00:00;1.068;;
966771;unknown;control;2023-12-14 19:00:00+00:00;0.78;;
966771;unknown;control;2023-12-14 19:15:00+00:00;0.335;;
966771;unknown;control;2023-12-14 19:30:00+00:00;1.076;;
966771;unknown;control;2023-12-14 19:45:00+00:00;1.048;;
966771;unknown;control;2023-12-14 20:00:00+00:00;0.627;;
966771;unknown;control;2023-12-14 20:15:00+00:00;0.281;;
966771;unknown;control;2023-12-14 20:30:00+00:00;0.761;;
966771;unknown;control;2023-12-14 20:45:00+00:00;1.02;;
966771;unknown;control;2023-12-14 21:00:00+00:00;0.443;;
966771;unknown;control;2023-12-14 21:15:00+00:00;0.241;;
966771;unknown;control;2023-12-14 21:30:00+00:00;0.321;;
966771;unknown;control;2023-12-14 21:45:00+00:00;0.2;;
966771;unknown;control;2023-12-14 22:00:00+00:00;0.334;;
966771;unknown;control;2023-12-14 22:15:00+00:00;0.21;;
966771;unknown;control;2023-12-14 22:30:00+00:00;0.333;;
966771;unknown;control;2023-12-14 22:45:00+00:00;0.222;;
966771;unknown;control;2023-12-14 23:00:00+00:00;0.332;;
966771;unknown;control;2023-12-14 23:15:00+00:00;0.242;;
966771;unknown;control;2023-12-14 23:30:00+00:00;0.32;;
966771;unknown;control;2023-12-14 23:45:00+00:00;0.284;;
966771;unknown;control;2023-12-15 00:00:00+00:00;0.268;;
966771;unknown;control;2023-12-15 00:15:00+00:00;0.35;;
966771;unknown;control;2023-12-15 00:30:00+00:00;0.252;;
966771;unknown;control;2023-12-15 00:45:00+00:00;0.56;;
966771;unknown;control;2023-12-15 01:00:00+00:00;1.022;;
966771;unknown;control;2023-12-15 01:15:00+00:00;1.056;;
966771;unknown;control;2023-12-15 01:30:00+00:00;2.152;;
966771;unknown;control;2023-12-15 01:45:00+00:00;2.254;;
966771;unknown;control;2023-12-15 02:00:00+00:00;1.857;;
966771;unknown;control;2023-12-15 02:15:00+00:00;1.479;;
966771;unknown;control;2023-12-15 02:30:00+00:00;1.926;;
966771;unknown;control;2023-12-15 02:45:00+00:00;1.021;;
966771;unknown;control;2023-12-15 03:00:00+00:00;0.832;;
966771;unknown;control;2023-12-15 03:15:00+00:00;0.273;;
966771;unknown;control;2023-12-15 03:30:00+00:00;0.393;;
966771;unknown;control;2023-12-15 03:45:00+00:00;1.041;;
966771;unknown;control;2023-12-15 04:00:00+00:00;1.006;;
966771;unknown;control;2023-12-15 04:15:00+00:00;0.337;;
966771;unknown;control;2023-12-15 04:30:00+00:00;0.272;;
966771;unknown;control;2023-12-15 04:45:00+00:00;0.356;;
966771;unknown;control;2023-12-15 05:00:00+00:00;0.238;;
966771;unknown;control;2023-12-15 05:15:00+00:00;0.309;;
966771;unknown;control;2023-12-15 05:30:00+00:00;0.597;;
966771;unknown;control;2023-12-15 05:45:00+00:00;1.511;;
966771;unknown;control;2023-12-15 06:00:00+00:00;0.349;;
966771;unknown;control;2023-12-15 06:15:00+00:00;0.222;;
966771;unknown;control;2023-12-15 06:30:00+00:00;0.369;;
966771;unknown;control;2023-12-15 06:45:00+00:00;0.44;;
966771;unknown;control;2023-12-15 07:00:00+00:00;1.05;;
966771;unknown;control;2023-12-15 07:15:00+00:00;0.791;;
966771;unknown;control;2023-12-15 07:30:00+00:00;0.444;;
966771;unknown;control;2023-12-15 07:45:00+00:00;0.551;;
966771;unknown;control;2023-12-15 08:00:00+00:00;0.409;;
966771;unknown;control;2023-12-15 08:15:00+00:00;0.685;;
966771;unknown;control;2023-12-15 08:30:00+00:00;0.505;;
966771;unknown;control;2023-12-15 08:45:00+00:00;0.369;;
966771;unknown;control;2023-12-15 09:00:00+00:00;0.354;;
966771;unknown;control;2023-12-15 09:15:00+00:00;0.35;;
966771;unknown;control;2023-12-15 09:30:00+00:00;0.347;;
966771;unknown;control;2023-12-15 09:45:00+00:00;0.337;;
966771;unknown;control;2023-12-15 10:00:00+00:00;0.328;;
966771;unknown;control;2023-12-15 10:15:00+00:00;0.243;;
966771;unknown;control;2023-12-15 10:30:00+00:00;0.221;;
966771;unknown;control;2023-12-15 10:45:00+00:00;0.213;;
966771;unknown;control;2023-12-15 11:00:00+00:00;0.219;;
966771;unknown;control;2023-12-15 11:15:00+00:00;0.323;;
966771;unknown;control;2023-12-15 11:30:00+00:00;0.389;;
966771;unknown;control;2023-12-15 11:45:00+00:00;0.799;;
966771;unknown;control;2023-12-15 12:00:00+00:00;0.731;;
966771;unknown;control;2023-12-15 12:15:00+00:00;0.198;;
966771;unknown;control;2023-12-15 12:30:00+00:00;0.207;;
966771;unknown;control;2023-12-15 12:45:00+00:00;0.194;;
966771;unknown;control;2023-12-15 13:00:00+00:00;0.559;;
966771;unknown;control;2023-12-15 13:15:00+00:00;0.957;;
966771;unknown;control;2023-12-15 13:30:00+00:00;0.492;;
966771;unknown;control;2023-12-15 13:45:00+00:00;0.202;;
966771;unknown;control;2023-12-15 14:00:00+00:00;0.221;;
966771;unknown;control;2023-12-15 14:15:00+00:00;0.291;;
966771;unknown;control;2023-12-15 14:30:00+00:00;0.869;;
966771;unknown;control;2023-12-15 14:45:00+00:00;1.02;;
966771;unknown;control;2023-12-15 15:00:00+00:00;0.337;;
966771;unknown;control;2023-12-15 15:15:00+00:00;0.212;;
966771;unknown;control;2023-12-15 15:30:00+00:00;0.301;;
966771;unknown;control;2023-12-15 15:45:00+00:00;0.261;;
966771;unknown;control;2023-12-15 16:00:00+00:00;0.297;;
966771;unknown;control;2023-12-15 16:15:00+00:00;0.366;;
966771;unknown;control;2023-12-15 16:30:00+00:00;0.339;;
966771;unknown;control;2023-12-15 16:45:00+00:00;0.452;;
966771;unknown;control;2023-12-15 17:00:00+00:00;0.682;;
966771;unknown;control;2023-12-15 17:15:00+00:00;0.602;;
966771;unknown;control;2023-12-15 17:30:00+00:00;0.583;;
966771;unknown;control;2023-12-15 17:45:00+00:00;0.639;;
966771;unknown;control;2023-12-15 18:00:00+00:00;0.838;;
966771;unknown;control;2023-12-15 18:15:00+00:00;1.209;;
966771;unknown;control;2023-12-15 18:30:00+00:00;1.285;;
966771;unknown;control;2023-12-15 18:45:00+00:00;0.983;;
966771;unknown;control;2023-12-15 19:00:00+00:00;1.246;;
966771;unknown;control;2023-12-15 19:15:00+00:00;1.268;;
966771;unknown;control;2023-12-15 19:30:00+00:00;1.188;;
966771;unknown;control;2023-12-15 19:45:00+00:00;1.045;;
966771;unknown;control;2023-12-15 20:00:00+00:00;1.289;;
966771;unknown;control;2023-12-15 20:15:00+00:00;1.279;;
966771;unknown;control;2023-12-15 20:30:00+00:00;1.276;;
966771;unknown;control;2023-12-15 20:45:00+00:00;1.012;;
966771;unknown;control;2023-12-15 21:00:00+00:00;1.13;;
966771;unknown;control;2023-12-15 21:15:00+00:00;1.265;;
966771;unknown;control;2023-12-15 21:30:00+00:00;0.481;;
966771;unknown;control;2023-12-15 21:45:00+00:00;0.424;;
966771;unknown;control;2023-12-15 22:00:00+00:00;0.434;;
966771;unknown;control;2023-12-15 22:15:00+00:00;0.427;;
966771;unknown;control;2023-12-15 22:30:00+00:00;0.426;;
966771;unknown;control;2023-12-15 22:45:00+00:00;0.435;;
966771;unknown;control;2023-12-15 23:00:00+00:00;0.413;;
966771;unknown;control;2023-12-15 23:15:00+00:00;0.44;;
966771;unknown;control;2023-12-15 23:30:00+00:00;0.986;;
966771;unknown;control;2023-12-15 23:45:00+00:00;1.17;;
966771;unknown;control;2023-12-16 00:00:00+00:00;1.183;;
966771;unknown;control;2023-12-16 00:15:00+00:00;1.227;;
966771;unknown;control;2023-12-16 00:30:00+00:00;0.591;;
966771;unknown;control;2023-12-16 00:45:00+00:00;0.409;;
966771;unknown;control;2023-12-16 01:00:00+00:00;0.783;;
966771;unknown;control;2023-12-16 01:15:00+00:00;1.167;;
966771;unknown;control;2023-12-16 01:30:00+00:00;2.319;;
966771;unknown;control;2023-12-16 01:45:00+00:00;2.291;;
966771;unknown;control;2023-12-16 02:00:00+00:00;2.362;;
966771;unknown;control;2023-12-16 02:15:00+00:00;2.251;;
966771;unknown;control;2023-12-16 02:30:00+00:00;2.071;;
966771;unknown;control;2023-12-16 02:45:00+00:00;2.227;;
966771;unknown;control;2023-12-16 03:00:00+00:00;1.207;;
966771;unknown;control;2023-12-16 03:15:00+00:00;1.123;;
966771;unknown;control;2023-12-16 03:30:00+00:00;1.203;;
966771;unknown;control;2023-12-16 03:45:00+00:00;0.938;;
966771;unknown;control;2023-12-16 04:00:00+00:00;0.35;;
966771;unknown;control;2023-12-16 04:15:00+00:00;0.355;;
966771;unknown;control;2023-12-16 04:30:00+00:00;0.419;;
966771;unknown;control;2023-12-16 04:45:00+00:00;0.365;;
966771;unknown;control;2023-12-16 05:00:00+00:00;0.46;;
966771;unknown;control;2023-12-16 05:15:00+00:00;0.36;;
966771;unknown;control;2023-12-16 05:30:00+00:00;0.402;;
966771;unknown;control;2023-12-16 05:45:00+00:00;0.425;;
966771;unknown;control;2023-12-16 06:00:00+00:00;0.358;;
966771;unknown;control;2023-12-16 06:15:00+00:00;0.552;;
966771;unknown;control;2023-12-16 06:30:00+00:00;1.14;;
966771;unknown;control;2023-12-16 06:45:00+00:00;1.118;;
966771;unknown;control;2023-12-16 07:00:00+00:00;1.197;;
966771;unknown;control;2023-12-16 07:15:00+00:00;0.78;;
966771;unknown;control;2023-12-16 07:30:00+00:00;0.377;;
966771;unknown;control;2023-12-16 07:45:00+00:00;0.495;;
966771;unknown;control;2023-12-16 08:00:00+00:00;1.015;;
966771;unknown;control;2023-12-16 08:15:00+00:00;1.565;;
966771;unknown;control;2023-12-16 08:30:00+00:00;1.348;;
966771;unknown;control;2023-12-16 08:45:00+00:00;0.474;;
966771;unknown;control;2023-12-16 09:00:00+00:00;0.42;;
966771;unknown;control;2023-12-16 09:15:00+00:00;0.744;;
966771;unknown;control;2023-12-16 09:30:00+00:00;0.978;;
966771;unknown;control;2023-12-16 09:45:00+00:00;1.074;;
966771;unknown;control;2023-12-16 10:00:00+00:00;1.042;;
966771;unknown;control;2023-12-16 10:15:00+00:00;0.3;;
966771;unknown;control;2023-12-16 10:30:00+00:00;0.293;;
966771;unknown;control;2023-12-16 10:45:00+00:00;0.296;;
966771;unknown;control;2023-12-16 11:00:00+00:00;0.229;;
966771;unknown;control;2023-12-16 11:15:00+00:00;0.348;;
966771;unknown;control;2023-12-16 11:30:00+00:00;0.732;;
966771;unknown;control;2023-12-16 11:45:00+00:00;1.037;;
966771;unknown;control;2023-12-16 12:00:00+00:00;1.077;;
966771;unknown;control;2023-12-16 12:15:00+00:00;0.739;;
966771;unknown;control;2023-12-16 12:30:00+00:00;1.066;;
966771;unknown;control;2023-12-16 12:45:00+00:00;0.998;;
966771;unknown;control;2023-12-16 13:00:00+00:00;0.665;;
966771;unknown;control;2023-12-16 13:15:00+00:00;0.326;;
966771;unknown;control;2023-12-16 13:30:00+00:00;0.353;;
966771;unknown;control;2023-12-16 13:45:00+00:00;1.002;;
966771;unknown;control;2023-12-16 14:00:00+00:00;1.105;;
966771;unknown;control;2023-12-16 14:15:00+00:00;0.946;;
966771;unknown;control;2023-12-16 14:30:00+00:00;1.12;;
966771;unknown;control;2023-12-16 14:45:00+00:00;0.861;;
966771;unknown;control;2023-12-16 15:00:00+00:00;0.293;;
966771;unknown;control;2023-12-16 15:15:00+00:00;0.405;;
966771;unknown;control;2023-12-16 15:30:00+00:00;0.353;;
966771;unknown;control;2023-12-16 15:45:00+00:00;0.333;;
966771;unknown;control;2023-12-16 16:00:00+00:00;0.376;;
966771;unknown;control;2023-12-16 16:15:00+00:00;0.313;;
966771;unknown;control;2023-12-16 16:30:00+00:00;0.401;;
966771;unknown;control;2023-12-16 16:45:00+00:00;0.308;;
966771;unknown;control;2023-12-16 17:00:00+00:00;0.438;;
966771;unknown;control;2023-12-16 17:15:00+00:00;0.342;;
966771;unknown;control;2023-12-16 17:30:00+00:00;1.039;;
966771;unknown;control;2023-12-16 17:45:00+00:00;1.141;;
966771;unknown;control;2023-12-16 18:00:00+00:00;0.512;;
966771;unknown;control;2023-12-16 18:15:00+00:00;0.383;;
966771;unknown;control;2023-12-16 18:30:00+00:00;0.895;;
966771;unknown;control;2023-12-16 18:45:00+00:00;1.176;;
966771;unknown;control;2023-12-16 19:00:00+00:00;1.097;;
966771;unknown;control;2023-12-16 19:15:00+00:00;0.942;;
966771;unknown;control;2023-12-16 19:30:00+00:00;1.135;;
966771;unknown;control;2023-12-16 19:45:00+00:00;1.205;;
966771;unknown;control;2023-12-16 20:00:00+00:00;1.082;;
966771;unknown;control;2023-12-16 20:15:00+00:00;0.975;;
966771;unknown;control;2023-12-16 20:30:00+00:00;1.18;;
966771;unknown;control;2023-12-16 20:45:00+00:00;1.301;;
966771;unknown;control;2023-12-16 21:00:00+00:00;0.9;;
966771;unknown;control;2023-12-16 21:15:00+00:00;0.334;;
966771;unknown;control;2023-12-16 21:30:00+00:00;0.427;;
966771;unknown;control;2023-12-16 21:45:00+00:00;0.353;;
966771;unknown;control;2023-12-16 22:00:00+00:00;0.367;;
966771;unknown;control;2023-12-16 22:15:00+00:00;0.405;;
966771;unknown;control;2023-12-16 22:30:00+00:00;0.277;;
966771;unknown;control;2023-12-16 22:45:00+00:00;0.401;;
966771;unknown;control;2023-12-16 23:00:00+00:00;0.403;;
966771;unknown;control;2023-12-16 23:15:00+00:00;0.296;;
966771;unknown;control;2023-12-16 23:30:00+00:00;0.398;;
966771;unknown;control;2023-12-16 23:45:00+00:00;0.495;;
966771;unknown;control;2023-12-17 00:00:00+00:00;1.048;;
966771;unknown;control;2023-12-17 00:15:00+00:00;1.194;;
966771;unknown;control;2023-12-17 00:30:00+00:00;1.212;;
966771;unknown;control;2023-12-17 00:45:00+00:00;0.533;;
966771;unknown;control;2023-12-17 01:00:00+00:00;0.522;;
966771;unknown;control;2023-12-17 01:15:00+00:00;1.168;;
966771;unknown;control;2023-12-17 01:30:00+00:00;2.364;;
966771;unknown;control;2023-12-17 01:45:00+00:00;2.347;;
966771;unknown;control;2023-12-17 02:00:00+00:00;2.335;;
966771;unknown;control;2023-12-17 02:15:00+00:00;2.144;;
966771;unknown;control;2023-12-17 02:30:00+00:00;2.271;;
966771;unknown;control;2023-12-17 02:45:00+00:00;1.788;;
966771;unknown;control;2023-12-17 03:00:00+00:00;1.155;;
966771;unknown;control;2023-12-17 03:15:00+00:00;1.19;;
966771;unknown;control;2023-12-17 03:30:00+00:00;1.224;;
966771;unknown;control;2023-12-17 03:45:00+00:00;0.744;;
966771;unknown;control;2023-12-17 04:00:00+00:00;1.176;;
966771;unknown;control;2023-12-17 04:15:00+00:00;0.465;;
966771;unknown;control;2023-12-17 04:30:00+00:00;0.425;;
966771;unknown;control;2023-12-17 04:45:00+00:00;0.365;;
966771;unknown;control;2023-12-17 05:00:00+00:00;0.37;;
966771;unknown;control;2023-12-17 05:15:00+00:00;0.434;;
966771;unknown;control;2023-12-17 05:30:00+00:00;0.412;;
966771;unknown;control;2023-12-17 05:45:00+00:00;0.425;;
966771;unknown;control;2023-12-17 06:00:00+00:00;0.41;;
966771;unknown;control;2023-12-17 06:15:00+00:00;0.377;;
966771;unknown;control;2023-12-17 06:30:00+00:00;0.983;;
966771;unknown;control;2023-12-17 06:45:00+00:00;1.109;;
966771;unknown;control;2023-12-17 07:00:00+00:00;1.144;;
966771;unknown;control;2023-12-17 07:15:00+00:00;1.186;;
966771;unknown;control;2023-12-17 07:30:00+00:00;0.821;;
966771;unknown;control;2023-12-17 07:45:00+00:00;0.615;;
966771;unknown;control;2023-12-17 08:00:00+00:00;0.409;;
966771;unknown;control;2023-12-17 08:15:00+00:00;0.408;;
966771;unknown;control;2023-12-17 08:30:00+00:00;0.671;;
966771;unknown;control;2023-12-17 08:45:00+00:00;1.003;;
966771;unknown;control;2023-12-17 09:00:00+00:00;1.058;;
966771;unknown;control;2023-12-17 09:15:00+00:00;0.959;;
966771;unknown;control;2023-12-17 09:30:00+00:00;0.319;;
966771;unknown;control;2023-12-17 09:45:00+00:00;0.416;;
966771;unknown;control;2023-12-17 10:00:00+00:00;0.336;;
966771;unknown;control;2023-12-17 10:15:00+00:00;1.008;;
966771;unknown;control;2023-12-17 10:30:00+00:00;1.033;;
966771;unknown;control;2023-12-17 10:45:00+00:00;1.125;;
966771;unknown;control;2023-12-17 11:00:00+00:00;0.248;;
966771;unknown;control;2023-12-17 11:15:00+00:00;0.358;;
966771;unknown;control;2023-12-17 11:30:00+00:00;0.255;;
966771;unknown;control;2023-12-17 11:45:00+00:00;0.811;;
966771;unknown;control;2023-12-17 12:00:00+00:00;1.101;;
966771;unknown;control;2023-12-17 12:15:00+00:00;1.115;;
966771;unknown;control;2023-12-17 12:30:00+00:00;1.111;;
966771;unknown;control;2023-12-17 12:45:00+00:00;0.332;;
966771;unknown;control;2023-12-17 13:00:00+00:00;0.367;;
966771;unknown;control;2023-12-17 13:15:00+00:00;0.342;;
966771;unknown;control;2023-12-17 13:30:00+00:00;0.976;;
966771;unknown;control;2023-12-17 13:45:00+00:00;1.029;;
966771;unknown;control;2023-12-17 14:00:00+00:00;1.175;;
966771;unknown;control;2023-12-17 14:15:00+00:00;0.743;;
966771;unknown;control;2023-12-17 14:30:00+00:00;0.457;;
966771;unknown;control;2023-12-17 14:45:00+00:00;0.423;;
966771;unknown;control;2023-12-17 15:00:00+00:00;0.59;;
966771;unknown;control;2023-12-17 15:15:00+00:00;1.198;;
966771;unknown;control;2023-12-17 15:30:00+00:00;0.701;;
966771;unknown;control;2023-12-17 15:45:00+00:00;0.383;;
966771;unknown;control;2023-12-17 16:00:00+00:00;0.458;;
966771;unknown;control;2023-12-17 16:15:00+00:00;0.417;;
966771;unknown;control;2023-12-17 16:30:00+00:00;0.319;;
966771;unknown;control;2023-12-17 16:45:00+00:00;0.417;;
966771;unknown;control;2023-12-17 17:00:00+00:00;0.356;;
966771;unknown;control;2023-12-17 17:15:00+00:00;0.337;;
966771;unknown;control;2023-12-17 17:30:00+00:00;0.545;;
966771;unknown;control;2023-12-17 17:45:00+00:00;0.494;;
966771;unknown;control;2023-12-17 18:00:00+00:00;0.964;;
966771;unknown;control;2023-12-17 18:15:00+00:00;1.149;;
966771;unknown;control;2023-12-17 18:30:00+00:00;1.117;;
966771;unknown;control;2023-12-17 18:45:00+00:00;1.036;;
966771;unknown;control;2023-12-17 19:00:00+00:00;1.137;;
966771;unknown;control;2023-12-17 19:15:00+00:00;1.114;;
966771;unknown;control;2023-12-17 19:30:00+00:00;1.214;;
966771;unknown;control;2023-12-17 19:45:00+00:00;0.949;;
966771;unknown;control;2023-12-17 20:00:00+00:00;1.097;;
966771;unknown;control;2023-12-17 20:15:00+00:00;1.22;;
966771;unknown;control;2023-12-17 20:30:00+00:00;1.118;;
966771;unknown;control;2023-12-17 20:45:00+00:00;0.941;;
966771;unknown;control;2023-12-17 21:00:00+00:00;1.228;;
966771;unknown;control;2023-12-17 21:15:00+00:00;1.074;;
966771;unknown;control;2023-12-17 21:30:00+00:00;0.375;;
966771;unknown;control;2023-12-17 21:45:00+00:00;0.41;;
966771;unknown;control;2023-12-17 22:00:00+00:00;0.3;;
966771;unknown;control;2023-12-17 22:15:00+00:00;0.4;;
966771;unknown;control;2023-12-17 22:30:00+00:00;0.375;;
966771;unknown;control;2023-12-17 22:45:00+00:00;0.309;;
966771;unknown;control;2023-12-17 23:00:00+00:00;0.399;;
966771;unknown;control;2023-12-17 23:15:00+00:00;0.41;;
966771;unknown;control;2023-12-17 23:30:00+00:00;0.39;;
966771;unknown;control;2023-12-17 23:45:00+00:00;0.485;;
966771;unknown;control;2023-12-18 00:00:00+00:00;1.183;;
966771;unknown;control;2023-12-18 00:15:00+00:00;1.137;;
966771;unknown;control;2023-12-18 00:30:00+00:00;0.717;;
966771;unknown;control;2023-12-18 00:45:00+00:00;0.485;;
966771;unknown;control;2023-12-18 01:00:00+00:00;0.991;;
966771;unknown;control;2023-12-18 01:15:00+00:00;1.142;;
966771;unknown;control;2023-12-18 01:30:00+00:00;2.382;;
966771;unknown;control;2023-12-18 01:45:00+00:00;2.363;;
966771;unknown;control;2023-12-18 02:00:00+00:00;2.068;;
966771;unknown;control;2023-12-18 02:15:00+00:00;2.367;;
966771;unknown;control;2023-12-18 02:30:00+00:00;2.428;;
966771;unknown;control;2023-12-18 02:45:00+00:00;1.889;;
966771;unknown;control;2023-12-18 03:00:00+00:00;1.501;;
966771;unknown;control;2023-12-18 03:15:00+00:00;0.55;;
966771;unknown;control;2023-12-18 03:30:00+00:00;1.183;;
966771;unknown;control;2023-12-18 03:45:00+00:00;1.187;;
966771;unknown;control;2023-12-18 04:00:00+00:00;1.12;;
966771;unknown;control;2023-12-18 04:15:00+00:00;0.452;;
966771;unknown;control;2023-12-18 04:30:00+00:00;0.399;;
966771;unknown;control;2023-12-18 04:45:00+00:00;0.384;;
966771;unknown;control;2023-12-18 05:00:00+00:00;0.29;;
966771;unknown;control;2023-12-18 05:15:00+00:00;0.378;;
966771;unknown;control;2023-12-18 05:30:00+00:00;0.428;;
966771;unknown;control;2023-12-18 05:45:00+00:00;1.509;;
966771;unknown;control;2023-12-18 06:00:00+00:00;0.393;;
966771;unknown;control;2023-12-18 06:15:00+00:00;0.425;;
966771;unknown;control;2023-12-18 06:30:00+00:00;0.895;;
966771;unknown;control;2023-12-18 06:45:00+00:00;1.16;;
966771;unknown;control;2023-12-18 07:00:00+00:00;1.627;;
966771;unknown;control;2023-12-18 07:15:00+00:00;1.168;;
966771;unknown;control;2023-12-18 07:30:00+00:00;0.505;;
966771;unknown;control;2023-12-18 07:45:00+00:00;0.461;;
966771;unknown;control;2023-12-18 08:00:00+00:00;0.9;;
966771;unknown;control;2023-12-18 08:15:00+00:00;1.241;;
966771;unknown;control;2023-12-18 08:30:00+00:00;1.706;;
966771;unknown;control;2023-12-18 08:45:00+00:00;0.562;;
966771;unknown;control;2023-12-18 09:00:00+00:00;0.638;;
966771;unknown;control;2023-12-18 09:15:00+00:00;0.516;;
966771;unknown;control;2023-12-18 09:30:00+00:00;0.541;;
966771;unknown;control;2023-12-18 09:45:00+00:00;0.369;;
966771;unknown;control;2023-12-18 10:00:00+00:00;0.505;;
966771;unknown;control;2023-12-18 10:15:00+00:00;0.998;;
966771;unknown;control;2023-12-18 10:30:00+00:00;1.011;;
966771;unknown;control;2023-12-18 10:45:00+00:00;0.248;;
966771;unknown;control;2023-12-18 11:00:00+00:00;0.361;;
966771;unknown;control;2023-12-18 11:15:00+00:00;0.247;;
966771;unknown;control;2023-12-18 11:30:00+00:00;0.523;;
966771;unknown;control;2023-12-18 11:45:00+00:00;1.055;;
966771;unknown;control;2023-12-18 12:00:00+00:00;0.998;;
966771;unknown;control;2023-12-18 12:15:00+00:00;1.137;;
966771;unknown;control;2023-12-18 12:30:00+00:00;1.213;;
966771;unknown;control;2023-12-18 12:45:00+00:00;1.248;;
966771;unknown;control;2023-12-18 13:00:00+00:00;0.803;;
966771;unknown;control;2023-12-18 13:15:00+00:00;0.74;;
966771;unknown;control;2023-12-18 13:30:00+00:00;0.268;;
966771;unknown;control;2023-12-18 13:45:00+00:00;0.26;;
966771;unknown;control;2023-12-18 14:00:00+00:00;1.039;;
966771;unknown;control;2023-12-18 14:15:00+00:00;1.151;;
966771;unknown;control;2023-12-18 14:30:00+00:00;0.997;;
966771;unknown;control;2023-12-18 14:45:00+00:00;1.185;;
966771;unknown;control;2023-12-18 15:00:00+00:00;0.385;;
966771;unknown;control;2023-12-18 15:15:00+00:00;0.395;;
966771;unknown;control;2023-12-18 15:30:00+00:00;0.276;;
966771;unknown;control;2023-12-18 15:45:00+00:00;0.389;;
966771;unknown;control;2023-12-18 16:00:00+00:00;0.295;;
966771;unknown;control;2023-12-18 16:15:00+00:00;0.367;;
966771;unknown;control;2023-12-18 16:30:00+00:00;0.318;;
966771;unknown;control;2023-12-18 16:45:00+00:00;0.374;;
966771;unknown;control;2023-12-18 17:00:00+00:00;0.507;;
966771;unknown;control;2023-12-18 17:15:00+00:00;0.354;;
966771;unknown;control;2023-12-18 17:30:00+00:00;1.159;;
966771;unknown;control;2023-12-18 17:45:00+00:00;1.175;;
966771;unknown;control;2023-12-18 18:00:00+00:00;1.126;;
966771;unknown;control;2023-12-18 18:15:00+00:00;0.476;;
966771;unknown;control;2023-12-18 18:30:00+00:00;0.842;;
966771;unknown;control;2023-12-18 18:45:00+00:00;1.184;;
966771;unknown;control;2023-12-18 19:00:00+00:00;1.244;;
966771;unknown;control;2023-12-18 19:15:00+00:00;1.207;;
966771;unknown;control;2023-12-18 19:30:00+00:00;0.841;;
966771;unknown;control;2023-12-18 19:45:00+00:00;1.262;;
966771;unknown;control;2023-12-18 20:00:00+00:00;1.207;;
966771;unknown;control;2023-12-18 20:15:00+00:00;1.232;;
966771;unknown;control;2023-12-18 20:30:00+00:00;0.752;;
966771;unknown;control;2023-12-18 20:45:00+00:00;0.507;;
966771;unknown;control;2023-12-18 21:00:00+00:00;0.778;;
966771;unknown;control;2023-12-18 21:15:00+00:00;1.145;;
966771;unknown;control;2023-12-18 21:30:00+00:00;0.452;;
966771;unknown;control;2023-12-18 21:45:00+00:00;0.379;;
966771;unknown;control;2023-12-18 22:00:00+00:00;0.363;;
966771;unknown;control;2023-12-18 22:15:00+00:00;0.407;;
966771;unknown;control;2023-12-18 22:30:00+00:00;0.399;;
966771;unknown;control;2023-12-18 22:45:00+00:00;0.333;;
966771;unknown;control;2023-12-18 23:00:00+00:00;0.397;;
966771;unknown;control;2023-12-18 23:15:00+00:00;0.417;;
966771;unknown;control;2023-12-18 23:30:00+00:00;0.393;;
966771;unknown;control;2023-12-18 23:45:00+00:00;0.618;;
966771;unknown;control;2023-12-19 00:00:00+00:00;1.18;;
966771;unknown;control;2023-12-19 00:15:00+00:00;1.09;;
966771;unknown;control;2023-12-19 00:30:00+00:00;0.919;;
966771;unknown;control;2023-12-19 00:45:00+00:00;0.407;;
966771;unknown;control;2023-12-19 01:00:00+00:00;0.738;;
966771;unknown;control;2023-12-19 01:15:00+00:00;1.155;;
966771;unknown;control;2023-12-19 01:30:00+00:00;2.372;;
966771;unknown;control;2023-12-19 01:45:00+00:00;2.379;;
966771;unknown;control;2023-12-19 02:00:00+00:00;2.392;;
966771;unknown;control;2023-12-19 02:15:00+00:00;2.048;;
966771;unknown;control;2023-12-19 02:30:00+00:00;1.548;;
966771;unknown;control;2023-12-19 02:45:00+00:00;1.206;;
966771;unknown;control;2023-12-19 03:00:00+00:00;1.234;;
966771;unknown;control;2023-12-19 03:15:00+00:00;1.186;;
966771;unknown;control;2023-12-19 03:30:00+00:00;1.028;;
966771;unknown;control;2023-12-19 03:45:00+00:00;0.927;;
966771;unknown;control;2023-12-19 04:00:00+00:00;1.222;;
966771;unknown;control;2023-12-19 04:15:00+00:00;0.391;;
966771;unknown;control;2023-12-19 04:30:00+00:00;0.355;;
966771;unknown;control;2023-12-19 04:45:00+00:00;0.398;;
966771;unknown;control;2023-12-19 05:00:00+00:00;0.424;;
966771;unknown;control;2023-12-19 05:15:00+00:00;1.477;;
966771;unknown;control;2023-12-19 05:30:00+00:00;1.41;;
966771;unknown;control;2023-12-19 05:45:00+00:00;0.396;;
966771;unknown;control;2023-12-19 06:00:00+00:00;0.402;;
966771;unknown;control;2023-12-19 06:15:00+00:00;0.554;;
966771;unknown;control;2023-12-19 06:30:00+00:00;1.54;;
966771;unknown;control;2023-12-19 06:45:00+00:00;1.238;;
966771;unknown;control;2023-12-19 07:00:00+00:00;1.519;;
966771;unknown;control;2023-12-19 07:15:00+00:00;1.207;;
966771;unknown;control;2023-12-19 07:30:00+00:00;1.066;;
966771;unknown;control;2023-12-19 07:45:00+00:00;1.038;;
966771;unknown;control;2023-12-19 08:00:00+00:00;1.101;;
966771;unknown;control;2023-12-19 08:15:00+00:00;0.546;;
966771;unknown;control;2023-12-19 08:30:00+00:00;0.355;;
966771;unknown;control;2023-12-19 08:45:00+00:00;0.254;;
966771;unknown;control;2023-12-19 09:00:00+00:00;0.402;;
966771;unknown;control;2023-12-19 09:15:00+00:00;0.211;;
966771;unknown;control;2023-12-19 09:30:00+00:00;0.368;;
966771;unknown;control;2023-12-19 09:45:00+00:00;0.238;;
966771;unknown;control;2023-12-19 10:00:00+00:00;0.18;;
966771;unknown;control;2023-12-19 10:15:00+00:00;0.107;;
966771;unknown;control;2023-12-19 10:30:00+00:00;0.6;;
966771;unknown;control;2023-12-19 10:45:00+00:00;0.913;;
966771;unknown;control;2023-12-19 11:00:00+00:00;0.444;;
966771;unknown;control;2023-12-19 11:15:00+00:00;0.494;;
966771;unknown;control;2023-12-19 11:30:00+00:00;0.266;;
966771;unknown;control;2023-12-19 11:45:00+00:00;0.812;;
966771;unknown;control;2023-12-19 12:00:00+00:00;0.991;;
966771;unknown;control;2023-12-19 12:15:00+00:00;0.602;;
966771;unknown;control;2023-12-19 12:30:00+00:00;0.217;;
966771;unknown;control;2023-12-19 12:45:00+00:00;0.21;;
966771;unknown;control;2023-12-19 13:00:00+00:00;0.207;;
966771;unknown;control;2023-12-19 13:15:00+00:00;0.215;;
966771;unknown;control;2023-12-19 13:30:00+00:00;0.386;;
966771;unknown;control;2023-12-19 13:45:00+00:00;0.956;;
966771;unknown;control;2023-12-19 14:00:00+00:00;0.424;;
966771;unknown;control;2023-12-19 14:15:00+00:00;0.293;;
966771;unknown;control;2023-12-19 14:30:00+00:00;0.329;;
966771;unknown;control;2023-12-19 14:45:00+00:00;0.235;;
966771;unknown;control;2023-12-19 15:00:00+00:00;0.286;;
966771;unknown;control;2023-12-19 15:15:00+00:00;0.291;;
966771;unknown;control;2023-12-19 15:30:00+00:00;0.303;;
966771;unknown;control;2023-12-19 15:45:00+00:00;0.341;;
966771;unknown;control;2023-12-19 16:00:00+00:00;0.28;;
966771;unknown;control;2023-12-19 16:15:00+00:00;0.369;;
966771;unknown;control;2023-12-19 16:30:00+00:00;0.243;;
966771;unknown;control;2023-12-19 16:45:00+00:00;0.402;;
966771;unknown;control;2023-12-19 17:00:00+00:00;0.276;;
966771;unknown;control;2023-12-19 17:15:00+00:00;0.384;;
966771;unknown;control;2023-12-19 17:30:00+00:00;0.409;;
966771;unknown;control;2023-12-19 17:45:00+00:00;0.359;;
966771;unknown;control;2023-12-19 18:00:00+00:00;0.91;;
966771;unknown;control;2023-12-19 18:15:00+00:00;1.228;;
966771;unknown;control;2023-12-19 18:30:00+00:00;1.068;;
966771;unknown;control;2023-12-19 18:45:00+00:00;1.228;;
966771;unknown;control;2023-12-19 19:00:00+00:00;1.281;;
966771;unknown;control;2023-12-19 19:15:00+00:00;1.036;;
966771;unknown;control;2023-12-19 19:30:00+00:00;1.283;;
966771;unknown;control;2023-12-19 19:45:00+00:00;1.115;;
966771;unknown;control;2023-12-19 20:00:00+00:00;1.171;;
966771;unknown;control;2023-12-19 20:15:00+00:00;0.828;;
966771;unknown;control;2023-12-19 20:30:00+00:00;0.385;;
966771;unknown;control;2023-12-19 20:45:00+00:00;0.389;;
966771;unknown;control;2023-12-19 21:00:00+00:00;0.498;;
966771;unknown;control;2023-12-19 21:15:00+00:00;1.091;;
966771;unknown;control;2023-12-19 21:30:00+00:00;0.444;;
966771;unknown;control;2023-12-19 21:45:00+00:00;0.262;;
966771;unknown;control;2023-12-19 22:00:00+00:00;0.388;;
966771;unknown;control;2023-12-19 22:15:00+00:00;0.269;;
966771;unknown;control;2023-12-19 22:30:00+00:00;0.384;;
966771;unknown;control;2023-12-19 22:45:00+00:00;0.288;;
966771;unknown;control;2023-12-19 23:00:00+00:00;0.384;;
966771;unknown;control;2023-12-19 23:15:00+00:00;0.373;;
966771;unknown;control;2023-12-19 23:30:00+00:00;0.282;;
966771;unknown;control;2023-12-19 23:45:00+00:00;0.382;;
966771;unknown;control;2023-12-20 00:00:00+00:00;0.268;;
966771;unknown;control;2023-12-20 00:15:00+00:00;0.505;;
966771;unknown;control;2023-12-20 00:30:00+00:00;1.061;;
966771;unknown;control;2023-12-20 00:45:00+00:00;1.074;;
966771;unknown;control;2023-12-20 01:00:00+00:00;0.272;;
966771;unknown;control;2023-12-20 01:15:00+00:00;0.745;;
966771;unknown;control;2023-12-20 01:30:00+00:00;2.236;;
966771;unknown;control;2023-12-20 01:45:00+00:00;2.337;;
966771;unknown;control;2023-12-20 02:00:00+00:00;2.179;;
966771;unknown;control;2023-12-20 02:15:00+00:00;2.064;;
966771;unknown;control;2023-12-20 02:30:00+00:00;0.688;;
966771;unknown;control;2023-12-20 02:45:00+00:00;0.358;;
966771;unknown;control;2023-12-20 03:00:00+00:00;0.817;;
966771;unknown;control;2023-12-20 03:15:00+00:00;1.126;;
966771;unknown;control;2023-12-20 03:30:00+00:00;0.719;;
966771;unknown;control;2023-12-20 03:45:00+00:00;0.302;;
966771;unknown;control;2023-12-20 04:00:00+00:00;0.412;;
966771;unknown;control;2023-12-20 04:15:00+00:00;0.352;;
966771;unknown;control;2023-12-20 04:30:00+00:00;0.348;;
966771;unknown;control;2023-12-20 04:45:00+00:00;0.369;;
966771;unknown;control;2023-12-20 05:00:00+00:00;0.298;;
966771;unknown;control;2023-12-20 05:15:00+00:00;0.509;;
966771;unknown;control;2023-12-20 05:30:00+00:00;0.352;;
966771;unknown;control;2023-12-20 05:45:00+00:00;0.395;;
966771;unknown;control;2023-12-20 06:00:00+00:00;0.27;;
966771;unknown;control;2023-12-20 06:15:00+00:00;0.412;;
966771;unknown;control;2023-12-20 06:30:00+00:00;0.277;;
966771;unknown;control;2023-12-20 06:45:00+00:00;0.39;;
966771;unknown;control;2023-12-20 07:00:00+00:00;0.263;;
966771;unknown;control;2023-12-20 07:15:00+00:00;0.476;;
966771;unknown;control;2023-12-20 07:30:00+00:00;1.036;;
966771;unknown;control;2023-12-20 07:45:00+00:00;0.996;;
966771;unknown;control;2023-12-20 08:00:00+00:00;0.267;;
966771;unknown;control;2023-12-20 08:15:00+00:00;0.274;;
966771;unknown;control;2023-12-20 08:30:00+00:00;0.275;;
966771;unknown;control;2023-12-20 08:45:00+00:00;0.217;;
966771;unknown;control;2023-12-20 09:00:00+00:00;0.212;;
966771;unknown;control;2023-12-20 09:15:00+00:00;0.281;;
966771;unknown;control;2023-12-20 09:30:00+00:00;0.235;;
966771;unknown;control;2023-12-20 09:45:00+00:00;0.237;;
966771;unknown;control;2023-12-20 10:00:00+00:00;0.224;;
966771;unknown;control;2023-12-20 10:15:00+00:00;0.227;;
966771;unknown;control;2023-12-20 10:30:00+00:00;0.348;;
966771;unknown;control;2023-12-20 10:45:00+00:00;0.428;;
966771;unknown;control;2023-12-20 11:00:00+00:00;0.202;;
966771;unknown;control;2023-12-20 11:15:00+00:00;0.182;;
966771;unknown;control;2023-12-20 11:30:00+00:00;0.162;;
966771;unknown;control;2023-12-20 11:45:00+00:00;0.903;;
966771;unknown;control;2023-12-20 12:00:00+00:00;1.036;;
966771;unknown;control;2023-12-20 12:15:00+00:00;0.567;;
966771;unknown;control;2023-12-20 12:30:00+00:00;0.261;;
966771;unknown;control;2023-12-20 12:45:00+00:00;0.672;;
966771;unknown;control;2023-12-20 13:00:00+00:00;1.042;;
966771;unknown;control;2023-12-20 13:15:00+00:00;0.716;;
966771;unknown;control;2023-12-20 13:30:00+00:00;0.272;;
966771;unknown;control;2023-12-20 13:45:00+00:00;0.413;;
966771;unknown;control;2023-12-20 14:00:00+00:00;1.0;;
966771;unknown;control;2023-12-20 14:15:00+00:00;0.919;;
966771;unknown;control;2023-12-20 14:30:00+00:00;0.419;;
966771;unknown;control;2023-12-20 14:45:00+00:00;0.38;;
966771;unknown;control;2023-12-20 15:00:00+00:00;0.415;;
966771;unknown;control;2023-12-20 15:15:00+00:00;0.372;;
966771;unknown;control;2023-12-20 15:30:00+00:00;0.356;;
966771;unknown;control;2023-12-20 15:45:00+00:00;0.403;;
966771;unknown;control;2023-12-20 16:00:00+00:00;0.432;;
966771;unknown;control;2023-12-20 16:15:00+00:00;0.431;;
966771;unknown;control;2023-12-20 16:30:00+00:00;0.436;;
966771;unknown;control;2023-12-20 16:45:00+00:00;0.392;;
966771;unknown;control;2023-12-20 17:00:00+00:00;0.37;;
966771;unknown;control;2023-12-20 17:15:00+00:00;0.527;;
966771;unknown;control;2023-12-20 17:30:00+00:00;1.156;;
966771;unknown;control;2023-12-20 17:45:00+00:00;1.181;;
966771;unknown;control;2023-12-20 18:00:00+00:00;0.996;;
966771;unknown;control;2023-12-20 18:15:00+00:00;1.168;;
966771;unknown;control;2023-12-20 18:30:00+00:00;1.21;;
966771;unknown;control;2023-12-20 18:45:00+00:00;1.026;;
966771;unknown;control;2023-12-20 19:00:00+00:00;1.204;;
966771;unknown;control;2023-12-20 19:15:00+00:00;1.242;;
966771;unknown;control;2023-12-20 19:30:00+00:00;0.967;;
966771;unknown;control;2023-12-20 19:45:00+00:00;1.232;;
966771;unknown;control;2023-12-20 20:00:00+00:00;0.906;;
966771;unknown;control;2023-12-20 20:15:00+00:00;0.328;;
966771;unknown;control;2023-12-20 20:30:00+00:00;0.425;;
966771;unknown;control;2023-12-20 20:45:00+00:00;0.413;;
966771;unknown;control;2023-12-20 21:00:00+00:00;0.9;;
966771;unknown;control;2023-12-20 21:15:00+00:00;1.21;;
966771;unknown;control;2023-12-20 21:30:00+00:00;0.372;;
966771;unknown;control;2023-12-20 21:45:00+00:00;0.331;;
966771;unknown;control;2023-12-20 22:00:00+00:00;0.398;;
966771;unknown;control;2023-12-20 22:15:00+00:00;0.308;;
966771;unknown;control;2023-12-20 22:30:00+00:00;0.382;;
966771;unknown;control;2023-12-20 22:45:00+00:00;0.353;;
966771;unknown;control;2023-12-20 23:00:00+00:00;0.312;;
966771;unknown;control;2023-12-20 23:15:00+00:00;0.39;;
966771;unknown;control;2023-12-20 23:30:00+00:00;0.321;;
966771;unknown;control;2023-12-20 23:45:00+00:00;0.354;;
966771;unknown;control;2023-12-21 00:00:00+00:00;0.398;;
966771;unknown;control;2023-12-21 00:15:00+00:00;0.461;;
966771;unknown;control;2023-12-21 00:30:00+00:00;1.087;;
966771;unknown;control;2023-12-21 00:45:00+00:00;0.937;;
966771;unknown;control;2023-12-21 01:00:00+00:00;0.292;;
966771;unknown;control;2023-12-21 01:15:00+00:00;0.969;;
966771;unknown;control;2023-12-21 01:30:00+00:00;2.392;;
966771;unknown;control;2023-12-21 01:45:00+00:00;2.227;;
966771;unknown;control;2023-12-21 02:00:00+00:00;2.342;;
966771;unknown;control;2023-12-21 02:15:00+00:00;1.853;;
966771;unknown;control;2023-12-21 02:30:00+00:00;1.62;;
966771;unknown;control;2023-12-21 02:45:00+00:00;1.182;;
966771;unknown;control;2023-12-21 03:00:00+00:00;0.359;;
966771;unknown;control;2023-12-21 03:15:00+00:00;0.458;;
966771;unknown;control;2023-12-21 03:30:00+00:00;1.081;;
966771;unknown;control;2023-12-21 03:45:00+00:00;1.16;;
966771;unknown;control;2023-12-21 04:00:00+00:00;0.583;;
966771;unknown;control;2023-12-21 04:15:00+00:00;0.292;;
966771;unknown;control;2023-12-21 04:30:00+00:00;0.366;;
966771;unknown;control;2023-12-21 04:45:00+00:00;0.243;;
966771;unknown;control;2023-12-21 05:00:00+00:00;0.394;;
966771;unknown;control;2023-12-21 05:15:00+00:00;0.256;;
966771;unknown;control;2023-12-21 05:30:00+00:00;0.379;;
966771;unknown;control;2023-12-21 05:45:00+00:00;0.249;;
966771;unknown;control;2023-12-21 06:00:00+00:00;0.496;;
966771;unknown;control;2023-12-21 06:15:00+00:00;0.339;;
966771;unknown;control;2023-12-21 06:30:00+00:00;0.381;;
966771;unknown;control;2023-12-21 06:45:00+00:00;0.368;;
966771;unknown;control;2023-12-21 07:00:00+00:00;0.334;;
966771;unknown;control;2023-12-21 07:15:00+00:00;0.408;;
966771;unknown;control;2023-12-21 07:30:00+00:00;0.526;;
966771;unknown;control;2023-12-21 07:45:00+00:00;1.074;;
966771;unknown;control;2023-12-21 08:00:00+00:00;0.27;;
966771;unknown;control;2023-12-21 08:15:00+00:00;0.333;;
966771;unknown;control;2023-12-21 08:30:00+00:00;0.26;;
966771;unknown;control;2023-12-21 08:45:00+00:00;0.463;;
966771;unknown;control;2023-12-21 09:00:00+00:00;0.492;;
966771;unknown;control;2023-12-21 09:15:00+00:00;0.55;;
966771;unknown;control;2023-12-21 09:30:00+00:00;0.423;;
966771;unknown;control;2023-12-21 09:45:00+00:00;0.372;;
966771;unknown;control;2023-12-21 10:00:00+00:00;0.416;;
966771;unknown;control;2023-12-21 10:15:00+00:00;0.156;;
966771;unknown;control;2023-12-21 10:30:00+00:00;0.285;;
966771;unknown;control;2023-12-21 10:45:00+00:00;0.264;;
966771;unknown;control;2023-12-21 11:00:00+00:00;0.343;;
966771;unknown;control;2023-12-21 11:15:00+00:00;0.317;;
966771;unknown;control;2023-12-21 11:30:00+00:00;0.317;;
966771;unknown;control;2023-12-21 11:45:00+00:00;0.915;;
966771;unknown;control;2023-12-21 12:00:00+00:00;1.042;;
966771;unknown;control;2023-12-21 12:15:00+00:00;0.613;;
966771;unknown;control;2023-12-21 12:30:00+00:00;0.272;;
966771;unknown;control;2023-12-21 12:45:00+00:00;0.515;;
966771;unknown;control;2023-12-21 13:00:00+00:00;0.408;;
966771;unknown;control;2023-12-21 13:15:00+00:00;0.382;;
966771;unknown;control;2023-12-21 13:30:00+00:00;0.466;;
966771;unknown;control;2023-12-21 13:45:00+00:00;1.175;;
966771;unknown;control;2023-12-21 14:00:00+00:00;0.693;;
966771;unknown;control;2023-12-21 14:15:00+00:00;0.382;;
966771;unknown;control;2023-12-21 14:30:00+00:00;0.258;;
966771;unknown;control;2023-12-21 14:45:00+00:00;0.227;;
966771;unknown;control;2023-12-21 15:00:00+00:00;0.275;;
966771;unknown;control;2023-12-21 15:15:00+00:00;0.252;;
966771;unknown;control;2023-12-21 15:30:00+00:00;0.262;;
966771;unknown;control;2023-12-21 15:45:00+00:00;0.247;;
966771;unknown;control;2023-12-21 16:00:00+00:00;0.295;;
966771;unknown;control;2023-12-21 16:15:00+00:00;0.348;;
966771;unknown;control;2023-12-21 16:30:00+00:00;0.348;;
966771;unknown;control;2023-12-21 16:45:00+00:00;0.609;;
966771;unknown;control;2023-12-21 17:00:00+00:00;0.414;;
966771;unknown;control;2023-12-21 17:15:00+00:00;0.35;;
966771;unknown;control;2023-12-21 17:30:00+00:00;0.398;;
966771;unknown;control;2023-12-21 17:45:00+00:00;0.377;;
966771;unknown;control;2023-12-21 18:00:00+00:00;0.297;;
966771;unknown;control;2023-12-21 18:15:00+00:00;0.39;;
966771;unknown;control;2023-12-21 18:30:00+00:00;0.987;;
966771;unknown;control;2023-12-21 18:45:00+00:00;1.21;;
966771;unknown;control;2023-12-21 19:00:00+00:00;0.819;;
966771;unknown;control;2023-12-21 19:15:00+00:00;0.449;;
966771;unknown;control;2023-12-21 19:30:00+00:00;0.786;;
966771;unknown;control;2023-12-21 19:45:00+00:00;0.359;;
966771;unknown;control;2023-12-21 20:00:00+00:00;0.423;;
966771;unknown;control;2023-12-21 20:15:00+00:00;0.298;;
966771;unknown;control;2023-12-21 20:30:00+00:00;0.364;;
966771;unknown;control;2023-12-21 20:45:00+00:00;0.223;;
966771;unknown;control;2023-12-21 21:00:00+00:00;0.733;;
966771;unknown;control;2023-12-21 21:15:00+00:00;0.785;;
966771;unknown;control;2023-12-21 21:30:00+00:00;0.314;;
966771;unknown;control;2023-12-21 21:45:00+00:00;0.248;;
966771;unknown;control;2023-12-21 22:00:00+00:00;0.213;;
966771;unknown;control;2023-12-21 22:15:00+00:00;0.289;;
966771;unknown;control;2023-12-21 22:30:00+00:00;0.222;;
966771;unknown;control;2023-12-21 22:45:00+00:00;0.244;;
966771;unknown;control;2023-12-21 23:00:00+00:00;0.184;;
966771;unknown;control;2023-12-21 23:15:00+00:00;0.288;;
966771;unknown;control;2023-12-21 23:30:00+00:00;0.175;;
966771;unknown;control;2023-12-21 23:45:00+00:00;0.265;;
966771;unknown;control;2023-12-22 00:00:00+00:00;0.252;;
966771;unknown;control;2023-12-22 00:15:00+00:00;0.308;;
966771;unknown;control;2023-12-22 00:30:00+00:00;0.223;;
966771;unknown;control;2023-12-22 00:45:00+00:00;0.249;;
966771;unknown;control;2023-12-22 01:00:00+00:00;0.946;;
966771;unknown;control;2023-12-22 01:15:00+00:00;0.935;;
966771;unknown;control;2023-12-22 01:30:00+00:00;1.487;;
966771;unknown;control;2023-12-22 01:45:00+00:00;1.597;;
966771;unknown;control;2023-12-22 02:00:00+00:00;1.799;;
966771;unknown;control;2023-12-22 02:15:00+00:00;2.352;;
966771;unknown;control;2023-12-22 02:30:00+00:00;1.622;;
966771;unknown;control;2023-12-22 02:45:00+00:00;1.096;;
966771;unknown;control;2023-12-22 03:00:00+00:00;0.265;;
966771;unknown;control;2023-12-22 03:15:00+00:00;0.351;;
966771;unknown;control;2023-12-22 03:30:00+00:00;0.667;;
966771;unknown;control;2023-12-22 03:45:00+00:00;1.035;;
966771;unknown;control;2023-12-22 04:00:00+00:00;0.275;;
966771;unknown;control;2023-12-22 04:15:00+00:00;0.245;;
966771;unknown;control;2023-12-22 04:30:00+00:00;0.308;;
966771;unknown;control;2023-12-22 04:45:00+00:00;0.227;;
966771;unknown;control;2023-12-22 05:00:00+00:00;0.444;;
966771;unknown;control;2023-12-22 05:15:00+00:00;0.294;;
966771;unknown;control;2023-12-22 05:30:00+00:00;0.262;;
966771;unknown;control;2023-12-22 05:45:00+00:00;0.29;;
966771;unknown;control;2023-12-22 06:00:00+00:00;0.279;;
966771;unknown;control;2023-12-22 06:15:00+00:00;0.401;;
966771;unknown;control;2023-12-22 06:30:00+00:00;0.457;;
966771;unknown;control;2023-12-22 06:45:00+00:00;0.79;;
966771;unknown;control;2023-12-22 07:00:00+00:00;0.375;;
966771;unknown;control;2023-12-22 07:15:00+00:00;0.451;;
966771;unknown;control;2023-12-22 07:30:00+00:00;0.687;;
966771;unknown;control;2023-12-22 07:45:00+00:00;0.359;;
966771;unknown;control;2023-12-22 08:00:00+00:00;0.941;;
966771;unknown;control;2023-12-22 08:15:00+00:00;0.935;;
966771;unknown;control;2023-12-22 08:30:00+00:00;1.161;;
966771;unknown;control;2023-12-22 08:45:00+00:00;0.485;;
966771;unknown;control;2023-12-22 09:00:00+00:00;0.339;;
966771;unknown;control;2023-12-22 09:15:00+00:00;0.264;;
966771;unknown;control;2023-12-22 09:30:00+00:00;0.208;;
966771;unknown;control;2023-12-22 09:45:00+00:00;0.116;;
966771;unknown;control;2023-12-22 10:00:00+00:00;0.125;;
966771;unknown;control;2023-12-22 10:15:00+00:00;0.672;;
966771;unknown;control;2023-12-22 10:30:00+00:00;0.452;;
966771;unknown;control;2023-12-22 10:45:00+00:00;0.378;;
966771;unknown;control;2023-12-22 11:00:00+00:00;0.317;;
966771;unknown;control;2023-12-22 11:15:00+00:00;0.263;;
966771;unknown;control;2023-12-22 11:30:00+00:00;0.363;;
966771;unknown;control;2023-12-22 11:45:00+00:00;0.965;;
966771;unknown;control;2023-12-22 12:00:00+00:00;1.002;;
966771;unknown;control;2023-12-22 12:15:00+00:00;0.436;;
966771;unknown;control;2023-12-22 12:30:00+00:00;0.362;;
966771;unknown;control;2023-12-22 12:45:00+00:00;0.507;;
966771;unknown;control;2023-12-22 13:00:00+00:00;1.261;;
966771;unknown;control;2023-12-22 13:15:00+00:00;1.131;;
966771;unknown;control;2023-12-22 13:30:00+00:00;0.358;;
966771;unknown;control;2023-12-22 13:45:00+00:00;0.378;;
966771;unknown;control;2023-12-22 14:00:00+00:00;0.224;;
966771;unknown;control;2023-12-22 14:15:00+00:00;0.328;;
966771;unknown;control;2023-12-22 14:30:00+00:00;0.268;;
966771;unknown;control;2023-12-22 14:45:00+00:00;0.319;;
966771;unknown;control;2023-12-22 15:00:00+00:00;0.281;;
966771;unknown;control;2023-12-22 15:15:00+00:00;0.264;;
966771;unknown;control;2023-12-22 15:30:00+00:00;0.363;;
966771;unknown;control;2023-12-22 15:45:00+00:00;0.29;;
966771;unknown;control;2023-12-22 16:00:00+00:00;0.448;;
966771;unknown;control;2023-12-22 16:15:00+00:00;0.269;;
966771;unknown;control;2023-12-22 16:30:00+00:00;0.311;;
966771;unknown;control;2023-12-22 16:45:00+00:00;0.345;;
966771;unknown;control;2023-12-22 17:00:00+00:00;0.264;;
966771;unknown;control;2023-12-22 17:15:00+00:00;0.338;;
966771;unknown;control;2023-12-22 17:30:00+00:00;0.289;;
966771;unknown;control;2023-12-22 17:45:00+00:00;0.329;;
966771;unknown;control;2023-12-22 18:00:00+00:00;0.279;;
966771;unknown;control;2023-12-22 18:15:00+00:00;0.34;;
966771;unknown;control;2023-12-22 18:30:00+00:00;0.952;;
966771;unknown;control;2023-12-22 18:45:00+00:00;0.998;;
966771;unknown;control;2023-12-22 19:00:00+00:00;0.336;;
966771;unknown;control;2023-12-22 19:15:00+00:00;0.281;;
966771;unknown;control;2023-12-22 19:30:00+00:00;0.351;;
966771;unknown;control;2023-12-22 19:45:00+00:00;0.763;;
966771;unknown;control;2023-12-22 20:00:00+00:00;0.85;;
966771;unknown;control;2023-12-22 20:15:00+00:00;0.36;;
966771;unknown;control;2023-12-22 20:30:00+00:00;0.294;;
966771;unknown;control;2023-12-22 20:45:00+00:00;0.364;;
966771;unknown;control;2023-12-22 21:00:00+00:00;0.256;;
966771;unknown;control;2023-12-22 21:15:00+00:00;0.465;;
966771;unknown;control;2023-12-22 21:30:00+00:00;0.262;;
966771;unknown;control;2023-12-22 21:45:00+00:00;0.294;;
966771;unknown;control;2023-12-22 22:00:00+00:00;0.318;;
966771;unknown;control;2023-12-22 22:15:00+00:00;0.319;;
966771;unknown;control;2023-12-22 22:30:00+00:00;0.327;;
966771;unknown;control;2023-12-22 22:45:00+00:00;0.303;;
966771;unknown;control;2023-12-22 23:00:00+00:00;0.308;;
966771;unknown;control;2023-12-22 23:15:00+00:00;0.308;;
966771;unknown;control;2023-12-22 23:30:00+00:00;0.27;;
966771;unknown;control;2023-12-22 23:45:00+00:00;0.329;;
966771;unknown;control;2023-12-23 00:00:00+00:00;0.215;;
966771;unknown;control;2023-12-23 00:15:00+00:00;0.304;;
966771;unknown;control;2023-12-23 00:30:00+00:00;0.193;;
966771;unknown;control;2023-12-23 00:45:00+00:00;0.326;;
966771;unknown;control;2023-12-23 01:00:00+00:00;0.887;;
966771;unknown;control;2023-12-23 01:15:00+00:00;1.127;;
966771;unknown;control;2023-12-23 01:30:00+00:00;1.791;;
966771;unknown;control;2023-12-23 01:45:00+00:00;1.583;;
966771;unknown;control;2023-12-23 02:00:00+00:00;1.494;;
966771;unknown;control;2023-12-23 02:15:00+00:00;2.224;;
966771;unknown;control;2023-12-23 02:30:00+00:00;2.057;;
966771;unknown;control;2023-12-23 02:45:00+00:00;1.531;;
966771;unknown;control;2023-12-23 03:00:00+00:00;0.494;;
966771;unknown;control;2023-12-23 03:15:00+00:00;0.237;;
966771;unknown;control;2023-12-23 03:30:00+00:00;0.76;;
966771;unknown;control;2023-12-23 03:45:00+00:00;1.005;;
966771;unknown;control;2023-12-23 04:00:00+00:00;0.354;;
966771;unknown;control;2023-12-23 04:15:00+00:00;0.266;;
966771;unknown;control;2023-12-23 04:30:00+00:00;0.329;;
966771;unknown;control;2023-12-23 04:45:00+00:00;0.336;;
966771;unknown;control;2023-12-23 05:00:00+00:00;0.336;;
966771;unknown;control;2023-12-23 05:15:00+00:00;0.314;;
966771;unknown;control;2023-12-23 05:30:00+00:00;0.251;;
966771;unknown;control;2023-12-23 05:45:00+00:00;0.342;;
966771;unknown;control;2023-12-23 06:00:00+00:00;0.228;;
966771;unknown;control;2023-12-23 06:15:00+00:00;0.325;;
966771;unknown;control;2023-12-23 06:30:00+00:00;0.358;;
966771;unknown;control;2023-12-23 06:45:00+00:00;0.34;;
966771;unknown;control;2023-12-23 07:00:00+00:00;0.232;;
966771;unknown;control;2023-12-23 07:15:00+00:00;0.306;;
966771;unknown;control;2023-12-23 07:30:00+00:00;0.3;;
966771;unknown;control;2023-12-23 07:45:00+00:00;0.203;;
966771;unknown;control;2023-12-23 08:00:00+00:00;0.686;;
966771;unknown;control;2023-12-23 08:15:00+00:00;1.165;;
966771;unknown;control;2023-12-23 08:30:00+00:00;0.559;;
966771;unknown;control;2023-12-23 08:45:00+00:00;0.247;;
966771;unknown;control;2023-12-23 09:00:00+00:00;0.275;;
966771;unknown;control;2023-12-23 09:15:00+00:00;0.693;;
966771;unknown;control;2023-12-23 09:30:00+00:00;0.295;;
966771;unknown;control;2023-12-23 09:45:00+00:00;0.298;;
966771;unknown;control;2023-12-23 10:00:00+00:00;0.217;;
966771;unknown;control;2023-12-23 10:15:00+00:00;0.196;;
966771;unknown;control;2023-12-23 10:30:00+00:00;0.197;;
966771;unknown;control;2023-12-23 10:45:00+00:00;0.184;;
966771;unknown;control;2023-12-23 11:00:00+00:00;0.24;;
966771;unknown;control;2023-12-23 11:15:00+00:00;0.227;;
966771;unknown;control;2023-12-23 11:30:00+00:00;0.206;;
966771;unknown;control;2023-12-23 11:45:00+00:00;0.892;;
966771;unknown;control;2023-12-23 12:00:00+00:00;0.776;;
966771;unknown;control;2023-12-23 12:15:00+00:00;0.216;;
966771;unknown;control;2023-12-23 12:30:00+00:00;0.2;;
966771;unknown;control;2023-12-23 12:45:00+00:00;0.174;;
966771;unknown;control;2023-12-23 13:00:00+00:00;0.223;;
966771;unknown;control;2023-12-23 13:15:00+00:00;0.408;;
966771;unknown;control;2023-12-23 13:30:00+00:00;0.22;;
966771;unknown;control;2023-12-23 13:45:00+00:00;0.189;;
966771;unknown;control;2023-12-23 14:00:00+00:00;0.248;;
966771;unknown;control;2023-12-23 14:15:00+00:00;0.715;;
966771;unknown;control;2023-12-23 14:30:00+00:00;0.945;;
966771;unknown;control;2023-12-23 14:45:00+00:00;0.181;;
966771;unknown;control;2023-12-23 15:00:00+00:00;0.262;;
966771;unknown;control;2023-12-23 15:15:00+00:00;0.234;;
966771;unknown;control;2023-12-23 15:30:00+00:00;0.313;;
966771;unknown;control;2023-12-23 15:45:00+00:00;0.369;;
966771;unknown;control;2023-12-23 16:00:00+00:00;0.4;;
966771;unknown;control;2023-12-23 16:15:00+00:00;0.412;;
966771;unknown;control;2023-12-23 16:30:00+00:00;0.391;;
966771;unknown;control;2023-12-23 16:45:00+00:00;0.374;;
966771;unknown;control;2023-12-23 17:00:00+00:00;0.485;;
966771;unknown;control;2023-12-23 17:15:00+00:00;0.566;;
966771;unknown;control;2023-12-23 17:30:00+00:00;0.371;;
966771;unknown;control;2023-12-23 17:45:00+00:00;0.274;;
966771;unknown;control;2023-12-23 18:00:00+00:00;0.306;;
966771;unknown;control;2023-12-23 18:15:00+00:00;0.321;;
966771;unknown;control;2023-12-23 18:30:00+00:00;1.314;;
966771;unknown;control;2023-12-23 18:45:00+00:00;1.406;;
966771;unknown;control;2023-12-23 19:00:00+00:00;1.092;;
966771;unknown;control;2023-12-23 19:15:00+00:00;0.401;;
966771;unknown;control;2023-12-23 19:30:00+00:00;0.711;;
966771;unknown;control;2023-12-23 19:45:00+00:00;0.321;;
966771;unknown;control;2023-12-23 20:00:00+00:00;1.008;;
966771;unknown;control;2023-12-23 20:15:00+00:00;0.867;;
966771;unknown;control;2023-12-23 20:30:00+00:00;0.319;;
966771;unknown;control;2023-12-23 20:45:00+00:00;0.267;;
966771;unknown;control;2023-12-23 21:00:00+00:00;0.252;;
966771;unknown;control;2023-12-23 21:15:00+00:00;0.616;;
966771;unknown;control;2023-12-23 21:30:00+00:00;0.287;;
966771;unknown;control;2023-12-23 21:45:00+00:00;0.252;;
966771;unknown;control;2023-12-23 22:00:00+00:00;0.25;;
966771;unknown;control;2023-12-23 22:15:00+00:00;0.25;;
966771;unknown;control;2023-12-23 22:30:00+00:00;0.25;;
966771;unknown;control;2023-12-23 22:45:00+00:00;0.231;;
966771;unknown;control;2023-12-23 23:00:00+00:00;0.229;;
966771;unknown;control;2023-12-23 23:15:00+00:00;0.245;;
966771;unknown;control;2023-12-23 23:30:00+00:00;0.251;;
966771;unknown;control;2023-12-23 23:45:00+00:00;0.255;;
966771;unknown;control;2023-12-24 00:00:00+00:00;0.253;;
966771;unknown;control;2023-12-24 00:15:00+00:00;0.248;;
966771;unknown;control;2023-12-24 00:30:00+00:00;0.256;;
966771;unknown;control;2023-12-24 00:45:00+00:00;0.265;;
966771;unknown;control;2023-12-24 01:00:00+00:00;0.927;;
966771;unknown;control;2023-12-24 01:15:00+00:00;1.021;;
966771;unknown;control;2023-12-24 01:30:00+00:00;1.736;;
966771;unknown;control;2023-12-24 01:45:00+00:00;1.471;;
966771;unknown;control;2023-12-24 02:00:00+00:00;1.488;;
966771;unknown;control;2023-12-24 02:15:00+00:00;2.023;;
966771;unknown;control;2023-12-24 02:30:00+00:00;2.113;;
966771;unknown;control;2023-12-24 02:45:00+00:00;1.48;;
966771;unknown;control;2023-12-24 03:00:00+00:00;1.192;;
966771;unknown;control;2023-12-24 03:15:00+00:00;0.246;;
966771;unknown;control;2023-12-24 03:30:00+00:00;0.366;;
966771;unknown;control;2023-12-24 03:45:00+00:00;1.009;;
966771;unknown;control;2023-12-24 04:00:00+00:00;0.58;;
966771;unknown;control;2023-12-24 04:15:00+00:00;0.245;;
966771;unknown;control;2023-12-24 04:30:00+00:00;0.228;;
966771;unknown;control;2023-12-24 04:45:00+00:00;0.241;;
966771;unknown;control;2023-12-24 05:00:00+00:00;0.257;;
966771;unknown;control;2023-12-24 05:15:00+00:00;0.253;;
966771;unknown;control;2023-12-24 05:30:00+00:00;0.331;;
966771;unknown;control;2023-12-24 05:45:00+00:00;0.306;;
966771;unknown;control;2023-12-24 06:00:00+00:00;0.292;;
966771;unknown;control;2023-12-24 06:15:00+00:00;0.343;;
966771;unknown;control;2023-12-24 06:30:00+00:00;0.319;;
966771;unknown;control;2023-12-24 06:45:00+00:00;0.27;;
966771;unknown;control;2023-12-24 07:00:00+00:00;0.302;;
966771;unknown;control;2023-12-24 07:15:00+00:00;0.298;;
966771;unknown;control;2023-12-24 07:30:00+00:00;0.561;;
966771;unknown;control;2023-12-24 07:45:00+00:00;0.945;;
966771;unknown;control;2023-12-24 08:00:00+00:00;0.917;;
966771;unknown;control;2023-12-24 08:15:00+00:00;0.182;;
966771;unknown;control;2023-12-24 08:30:00+00:00;0.139;;
966771;unknown;control;2023-12-24 08:45:00+00:00;0.11;;
966771;unknown;control;2023-12-24 09:00:00+00:00;0.137;;
966771;unknown;control;2023-12-24 09:15:00+00:00;0.201;;
966771;unknown;control;2023-12-24 09:30:00+00:00;0.19;;
966771;unknown;control;2023-12-24 09:45:00+00:00;0.179;;
966771;unknown;control;2023-12-24 10:00:00+00:00;0.13;;
966771;unknown;control;2023-12-24 10:15:00+00:00;0.118;;
966771;unknown;control;2023-12-24 10:30:00+00:00;0.204;;
966771;unknown;control;2023-12-24 10:45:00+00:00;0.207;;
966771;unknown;control;2023-12-24 11:00:00+00:00;0.217;;
966771;unknown;control;2023-12-24 11:15:00+00:00;0.437;;
966771;unknown;control;2023-12-24 11:30:00+00:00;0.556;;
966771;unknown;control;2023-12-24 11:45:00+00:00;1.046;;
966771;unknown;control;2023-12-24 12:00:00+00:00;0.59;;
966771;unknown;control;2023-12-24 12:15:00+00:00;0.7;;
966771;unknown;control;2023-12-24 12:30:00+00:00;0.685;;
966771;unknown;control;2023-12-24 12:45:00+00:00;0.787;;
966771;unknown;control;2023-12-24 13:00:00+00:00;1.168;;
966771;unknown;control;2023-12-24 13:15:00+00:00;0.791;;
966771;unknown;control;2023-12-24 13:30:00+00:00;0.346;;
966771;unknown;control;2023-12-24 13:45:00+00:00;0.317;;
966771;unknown;control;2023-12-24 14:00:00+00:00;0.483;;
966771;unknown;control;2023-12-24 14:15:00+00:00;1.113;;
966771;unknown;control;2023-12-24 14:30:00+00:00;0.405;;
966771;unknown;control;2023-12-24 14:45:00+00:00;0.332;;
966771;unknown;control;2023-12-24 15:00:00+00:00;0.337;;
966771;unknown;control;2023-12-24 15:15:00+00:00;0.356;;
966771;unknown;control;2023-12-24 15:30:00+00:00;0.365;;
966771;unknown;control;2023-12-24 15:45:00+00:00;0.373;;
966771;unknown;control;2023-12-24 16:00:00+00:00;0.401;;
966771;unknown;control;2023-12-24 16:15:00+00:00;0.296;;
966771;unknown;control;2023-12-24 16:30:00+00:00;0.336;;
966771;unknown;control;2023-12-24 16:45:00+00:00;0.292;;
966771;unknown;control;2023-12-24 17:00:00+00:00;0.283;;
966771;unknown;control;2023-12-24 17:15:00+00:00;0.284;;
966771;unknown;control;2023-12-24 17:30:00+00:00;0.421;;
966771;unknown;control;2023-12-24 17:45:00+00:00;0.315;;
966771;unknown;control;2023-12-24 18:00:00+00:00;0.326;;
966771;unknown;control;2023-12-24 18:15:00+00:00;0.295;;
966771;unknown;control;2023-12-24 18:30:00+00:00;0.335;;
966771;unknown;control;2023-12-24 18:45:00+00:00;1.255;;
966771;unknown;control;2023-12-24 19:00:00+00:00;1.32;;
966771;unknown;control;2023-12-24 19:15:00+00:00;0.356;;
966771;unknown;control;2023-12-24 19:30:00+00:00;0.285;;
966771;unknown;control;2023-12-24 19:45:00+00:00;0.63;;
966771;unknown;control;2023-12-24 20:00:00+00:00;1.061;;
966771;unknown;control;2023-12-24 20:15:00+00:00;0.758;;
966771;unknown;control;2023-12-24 20:30:00+00:00;0.275;;
966771;unknown;control;2023-12-24 20:45:00+00:00;0.26;;
966771;unknown;control;2023-12-24 21:00:00+00:00;0.272;;
966771;unknown;control;2023-12-24 21:15:00+00:00;0.279;;
966771;unknown;control;2023-12-24 21:30:00+00:00;0.2;;
966771;unknown;control;2023-12-24 21:45:00+00:00;0.196;;
966771;unknown;control;2023-12-24 22:00:00+00:00;0.201;;
966771;unknown;control;2023-12-24 22:15:00+00:00;0.205;;
966771;unknown;control;2023-12-24 22:30:00+00:00;0.246;;
966771;unknown;control;2023-12-24 22:45:00+00:00;0.206;;
966771;unknown;control;2023-12-24 23:00:00+00:00;0.205;;
966771;unknown;control;2023-12-24 23:15:00+00:00;0.205;;
966771;unknown;control;2023-12-24 23:30:00+00:00;0.215;;
966771;unknown;control;2023-12-24 23:45:00+00:00;0.214;;
966771;unknown;control;2023-12-25 00:00:00+00:00;0.202;;
966771;unknown;control;2023-12-25 00:15:00+00:00;0.189;;
966771;unknown;control;2023-12-25 00:30:00+00:00;0.196;;
966771;unknown;control;2023-12-25 00:45:00+00:00;0.91;;
966771;unknown;control;2023-12-25 01:00:00+00:00;0.904;;
966771;unknown;control;2023-12-25 01:15:00+00:00;0.207;;
966771;unknown;control;2023-12-25 01:30:00+00:00;1.488;;
966771;unknown;control;2023-12-25 01:45:00+00:00;1.48;;
966771;unknown;control;2023-12-25 02:00:00+00:00;2.185;;
966771;unknown;control;2023-12-25 02:15:00+00:00;1.74;;
966771;unknown;control;2023-12-25 02:30:00+00:00;1.502;;
966771;unknown;control;2023-12-25 02:45:00+00:00;1.488;;
966771;unknown;control;2023-12-25 03:00:00+00:00;1.519;;
966771;unknown;control;2023-12-25 03:15:00+00:00;1.579;;
966771;unknown;control;2023-12-25 03:30:00+00:00;2.222;;
966771;unknown;control;2023-12-25 03:45:00+00:00;1.624;;
966771;unknown;control;2023-12-25 04:00:00+00:00;0.262;;
966771;unknown;control;2023-12-25 04:15:00+00:00;0.266;;
966771;unknown;control;2023-12-25 04:30:00+00:00;0.266;;
966771;unknown;control;2023-12-25 04:45:00+00:00;0.262;;
966771;unknown;control;2023-12-25 05:00:00+00:00;0.287;;
966771;unknown;control;2023-12-25 05:15:00+00:00;0.259;;
966771;unknown;control;2023-12-25 05:30:00+00:00;0.274;;
966771;unknown;control;2023-12-25 05:45:00+00:00;0.355;;
966771;unknown;control;2023-12-25 06:00:00+00:00;0.286;;
966771;unknown;control;2023-12-25 06:15:00+00:00;0.624;;
966771;unknown;control;2023-12-25 06:30:00+00:00;0.569;;
966771;unknown;control;2023-12-25 06:45:00+00:00;0.309;;
966771;unknown;control;2023-12-25 07:00:00+00:00;0.277;;
966771;unknown;control;2023-12-25 07:15:00+00:00;0.265;;
966771;unknown;control;2023-12-25 07:30:00+00:00;0.458;;
966771;unknown;control;2023-12-25 07:45:00+00:00;1.009;;
966771;unknown;control;2023-12-25 08:00:00+00:00;0.659;;
966771;unknown;control;2023-12-25 08:15:00+00:00;0.219;;
966771;unknown;control;2023-12-25 08:30:00+00:00;0.27;;
966771;unknown;control;2023-12-25 08:45:00+00:00;0.113;;
966771;unknown;control;2023-12-25 09:00:00+00:00;0.121;;
966771;unknown;control;2023-12-25 09:15:00+00:00;0.12;;
966771;unknown;control;2023-12-25 09:30:00+00:00;0.121;;
966771;unknown;control;2023-12-25 09:45:00+00:00;0.12;;
966771;unknown;control;2023-12-25 10:00:00+00:00;0.488;;
966771;unknown;control;2023-12-25 10:15:00+00:00;0.687;;
966771;unknown;control;2023-12-25 10:30:00+00:00;0.167;;
966771;unknown;control;2023-12-25 10:45:00+00:00;0.152;;
966771;unknown;control;2023-12-25 11:00:00+00:00;0.172;;
966771;unknown;control;2023-12-25 11:15:00+00:00;0.157;;
966771;unknown;control;2023-12-25 11:30:00+00:00;0.126;;
966771;unknown;control;2023-12-25 11:45:00+00:00;0.13;;
966771;unknown;control;2023-12-25 12:00:00+00:00;0.134;;
966771;unknown;control;2023-12-25 12:15:00+00:00;0.185;;
966771;unknown;control;2023-12-25 12:30:00+00:00;0.269;;
966771;unknown;control;2023-12-25 12:45:00+00:00;0.297;;
966771;unknown;control;2023-12-25 13:00:00+00:00;0.293;;
966771;unknown;control;2023-12-25 13:15:00+00:00;0.284;;
966771;unknown;control;2023-12-25 13:30:00+00:00;0.12;;
966771;unknown;control;2023-12-25 13:45:00+00:00;0.108;;
966771;unknown;control;2023-12-25 14:00:00+00:00;0.112;;
966771;unknown;control;2023-12-25 14:15:00+00:00;0.164;;
966771;unknown;control;2023-12-25 14:30:00+00:00;0.171;;
966771;unknown;control;2023-12-25 14:45:00+00:00;0.581;;
966771;unknown;control;2023-12-25 15:00:00+00:00;0.261;;
966771;unknown;control;2023-12-25 15:15:00+00:00;0.207;;
966771;unknown;control;2023-12-25 15:30:00+00:00;0.269;;
966771;unknown;control;2023-12-25 15:45:00+00:00;0.236;;
966771;unknown;control;2023-12-25 16:00:00+00:00;0.302;;
966771;unknown;control;2023-12-25 16:15:00+00:00;0.293;;
966771;unknown;control;2023-12-25 16:30:00+00:00;0.286;;
966771;unknown;control;2023-12-25 16:45:00+00:00;0.268;;
966771;unknown;control;2023-12-25 17:00:00+00:00;0.304;;
966771;unknown;control;2023-12-25 17:15:00+00:00;0.305;;
966771;unknown;control;2023-12-25 17:30:00+00:00;0.286;;
966771;unknown;control;2023-12-25 17:45:00+00:00;0.295;;
966771;unknown;control;2023-12-25 18:00:00+00:00;0.302;;
966771;unknown;control;2023-12-25 18:15:00+00:00;0.327;;
966771;unknown;control;2023-12-25 18:30:00+00:00;1.012;;
966771;unknown;control;2023-12-25 18:45:00+00:00;1.058;;
966771;unknown;control;2023-12-25 19:00:00+00:00;1.026;;
966771;unknown;control;2023-12-25 19:15:00+00:00;1.128;;
966771;unknown;control;2023-12-25 19:30:00+00:00;1.125;;
966771;unknown;control;2023-12-25 19:45:00+00:00;1.111;;
966771;unknown;control;2023-12-25 20:00:00+00:00;1.144;;
966771;unknown;control;2023-12-25 20:15:00+00:00;0.633;;
966771;unknown;control;2023-12-25 20:30:00+00:00;0.334;;
966771;unknown;control;2023-12-25 20:45:00+00:00;0.967;;
966771;unknown;control;2023-12-25 21:00:00+00:00;1.125;;
966771;unknown;control;2023-12-25 21:15:00+00:00;0.956;;
966771;unknown;control;2023-12-25 21:30:00+00:00;0.347;;
966771;unknown;control;2023-12-25 21:45:00+00:00;0.306;;
966771;unknown;control;2023-12-25 22:00:00+00:00;0.324;;
966771;unknown;control;2023-12-25 22:15:00+00:00;0.331;;
966771;unknown;control;2023-12-25 22:30:00+00:00;0.333;;
966771;unknown;control;2023-12-25 22:45:00+00:00;0.335;;
966771;unknown;control;2023-12-25 23:00:00+00:00;0.346;;
966771;unknown;control;2023-12-25 23:15:00+00:00;0.341;;
966771;unknown;control;2023-12-25 23:30:00+00:00;0.345;;
966771;unknown;control;2023-12-25 23:45:00+00:00;0.342;;
966771;unknown;control;2023-12-26 00:00:00+00:00;0.512;;
966771;unknown;control;2023-12-26 00:15:00+00:00;1.092;;
966771;unknown;control;2023-12-26 00:30:00+00:00;1.114;;
966771;unknown;control;2023-12-26 00:45:00+00:00;0.954;;
966771;unknown;control;2023-12-26 01:00:00+00:00;1.134;;
966771;unknown;control;2023-12-26 01:15:00+00:00;1.034;;
966771;unknown;control;2023-12-26 01:30:00+00:00;2.258;;
966771;unknown;control;2023-12-26 01:45:00+00:00;2.349;;
966771;unknown;control;2023-12-26 02:00:00+00:00;1.958;;
966771;unknown;control;2023-12-26 02:15:00+00:00;1.546;;
966771;unknown;control;2023-12-26 02:30:00+00:00;1.804;;
966771;unknown;control;2023-12-26 02:45:00+00:00;1.938;;
966771;unknown;control;2023-12-26 03:00:00+00:00;1.16;;
966771;unknown;control;2023-12-26 03:15:00+00:00;0.475;;
966771;unknown;control;2023-12-26 03:30:00+00:00;0.363;;
966771;unknown;control;2023-12-26 03:45:00+00:00;0.864;;
966771;unknown;control;2023-12-26 04:00:00+00:00;1.118;;
966771;unknown;control;2023-12-26 04:15:00+00:00;0.321;;
966771;unknown;control;2023-12-26 04:30:00+00:00;0.323;;
966771;unknown;control;2023-12-26 04:45:00+00:00;0.312;;
966771;unknown;control;2023-12-26 05:00:00+00:00;0.258;;
966771;unknown;control;2023-12-26 05:15:00+00:00;0.288;;
966771;unknown;control;2023-12-26 05:30:00+00:00;0.633;;
966771;unknown;control;2023-12-26 05:45:00+00:00;0.303;;
966771;unknown;control;2023-12-26 06:00:00+00:00;0.319;;
966771;unknown;control;2023-12-26 06:15:00+00:00;0.483;;
966771;unknown;control;2023-12-26 06:30:00+00:00;0.294;;
966771;unknown;control;2023-12-26 06:45:00+00:00;0.276;;
966771;unknown;control;2023-12-26 07:00:00+00:00;0.482;;
966771;unknown;control;2023-12-26 07:15:00+00:00;1.077;;
966771;unknown;control;2023-12-26 07:30:00+00:00;0.895;;
966771;unknown;control;2023-12-26 07:45:00+00:00;0.912;;
966771;unknown;control;2023-12-26 08:00:00+00:00;0.293;;
966771;unknown;control;2023-12-26 08:15:00+00:00;0.314;;
966771;unknown;control;2023-12-26 08:30:00+00:00;0.646;;
966771;unknown;control;2023-12-26 08:45:00+00:00;0.245;;
966771;unknown;control;2023-12-26 09:00:00+00:00;0.244;;
966771;unknown;control;2023-12-26 09:15:00+00:00;0.497;;
966771;unknown;control;2023-12-26 09:30:00+00:00;0.754;;
966771;unknown;control;2023-12-26 09:45:00+00:00;0.611;;
966771;unknown;control;2023-12-26 10:00:00+00:00;0.675;;
966771;unknown;control;2023-12-26 10:15:00+00:00;0.35;;
966771;unknown;control;2023-12-26 10:30:00+00:00;0.144;;
966771;unknown;control;2023-12-26 10:45:00+00:00;0.181;;
966771;unknown;control;2023-12-26 11:00:00+00:00;0.128;;
966771;unknown;control;2023-12-26 11:15:00+00:00;0.126;;
966771;unknown;control;2023-12-26 11:30:00+00:00;0.357;;
966771;unknown;control;2023-12-26 11:45:00+00:00;0.935;;
966771;unknown;control;2023-12-26 12:00:00+00:00;0.672;;
966771;unknown;control;2023-12-26 12:15:00+00:00;0.24;;
966771;unknown;control;2023-12-26 12:30:00+00:00;0.134;;
966771;unknown;control;2023-12-26 12:45:00+00:00;0.124;;
966771;unknown;control;2023-12-26 13:00:00+00:00;0.435;;
966771;unknown;control;2023-12-26 13:15:00+00:00;1.094;;
966771;unknown;control;2023-12-26 13:30:00+00:00;0.28;;
966771;unknown;control;2023-12-26 13:45:00+00:00;0.187;;
966771;unknown;control;2023-12-26 14:00:00+00:00;0.232;;
966771;unknown;control;2023-12-26 14:15:00+00:00;0.694;;
966771;unknown;control;2023-12-26 14:30:00+00:00;0.979;;
966771;unknown;control;2023-12-26 14:45:00+00:00;0.358;;
966771;unknown;control;2023-12-26 15:00:00+00:00;0.251;;
966771;unknown;control;2023-12-26 15:15:00+00:00;0.236;;
966771;unknown;control;2023-12-26 15:30:00+00:00;0.276;;
966771;unknown;control;2023-12-26 15:45:00+00:00;0.281;;
966771;unknown;control;2023-12-26 16:00:00+00:00;0.314;;
966771;unknown;control;2023-12-26 16:15:00+00:00;0.294;;
966771;unknown;control;2023-12-26 16:30:00+00:00;0.313;;
966771;unknown;control;2023-12-26 16:45:00+00:00;0.323;;
966771;unknown;control;2023-12-26 17:00:00+00:00;0.323;;
966771;unknown;control;2023-12-26 17:15:00+00:00;0.313;;
966771;unknown;control;2023-12-26 17:30:00+00:00;0.32;;
966771;unknown;control;2023-12-26 17:45:00+00:00;0.346;;
966771;unknown;control;2023-12-26 18:00:00+00:00;0.335;;
966771;unknown;control;2023-12-26 18:15:00+00:00;0.672;;
966771;unknown;control;2023-12-26 18:30:00+00:00;1.059;;
966771;unknown;control;2023-12-26 18:45:00+00:00;1.041;;
966771;unknown;control;2023-12-26 19:00:00+00:00;1.08;;
966771;unknown;control;2023-12-26 19:15:00+00:00;1.132;;
966771;unknown;control;2023-12-26 19:30:00+00:00;0.959;;
966771;unknown;control;2023-12-26 19:45:00+00:00;1.245;;
966771;unknown;control;2023-12-26 20:00:00+00:00;1.265;;
966771;unknown;control;2023-12-26 20:15:00+00:00;1.014;;
966771;unknown;control;2023-12-26 20:30:00+00:00;1.227;;
966771;unknown;control;2023-12-26 20:45:00+00:00;1.242;;
966771;unknown;control;2023-12-26 21:00:00+00:00;1.003;;
966771;unknown;control;2023-12-26 21:15:00+00:00;1.199;;
966771;unknown;control;2023-12-26 21:30:00+00:00;0.408;;
966771;unknown;control;2023-12-26 21:45:00+00:00;0.382;;
966771;unknown;control;2023-12-26 22:00:00+00:00;0.384;;
966771;unknown;control;2023-12-26 22:15:00+00:00;0.388;;
966771;unknown;control;2023-12-26 22:30:00+00:00;0.392;;
966771;unknown;control;2023-12-26 22:45:00+00:00;0.383;;
966771;unknown;control;2023-12-26 23:00:00+00:00;0.374;;
966771;unknown;control;2023-12-26 23:15:00+00:00;0.395;;
966771;unknown;control;2023-12-26 23:30:00+00:00;0.8;;
966771;unknown;control;2023-12-26 23:45:00+00:00;1.11;;
966771;unknown;control;2023-12-27 00:00:00+00:00;1.14;;
966771;unknown;control;2023-12-27 00:15:00+00:00;1.162;;
966771;unknown;control;2023-12-27 00:30:00+00:00;1.011;;
966771;unknown;control;2023-12-27 00:45:00+00:00;0.937;;
966771;unknown;control;2023-12-27 01:00:00+00:00;1.161;;
966771;unknown;control;2023-12-27 01:15:00+00:00;1.139;;
966771;unknown;control;2023-12-27 01:30:00+00:00;2.336;;
966771;unknown;control;2023-12-27 01:45:00+00:00;2.271;;
966771;unknown;control;2023-12-27 02:00:00+00:00;2.01;;
966771;unknown;control;2023-12-27 02:15:00+00:00;2.349;;
966771;unknown;control;2023-12-27 02:30:00+00:00;2.373;;
966771;unknown;control;2023-12-27 02:45:00+00:00;2.368;;
966771;unknown;control;2023-12-27 03:00:00+00:00;2.376;;
966771;unknown;control;2023-12-27 03:15:00+00:00;2.074;;
966771;unknown;control;2023-12-27 03:30:00+00:00;1.876;;
966771;unknown;control;2023-12-27 03:45:00+00:00;1.186;;
966771;unknown;control;2023-12-27 04:00:00+00:00;1.173;;
966771;unknown;control;2023-12-27 04:15:00+00:00;0.393;;
966771;unknown;control;2023-12-27 04:30:00+00:00;0.404;;
966771;unknown;control;2023-12-27 04:45:00+00:00;0.394;;
966771;unknown;control;2023-12-27 05:00:00+00:00;0.404;;
966771;unknown;control;2023-12-27 05:15:00+00:00;0.374;;
966771;unknown;control;2023-12-27 05:30:00+00:00;0.409;;
966771;unknown;control;2023-12-27 05:45:00+00:00;0.399;;
966771;unknown;control;2023-12-27 06:00:00+00:00;0.414;;
966771;unknown;control;2023-12-27 06:15:00+00:00;0.566;;
966771;unknown;control;2023-12-27 06:30:00+00:00;1.136;;
966771;unknown;control;2023-12-27 06:45:00+00:00;1.172;;
966771;unknown;control;2023-12-27 07:00:00+00:00;1.139;;
966771;unknown;control;2023-12-27 07:15:00+00:00;1.197;;
966771;unknown;control;2023-12-27 07:30:00+00:00;0.847;;
966771;unknown;control;2023-12-27 07:45:00+00:00;0.408;;
966771;unknown;control;2023-12-27 08:00:00+00:00;0.32;;
966771;unknown;control;2023-12-27 08:15:00+00:00;0.264;;
966771;unknown;control;2023-12-27 08:30:00+00:00;0.508;;
966771;unknown;control;2023-12-27 08:45:00+00:00;0.993;;
966771;unknown;control;2023-12-27 09:00:00+00:00;0.524;;
966771;unknown;control;2023-12-27 09:15:00+00:00;0.221;;
966771;unknown;control;2023-12-27 09:30:00+00:00;0.313;;
966771;unknown;control;2023-12-27 09:45:00+00:00;0.21;;
966771;unknown;control;2023-12-27 10:00:00+00:00;0.128;;
966771;unknown;control;2023-12-27 10:15:00+00:00;0.13;;
966771;unknown;control;2023-12-27 10:30:00+00:00;0.159;;
966771;unknown;control;2023-12-27 10:45:00+00:00;0.403;;
966771;unknown;control;2023-12-27 11:00:00+00:00;0.901;;
966771;unknown;control;2023-12-27 11:15:00+00:00;0.52;;
966771;unknown;control;2023-12-27 11:30:00+00:00;0.165;;
966771;unknown;control;2023-12-27 11:45:00+00:00;0.291;;
966771;unknown;control;2023-12-27 12:00:00+00:00;0.91;;
966771;unknown;control;2023-12-27 12:15:00+00:00;0.855;;
966771;unknown;control;2023-12-27 12:30:00+00:00;0.283;;
966771;unknown;control;2023-12-27 12:45:00+00:00;0.18;;
966771;unknown;control;2023-12-27 13:00:00+00:00;0.143;;
966771;unknown;control;2023-12-27 13:15:00+00:00;0.12;;
966771;unknown;control;2023-12-27 13:30:00+00:00;0.118;;
966771;unknown;control;2023-12-27 13:45:00+00:00;0.195;;
966771;unknown;control;2023-12-27 14:00:00+00:00;0.184;;
966771;unknown;control;2023-12-27 14:15:00+00:00;0.23;;
966771;unknown;control;2023-12-27 14:30:00+00:00;0.68;;
966771;unknown;control;2023-12-27 14:45:00+00:00;1.041;;
966771;unknown;control;2023-12-27 15:00:00+00:00;0.512;;
966771;unknown;control;2023-12-27 15:15:00+00:00;0.47;;
966771;unknown;control;2023-12-27 15:30:00+00:00;0.531;;
966771;unknown;control;2023-12-27 15:45:00+00:00;0.508;;
966771;unknown;control;2023-12-27 16:00:00+00:00;0.645;;
966771;unknown;control;2023-12-27 16:15:00+00:00;0.471;;
966771;unknown;control;2023-12-27 16:30:00+00:00;0.494;;
966771;unknown;control;2023-12-27 16:45:00+00:00;0.406;;
966771;unknown;control;2023-12-27 17:00:00+00:00;0.391;;
966771;unknown;control;2023-12-27 17:15:00+00:00;0.415;;
966771;unknown;control;2023-12-27 17:30:00+00:00;0.422;;
966771;unknown;control;2023-12-27 17:45:00+00:00;0.576;;
966771;unknown;control;2023-12-27 18:00:00+00:00;1.512;;
966771;unknown;control;2023-12-27 18:15:00+00:00;1.191;;
966771;unknown;control;2023-12-27 18:30:00+00:00;1.198;;
966771;unknown;control;2023-12-27 18:45:00+00:00;1.018;;
966771;unknown;control;2023-12-27 19:00:00+00:00;1.259;;
966771;unknown;control;2023-12-27 19:15:00+00:00;1.214;;
966771;unknown;control;2023-12-27 19:30:00+00:00;1.245;;
966771;unknown;control;2023-12-27 19:45:00+00:00;1.222;;
966771;unknown;control;2023-12-27 20:00:00+00:00;0.887;;
966771;unknown;control;2023-12-27 20:15:00+00:00;1.269;;
966771;unknown;control;2023-12-27 20:30:00+00:00;1.342;;
966771;unknown;control;2023-12-27 20:45:00+00:00;1.254;;
966771;unknown;control;2023-12-27 21:00:00+00:00;1.292;;
966771;unknown;control;2023-12-27 21:15:00+00:00;1.199;;
966771;unknown;control;2023-12-27 21:30:00+00:00;0.506;;
966771;unknown;control;2023-12-27 21:45:00+00:00;0.504;;
966771;unknown;control;2023-12-27 22:00:00+00:00;0.475;;
966771;unknown;control;2023-12-27 22:15:00+00:00;0.489;;
966771;unknown;control;2023-12-27 22:30:00+00:00;0.494;;
966771;unknown;control;2023-12-27 22:45:00+00:00;0.443;;
966771;unknown;control;2023-12-27 23:00:00+00:00;0.44;;
966771;unknown;control;2023-12-27 23:15:00+00:00;0.574;;
966771;unknown;control;2023-12-27 23:30:00+00:00;1.079;;
966771;unknown;control;2023-12-27 23:45:00+00:00;1.185;;
966771;unknown;control;2023-12-28 00:00:00+00:00;1.159;;
966771;unknown;control;2023-12-28 00:15:00+00:00;1.195;;
966771;unknown;control;2023-12-28 00:30:00+00:00;1.19;;
966771;unknown;control;2023-12-28 00:45:00+00:00;0.81;;
966771;unknown;control;2023-12-28 01:00:00+00:00;1.169;;
966771;unknown;control;2023-12-28 01:15:00+00:00;1.208;;
966771;unknown;control;2023-12-28 01:30:00+00:00;2.381;;
966771;unknown;control;2023-12-28 01:45:00+00:00;2.401;;
966771;unknown;control;2023-12-28 02:00:00+00:00;2.365;;
966771;unknown;control;2023-12-28 02:15:00+00:00;2.229;;
966771;unknown;control;2023-12-28 02:30:00+00:00;2.061;;
966771;unknown;control;2023-12-28 02:45:00+00:00;2.384;;
966771;unknown;control;2023-12-28 03:00:00+00:00;2.366;;
966771;unknown;control;2023-12-28 03:15:00+00:00;1.532;;
966771;unknown;control;2023-12-28 03:30:00+00:00;1.217;;
966771;unknown;control;2023-12-28 03:45:00+00:00;1.209;;
966771;unknown;control;2023-12-28 04:00:00+00:00;1.054;;
966771;unknown;control;2023-12-28 04:15:00+00:00;0.456;;
966771;unknown;control;2023-12-28 04:30:00+00:00;0.426;;
966771;unknown;control;2023-12-28 04:45:00+00:00;0.432;;
966771;unknown;control;2023-12-28 05:00:00+00:00;0.445;;
966771;unknown;control;2023-12-28 05:15:00+00:00;0.426;;
966771;unknown;control;2023-12-28 05:30:00+00:00;0.428;;
966771;unknown;control;2023-12-28 05:45:00+00:00;0.433;;
966771;unknown;control;2023-12-28 06:00:00+00:00;0.526;;
966771;unknown;control;2023-12-28 06:15:00+00:00;1.137;;
966771;unknown;control;2023-12-28 06:30:00+00:00;1.222;;
966771;unknown;control;2023-12-28 06:45:00+00:00;1.308;;
966771;unknown;control;2023-12-28 07:00:00+00:00;1.18;;
966771;unknown;control;2023-12-28 07:15:00+00:00;1.193;;
966771;unknown;control;2023-12-28 07:30:00+00:00;0.851;;
966771;unknown;control;2023-12-28 07:45:00+00:00;0.518;;
966771;unknown;control;2023-12-28 08:00:00+00:00;0.847;;
966771;unknown;control;2023-12-28 08:15:00+00:00;0.417;;
966771;unknown;control;2023-12-28 08:30:00+00:00;0.412;;
966771;unknown;control;2023-12-28 08:45:00+00:00;0.962;;
966771;unknown;control;2023-12-28 09:00:00+00:00;1.417;;
966771;unknown;control;2023-12-28 09:15:00+00:00;0.864;;
966771;unknown;control;2023-12-28 09:30:00+00:00;0.294;;
966771;unknown;control;2023-12-28 09:45:00+00:00;0.299;;
966771;unknown;control;2023-12-28 10:00:00+00:00;0.276;;
966771;unknown;control;2023-12-28 10:15:00+00:00;0.272;;
966771;unknown;control;2023-12-28 10:30:00+00:00;0.241;;
966771;unknown;control;2023-12-28 10:45:00+00:00;0.291;;
966771;unknown;control;2023-12-28 11:00:00+00:00;0.84;;
966771;unknown;control;2023-12-28 11:15:00+00:00;0.964;;
966771;unknown;control;2023-12-28 11:30:00+00:00;0.202;;
966771;unknown;control;2023-12-28 11:45:00+00:00;0.166;;
966771;unknown;control;2023-12-28 12:00:00+00:00;0.686;;
966771;unknown;control;2023-12-28 12:15:00+00:00;0.946;;
966771;unknown;control;2023-12-28 12:30:00+00:00;0.635;;
966771;unknown;control;2023-12-28 12:45:00+00:00;0.219;;
966771;unknown;control;2023-12-28 13:00:00+00:00;0.22;;
966771;unknown;control;2023-12-28 13:15:00+00:00;0.196;;
966771;unknown;control;2023-12-28 13:30:00+00:00;0.208;;
966771;unknown;control;2023-12-28 13:45:00+00:00;0.867;;
966771;unknown;control;2023-12-28 14:00:00+00:00;0.642;;
966771;unknown;control;2023-12-28 14:15:00+00:00;0.211;;
966771;unknown;control;2023-12-28 14:30:00+00:00;0.221;;
966771;unknown;control;2023-12-28 14:45:00+00:00;0.202;;
966771;unknown;control;2023-12-28 15:00:00+00:00;0.223;;
966771;unknown;control;2023-12-28 15:15:00+00:00;0.224;;
966771;unknown;control;2023-12-28 15:30:00+00:00;0.25;;
966771;unknown;control;2023-12-28 15:45:00+00:00;0.241;;
966771;unknown;control;2023-12-28 16:00:00+00:00;0.29;;
966771;unknown;control;2023-12-28 16:15:00+00:00;0.289;;
966771;unknown;control;2023-12-28 16:30:00+00:00;0.299;;
966771;unknown;control;2023-12-28 16:45:00+00:00;0.325;;
966771;unknown;control;2023-12-28 17:00:00+00:00;0.458;;
966771;unknown;control;2023-12-28 17:15:00+00:00;0.581;;
966771;unknown;control;2023-12-28 17:30:00+00:00;0.447;;
966771;unknown;control;2023-12-28 17:45:00+00:00;0.361;;
966771;unknown;control;2023-12-28 18:00:00+00:00;0.398;;
966771;unknown;control;2023-12-28 18:15:00+00:00;0.805;;
966771;unknown;control;2023-12-28 18:30:00+00:00;1.093;;
966771;unknown;control;2023-12-28 18:45:00+00:00;1.055;;
966771;unknown;control;2023-12-28 19:00:00+00:00;1.013;;
966771;unknown;control;2023-12-28 19:15:00+00:00;0.334;;
966771;unknown;control;2023-12-28 19:30:00+00:00;0.34;;
966771;unknown;control;2023-12-28 19:45:00+00:00;1.03;;
966771;unknown;control;2023-12-28 20:00:00+00:00;1.155;;
966771;unknown;control;2023-12-28 20:15:00+00:00;0.616;;
966771;unknown;control;2023-12-28 20:30:00+00:00;0.321;;
966771;unknown;control;2023-12-28 20:45:00+00:00;0.312;;
966771;unknown;control;2023-12-28 21:00:00+00:00;0.924;;
966771;unknown;control;2023-12-28 21:15:00+00:00;1.084;;
966771;unknown;control;2023-12-28 21:30:00+00:00;0.349;;
966771;unknown;control;2023-12-28 21:45:00+00:00;0.333;;
966771;unknown;control;2023-12-28 22:00:00+00:00;0.245;;
966771;unknown;control;2023-12-28 22:15:00+00:00;0.253;;
966771;unknown;control;2023-12-28 22:30:00+00:00;0.265;;
966771;unknown;control;2023-12-28 22:45:00+00:00;0.264;;
966771;unknown;control;2023-12-28 23:00:00+00:00;0.271;;
966771;unknown;control;2023-12-28 23:15:00+00:00;0.234;;
966771;unknown;control;2023-12-28 23:30:00+00:00;0.247;;
966771;unknown;control;2023-12-28 23:45:00+00:00;0.195;;
966771;unknown;control;2023-12-29 00:00:00+00:00;0.256;;
966771;unknown;control;2023-12-29 00:15:00+00:00;0.203;;
966771;unknown;control;2023-12-29 00:30:00+00:00;0.254;;
966771;unknown;control;2023-12-29 00:45:00+00:00;0.253;;
966771;unknown;control;2023-12-29 01:00:00+00:00;0.948;;
966771;unknown;control;2023-12-29 01:15:00+00:00;1.031;;
966771;unknown;control;2023-12-29 01:30:00+00:00;1.885;;
966771;unknown;control;2023-12-29 01:45:00+00:00;1.488;;
966771;unknown;control;2023-12-29 02:00:00+00:00;1.963;;
966771;unknown;control;2023-12-29 02:15:00+00:00;2.287;;
966771;unknown;control;2023-12-29 02:30:00+00:00;1.21;;
966771;unknown;control;2023-12-29 02:45:00+00:00;0.269;;
966771;unknown;control;2023-12-29 03:00:00+00:00;0.633;;
966771;unknown;control;2023-12-29 03:15:00+00:00;1.044;;
966771;unknown;control;2023-12-29 03:30:00+00:00;0.391;;
966771;unknown;control;2023-12-29 03:45:00+00:00;0.259;;
966771;unknown;control;2023-12-29 04:00:00+00:00;0.43;;
966771;unknown;control;2023-12-29 04:15:00+00:00;0.276;;
966771;unknown;control;2023-12-29 04:30:00+00:00;0.206;;
966771;unknown;control;2023-12-29 04:45:00+00:00;0.227;;
966771;unknown;control;2023-12-29 05:00:00+00:00;0.36;;
966771;unknown;control;2023-12-29 05:15:00+00:00;0.25;;
966771;unknown;control;2023-12-29 05:30:00+00:00;0.197;;
966771;unknown;control;2023-12-29 05:45:00+00:00;0.261;;
966771;unknown;control;2023-12-29 06:00:00+00:00;0.236;;
966771;unknown;control;2023-12-29 06:15:00+00:00;0.249;;
966771;unknown;control;2023-12-29 06:30:00+00:00;0.221;;
966771;unknown;control;2023-12-29 06:45:00+00:00;0.221;;
966771;unknown;control;2023-12-29 07:00:00+00:00;0.261;;
966771;unknown;control;2023-12-29 07:15:00+00:00;0.229;;
966771;unknown;control;2023-12-29 07:30:00+00:00;0.245;;
966771;unknown;control;2023-12-29 07:45:00+00:00;0.194;;
966771;unknown;control;2023-12-29 08:00:00+00:00;0.528;;
966771;unknown;control;2023-12-29 08:15:00+00:00;0.729;;
966771;unknown;control;2023-12-29 08:30:00+00:00;0.207;;
966771;unknown;control;2023-12-29 08:45:00+00:00;0.254;;
966771;unknown;control;2023-12-29 09:00:00+00:00;0.203;;
966771;unknown;control;2023-12-29 09:15:00+00:00;0.184;;
966771;unknown;control;2023-12-29 09:30:00+00:00;0.175;;
966771;unknown;control;2023-12-29 09:45:00+00:00;0.105;;
966771;unknown;control;2023-12-29 10:00:00+00:00;0.11;;
966771;unknown;control;2023-12-29 10:15:00+00:00;0.108;;
966771;unknown;control;2023-12-29 10:30:00+00:00;0.096;;
966771;unknown;control;2023-12-29 10:45:00+00:00;0.106;;
966771;unknown;control;2023-12-29 11:00:00+00:00;0.102;;
966771;unknown;control;2023-12-29 11:15:00+00:00;0.098;;
966771;unknown;control;2023-12-29 11:30:00+00:00;0.111;;
966771;unknown;control;2023-12-29 11:45:00+00:00;0.106;;
966771;unknown;control;2023-12-29 12:00:00+00:00;0.094;;
966771;unknown;control;2023-12-29 12:15:00+00:00;0.107;;
966771;unknown;control;2023-12-29 12:30:00+00:00;0.109;;
966771;unknown;control;2023-12-29 12:45:00+00:00;0.1;;
966771;unknown;control;2023-12-29 13:00:00+00:00;0.111;;
966771;unknown;control;2023-12-29 13:15:00+00:00;0.114;;
966771;unknown;control;2023-12-29 13:30:00+00:00;0.108;;
966771;unknown;control;2023-12-29 13:45:00+00:00;0.107;;
966771;unknown;control;2023-12-29 14:00:00+00:00;0.738;;
966771;unknown;control;2023-12-29 14:15:00+00:00;0.372;;
966771;unknown;control;2023-12-29 14:30:00+00:00;0.128;;
966771;unknown;control;2023-12-29 14:45:00+00:00;0.191;;
966771;unknown;control;2023-12-29 15:00:00+00:00;0.176;;
966771;unknown;control;2023-12-29 15:15:00+00:00;0.17;;
966771;unknown;control;2023-12-29 15:30:00+00:00;0.163;;
966771;unknown;control;2023-12-29 15:45:00+00:00;0.195;;
966771;unknown;control;2023-12-29 16:00:00+00:00;0.278;;
966771;unknown;control;2023-12-29 16:15:00+00:00;0.244;;
966771;unknown;control;2023-12-29 16:30:00+00:00;0.255;;
966771;unknown;control;2023-12-29 16:45:00+00:00;0.279;;
966771;unknown;control;2023-12-29 17:00:00+00:00;0.28;;
966771;unknown;control;2023-12-29 17:15:00+00:00;0.29;;
966771;unknown;control;2023-12-29 17:30:00+00:00;0.32;;
966771;unknown;control;2023-12-29 17:45:00+00:00;0.75;;
966771;unknown;control;2023-12-29 18:00:00+00:00;0.276;;
966771;unknown;control;2023-12-29 18:15:00+00:00;0.29;;
966771;unknown;control;2023-12-29 18:30:00+00:00;1.007;;
966771;unknown;control;2023-12-29 18:45:00+00:00;1.066;;
966771;unknown;control;2023-12-29 19:00:00+00:00;0.43;;
966771;unknown;control;2023-12-29 19:15:00+00:00;0.299;;
966771;unknown;control;2023-12-29 19:30:00+00:00;0.373;;
966771;unknown;control;2023-12-29 19:45:00+00:00;1.053;;
966771;unknown;control;2023-12-29 20:00:00+00:00;0.653;;
966771;unknown;control;2023-12-29 20:15:00+00:00;0.334;;
966771;unknown;control;2023-12-29 20:30:00+00:00;0.282;;
966771;unknown;control;2023-12-29 20:45:00+00:00;0.279;;
966771;unknown;control;2023-12-29 21:00:00+00:00;0.283;;
966771;unknown;control;2023-12-29 21:15:00+00:00;0.286;;
966771;unknown;control;2023-12-29 21:30:00+00:00;0.167;;
966771;unknown;control;2023-12-29 21:45:00+00:00;0.196;;
966771;unknown;control;2023-12-29 22:00:00+00:00;0.207;;
966771;unknown;control;2023-12-29 22:15:00+00:00;0.197;;
966771;unknown;control;2023-12-29 22:30:00+00:00;0.166;;
966771;unknown;control;2023-12-29 22:45:00+00:00;0.186;;
966771;unknown;control;2023-12-29 23:00:00+00:00;0.202;;
966771;unknown;control;2023-12-29 23:15:00+00:00;0.268;;
966771;unknown;control;2023-12-29 23:30:00+00:00;0.252;;
966771;unknown;control;2023-12-29 23:45:00+00:00;0.248;;
966771;unknown;control;2023-12-30 00:00:00+00:00;0.26;;
966771;unknown;control;2023-12-30 00:15:00+00:00;0.251;;
966771;unknown;control;2023-12-30 00:30:00+00:00;0.25;;
966771;unknown;control;2023-12-30 00:45:00+00:00;0.254;;
966771;unknown;control;2023-12-30 01:00:00+00:00;0.972;;
966771;unknown;control;2023-12-30 01:15:00+00:00;3.318;;
966771;unknown;control;2023-12-30 01:30:00+00:00;4.81;;
966771;unknown;control;2023-12-30 01:45:00+00:00;4.344;;
966771;unknown;control;2023-12-30 02:00:00+00:00;4.111;;
966771;unknown;control;2023-12-30 02:15:00+00:00;4.509;;
966771;unknown;control;2023-12-30 02:30:00+00:00;4.839;;
966771;unknown;control;2023-12-30 02:45:00+00:00;4.003;;
966771;unknown;control;2023-12-30 03:00:00+00:00;1.923;;
966771;unknown;control;2023-12-30 03:15:00+00:00;1.792;;
966771;unknown;control;2023-12-30 03:30:00+00:00;1.81;;
966771;unknown;control;2023-12-30 03:45:00+00:00;1.8;;
966771;unknown;control;2023-12-30 04:00:00+00:00;1.768;;
966771;unknown;control;2023-12-30 04:15:00+00:00;1.756;;
966771;unknown;control;2023-12-30 04:30:00+00:00;1.771;;
966771;unknown;control;2023-12-30 04:45:00+00:00;1.757;;
966771;unknown;control;2023-12-30 05:00:00+00:00;0.123;;
966771;unknown;control;2023-12-30 05:15:00+00:00;0.074;;
966771;unknown;control;2023-12-30 05:30:00+00:00;0.046;;
966771;unknown;control;2023-12-30 05:45:00+00:00;0.041;;
966771;unknown;control;2023-12-30 06:00:00+00:00;0.04;;
966771;unknown;control;2023-12-30 06:15:00+00:00;0.053;;
966771;unknown;control;2023-12-30 06:30:00+00:00;0.066;;
966771;unknown;control;2023-12-30 06:45:00+00:00;0.059;;
966771;unknown;control;2023-12-30 07:00:00+00:00;0.149;;
966771;unknown;control;2023-12-30 07:15:00+00:00;0.051;;
966771;unknown;control;2023-12-30 07:30:00+00:00;0.115;;
966771;unknown;control;2023-12-30 07:45:00+00:00;0.067;;
966771;unknown;control;2023-12-30 08:00:00+00:00;0.061;;
966771;unknown;control;2023-12-30 08:15:00+00:00;0.065;;
966771;unknown;control;2023-12-30 08:30:00+00:00;0.654;;
966771;unknown;control;2023-12-30 08:45:00+00:00;0.942;;
966771;unknown;control;2023-12-30 09:00:00+00:00;0.212;;
966771;unknown;control;2023-12-30 09:15:00+00:00;0.152;;
966771;unknown;control;2023-12-30 09:30:00+00:00;0.132;;
966771;unknown;control;2023-12-30 09:45:00+00:00;0.12;;
966771;unknown;control;2023-12-30 10:00:00+00:00;0.117;;
966771;unknown;control;2023-12-30 10:15:00+00:00;0.119;;
966771;unknown;control;2023-12-30 10:30:00+00:00;0.133;;
966771;unknown;control;2023-12-30 10:45:00+00:00;0.264;;
966771;unknown;control;2023-12-30 11:00:00+00:00;0.424;;
966771;unknown;control;2023-12-30 11:15:00+00:00;0.148;;
966771;unknown;control;2023-12-30 11:30:00+00:00;0.121;;
966771;unknown;control;2023-12-30 11:45:00+00:00;0.823;;
966771;unknown;control;2023-12-30 12:00:00+00:00;0.26;;
966771;unknown;control;2023-12-30 12:15:00+00:00;0.501;;
966771;unknown;control;2023-12-30 12:30:00+00:00;0.602;;
966771;unknown;control;2023-12-30 12:45:00+00:00;0.124;;
966771;unknown;control;2023-12-30 13:00:00+00:00;0.143;;
966771;unknown;control;2023-12-30 13:15:00+00:00;0.518;;
966771;unknown;control;2023-12-30 13:30:00+00:00;0.143;;
966771;unknown;control;2023-12-30 13:45:00+00:00;0.172;;
966771;unknown;control;2023-12-30 14:00:00+00:00;0.736;;
966771;unknown;control;2023-12-30 14:15:00+00:00;0.497;;
966771;unknown;control;2023-12-30 14:30:00+00:00;0.205;;
966771;unknown;control;2023-12-30 14:45:00+00:00;0.204;;
966771;unknown;control;2023-12-30 15:00:00+00:00;0.254;;
966771;unknown;control;2023-12-30 15:15:00+00:00;0.26;;
966771;unknown;control;2023-12-30 15:30:00+00:00;0.261;;
966771;unknown;control;2023-12-30 15:45:00+00:00;0.304;;
966771;unknown;control;2023-12-30 16:00:00+00:00;0.269;;
966771;unknown;control;2023-12-30 16:15:00+00:00;0.319;;
966771;unknown;control;2023-12-30 16:30:00+00:00;0.302;;
966771;unknown;control;2023-12-30 16:45:00+00:00;0.31;;
966771;unknown;control;2023-12-30 17:00:00+00:00;0.322;;
966771;unknown;control;2023-12-30 17:15:00+00:00;0.325;;
966771;unknown;control;2023-12-30 17:30:00+00:00;0.314;;
966771;unknown;control;2023-12-30 17:45:00+00:00;0.307;;
966771;unknown;control;2023-12-30 18:00:00+00:00;0.328;;
966771;unknown;control;2023-12-30 18:15:00+00:00;0.854;;
966771;unknown;control;2023-12-30 18:30:00+00:00;1.072;;
966771;unknown;control;2023-12-30 18:45:00+00:00;0.934;;
966771;unknown;control;2023-12-30 19:00:00+00:00;1.078;;
966771;unknown;control;2023-12-30 19:15:00+00:00;1.106;;
966771;unknown;control;2023-12-30 19:30:00+00:00;0.893;;
966771;unknown;control;2023-12-30 19:45:00+00:00;1.112;;
966771;unknown;control;2023-12-30 20:00:00+00:00;1.119;;
966771;unknown;control;2023-12-30 20:15:00+00:00;0.882;;
966771;unknown;control;2023-12-30 20:30:00+00:00;1.134;;
966771;unknown;control;2023-12-30 20:45:00+00:00;1.167;;
966771;unknown;control;2023-12-30 21:00:00+00:00;0.999;;
966771;unknown;control;2023-12-30 21:15:00+00:00;1.032;;
966771;unknown;control;2023-12-30 21:30:00+00:00;0.393;;
966771;unknown;control;2023-12-30 21:45:00+00:00;0.358;;
966771;unknown;control;2023-12-30 22:00:00+00:00;0.367;;
966771;unknown;control;2023-12-30 22:15:00+00:00;0.385;;
966771;unknown;control;2023-12-30 22:30:00+00:00;0.385;;
966771;unknown;control;2023-12-30 22:45:00+00:00;0.404;;
966771;unknown;control;2023-12-30 23:00:00+00:00;0.386;;
966771;unknown;control;2023-12-30 23:15:00+00:00;0.384;;
966771;unknown;control;2023-12-30 23:30:00+00:00;0.987;;
966771;unknown;control;2023-12-30 23:45:00+00:00;1.118;;
966771;unknown;control;2023-12-31 00:00:00+00:00;1.118;;
966771;unknown;control;2023-12-31 00:15:00+00:00;1.166;;
966771;unknown;control;2023-12-31 00:30:00+00:00;1.13;;
966771;unknown;control;2023-12-31 00:45:00+00:00;0.743;;
966771;unknown;control;2023-12-31 01:00:00+00:00;1.138;;
966771;unknown;control;2023-12-31 01:15:00+00:00;1.163;;
966771;unknown;control;2023-12-31 01:30:00+00:00;2.3;;
966771;unknown;control;2023-12-31 01:45:00+00:00;2.336;;
966771;unknown;control;2023-12-31 02:00:00+00:00;2.309;;
966771;unknown;control;2023-12-31 02:15:00+00:00;1.642;;
966771;unknown;control;2023-12-31 02:30:00+00:00;1.175;;
966771;unknown;control;2023-12-31 02:45:00+00:00;1.163;;
966771;unknown;control;2023-12-31 03:00:00+00:00;1.178;;
966771;unknown;control;2023-12-31 03:15:00+00:00;1.18;;
966771;unknown;control;2023-12-31 03:30:00+00:00;1.172;;
966771;unknown;control;2023-12-31 03:45:00+00:00;0.563;;
966771;unknown;control;2023-12-31 04:00:00+00:00;0.371;;
966771;unknown;control;2023-12-31 04:15:00+00:00;0.359;;
966771;unknown;control;2023-12-31 04:30:00+00:00;0.367;;
966771;unknown;control;2023-12-31 04:45:00+00:00;0.366;;
966771;unknown;control;2023-12-31 05:00:00+00:00;0.361;;
966771;unknown;control;2023-12-31 05:15:00+00:00;0.335;;
966771;unknown;control;2023-12-31 05:30:00+00:00;0.343;;
966771;unknown;control;2023-12-31 05:45:00+00:00;0.328;;
966771;unknown;control;2023-12-31 06:00:00+00:00;0.333;;
966771;unknown;control;2023-12-31 06:15:00+00:00;0.351;;
966771;unknown;control;2023-12-31 06:30:00+00:00;0.763;;
966771;unknown;control;2023-12-31 06:45:00+00:00;1.102;;
966771;unknown;control;2023-12-31 07:00:00+00:00;1.138;;
966771;unknown;control;2023-12-31 07:15:00+00:00;1.178;;
966771;unknown;control;2023-12-31 07:30:00+00:00;0.572;;
966771;unknown;control;2023-12-31 07:45:00+00:00;0.376;;
966771;unknown;control;2023-12-31 08:00:00+00:00;0.462;;
966771;unknown;control;2023-12-31 08:15:00+00:00;1.0;;
966771;unknown;control;2023-12-31 08:30:00+00:00;1.135;;
966771;unknown;control;2023-12-31 08:45:00+00:00;1.113;;
966771;unknown;control;2023-12-31 09:00:00+00:00;0.36;;
966771;unknown;control;2023-12-31 09:15:00+00:00;0.28;;
966771;unknown;control;2023-12-31 09:30:00+00:00;0.256;;
966771;unknown;control;2023-12-31 09:45:00+00:00;0.152;;
966771;unknown;control;2023-12-31 10:00:00+00:00;0.159;;
966771;unknown;control;2023-12-31 10:15:00+00:00;0.158;;
966771;unknown;control;2023-12-31 10:30:00+00:00;0.15;;
966771;unknown;control;2023-12-31 10:45:00+00:00;0.107;;
966771;unknown;control;2023-12-31 11:00:00+00:00;0.159;;
966771;unknown;control;2023-12-31 11:15:00+00:00;0.215;;
966771;unknown;control;2023-12-31 11:30:00+00:00;0.251;;
966771;unknown;control;2023-12-31 11:45:00+00:00;0.778;;
966771;unknown;control;2023-12-31 12:00:00+00:00;1.047;;
966771;unknown;control;2023-12-31 12:15:00+00:00;0.593;;
966771;unknown;control;2023-12-31 12:30:00+00:00;0.334;;
966771;unknown;control;2023-12-31 12:45:00+00:00;0.64;;
966771;unknown;control;2023-12-31 13:00:00+00:00;1.109;;
966771;unknown;control;2023-12-31 13:15:00+00:00;0.641;;
966771;unknown;control;2023-12-31 13:30:00+00:00;0.331;;
966771;unknown;control;2023-12-31 13:45:00+00:00;0.373;;
966771;unknown;control;2023-12-31 14:00:00+00:00;1.041;;
966771;unknown;control;2023-12-31 14:15:00+00:00;1.114;;
966771;unknown;control;2023-12-31 14:30:00+00:00;0.664;;
966771;unknown;control;2023-12-31 14:45:00+00:00;0.31;;
966771;unknown;control;2023-12-31 15:00:00+00:00;0.581;;
966771;unknown;control;2023-12-31 15:15:00+00:00;1.114;;
966771;unknown;control;2023-12-31 15:30:00+00:00;0.37;;
966771;unknown;control;2023-12-31 15:45:00+00:00;0.319;;
966771;unknown;control;2023-12-31 16:00:00+00:00;0.298;;
966771;unknown;control;2023-12-31 16:15:00+00:00;0.313;;
966771;unknown;control;2023-12-31 16:30:00+00:00;0.367;;
966771;unknown;control;2023-12-31 16:45:00+00:00;0.325;;
966771;unknown;control;2023-12-31 17:00:00+00:00;0.313;;
966771;unknown;control;2023-12-31 17:15:00+00:00;0.331;;
966771;unknown;control;2023-12-31 17:30:00+00:00;0.35;;
966771;unknown;control;2023-12-31 17:45:00+00:00;0.344;;
966771;unknown;control;2023-12-31 18:00:00+00:00;0.339;;
966771;unknown;control;2023-12-31 18:15:00+00:00;0.303;;
966771;unknown;control;2023-12-31 18:30:00+00:00;1.029;;
966771;unknown;control;2023-12-31 18:45:00+00:00;1.11;;
966771;unknown;control;2023-12-31 19:00:00+00:00;0.937;;
966771;unknown;control;2023-12-31 19:15:00+00:00;1.137;;
966771;unknown;control;2023-12-31 19:30:00+00:00;1.178;;
966771;unknown;control;2023-12-31 19:45:00+00:00;0.969;;
966771;unknown;control;2023-12-31 20:00:00+00:00;1.172;;
966771;unknown;control;2023-12-31 20:15:00+00:00;1.051;;
966771;unknown;control;2023-12-31 20:30:00+00:00;1.139;;
966771;unknown;control;2023-12-31 20:45:00+00:00;1.141;;
966771;unknown;control;2023-12-31 21:00:00+00:00;0.375;;
966771;unknown;control;2023-12-31 21:15:00+00:00;0.36;;
966771;unknown;control;2023-12-31 21:30:00+00:00;0.359;;
966771;unknown;control;2023-12-31 21:45:00+00:00;0.335;;
966771;unknown;control;2023-12-31 22:00:00+00:00;0.349;;
966771;unknown;control;2023-12-31 22:15:00+00:00;0.379;;
966771;unknown;control;2023-12-31 22:30:00+00:00;0.358;;
966771;unknown;control;2023-12-31 22:45:00+00:00;0.351;;
966771;unknown;control;2023-12-31 23:00:00+00:00;0.356;;
966771;unknown;control;2023-12-31 23:15:00+00:00;0.373;;
966771;unknown;control;2023-12-31 23:30:00+00:00;0.329;;
966771;unknown;control;2023-12-31 23:45:00+00:00;0.371;;
966771;unknown;control;2024-01-01 00:00:00+00:00;0.36;;
966771;unknown;control;2024-01-01 00:15:00+00:00;0.873;;
966771;unknown;control;2024-01-01 00:30:00+00:00;1.109;;
966771;unknown;control;2024-01-01 00:45:00+00:00;0.984;;
966771;unknown;control;2024-01-01 01:00:00+00:00;1.11;;
966771;unknown;control;2024-01-01 01:15:00+00:00;0.855;;
966771;unknown;control;2024-01-01 01:30:00+00:00;1.541;;
966771;unknown;control;2024-01-01 01:45:00+00:00;1.646;;
966771;unknown;control;2024-01-01 02:00:00+00:00;2.253;;
966771;unknown;control;2024-01-01 02:15:00+00:00;1.493;;
966771;unknown;control;2024-01-01 02:30:00+00:00;0.436;;
966771;unknown;control;2024-01-01 02:45:00+00:00;0.357;;
966771;unknown;control;2024-01-01 03:00:00+00:00;0.709;;
966771;unknown;control;2024-01-01 03:15:00+00:00;1.184;;
966771;unknown;control;2024-01-01 03:30:00+00:00;0.891;;
966771;unknown;control;2024-01-01 03:45:00+00:00;0.381;;
966771;unknown;control;2024-01-01 04:00:00+00:00;0.347;;
966771;unknown;control;2024-01-01 04:15:00+00:00;0.308;;
966771;unknown;control;2024-01-01 04:30:00+00:00;0.335;;
966771;unknown;control;2024-01-01 04:45:00+00:00;0.303;;
966771;unknown;control;2024-01-01 05:00:00+00:00;0.292;;
966771;unknown;control;2024-01-01 05:15:00+00:00;0.308;;
966771;unknown;control;2024-01-01 05:30:00+00:00;0.308;;
966771;unknown;control;2024-01-01 05:45:00+00:00;0.288;;
966771;unknown;control;2024-01-01 06:00:00+00:00;0.309;;
966771;unknown;control;2024-01-01 06:15:00+00:00;0.279;;
966771;unknown;control;2024-01-01 06:30:00+00:00;0.298;;
966771;unknown;control;2024-01-01 06:45:00+00:00;0.306;;
966771;unknown;control;2024-01-01 07:00:00+00:00;0.29;;
966771;unknown;control;2024-01-01 07:15:00+00:00;0.911;;
966771;unknown;control;2024-01-01 07:30:00+00:00;0.923;;
966771;unknown;control;2024-01-01 07:45:00+00:00;0.315;;
966771;unknown;control;2024-01-01 08:00:00+00:00;0.266;;
966771;unknown;control;2024-01-01 08:15:00+00:00;0.255;;
966771;unknown;control;2024-01-01 08:30:00+00:00;0.275;;
966771;unknown;control;2024-01-01 08:45:00+00:00;0.22;;
966771;unknown;control;2024-01-01 09:00:00+00:00;0.247;;
966771;unknown;control;2024-01-01 09:15:00+00:00;0.215;;
966771;unknown;control;2024-01-01 09:30:00+00:00;0.221;;
966771;unknown;control;2024-01-01 09:45:00+00:00;0.235;;
966771;unknown;control;2024-01-01 10:00:00+00:00;0.201;;
966771;unknown;control;2024-01-01 10:15:00+00:00;0.159;;
966771;unknown;control;2024-01-01 10:30:00+00:00;0.158;;
966771;unknown;control;2024-01-01 10:45:00+00:00;0.166;;
966771;unknown;control;2024-01-01 11:00:00+00:00;0.098;;
966771;unknown;control;2024-01-01 11:15:00+00:00;0.095;;
966771;unknown;control;2024-01-01 11:30:00+00:00;0.112;;
966771;unknown;control;2024-01-01 11:45:00+00:00;0.859;;
966771;unknown;control;2024-01-01 12:00:00+00:00;0.87;;
966771;unknown;control;2024-01-01 12:15:00+00:00;0.167;;
966771;unknown;control;2024-01-01 12:30:00+00:00;0.156;;
966771;unknown;control;2024-01-01 12:45:00+00:00;0.244;;
966771;unknown;control;2024-01-01 13:00:00+00:00;0.967;;
966771;unknown;control;2024-01-01 13:15:00+00:00;1.016;;
966771;unknown;control;2024-01-01 13:30:00+00:00;0.454;;
966771;unknown;control;2024-01-01 13:45:00+00:00;0.216;;
966771;unknown;control;2024-01-01 14:00:00+00:00;0.247;;
966771;unknown;control;2024-01-01 14:15:00+00:00;0.366;;
966771;unknown;control;2024-01-01 14:30:00+00:00;0.969;;
966771;unknown;control;2024-01-01 14:45:00+00:00;1.04;;
966771;unknown;control;2024-01-01 15:00:00+00:00;0.344;;
966771;unknown;control;2024-01-01 15:15:00+00:00;0.327;;
966771;unknown;control;2024-01-01 15:30:00+00:00;0.326;;
966771;unknown;control;2024-01-01 15:45:00+00:00;0.352;;
966771;unknown;control;2024-01-01 16:00:00+00:00;0.387;;
966771;unknown;control;2024-01-01 16:15:00+00:00;0.389;;
966771;unknown;control;2024-01-01 16:30:00+00:00;0.71;;
966771;unknown;control;2024-01-01 16:45:00+00:00;0.462;;
966771;unknown;control;2024-01-01 17:00:00+00:00;0.404;;
966771;unknown;control;2024-01-01 17:15:00+00:00;0.409;;
966771;unknown;control;2024-01-01 17:30:00+00:00;0.454;;
966771;unknown;control;2024-01-01 17:45:00+00:00;0.703;;
966771;unknown;control;2024-01-01 18:00:00+00:00;1.16;;
966771;unknown;control;2024-01-01 18:15:00+00:00;1.139;;
966771;unknown;control;2024-01-01 18:30:00+00:00;1.021;;
966771;unknown;control;2024-01-01 18:45:00+00:00;1.169;;
966771;unknown;control;2024-01-01 19:00:00+00:00;0.986;;
966771;unknown;control;2024-01-01 19:15:00+00:00;1.181;;
966771;unknown;control;2024-01-01 19:30:00+00:00;1.214;;
966771;unknown;control;2024-01-01 19:45:00+00:00;1.015;;
966771;unknown;control;2024-01-01 20:00:00+00:00;1.221;;
966771;unknown;control;2024-01-01 20:15:00+00:00;1.35;;
966771;unknown;control;2024-01-01 20:30:00+00:00;1.07;;
966771;unknown;control;2024-01-01 20:45:00+00:00;1.252;;
966771;unknown;control;2024-01-01 21:00:00+00:00;0.657;;
966771;unknown;control;2024-01-01 21:15:00+00:00;0.382;;
966771;unknown;control;2024-01-01 21:30:00+00:00;0.337;;
966771;unknown;control;2024-01-01 21:45:00+00:00;0.345;;
966771;unknown;control;2024-01-01 22:00:00+00:00;0.36;;
966771;unknown;control;2024-01-01 22:15:00+00:00;0.353;;
966771;unknown;control;2024-01-01 22:30:00+00:00;0.355;;
966771;unknown;control;2024-01-01 22:45:00+00:00;0.35;;
966771;unknown;control;2024-01-01 23:00:00+00:00;0.342;;
966771;unknown;control;2024-01-01 23:15:00+00:00;0.343;;
966771;unknown;control;2024-01-01 23:30:00+00:00;0.341;;
966771;unknown;control;2024-01-01 23:45:00+00:00;0.349;;
966771;unknown;control;2024-01-02 00:00:00+00:00;0.764;;
966771;unknown;control;2024-01-02 00:15:00+00:00;1.128;;
966771;unknown;control;2024-01-02 00:30:00+00:00;1.011;;
966771;unknown;control;2024-01-02 00:45:00+00:00;0.374;;
966771;unknown;control;2024-01-02 01:00:00+00:00;0.872;;
966771;unknown;control;2024-01-02 01:15:00+00:00;1.084;;
966771;unknown;control;2024-01-02 01:30:00+00:00;2.172;;
966771;unknown;control;2024-01-02 01:45:00+00:00;2.286;;
966771;unknown;control;2024-01-02 02:00:00+00:00;2.307;;
966771;unknown;control;2024-01-02 02:15:00+00:00;2.154;;
966771;unknown;control;2024-01-02 02:30:00+00:00;2.045;;
966771;unknown;control;2024-01-02 02:45:00+00:00;1.528;;
966771;unknown;control;2024-01-02 03:00:00+00:00;1.503;;
966771;unknown;control;2024-01-02 03:15:00+00:00;0.446;;
966771;unknown;control;2024-01-02 03:30:00+00:00;0.333;;
966771;unknown;control;2024-01-02 03:45:00+00:00;0.329;;
966771;unknown;control;2024-01-02 04:00:00+00:00;0.859;;
966771;unknown;control;2024-01-02 04:15:00+00:00;0.308;;
966771;unknown;control;2024-01-02 04:30:00+00:00;0.277;;
966771;unknown;control;2024-01-02 04:45:00+00:00;0.254;;
966771;unknown;control;2024-01-02 05:00:00+00:00;0.297;;
966771;unknown;control;2024-01-02 05:15:00+00:00;0.257;;
966771;unknown;control;2024-01-02 05:30:00+00:00;0.283;;
966771;unknown;control;2024-01-02 05:45:00+00:00;0.284;;
966771;unknown;control;2024-01-02 06:00:00+00:00;0.342;;
966771;unknown;control;2024-01-02 06:15:00+00:00;0.337;;
966771;unknown;control;2024-01-02 06:30:00+00:00;0.339;;
966771;unknown;control;2024-01-02 06:45:00+00:00;0.358;;
966771;unknown;control;2024-01-02 07:00:00+00:00;0.332;;
966771;unknown;control;2024-01-02 07:15:00+00:00;0.321;;
966771;unknown;control;2024-01-02 07:30:00+00:00;1.06;;
966771;unknown;control;2024-01-02 07:45:00+00:00;0.839;;
966771;unknown;control;2024-01-02 08:00:00+00:00;0.842;;
966771;unknown;control;2024-01-02 08:15:00+00:00;0.317;;
966771;unknown;control;2024-01-02 08:30:00+00:00;0.37;;
966771;unknown;control;2024-01-02 08:45:00+00:00;0.563;;
966771;unknown;control;2024-01-02 09:00:00+00:00;0.307;;
966771;unknown;control;2024-01-02 09:15:00+00:00;0.284;;
966771;unknown;control;2024-01-02 09:30:00+00:00;0.268;;
966771;unknown;control;2024-01-02 09:45:00+00:00;0.324;;
966771;unknown;control;2024-01-02 10:00:00+00:00;0.366;;
966771;unknown;control;2024-01-02 10:15:00+00:00;0.229;;
966771;unknown;control;2024-01-02 10:30:00+00:00;0.237;;
966771;unknown;control;2024-01-02 10:45:00+00:00;0.237;;
966771;unknown;control;2024-01-02 11:00:00+00:00;0.3;;
966771;unknown;control;2024-01-02 11:15:00+00:00;0.246;;
966771;unknown;control;2024-01-02 11:30:00+00:00;0.271;;
966771;unknown;control;2024-01-02 11:45:00+00:00;0.922;;
966771;unknown;control;2024-01-02 12:00:00+00:00;0.84;;
966771;unknown;control;2024-01-02 12:15:00+00:00;0.564;;
966771;unknown;control;2024-01-02 12:30:00+00:00;0.847;;
966771;unknown;control;2024-01-02 12:45:00+00:00;0.56;;
966771;unknown;control;2024-01-02 13:00:00+00:00;0.864;;
966771;unknown;control;2024-01-02 13:15:00+00:00;1.028;;
966771;unknown;control;2024-01-02 13:30:00+00:00;0.278;;
966771;unknown;control;2024-01-02 13:45:00+00:00;0.345;;
966771;unknown;control;2024-01-02 14:00:00+00:00;0.998;;
966771;unknown;control;2024-01-02 14:15:00+00:00;0.497;;
966771;unknown;control;2024-01-02 14:30:00+00:00;1.053;;
966771;unknown;control;2024-01-02 14:45:00+00:00;1.129;;
966771;unknown;control;2024-01-02 15:00:00+00:00;0.536;;
966771;unknown;control;2024-01-02 15:15:00+00:00;0.506;;
966771;unknown;control;2024-01-02 15:30:00+00:00;0.365;;
966771;unknown;control;2024-01-02 15:45:00+00:00;0.348;;
966771;unknown;control;2024-01-02 16:00:00+00:00;0.354;;
966771;unknown;control;2024-01-02 16:15:00+00:00;0.649;;
966771;unknown;control;2024-01-02 16:30:00+00:00;0.604;;
966771;unknown;control;2024-01-02 16:45:00+00:00;0.944;;
966771;unknown;control;2024-01-02 17:00:00+00:00;0.693;;
966771;unknown;control;2024-01-02 17:15:00+00:00;0.645;;
966771;unknown;control;2024-01-02 17:30:00+00:00;0.399;;
966771;unknown;control;2024-01-02 17:45:00+00:00;0.336;;
966771;unknown;control;2024-01-02 18:00:00+00:00;0.332;;
966771;unknown;control;2024-01-02 18:15:00+00:00;0.36;;
966771;unknown;control;2024-01-02 18:30:00+00:00;1.04;;
966771;unknown;control;2024-01-02 18:45:00+00:00;1.123;;
966771;unknown;control;2024-01-02 19:00:00+00:00;0.757;;
966771;unknown;control;2024-01-02 19:15:00+00:00;0.8;;
966771;unknown;control;2024-01-02 19:30:00+00:00;0.376;;
966771;unknown;control;2024-01-02 19:45:00+00:00;0.303;;
966771;unknown;control;2024-01-02 20:00:00+00:00;0.657;;
966771;unknown;control;2024-01-02 20:15:00+00:00;1.4;;
966771;unknown;control;2024-01-02 20:30:00+00:00;0.513;;
966771;unknown;control;2024-01-02 20:45:00+00:00;0.29;;
966771;unknown;control;2024-01-02 21:00:00+00:00;0.322;;
966771;unknown;control;2024-01-02 21:15:00+00:00;0.297;;
966771;unknown;control;2024-01-02 21:30:00+00:00;0.288;;
966771;unknown;control;2024-01-02 21:45:00+00:00;0.251;;
966771;unknown;control;2024-01-02 22:00:00+00:00;0.202;;
966771;unknown;control;2024-01-02 22:15:00+00:00;0.206;;
966771;unknown;control;2024-01-02 22:30:00+00:00;0.214;;
966771;unknown;control;2024-01-02 22:45:00+00:00;0.142;;
966771;unknown;control;2024-01-02 23:00:00+00:00;0.244;;
966771;unknown;control;2024-01-02 23:15:00+00:00;0.219;;
966771;unknown;control;2024-01-02 23:30:00+00:00;0.196;;
966771;unknown;control;2024-01-02 23:45:00+00:00;0.258;;
966771;unknown;control;2024-01-03 00:00:00+00:00;0.205;;
966771;unknown;control;2024-01-03 00:15:00+00:00;0.216;;
966771;unknown;control;2024-01-03 00:30:00+00:00;0.209;;
966771;unknown;control;2024-01-03 00:45:00+00:00;0.249;;
966771;unknown;control;2024-01-03 01:00:00+00:00;0.913;;
966771;unknown;control;2024-01-03 01:15:00+00:00;0.742;;
966771;unknown;control;2024-01-03 01:30:00+00:00;1.455;;
966771;unknown;control;2024-01-03 01:45:00+00:00;1.479;;
966771;unknown;control;2024-01-03 02:00:00+00:00;1.456;;
966771;unknown;control;2024-01-03 02:15:00+00:00;1.532;;
966771;unknown;control;2024-01-03 02:30:00+00:00;2.26;;
966771;unknown;control;2024-01-03 02:45:00+00:00;1.632;;
966771;unknown;control;2024-01-03 03:00:00+00:00;1.524;;
966771;unknown;control;2024-01-03 03:15:00+00:00;1.024;;
966771;unknown;control;2024-01-03 03:30:00+00:00;0.281;;
966771;unknown;control;2024-01-03 03:45:00+00:00;0.242;;
966771;unknown;control;2024-01-03 04:00:00+00:00;0.571;;
966771;unknown;control;2024-01-03 04:15:00+00:00;0.245;;
966771;unknown;control;2024-01-03 04:30:00+00:00;0.243;;
966771;unknown;control;2024-01-03 04:45:00+00:00;0.244;;
966771;unknown;control;2024-01-03 05:00:00+00:00;0.247;;
966771;unknown;control;2024-01-03 05:15:00+00:00;0.242;;
966771;unknown;control;2024-01-03 05:30:00+00:00;0.261;;
966771;unknown;control;2024-01-03 05:45:00+00:00;0.262;;
966771;unknown;control;2024-01-03 06:00:00+00:00;0.216;;
966771;unknown;control;2024-01-03 06:15:00+00:00;0.237;;
966771;unknown;control;2024-01-03 06:30:00+00:00;0.208;;
966771;unknown;control;2024-01-03 06:45:00+00:00;0.241;;
966771;unknown;control;2024-01-03 07:00:00+00:00;0.196;;
966771;unknown;control;2024-01-03 07:15:00+00:00;0.217;;
966771;unknown;control;2024-01-03 07:30:00+00:00;0.309;;
966771;unknown;control;2024-01-03 07:45:00+00:00;0.181;;
966771;unknown;control;2024-01-03 08:00:00+00:00;0.097;;
966771;unknown;control;2024-01-03 08:15:00+00:00;0.157;;
966771;unknown;control;2024-01-03 08:30:00+00:00;0.101;;
966771;unknown;control;2024-01-03 08:45:00+00:00;0.49;;
966771;unknown;control;2024-01-03 09:00:00+00:00;0.629;;
966771;unknown;control;2024-01-03 09:15:00+00:00;0.102;;
966771;unknown;control;2024-01-03 09:30:00+00:00;0.148;;
966771;unknown;control;2024-01-03 09:45:00+00:00;0.128;;
966771;unknown;control;2024-01-03 10:00:00+00:00;0.135;;
966771;unknown;control;2024-01-03 10:15:00+00:00;0.156;;
966771;unknown;control;2024-01-03 10:30:00+00:00;0.144;;
966771;unknown;control;2024-01-03 10:45:00+00:00;0.13;;
966771;unknown;control;2024-01-03 11:00:00+00:00;0.136;;
966771;unknown;control;2024-01-03 11:15:00+00:00;0.131;;
966771;unknown;control;2024-01-03 11:30:00+00:00;0.135;;
966771;unknown;control;2024-01-03 11:45:00+00:00;0.139;;
966771;unknown;control;2024-01-03 12:00:00+00:00;0.209;;
966771;unknown;control;2024-01-03 12:15:00+00:00;0.154;;
966771;unknown;control;2024-01-03 12:30:00+00:00;0.127;;
966771;unknown;control;2024-01-03 12:45:00+00:00;0.179;;
966771;unknown;control;2024-01-03 13:00:00+00:00;0.182;;
966771;unknown;control;2024-01-03 13:15:00+00:00;0.179;;
966771;unknown;control;2024-01-03 13:30:00+00:00;0.146;;
966771;unknown;control;2024-01-03 13:45:00+00:00;0.145;;
966771;unknown;control;2024-01-03 14:00:00+00:00;0.516;;
966771;unknown;control;2024-01-03 14:15:00+00:00;0.217;;
966771;unknown;control;2024-01-03 14:30:00+00:00;0.159;;
966771;unknown;control;2024-01-03 14:45:00+00:00;0.226;;
966771;unknown;control;2024-01-03 15:00:00+00:00;0.183;;
966771;unknown;control;2024-01-03 15:15:00+00:00;0.156;;
966771;unknown;control;2024-01-03 15:30:00+00:00;0.568;;
966771;unknown;control;2024-01-03 15:45:00+00:00;0.97;;
966771;unknown;control;2024-01-03 16:00:00+00:00;0.417;;
966771;unknown;control;2024-01-03 16:15:00+00:00;0.353;;
966771;unknown;control;2024-01-03 16:30:00+00:00;0.725;;
966771;unknown;control;2024-01-03 16:45:00+00:00;0.684;;
966771;unknown;control;2024-01-03 17:00:00+00:00;0.772;;
966771;unknown;control;2024-01-03 17:15:00+00:00;0.351;;
966771;unknown;control;2024-01-03 17:30:00+00:00;0.419;;
966771;unknown;control;2024-01-03 17:45:00+00:00;0.535;;
966771;unknown;control;2024-01-03 18:00:00+00:00;0.526;;
966771;unknown;control;2024-01-03 18:15:00+00:00;0.392;;
966771;unknown;control;2024-01-03 18:30:00+00:00;1.496;;
966771;unknown;control;2024-01-03 18:45:00+00:00;1.459;;
966771;unknown;control;2024-01-03 19:00:00+00:00;0.553;;
966771;unknown;control;2024-01-03 19:15:00+00:00;0.546;;
966771;unknown;control;2024-01-03 19:30:00+00:00;1.13;;
966771;unknown;control;2024-01-03 19:45:00+00:00;0.711;;
966771;unknown;control;2024-01-03 20:00:00+00:00;0.368;;
966771;unknown;control;2024-01-03 20:15:00+00:00;0.346;;
966771;unknown;control;2024-01-03 20:30:00+00:00;0.934;;
966771;unknown;control;2024-01-03 20:45:00+00:00;0.787;;
966771;unknown;control;2024-01-03 21:00:00+00:00;0.29;;
966771;unknown;control;2024-01-03 21:15:00+00:00;0.332;;
966771;unknown;control;2024-01-03 21:30:00+00:00;0.258;;
966771;unknown;control;2024-01-03 21:45:00+00:00;0.306;;
966771;unknown;control;2024-01-03 22:00:00+00:00;0.26;;
966771;unknown;control;2024-01-03 22:15:00+00:00;0.218;;
966771;unknown;control;2024-01-03 22:30:00+00:00;0.21;;
966771;unknown;control;2024-01-03 22:45:00+00:00;0.247;;
966771;unknown;control;2024-01-03 23:00:00+00:00;0.266;;
966771;unknown;control;2024-01-03 23:15:00+00:00;0.232;;
966771;unknown;control;2024-01-03 23:30:00+00:00;0.237;;
966771;unknown;control;2024-01-03 23:45:00+00:00;0.243;;
966771;unknown;control;2024-01-04 00:00:00+00:00;0.284;;
966771;unknown;control;2024-01-04 00:15:00+00:00;0.253;;
966771;unknown;control;2024-01-04 00:30:00+00:00;0.269;;
966771;unknown;control;2024-01-04 00:45:00+00:00;0.291;;
966771;unknown;control;2024-01-04 01:00:00+00:00;0.984;;
966771;unknown;control;2024-01-04 01:15:00+00:00;1.042;;
966771;unknown;control;2024-01-04 01:30:00+00:00;2.254;;
966771;unknown;control;2024-01-04 01:45:00+00:00;1.54;;
966771;unknown;control;2024-01-04 02:00:00+00:00;1.504;;
966771;unknown;control;2024-01-04 02:15:00+00:00;1.892;;
966771;unknown;control;2024-01-04 02:30:00+00:00;2.265;;
966771;unknown;control;2024-01-04 02:45:00+00:00;1.693;;
966771;unknown;control;2024-01-04 03:00:00+00:00;1.114;;
966771;unknown;control;2024-01-04 03:15:00+00:00;0.281;;
966771;unknown;control;2024-01-04 03:30:00+00:00;0.295;;
966771;unknown;control;2024-01-04 03:45:00+00:00;0.289;;
966771;unknown;control;2024-01-04 04:00:00+00:00;0.273;;
966771;unknown;control;2024-01-04 04:15:00+00:00;0.339;;
966771;unknown;control;2024-01-04 04:30:00+00:00;0.337;;
966771;unknown;control;2024-01-04 04:45:00+00:00;0.312;;
966771;unknown;control;2024-01-04 05:00:00+00:00;0.311;;
966771;unknown;control;2024-01-04 05:15:00+00:00;0.302;;
966771;unknown;control;2024-01-04 05:30:00+00:00;0.268;;
966771;unknown;control;2024-01-04 05:45:00+00:00;0.281;;
966771;unknown;control;2024-01-04 06:00:00+00:00;0.302;;
966771;unknown;control;2024-01-04 06:15:00+00:00;0.261;;
966771;unknown;control;2024-01-04 06:30:00+00:00;0.268;;
966771;unknown;control;2024-01-04 06:45:00+00:00;0.25;;
966771;unknown;control;2024-01-04 07:00:00+00:00;0.363;;
966771;unknown;control;2024-01-04 07:15:00+00:00;0.293;;
966771;unknown;control;2024-01-04 07:30:00+00:00;0.213;;
966771;unknown;control;2024-01-04 07:45:00+00:00;0.576;;
966771;unknown;control;2024-01-04 08:00:00+00:00;1.011;;
966771;unknown;control;2024-01-04 08:15:00+00:00;1.128;;
966771;unknown;control;2024-01-04 08:30:00+00:00;0.539;;
966771;unknown;control;2024-01-04 08:45:00+00:00;0.439;;
966771;unknown;control;2024-01-04 09:00:00+00:00;0.435;;
966771;unknown;control;2024-01-04 09:15:00+00:00;0.28;;
966771;unknown;control;2024-01-04 09:30:00+00:00;0.303;;
966771;unknown;control;2024-01-04 09:45:00+00:00;0.278;;
966771;unknown;control;2024-01-04 10:00:00+00:00;0.218;;
966771;unknown;control;2024-01-04 10:15:00+00:00;0.197;;
966771;unknown;control;2024-01-04 10:30:00+00:00;0.15;;
966771;unknown;control;2024-01-04 10:45:00+00:00;0.79;;
966771;unknown;control;2024-01-04 11:00:00+00:00;0.593;;
966771;unknown;control;2024-01-04 11:15:00+00:00;0.197;;
966771;unknown;control;2024-01-04 11:30:00+00:00;0.202;;
966771;unknown;control;2024-01-04 11:45:00+00:00;1.07;;
966771;unknown;control;2024-01-04 12:00:00+00:00;0.941;;
966771;unknown;control;2024-01-04 12:15:00+00:00;0.138;;
966771;unknown;control;2024-01-04 12:30:00+00:00;0.305;;
966771;unknown;control;2024-01-04 12:45:00+00:00;0.663;;
966771;unknown;control;2024-01-04 13:00:00+00:00;1.14;;
966771;unknown;control;2024-01-04 13:15:00+00:00;0.153;;
966771;unknown;control;2024-01-04 13:30:00+00:00;0.115;;
966771;unknown;control;2024-01-04 13:45:00+00:00;0.117;;
966771;unknown;control;2024-01-04 14:00:00+00:00;0.112;;
966771;unknown;control;2024-01-04 14:15:00+00:00;0.223;;
966771;unknown;control;2024-01-04 14:30:00+00:00;0.566;;
966771;unknown;control;2024-01-04 14:45:00+00:00;0.97;;
966771;unknown;control;2024-01-04 15:00:00+00:00;0.271;;
966771;unknown;control;2024-01-04 15:15:00+00:00;0.241;;
966771;unknown;control;2024-01-04 15:30:00+00:00;0.266;;
966771;unknown;control;2024-01-04 15:45:00+00:00;0.28;;
966771;unknown;control;2024-01-04 16:00:00+00:00;0.336;;
966771;unknown;control;2024-01-04 16:15:00+00:00;0.368;;
966771;unknown;control;2024-01-04 16:30:00+00:00;0.541;;
966771;unknown;control;2024-01-04 16:45:00+00:00;0.418;;
966771;unknown;control;2024-01-04 17:00:00+00:00;0.54;;
966771;unknown;control;2024-01-04 17:15:00+00:00;0.422;;
966771;unknown;control;2024-01-04 17:30:00+00:00;0.357;;
966771;unknown;control;2024-01-04 17:45:00+00:00;0.395;;
966771;unknown;control;2024-01-04 18:00:00+00:00;0.431;;
966771;unknown;control;2024-01-04 18:15:00+00:00;1.092;;
966771;unknown;control;2024-01-04 18:30:00+00:00;1.162;;
966771;unknown;control;2024-01-04 18:45:00+00:00;1.008;;
966771;unknown;control;2024-01-04 19:00:00+00:00;1.151;;
966771;unknown;control;2024-01-04 19:15:00+00:00;1.15;;
966771;unknown;control;2024-01-04 19:30:00+00:00;0.981;;
966771;unknown;control;2024-01-04 19:45:00+00:00;1.28;;
966771;unknown;control;2024-01-04 20:00:00+00:00;1.07;;
966771;unknown;control;2024-01-04 20:15:00+00:00;1.062;;
966771;unknown;control;2024-01-04 20:30:00+00:00;1.186;;
966771;unknown;control;2024-01-04 20:45:00+00:00;0.735;;
966771;unknown;control;2024-01-04 21:00:00+00:00;0.426;;
966771;unknown;control;2024-01-04 21:15:00+00:00;0.936;;
966771;unknown;control;2024-01-04 21:30:00+00:00;0.42;;
966771;unknown;control;2024-01-04 21:45:00+00:00;0.368;;
966771;unknown;control;2024-01-04 22:00:00+00:00;0.34;;
966771;unknown;control;2024-01-04 22:15:00+00:00;0.348;;
966771;unknown;control;2024-01-04 22:30:00+00:00;0.336;;
966771;unknown;control;2024-01-04 22:45:00+00:00;0.337;;
966771;unknown;control;2024-01-04 23:00:00+00:00;0.355;;
966771;unknown;control;2024-01-04 23:15:00+00:00;0.339;;
966771;unknown;control;2024-01-04 23:30:00+00:00;0.324;;
966771;unknown;control;2024-01-04 23:45:00+00:00;0.72;;
966771;unknown;control;2024-01-05 00:00:00+00:00;1.12;;
966771;unknown;control;2024-01-05 00:15:00+00:00;1.104;;
966771;unknown;control;2024-01-05 00:30:00+00:00;0.887;;
966771;unknown;control;2024-01-05 00:45:00+00:00;1.127;;
966771;unknown;control;2024-01-05 01:00:00+00:00;1.125;;
966771;unknown;control;2024-01-05 01:15:00+00:00;1.055;;
966771;unknown;control;2024-01-05 01:30:00+00:00;2.072;;
966771;unknown;control;2024-01-05 01:45:00+00:00;2.316;;
966771;unknown;control;2024-01-05 02:00:00+00:00;2.352;;
966771;unknown;control;2024-01-05 02:15:00+00:00;2.083;;
966771;unknown;control;2024-01-05 02:30:00+00:00;2.337;;
966771;unknown;control;2024-01-05 02:45:00+00:00;2.338;;
966771;unknown;control;2024-01-05 03:00:00+00:00;2.187;;
966771;unknown;control;2024-01-05 03:15:00+00:00;0.374;;
966771;unknown;control;2024-01-05 03:30:00+00:00;0.338;;
966771;unknown;control;2024-01-05 03:45:00+00:00;0.841;;
966771;unknown;control;2024-01-05 04:00:00+00:00;1.093;;
966771;unknown;control;2024-01-05 04:15:00+00:00;0.332;;
966771;unknown;control;2024-01-05 04:30:00+00:00;0.317;;
966771;unknown;control;2024-01-05 04:45:00+00:00;0.315;;
966771;unknown;control;2024-01-05 05:00:00+00:00;0.34;;
966771;unknown;control;2024-01-05 05:15:00+00:00;0.339;;
966771;unknown;control;2024-01-05 05:30:00+00:00;0.306;;
966771;unknown;control;2024-01-05 05:45:00+00:00;0.315;;
966771;unknown;control;2024-01-05 06:00:00+00:00;0.327;;
966771;unknown;control;2024-01-05 06:15:00+00:00;0.304;;
966771;unknown;control;2024-01-05 06:30:00+00:00;0.508;;
966771;unknown;control;2024-01-05 06:45:00+00:00;0.727;;
966771;unknown;control;2024-01-05 07:00:00+00:00;1.154;;
966771;unknown;control;2024-01-05 07:15:00+00:00;0.761;;
966771;unknown;control;2024-01-05 07:30:00+00:00;0.468;;
966771;unknown;control;2024-01-05 07:45:00+00:00;0.474;;
966771;unknown;control;2024-01-05 08:00:00+00:00;0.762;;
966771;unknown;control;2024-01-05 08:15:00+00:00;1.097;;
966771;unknown;control;2024-01-05 08:30:00+00:00;0.535;;
966771;unknown;control;2024-01-05 08:45:00+00:00;0.411;;
966771;unknown;control;2024-01-05 09:00:00+00:00;0.294;;
966771;unknown;control;2024-01-05 09:15:00+00:00;0.429;;
966771;unknown;control;2024-01-05 09:30:00+00:00;1.005;;
966771;unknown;control;2024-01-05 09:45:00+00:00;0.56;;
966771;unknown;control;2024-01-05 10:00:00+00:00;0.227;;
966771;unknown;control;2024-01-05 10:15:00+00:00;0.239;;
966771;unknown;control;2024-01-05 10:30:00+00:00;0.618;;
966771;unknown;control;2024-01-05 10:45:00+00:00;0.478;;
966771;unknown;control;2024-01-05 11:00:00+00:00;0.449;;
966771;unknown;control;2024-01-05 11:15:00+00:00;0.272;;
966771;unknown;control;2024-01-05 11:30:00+00:00;0.3;;
966771;unknown;control;2024-01-05 11:45:00+00:00;0.943;;
966771;unknown;control;2024-01-05 12:00:00+00:00;1.011;;
966771;unknown;control;2024-01-05 12:15:00+00:00;0.931;;
966771;unknown;control;2024-01-05 12:30:00+00:00;0.632;;
966771;unknown;control;2024-01-05 12:45:00+00:00;0.223;;
966771;unknown;control;2024-01-05 13:00:00+00:00;0.238;;
966771;unknown;control;2024-01-05 13:15:00+00:00;0.526;;
966771;unknown;control;2024-01-05 13:30:00+00:00;1.022;;
966771;unknown;control;2024-01-05 13:45:00+00:00;0.382;;
966771;unknown;control;2024-01-05 14:00:00+00:00;0.223;;
966771;unknown;control;2024-01-05 14:15:00+00:00;0.437;;
966771;unknown;control;2024-01-05 14:30:00+00:00;1.033;;
966771;unknown;control;2024-01-05 14:45:00+00:00;0.738;;
966771;unknown;control;2024-01-05 15:00:00+00:00;0.373;;
966771;unknown;control;2024-01-05 15:15:00+00:00;0.36;;
966771;unknown;control;2024-01-05 15:30:00+00:00;0.37;;
966771;unknown;control;2024-01-05 15:45:00+00:00;0.759;;
966771;unknown;control;2024-01-05 16:00:00+00:00;0.466;;
966771;unknown;control;2024-01-05 16:15:00+00:00;0.445;;
966771;unknown;control;2024-01-05 16:30:00+00:00;0.384;;
966771;unknown;control;2024-01-05 16:45:00+00:00;0.483;;
966771;unknown;control;2024-01-05 17:00:00+00:00;0.449;;
966771;unknown;control;2024-01-05 17:15:00+00:00;0.428;;
966771;unknown;control;2024-01-05 17:30:00+00:00;0.477;;
966771;unknown;control;2024-01-05 17:45:00+00:00;0.423;;
966771;unknown;control;2024-01-05 18:00:00+00:00;0.367;;
966771;unknown;control;2024-01-05 18:15:00+00:00;1.1;;
966771;unknown;control;2024-01-05 18:30:00+00:00;1.22;;
966771;unknown;control;2024-01-05 18:45:00+00:00;0.661;;
966771;unknown;control;2024-01-05 19:00:00+00:00;0.544;;
966771;unknown;control;2024-01-05 19:15:00+00:00;1.118;;
966771;unknown;control;2024-01-05 19:30:00+00:00;0.611;;
966771;unknown;control;2024-01-05 19:45:00+00:00;0.363;;
966771;unknown;control;2024-01-05 20:00:00+00:00;0.94;;
966771;unknown;control;2024-01-05 20:15:00+00:00;0.837;;
966771;unknown;control;2024-01-05 20:30:00+00:00;0.341;;
966771;unknown;control;2024-01-05 20:45:00+00:00;0.578;;
966771;unknown;control;2024-01-05 21:00:00+00:00;1.158;;
966771;unknown;control;2024-01-05 21:15:00+00:00;0.401;;
966771;unknown;control;2024-01-05 21:30:00+00:00;0.354;;
966771;unknown;control;2024-01-05 21:45:00+00:00;0.343;;
966771;unknown;control;2024-01-05 22:00:00+00:00;0.303;;
966771;unknown;control;2024-01-05 22:15:00+00:00;0.282;;
966771;unknown;control;2024-01-05 22:30:00+00:00;0.264;;
966771;unknown;control;2024-01-05 22:45:00+00:00;0.267;;
966771;unknown;control;2024-01-05 23:00:00+00:00;0.269;;
966771;unknown;control;2024-01-05 23:15:00+00:00;0.261;;
966771;unknown;control;2024-01-05 23:30:00+00:00;0.28;;
966771;unknown;control;2024-01-05 23:45:00+00:00;0.245;;
966771;unknown;control;2024-01-06 00:00:00+00:00;0.293;;
966771;unknown;control;2024-01-06 00:15:00+00:00;0.256;;
966771;unknown;control;2024-01-06 00:30:00+00:00;0.638;;
966771;unknown;control;2024-01-06 00:45:00+00:00;1.051;;
966771;unknown;control;2024-01-06 01:00:00+00:00;1.024;;
966771;unknown;control;2024-01-06 01:15:00+00:00;1.035;;
966771;unknown;control;2024-01-06 01:30:00+00:00;1.643;;
966771;unknown;control;2024-01-06 01:45:00+00:00;1.558;;
966771;unknown;control;2024-01-06 02:00:00+00:00;2.088;;
966771;unknown;control;2024-01-06 02:15:00+00:00;2.256;;
966771;unknown;control;2024-01-06 02:30:00+00:00;1.539;;
966771;unknown;control;2024-01-06 02:45:00+00:00;1.463;;
966771;unknown;control;2024-01-06 03:00:00+00:00;0.839;;
966771;unknown;control;2024-01-06 03:15:00+00:00;0.988;;
966771;unknown;control;2024-01-06 03:30:00+00:00;0.297;;
966771;unknown;control;2024-01-06 03:45:00+00:00;0.313;;
966771;unknown;control;2024-01-06 04:00:00+00:00;0.703;;
966771;unknown;control;2024-01-06 04:15:00+00:00;0.315;;
966771;unknown;control;2024-01-06 04:30:00+00:00;0.308;;
966771;unknown;control;2024-01-06 04:45:00+00:00;0.279;;
966771;unknown;control;2024-01-06 05:00:00+00:00;0.283;;
966771;unknown;control;2024-01-06 05:15:00+00:00;0.312;;
966771;unknown;control;2024-01-06 05:30:00+00:00;0.293;;
966771;unknown;control;2024-01-06 05:45:00+00:00;0.268;;
966771;unknown;control;2024-01-06 06:00:00+00:00;0.391;;
966771;unknown;control;2024-01-06 06:15:00+00:00;0.32;;
966771;unknown;control;2024-01-06 06:30:00+00:00;0.29;;
966771;unknown;control;2024-01-06 06:45:00+00:00;0.306;;
966771;unknown;control;2024-01-06 07:00:00+00:00;0.352;;
966771;unknown;control;2024-01-06 07:15:00+00:00;1.072;;
966771;unknown;control;2024-01-06 07:30:00+00:00;1.071;;
966771;unknown;control;2024-01-06 07:45:00+00:00;0.476;;
966771;unknown;control;2024-01-06 08:00:00+00:00;0.377;;
966771;unknown;control;2024-01-06 08:15:00+00:00;0.317;;
966771;unknown;control;2024-01-06 08:30:00+00:00;0.319;;
966771;unknown;control;2024-01-06 08:45:00+00:00;0.409;;
966771;unknown;control;2024-01-06 09:00:00+00:00;0.589;;
966771;unknown;control;2024-01-06 09:15:00+00:00;1.042;;
966771;unknown;control;2024-01-06 09:30:00+00:00;0.769;;
966771;unknown;control;2024-01-06 09:45:00+00:00;0.806;;
966771;unknown;control;2024-01-06 10:00:00+00:00;0.485;;
966771;unknown;control;2024-01-06 10:15:00+00:00;0.453;;
966771;unknown;control;2024-01-06 10:30:00+00:00;0.718;;
966771;unknown;control;2024-01-06 10:45:00+00:00;0.346;;
966771;unknown;control;2024-01-06 11:00:00+00:00;0.315;;
966771;unknown;control;2024-01-06 11:15:00+00:00;0.283;;
966771;unknown;control;2024-01-06 11:30:00+00:00;0.422;;
966771;unknown;control;2024-01-06 11:45:00+00:00;1.132;;
966771;unknown;control;2024-01-06 12:00:00+00:00;1.041;;
966771;unknown;control;2024-01-06 12:15:00+00:00;0.937;;
966771;unknown;control;2024-01-06 12:30:00+00:00;0.921;;
966771;unknown;control;2024-01-06 12:45:00+00:00;0.304;;
966771;unknown;control;2024-01-06 13:00:00+00:00;0.313;;
966771;unknown;control;2024-01-06 13:15:00+00:00;1.007;;
966771;unknown;control;2024-01-06 13:30:00+00:00;0.992;;
966771;unknown;control;2024-01-06 13:45:00+00:00;0.245;;
966771;unknown;control;2024-01-06 14:00:00+00:00;0.242;;
966771;unknown;control;2024-01-06 14:15:00+00:00;0.658;;
966771;unknown;control;2024-01-06 14:30:00+00:00;1.017;;
966771;unknown;control;2024-01-06 14:45:00+00:00;0.482;;
966771;unknown;control;2024-01-06 15:00:00+00:00;0.243;;
966771;unknown;control;2024-01-06 15:15:00+00:00;0.243;;
966771;unknown;control;2024-01-06 15:30:00+00:00;0.557;;
966771;unknown;control;2024-01-06 15:45:00+00:00;0.29;;
966771;unknown;control;2024-01-06 16:00:00+00:00;0.274;;
966771;unknown;control;2024-01-06 16:15:00+00:00;0.286;;
966771;unknown;control;2024-01-06 16:30:00+00:00;0.601;;
966771;unknown;control;2024-01-06 16:45:00+00:00;0.478;;
966771;unknown;control;2024-01-06 17:00:00+00:00;0.546;;
966771;unknown;control;2024-01-06 17:15:00+00:00;0.521;;
966771;unknown;control;2024-01-06 17:30:00+00:00;0.258;;
966771;unknown;control;2024-01-06 17:45:00+00:00;0.786;;
966771;unknown;control;2024-01-06 18:00:00+00:00;1.064;;
966771;unknown;control;2024-01-06 18:15:00+00:00;0.725;;
966771;unknown;control;2024-01-06 18:30:00+00:00;0.381;;
966771;unknown;control;2024-01-06 18:45:00+00:00;1.085;;
966771;unknown;control;2024-01-06 19:00:00+00:00;1.126;;
966771;unknown;control;2024-01-06 19:15:00+00:00;0.958;;
966771;unknown;control;2024-01-06 19:30:00+00:00;1.121;;
966771;unknown;control;2024-01-06 19:45:00+00:00;0.871;;
966771;unknown;control;2024-01-06 20:00:00+00:00;0.373;;
966771;unknown;control;2024-01-06 20:15:00+00:00;0.608;;
966771;unknown;control;2024-01-06 20:30:00+00:00;1.123;;
966771;unknown;control;2024-01-06 20:45:00+00:00;1.163;;
966771;unknown;control;2024-01-06 21:00:00+00:00;0.407;;
966771;unknown;control;2024-01-06 21:15:00+00:00;0.348;;
966771;unknown;control;2024-01-06 21:30:00+00:00;0.34;;
966771;unknown;control;2024-01-06 21:45:00+00:00;0.321;;
966771;unknown;control;2024-01-06 22:00:00+00:00;0.337;;
966771;unknown;control;2024-01-06 22:15:00+00:00;0.348;;
966771;unknown;control;2024-01-06 22:30:00+00:00;0.344;;
966771;unknown;control;2024-01-06 22:45:00+00:00;0.276;;
966771;unknown;control;2024-01-06 23:00:00+00:00;0.266;;
966771;unknown;control;2024-01-06 23:15:00+00:00;0.284;;
966771;unknown;control;2024-01-06 23:30:00+00:00;0.282;;
966771;unknown;control;2024-01-06 23:45:00+00:00;0.297;;
966771;unknown;control;2024-01-07 00:00:00+00:00;0.321;;
966771;unknown;control;2024-01-07 00:15:00+00:00;1.036;;
966771;unknown;control;2024-01-07 00:30:00+00:00;1.085;;
966771;unknown;control;2024-01-07 00:45:00+00:00;0.336;;
966771;unknown;control;2024-01-07 01:00:00+00:00;0.669;;
966771;unknown;control;2024-01-07 01:15:00+00:00;1.091;;
966771;unknown;control;2024-01-07 01:30:00+00:00;2.245;;
966771;unknown;control;2024-01-07 01:45:00+00:00;2.09;;
966771;unknown;control;2024-01-07 02:00:00+00:00;2.321;;
966771;unknown;control;2024-01-07 02:15:00+00:00;2.148;;
966771;unknown;control;2024-01-07 02:30:00+00:00;2.258;;
966771;unknown;control;2024-01-07 02:45:00+00:00;2.3;;
966771;unknown;control;2024-01-07 03:00:00+00:00;1.626;;
966771;unknown;control;2024-01-07 03:15:00+00:00;0.327;;
966771;unknown;control;2024-01-07 03:30:00+00:00;0.318;;
966771;unknown;control;2024-01-07 03:45:00+00:00;0.689;;
966771;unknown;control;2024-01-07 04:00:00+00:00;1.121;;
966771;unknown;control;2024-01-07 04:15:00+00:00;0.324;;
966771;unknown;control;2024-01-07 04:30:00+00:00;0.285;;
966771;unknown;control;2024-01-07 04:45:00+00:00;0.287;;
966771;unknown;control;2024-01-07 05:00:00+00:00;0.287;;
966771;unknown;control;2024-01-07 05:15:00+00:00;0.293;;
966771;unknown;control;2024-01-07 05:30:00+00:00;0.29;;
966771;unknown;control;2024-01-07 05:45:00+00:00;0.288;;
966771;unknown;control;2024-01-07 06:00:00+00:00;0.291;;
966771;unknown;control;2024-01-07 06:15:00+00:00;0.283;;
966771;unknown;control;2024-01-07 06:30:00+00:00;0.277;;
966771;unknown;control;2024-01-07 06:45:00+00:00;0.281;;
966771;unknown;control;2024-01-07 07:00:00+00:00;1.033;;
966771;unknown;control;2024-01-07 07:15:00+00:00;1.073;;
966771;unknown;control;2024-01-07 07:30:00+00:00;0.516;;
966771;unknown;control;2024-01-07 07:45:00+00:00;0.608;;
966771;unknown;control;2024-01-07 08:00:00+00:00;0.297;;
966771;unknown;control;2024-01-07 08:15:00+00:00;0.295;;
966771;unknown;control;2024-01-07 08:30:00+00:00;0.686;;
966771;unknown;control;2024-01-07 08:45:00+00:00;1.258;;
966771;unknown;control;2024-01-07 09:00:00+00:00;0.49;;
966771;unknown;control;2024-01-07 09:15:00+00:00;0.27;;
966771;unknown;control;2024-01-07 09:30:00+00:00;0.305;;
966771;unknown;control;2024-01-07 09:45:00+00:00;0.361;;
966771;unknown;control;2024-01-07 10:00:00+00:00;1.012;;
966771;unknown;control;2024-01-07 10:15:00+00:00;0.968;;
966771;unknown;control;2024-01-07 10:30:00+00:00;0.611;;
966771;unknown;control;2024-01-07 10:45:00+00:00;0.538;;
966771;unknown;control;2024-01-07 11:00:00+00:00;0.28;;
966771;unknown;control;2024-01-07 11:15:00+00:00;0.281;;
966771;unknown;control;2024-01-07 11:30:00+00:00;0.464;;
966771;unknown;control;2024-01-07 11:45:00+00:00;1.246;;
966771;unknown;control;2024-01-07 12:00:00+00:00;1.158;;
966771;unknown;control;2024-01-07 12:15:00+00:00;0.929;;
966771;unknown;control;2024-01-07 12:30:00+00:00;1.083;;
966771;unknown;control;2024-01-07 12:45:00+00:00;1.051;;
966771;unknown;control;2024-01-07 13:00:00+00:00;0.336;;
966771;unknown;control;2024-01-07 13:15:00+00:00;0.331;;
966771;unknown;control;2024-01-07 13:30:00+00:00;0.992;;
966771;unknown;control;2024-01-07 13:45:00+00:00;1.256;;
966771;unknown;control;2024-01-07 14:00:00+00:00;0.948;;
966771;unknown;control;2024-01-07 14:15:00+00:00;1.219;;
966771;unknown;control;2024-01-07 14:30:00+00:00;1.237;;
966771;unknown;control;2024-01-07 14:45:00+00:00;0.551;;
966771;unknown;control;2024-01-07 15:00:00+00:00;0.449;;
966771;unknown;control;2024-01-07 15:15:00+00:00;0.72;;
966771;unknown;control;2024-01-07 15:30:00+00:00;0.443;;
966771;unknown;control;2024-01-07 15:45:00+00:00;0.502;;
966771;unknown;control;2024-01-07 16:00:00+00:00;0.523;;
966771;unknown;control;2024-01-07 16:15:00+00:00;0.517;;
966771;unknown;control;2024-01-07 16:30:00+00:00;0.564;;
966771;unknown;control;2024-01-07 16:45:00+00:00;0.724;;
966771;unknown;control;2024-01-07 17:00:00+00:00;0.719;;
966771;unknown;control;2024-01-07 17:15:00+00:00;0.777;;
966771;unknown;control;2024-01-07 17:30:00+00:00;0.427;;
966771;unknown;control;2024-01-07 17:45:00+00:00;0.976;;
966771;unknown;control;2024-01-07 18:00:00+00:00;1.24;;
966771;unknown;control;2024-01-07 18:15:00+00:00;1.259;;
966771;unknown;control;2024-01-07 18:30:00+00:00;1.295;;
966771;unknown;control;2024-01-07 18:45:00+00:00;1.011;;
966771;unknown;control;2024-01-07 19:00:00+00:00;1.292;;
966771;unknown;control;2024-01-07 19:15:00+00:00;1.28;;
966771;unknown;control;2024-01-07 19:30:00+00:00;1.267;;
966771;unknown;control;2024-01-07 19:45:00+00:00;1.217;;
966771;unknown;control;2024-01-07 20:00:00+00:00;1.048;;
966771;unknown;control;2024-01-07 20:15:00+00:00;1.276;;
966771;unknown;control;2024-01-07 20:30:00+00:00;1.146;;
966771;unknown;control;2024-01-07 20:45:00+00:00;0.463;;
966771;unknown;control;2024-01-07 21:00:00+00:00;0.647;;
966771;unknown;control;2024-01-07 21:15:00+00:00;1.067;;
966771;unknown;control;2024-01-07 21:30:00+00:00;0.424;;
966771;unknown;control;2024-01-07 21:45:00+00:00;0.383;;
966771;unknown;control;2024-01-07 22:00:00+00:00;0.4;;
966771;unknown;control;2024-01-07 22:15:00+00:00;0.428;;
966771;unknown;control;2024-01-07 22:30:00+00:00;0.403;;
966771;unknown;control;2024-01-07 22:45:00+00:00;0.444;;
966771;unknown;control;2024-01-07 23:00:00+00:00;0.421;;
966771;unknown;control;2024-01-07 23:15:00+00:00;0.41;;
966771;unknown;control;2024-01-07 23:30:00+00:00;0.698;;
966771;unknown;control;2024-01-07 23:45:00+00:00;1.18;;
966771;unknown;control;2024-01-08 00:00:00+00:00;1.215;;
966771;unknown;control;2024-01-08 00:15:00+00:00;1.214;;
966771;unknown;control;2024-01-08 00:30:00+00:00;1.225;;
966771;unknown;control;2024-01-08 00:45:00+00:00;1.214;;
966771;unknown;control;2024-01-08 01:00:00+00:00;0.835;;
966771;unknown;control;2024-01-08 01:15:00+00:00;1.221;;
966771;unknown;control;2024-01-08 01:30:00+00:00;2.402;;
966771;unknown;control;2024-01-08 01:45:00+00:00;2.388;;
966771;unknown;control;2024-01-08 02:00:00+00:00;2.432;;
966771;unknown;control;2024-01-08 02:15:00+00:00;2.409;;
966771;unknown;control;2024-01-08 02:30:00+00:00;2.287;;
966771;unknown;control;2024-01-08 02:45:00+00:00;2.257;;
966771;unknown;control;2024-01-08 03:00:00+00:00;2.446;;
966771;unknown;control;2024-01-08 03:15:00+00:00;1.439;;
966771;unknown;control;2024-01-08 03:30:00+00:00;1.285;;
966771;unknown;control;2024-01-08 03:45:00+00:00;1.288;;
966771;unknown;control;2024-01-08 04:00:00+00:00;1.296;;
966771;unknown;control;2024-01-08 04:15:00+00:00;0.545;;
966771;unknown;control;2024-01-08 04:30:00+00:00;0.5;;
966771;unknown;control;2024-01-08 04:45:00+00:00;0.519;;
966771;unknown;control;2024-01-08 05:00:00+00:00;0.527;;
966771;unknown;control;2024-01-08 05:15:00+00:00;0.492;;
966771;unknown;control;2024-01-08 05:30:00+00:00;0.975;;
966771;unknown;control;2024-01-08 05:45:00+00:00;1.752;;
966771;unknown;control;2024-01-08 06:00:00+00:00;0.591;;
966771;unknown;control;2024-01-08 06:15:00+00:00;1.031;;
966771;unknown;control;2024-01-08 06:30:00+00:00;1.287;;
966771;unknown;control;2024-01-08 06:45:00+00:00;1.309;;
966771;unknown;control;2024-01-08 07:00:00+00:00;1.305;;
966771;unknown;control;2024-01-08 07:15:00+00:00;1.322;;
966771;unknown;control;2024-01-08 07:30:00+00:00;1.286;;
966771;unknown;control;2024-01-08 07:45:00+00:00;1.292;;
966771;unknown;control;2024-01-08 08:00:00+00:00;1.307;;
966771;unknown;control;2024-01-08 08:15:00+00:00;1.023;;
966771;unknown;control;2024-01-08 08:30:00+00:00;1.274;;
966771;unknown;control;2024-01-08 08:45:00+00:00;1.305;;
966771;unknown;control;2024-01-08 09:00:00+00:00;1.688;;
966771;unknown;control;2024-01-08 09:15:00+00:00;1.862;;
966771;unknown;control;2024-01-08 09:30:00+00:00;0.807;;
966771;unknown;control;2024-01-08 09:45:00+00:00;0.506;;
966771;unknown;control;2024-01-08 10:00:00+00:00;0.599;;
966771;unknown;control;2024-01-08 10:15:00+00:00;1.006;;
966771;unknown;control;2024-01-08 10:30:00+00:00;1.436;;
966771;unknown;control;2024-01-08 10:45:00+00:00;1.404;;
966771;unknown;control;2024-01-08 11:00:00+00:00;0.776;;
966771;unknown;control;2024-01-08 11:15:00+00:00;0.444;;
966771;unknown;control;2024-01-08 11:30:00+00:00;0.449;;
966771;unknown;control;2024-01-08 11:45:00+00:00;1.155;;
966771;unknown;control;2024-01-08 12:00:00+00:00;0.969;;
966771;unknown;control;2024-01-08 12:15:00+00:00;1.282;;
966771;unknown;control;2024-01-08 12:30:00+00:00;1.399;;
966771;unknown;control;2024-01-08 12:45:00+00:00;1.389;;
966771;unknown;control;2024-01-08 13:00:00+00:00;1.414;;
966771;unknown;control;2024-01-08 13:15:00+00:00;1.411;;
966771;unknown;control;2024-01-08 13:30:00+00:00;1.335;;
966771;unknown;control;2024-01-08 13:45:00+00:00;1.251;;
966771;unknown;control;2024-01-08 14:00:00+00:00;0.946;;
966771;unknown;control;2024-01-08 14:15:00+00:00;1.215;;
966771;unknown;control;2024-01-08 14:30:00+00:00;1.231;;
966771;unknown;control;2024-01-08 14:45:00+00:00;1.25;;
966771;unknown;control;2024-01-08 15:00:00+00:00;0.446;;
966771;unknown;control;2024-01-08 15:15:00+00:00;0.485;;
966771;unknown;control;2024-01-08 15:30:00+00:00;0.468;;
966771;unknown;control;2024-01-08 15:45:00+00:00;0.482;;
966771;unknown;control;2024-01-08 16:00:00+00:00;0.836;;
966771;unknown;control;2024-01-08 16:15:00+00:00;0.49;;
966771;unknown;control;2024-01-08 16:30:00+00:00;0.541;;
966771;unknown;control;2024-01-08 16:45:00+00:00;0.56;;
966771;unknown;control;2024-01-08 17:00:00+00:00;1.222;;
966771;unknown;control;2024-01-08 17:15:00+00:00;1.282;;
966771;unknown;control;2024-01-08 17:30:00+00:00;1.269;;
966771;unknown;control;2024-01-08 17:45:00+00:00;1.278;;
966771;unknown;control;2024-01-08 18:00:00+00:00;1.295;;
966771;unknown;control;2024-01-08 18:15:00+00:00;1.015;;
966771;unknown;control;2024-01-08 18:30:00+00:00;0.875;;
966771;unknown;control;2024-01-08 18:45:00+00:00;1.047;;
966771;unknown;control;2024-01-08 19:00:00+00:00;1.244;;
966771;unknown;control;2024-01-08 19:15:00+00:00;1.278;;
966771;unknown;control;2024-01-08 19:30:00+00:00;1.256;;
966771;unknown;control;2024-01-08 19:45:00+00:00;1.285;;
966771;unknown;control;2024-01-08 20:00:00+00:00;1.372;;
966771;unknown;control;2024-01-08 20:15:00+00:00;1.261;;
966771;unknown;control;2024-01-08 20:30:00+00:00;1.019;;
966771;unknown;control;2024-01-08 20:45:00+00:00;1.285;;
966771;unknown;control;2024-01-08 21:00:00+00:00;1.313;;
966771;unknown;control;2024-01-08 21:15:00+00:00;1.518;;
966771;unknown;control;2024-01-08 21:30:00+00:00;0.919;;
966771;unknown;control;2024-01-08 21:45:00+00:00;0.419;;
966771;unknown;control;2024-01-08 22:00:00+00:00;0.431;;
966771;unknown;control;2024-01-08 22:15:00+00:00;0.654;;
966771;unknown;control;2024-01-08 22:30:00+00:00;0.681;;
966771;unknown;control;2024-01-08 22:45:00+00:00;0.446;;
966771;unknown;control;2024-01-08 23:00:00+00:00;0.449;;
966771;unknown;control;2024-01-08 23:15:00+00:00;0.54;;
966771;unknown;control;2024-01-08 23:30:00+00:00;1.168;;
966771;unknown;control;2024-01-08 23:45:00+00:00;1.211;;
966771;unknown;control;2024-01-09 00:00:00+00:00;1.218;;
966771;unknown;control;2024-01-09 00:15:00+00:00;1.229;;
966771;unknown;control;2024-01-09 00:30:00+00:00;1.094;;
966771;unknown;control;2024-01-09 00:45:00+00:00;0.424;;
966771;unknown;control;2024-01-09 01:00:00+00:00;0.94;;
966771;unknown;control;2024-01-09 01:15:00+00:00;1.206;;
966771;unknown;control;2024-01-09 01:30:00+00:00;2.391;;
966771;unknown;control;2024-01-09 01:45:00+00:00;2.441;;
966771;unknown;control;2024-01-09 02:00:00+00:00;2.474;;
966771;unknown;control;2024-01-09 02:15:00+00:00;2.496;;
966771;unknown;control;2024-01-09 02:30:00+00:00;2.196;;
966771;unknown;control;2024-01-09 02:45:00+00:00;1.271;;
966771;unknown;control;2024-01-09 03:00:00+00:00;1.05;;
966771;unknown;control;2024-01-09 03:15:00+00:00;1.271;;
966771;unknown;control;2024-01-09 03:30:00+00:00;1.283;;
966771;unknown;control;2024-01-09 03:45:00+00:00;1.262;;
966771;unknown;control;2024-01-09 04:00:00+00:00;1.265;;
966771;unknown;control;2024-01-09 04:15:00+00:00;0.474;;
966771;unknown;control;2024-01-09 04:30:00+00:00;0.466;;
966771;unknown;control;2024-01-09 04:45:00+00:00;0.498;;
966771;unknown;control;2024-01-09 05:00:00+00:00;0.513;;
966771;unknown;control;2024-01-09 05:15:00+00:00;0.976;;
966771;unknown;control;2024-01-09 05:30:00+00:00;1.694;;
966771;unknown;control;2024-01-09 05:45:00+00:00;0.49;;
966771;unknown;control;2024-01-09 06:00:00+00:00;0.543;;
966771;unknown;control;2024-01-09 06:15:00+00:00;1.119;;
966771;unknown;control;2024-01-09 06:30:00+00:00;1.25;;
966771;unknown;control;2024-01-09 06:45:00+00:00;1.272;;
966771;unknown;control;2024-01-09 07:00:00+00:00;1.288;;
966771;unknown;control;2024-01-09 07:15:00+00:00;1.283;;
966771;unknown;control;2024-01-09 07:30:00+00:00;1.262;;
966771;unknown;control;2024-01-09 07:45:00+00:00;1.273;;
966771;unknown;control;2024-01-09 08:00:00+00:00;1.106;;
966771;unknown;control;2024-01-09 08:15:00+00:00;0.419;;
966771;unknown;control;2024-01-09 08:30:00+00:00;0.802;;
966771;unknown;control;2024-01-09 08:45:00+00:00;0.942;;
966771;unknown;control;2024-01-09 09:00:00+00:00;1.205;;
966771;unknown;control;2024-01-09 09:15:00+00:00;1.267;;
966771;unknown;control;2024-01-09 09:30:00+00:00;1.227;;
966771;unknown;control;2024-01-09 09:45:00+00:00;1.223;;
966771;unknown;control;2024-01-09 10:00:00+00:00;1.27;;
966771;unknown;control;2024-01-09 10:15:00+00:00;0.717;;
966771;unknown;control;2024-01-09 10:30:00+00:00;0.469;;
966771;unknown;control;2024-01-09 10:45:00+00:00;0.66;;
966771;unknown;control;2024-01-09 11:00:00+00:00;0.514;;
966771;unknown;control;2024-01-09 11:15:00+00:00;1.06;;
966771;unknown;control;2024-01-09 11:30:00+00:00;1.236;;
966771;unknown;control;2024-01-09 11:45:00+00:00;1.208;;
966771;unknown;control;2024-01-09 12:00:00+00:00;1.245;;
966771;unknown;control;2024-01-09 12:15:00+00:00;1.405;;
966771;unknown;control;2024-01-09 12:30:00+00:00;1.249;;
966771;unknown;control;2024-01-09 12:45:00+00:00;1.263;;
966771;unknown;control;2024-01-09 13:00:00+00:00;1.308;;
966771;unknown;control;2024-01-09 13:15:00+00:00;1.046;;
966771;unknown;control;2024-01-09 13:30:00+00:00;1.189;;
966771;unknown;control;2024-01-09 13:45:00+00:00;1.263;;
966771;unknown;control;2024-01-09 14:00:00+00:00;1.448;;
966771;unknown;control;2024-01-09 14:15:00+00:00;1.38;;
966771;unknown;control;2024-01-09 14:30:00+00:00;1.286;;
966771;unknown;control;2024-01-09 14:45:00+00:00;1.303;;
966771;unknown;control;2024-01-09 15:00:00+00:00;0.531;;
966771;unknown;control;2024-01-09 15:15:00+00:00;0.492;;
966771;unknown;control;2024-01-09 15:30:00+00:00;0.495;;
966771;unknown;control;2024-01-09 15:45:00+00:00;0.525;;
966771;unknown;control;2024-01-09 16:00:00+00:00;0.51;;
966771;unknown;control;2024-01-09 16:15:00+00:00;0.532;;
966771;unknown;control;2024-01-09 16:30:00+00:00;0.53;;
966771;unknown;control;2024-01-09 16:45:00+00:00;0.652;;
966771;unknown;control;2024-01-09 17:00:00+00:00;1.128;;
966771;unknown;control;2024-01-09 17:15:00+00:00;1.306;;
966771;unknown;control;2024-01-09 17:30:00+00:00;1.351;;
966771;unknown;control;2024-01-09 17:45:00+00:00;1.3;;
966771;unknown;control;2024-01-09 18:00:00+00:00;1.308;;
966771;unknown;control;2024-01-09 18:15:00+00:00;1.345;;
966771;unknown;control;2024-01-09 18:30:00+00:00;1.399;;
966771;unknown;control;2024-01-09 18:45:00+00:00;1.32;;
966771;unknown;control;2024-01-09 19:00:00+00:00;1.307;;
966771;unknown;control;2024-01-09 19:15:00+00:00;1.025;;
966771;unknown;control;2024-01-09 19:30:00+00:00;1.273;;
966771;unknown;control;2024-01-09 19:45:00+00:00;1.321;;
966771;unknown;control;2024-01-09 20:00:00+00:00;1.322;;
966771;unknown;control;2024-01-09 20:15:00+00:00;1.325;;
966771;unknown;control;2024-01-09 20:30:00+00:00;1.286;;
966771;unknown;control;2024-01-09 20:45:00+00:00;1.266;;
966771;unknown;control;2024-01-09 21:00:00+00:00;1.247;;
966771;unknown;control;2024-01-09 21:15:00+00:00;1.234;;
966771;unknown;control;2024-01-09 21:30:00+00:00;0.468;;
966771;unknown;control;2024-01-09 21:45:00+00:00;0.472;;
966771;unknown;control;2024-01-09 22:00:00+00:00;0.492;;
966771;unknown;control;2024-01-09 22:15:00+00:00;0.495;;
966771;unknown;control;2024-01-09 22:30:00+00:00;0.467;;
966771;unknown;control;2024-01-09 22:45:00+00:00;0.499;;
966771;unknown;control;2024-01-09 23:00:00+00:00;0.544;;
966771;unknown;control;2024-01-09 23:15:00+00:00;1.099;;
966771;unknown;control;2024-01-09 23:30:00+00:00;1.254;;
966771;unknown;control;2024-01-09 23:45:00+00:00;1.253;;
966771;unknown;control;2024-01-10 00:00:00+00:00;1.271;;
966771;unknown;control;2024-01-10 00:15:00+00:00;1.286;;
966771;unknown;control;2024-01-10 00:30:00+00:00;1.258;;
966771;unknown;control;2024-01-10 00:45:00+00:00;1.249;;
966771;unknown;control;2024-01-10 01:00:00+00:00;1.272;;
966771;unknown;control;2024-01-10 01:15:00+00:00;1.273;;
966771;unknown;control;2024-01-10 01:30:00+00:00;2.394;;
966771;unknown;control;2024-01-10 01:45:00+00:00;1.981;;
966771;unknown;control;2024-01-10 02:00:00+00:00;2.334;;
966771;unknown;control;2024-01-10 02:15:00+00:00;1.786;;
966771;unknown;control;2024-01-10 02:30:00+00:00;1.277;;
966771;unknown;control;2024-01-10 02:45:00+00:00;1.244;;
966771;unknown;control;2024-01-10 03:00:00+00:00;1.219;;
966771;unknown;control;2024-01-10 03:15:00+00:00;1.24;;
966771;unknown;control;2024-01-10 03:30:00+00:00;1.248;;
966771;unknown;control;2024-01-10 03:45:00+00:00;1.231;;
966771;unknown;control;2024-01-10 04:00:00+00:00;1.265;;
966771;unknown;control;2024-01-10 04:15:00+00:00;0.497;;
966771;unknown;control;2024-01-10 04:30:00+00:00;0.446;;
966771;unknown;control;2024-01-10 04:45:00+00:00;0.452;;
966771;unknown;control;2024-01-10 05:00:00+00:00;0.433;;
966771;unknown;control;2024-01-10 05:15:00+00:00;0.428;;
966771;unknown;control;2024-01-10 05:30:00+00:00;0.468;;
966771;unknown;control;2024-01-10 05:45:00+00:00;0.499;;
966771;unknown;control;2024-01-10 06:00:00+00:00;0.78;;
966771;unknown;control;2024-01-10 06:15:00+00:00;1.196;;
966771;unknown;control;2024-01-10 06:30:00+00:00;1.225;;
966771;unknown;control;2024-01-10 06:45:00+00:00;1.234;;
966771;unknown;control;2024-01-10 07:00:00+00:00;1.22;;
966771;unknown;control;2024-01-10 07:15:00+00:00;1.219;;
966771;unknown;control;2024-01-10 07:30:00+00:00;1.158;;
966771;unknown;control;2024-01-10 07:45:00+00:00;1.171;;
966771;unknown;control;2024-01-10 08:00:00+00:00;1.14;;
966771;unknown;control;2024-01-10 08:15:00+00:00;1.098;;
966771;unknown;control;2024-01-10 08:30:00+00:00;0.715;;
966771;unknown;control;2024-01-10 08:45:00+00:00;1.097;;
966771;unknown;control;2024-01-10 09:00:00+00:00;1.327;;
966771;unknown;control;2024-01-10 09:15:00+00:00;0.449;;
966771;unknown;control;2024-01-10 09:30:00+00:00;0.326;;
966771;unknown;control;2024-01-10 09:45:00+00:00;0.266;;
966771;unknown;control;2024-01-10 10:00:00+00:00;1.003;;
966771;unknown;control;2024-01-10 10:15:00+00:00;0.804;;
966771;unknown;control;2024-01-10 10:30:00+00:00;1.321;;
966771;unknown;control;2024-01-10 10:45:00+00:00;1.284;;
966771;unknown;control;2024-01-10 11:00:00+00:00;0.545;;
966771;unknown;control;2024-01-10 11:15:00+00:00;0.272;;
966771;unknown;control;2024-01-10 11:30:00+00:00;0.397;;
966771;unknown;control;2024-01-10 11:45:00+00:00;0.786;;
966771;unknown;control;2024-01-10 12:00:00+00:00;1.09;;
966771;unknown;control;2024-01-10 12:15:00+00:00;1.129;;
966771;unknown;control;2024-01-10 12:30:00+00:00;1.091;;
966771;unknown;control;2024-01-10 12:45:00+00:00;1.126;;
966771;unknown;control;2024-01-10 13:00:00+00:00;1.139;;
966771;unknown;control;2024-01-10 13:15:00+00:00;1.107;;
966771;unknown;control;2024-01-10 13:30:00+00:00;0.833;;
966771;unknown;control;2024-01-10 13:45:00+00:00;1.036;;
966771;unknown;control;2024-01-10 14:00:00+00:00;1.137;;
966771;unknown;control;2024-01-10 14:15:00+00:00;1.158;;
966771;unknown;control;2024-01-10 14:30:00+00:00;1.174;;
966771;unknown;control;2024-01-10 14:45:00+00:00;1.381;;
966771;unknown;control;2024-01-10 15:00:00+00:00;0.39;;
966771;unknown;control;2024-01-10 15:15:00+00:00;0.387;;
966771;unknown;control;2024-01-10 15:30:00+00:00;0.396;;
966771;unknown;control;2024-01-10 15:45:00+00:00;0.407;;
966771;unknown;control;2024-01-10 16:00:00+00:00;0.483;;
966771;unknown;control;2024-01-10 16:15:00+00:00;0.44;;
966771;unknown;control;2024-01-10 16:30:00+00:00;0.476;;
966771;unknown;control;2024-01-10 16:45:00+00:00;0.462;;
966771;unknown;control;2024-01-10 17:00:00+00:00;0.563;;
966771;unknown;control;2024-01-10 17:15:00+00:00;1.042;;
966771;unknown;control;2024-01-10 17:30:00+00:00;1.216;;
966771;unknown;control;2024-01-10 17:45:00+00:00;1.204;;
966771;unknown;control;2024-01-10 18:00:00+00:00;0.887;;
966771;unknown;control;2024-01-10 18:15:00+00:00;0.425;;
966771;unknown;control;2024-01-10 18:30:00+00:00;1.401;;
966771;unknown;control;2024-01-10 18:45:00+00:00;0.929;;
966771;unknown;control;2024-01-10 19:00:00+00:00;1.276;;
966771;unknown;control;2024-01-10 19:15:00+00:00;1.286;;
966771;unknown;control;2024-01-10 19:30:00+00:00;1.274;;
966771;unknown;control;2024-01-10 19:45:00+00:00;1.289;;
966771;unknown;control;2024-01-10 20:00:00+00:00;1.25;;
966771;unknown;control;2024-01-10 20:15:00+00:00;1.279;;
966771;unknown;control;2024-01-10 20:30:00+00:00;0.862;;
966771;unknown;control;2024-01-10 20:45:00+00:00;1.256;;
966771;unknown;control;2024-01-10 21:00:00+00:00;1.274;;
966771;unknown;control;2024-01-10 21:15:00+00:00;1.284;;
966771;unknown;control;2024-01-10 21:30:00+00:00;0.487;;
966771;unknown;control;2024-01-10 21:45:00+00:00;0.48;;
966771;unknown;control;2024-01-10 22:00:00+00:00;0.438;;
966771;unknown;control;2024-01-10 22:15:00+00:00;0.421;;
966771;unknown;control;2024-01-10 22:30:00+00:00;0.406;;
966771;unknown;control;2024-01-10 22:45:00+00:00;0.404;;
966771;unknown;control;2024-01-10 23:00:00+00:00;0.391;;
966771;unknown;control;2024-01-10 23:15:00+00:00;0.552;;
966771;unknown;control;2024-01-10 23:30:00+00:00;1.142;;
966771;unknown;control;2024-01-10 23:45:00+00:00;1.18;;
966771;unknown;control;2024-01-11 00:00:00+00:00;1.213;;
966771;unknown;control;2024-01-11 00:15:00+00:00;1.173;;
966771;unknown;control;2024-01-11 00:30:00+00:00;1.182;;
966771;unknown;control;2024-01-11 00:45:00+00:00;0.533;;
966771;unknown;control;2024-01-11 01:00:00+00:00;0.598;;
966771;unknown;control;2024-01-11 01:15:00+00:00;1.172;;
966771;unknown;control;2024-01-11 01:30:00+00:00;2.354;;
966771;unknown;control;2024-01-11 01:45:00+00:00;2.387;;
966771;unknown;control;2024-01-11 02:00:00+00:00;2.362;;
966771;unknown;control;2024-01-11 02:15:00+00:00;2.392;;
966771;unknown;control;2024-01-11 02:30:00+00:00;2.373;;
966771;unknown;control;2024-01-11 02:45:00+00:00;2.025;;
966771;unknown;control;2024-01-11 03:00:00+00:00;0.804;;
966771;unknown;control;2024-01-11 03:15:00+00:00;1.209;;
966771;unknown;control;2024-01-11 03:30:00+00:00;1.2;;
966771;unknown;control;2024-01-11 03:45:00+00:00;1.196;;
966771;unknown;control;2024-01-11 04:00:00+00:00;1.202;;
966771;unknown;control;2024-01-11 04:15:00+00:00;0.407;;
966771;unknown;control;2024-01-11 04:30:00+00:00;0.42;;
966771;unknown;control;2024-01-11 04:45:00+00:00;0.418;;
966771;unknown;control;2024-01-11 05:00:00+00:00;0.39;;
966771;unknown;control;2024-01-11 05:15:00+00:00;0.414;;
966771;unknown;control;2024-01-11 05:30:00+00:00;0.377;;
966771;unknown;control;2024-01-11 05:45:00+00:00;0.42;;
966771;unknown;control;2024-01-11 06:00:00+00:00;0.584;;
966771;unknown;control;2024-01-11 06:15:00+00:00;1.048;;
966771;unknown;control;2024-01-11 06:30:00+00:00;1.234;;
966771;unknown;control;2024-01-11 06:45:00+00:00;1.247;;
966771;unknown;control;2024-01-11 07:00:00+00:00;1.226;;
966771;unknown;control;2024-01-11 07:15:00+00:00;1.251;;
966771;unknown;control;2024-01-11 07:30:00+00:00;1.83;;
966771;unknown;control;2024-01-11 07:45:00+00:00;1.623;;
966771;unknown;control;2024-01-11 08:00:00+00:00;1.221;;
966771;unknown;control;2024-01-11 08:15:00+00:00;1.054;;
966771;unknown;control;2024-01-11 08:30:00+00:00;1.576;;
966771;unknown;control;2024-01-11 08:45:00+00:00;1.863;;
966771;unknown;control;2024-01-11 09:00:00+00:00;1.568;;
966771;unknown;control;2024-01-11 09:15:00+00:00;1.13;;
966771;unknown;control;2024-01-11 09:30:00+00:00;0.432;;
966771;unknown;control;2024-01-11 09:45:00+00:00;0.48;;
966771;unknown;control;2024-01-11 10:00:00+00:00;0.538;;
966771;unknown;control;2024-01-11 10:15:00+00:00;0.552;;
966771;unknown;control;2024-01-11 10:30:00+00:00;1.196;;
966771;unknown;control;2024-01-11 10:45:00+00:00;1.206;;
966771;unknown;control;2024-01-11 11:00:00+00:00;1.179;;
966771;unknown;control;2024-01-11 11:15:00+00:00;1.352;;
966771;unknown;control;2024-01-11 11:30:00+00:00;1.58;;
966771;unknown;control;2024-01-11 11:45:00+00:00;1.179;;
966771;unknown;control;2024-01-11 12:00:00+00:00;1.449;;
966771;unknown;control;2024-01-11 12:15:00+00:00;1.15;;
966771;unknown;control;2024-01-11 12:30:00+00:00;0.762;;
966771;unknown;control;2024-01-11 12:45:00+00:00;1.197;;
966771;unknown;control;2024-01-11 13:00:00+00:00;1.206;;
966771;unknown;control;2024-01-11 13:15:00+00:00;1.231;;
966771;unknown;control;2024-01-11 13:30:00+00:00;1.235;;
966771;unknown;control;2024-01-11 13:45:00+00:00;1.234;;
966771;unknown;control;2024-01-11 14:00:00+00:00;1.238;;
966771;unknown;control;2024-01-11 14:15:00+00:00;1.18;;
966771;unknown;control;2024-01-11 14:30:00+00:00;1.2;;
966771;unknown;control;2024-01-11 14:45:00+00:00;0.764;;
966771;unknown;control;2024-01-11 15:00:00+00:00;0.397;;
966771;unknown;control;2024-01-11 15:15:00+00:00;0.396;;
966771;unknown;control;2024-01-11 15:30:00+00:00;0.405;;
966771;unknown;control;2024-01-11 15:45:00+00:00;0.411;;
966771;unknown;control;2024-01-11 16:00:00+00:00;0.462;;
966771;unknown;control;2024-01-11 16:15:00+00:00;0.469;;
966771;unknown;control;2024-01-11 16:30:00+00:00;0.459;;
966771;unknown;control;2024-01-11 16:45:00+00:00;0.508;;
966771;unknown;control;2024-01-11 17:00:00+00:00;1.099;;
966771;unknown;control;2024-01-11 17:15:00+00:00;1.276;;
966771;unknown;control;2024-01-11 17:30:00+00:00;1.234;;
966771;unknown;control;2024-01-11 17:45:00+00:00;1.269;;
966771;unknown;control;2024-01-11 18:00:00+00:00;1.173;;
966771;unknown;control;2024-01-11 18:15:00+00:00;0.425;;
966771;unknown;control;2024-01-11 18:30:00+00:00;1.015;;
966771;unknown;control;2024-01-11 18:45:00+00:00;0.904;;
966771;unknown;control;2024-01-11 19:00:00+00:00;1.182;;
966771;unknown;control;2024-01-11 19:15:00+00:00;1.28;;
966771;unknown;control;2024-01-11 19:30:00+00:00;1.378;;
966771;unknown;control;2024-01-11 19:45:00+00:00;1.261;;
966771;unknown;control;2024-01-11 20:00:00+00:00;1.274;;
966771;unknown;control;2024-01-11 20:15:00+00:00;1.3;;
966771;unknown;control;2024-01-11 20:30:00+00:00;1.313;;
966771;unknown;control;2024-01-11 20:45:00+00:00;1.089;;
966771;unknown;control;2024-01-11 21:00:00+00:00;1.144;;
966771;unknown;control;2024-01-11 21:15:00+00:00;1.297;;
966771;unknown;control;2024-01-11 21:30:00+00:00;0.451;;
966771;unknown;control;2024-01-11 21:45:00+00:00;0.442;;
966771;unknown;control;2024-01-11 22:00:00+00:00;0.435;;
966771;unknown;control;2024-01-11 22:15:00+00:00;0.435;;
966771;unknown;control;2024-01-11 22:30:00+00:00;0.44;;
966771;unknown;control;2024-01-11 22:45:00+00:00;0.438;;
966771;unknown;control;2024-01-11 23:00:00+00:00;0.423;;
966771;unknown;control;2024-01-11 23:15:00+00:00;0.68;;
966771;unknown;control;2024-01-11 23:30:00+00:00;1.193;;
966771;unknown;control;2024-01-11 23:45:00+00:00;1.225;;
966771;unknown;control;2024-01-12 00:00:00+00:00;1.205;;
966771;unknown;control;2024-01-12 00:15:00+00:00;1.226;;
966771;unknown;control;2024-01-12 00:30:00+00:00;1.244;;
966771;unknown;control;2024-01-12 00:45:00+00:00;1.239;;
966771;unknown;control;2024-01-12 01:00:00+00:00;1.233;;
966771;unknown;control;2024-01-12 01:15:00+00:00;1.231;;
966771;unknown;control;2024-01-12 01:30:00+00:00;2.101;;
966771;unknown;control;2024-01-12 01:45:00+00:00;2.221;;
966771;unknown;control;2024-01-12 02:00:00+00:00;2.445;;
966771;unknown;control;2024-01-12 02:15:00+00:00;2.442;;
966771;unknown;control;2024-01-12 02:30:00+00:00;2.418;;
966771;unknown;control;2024-01-12 02:45:00+00:00;1.908;;
966771;unknown;control;2024-01-12 03:00:00+00:00;1.264;;
966771;unknown;control;2024-01-12 03:15:00+00:00;1.235;;
966771;unknown;control;2024-01-12 03:30:00+00:00;1.236;;
966771;unknown;control;2024-01-12 03:45:00+00:00;1.235;;
966771;unknown;control;2024-01-12 04:00:00+00:00;0.901;;
966771;unknown;control;2024-01-12 04:15:00+00:00;0.448;;
966771;unknown;control;2024-01-12 04:30:00+00:00;0.423;;
966771;unknown;control;2024-01-12 04:45:00+00:00;0.459;;
966771;unknown;control;2024-01-12 05:00:00+00:00;0.444;;
966771;unknown;control;2024-01-12 05:15:00+00:00;0.43;;
966771;unknown;control;2024-01-12 05:30:00+00:00;0.439;;
966771;unknown;control;2024-01-12 05:45:00+00:00;0.619;;
966771;unknown;control;2024-01-12 06:00:00+00:00;1.297;;
966771;unknown;control;2024-01-12 06:15:00+00:00;1.248;;
966771;unknown;control;2024-01-12 06:30:00+00:00;1.239;;
966771;unknown;control;2024-01-12 06:45:00+00:00;1.248;;
966771;unknown;control;2024-01-12 07:00:00+00:00;1.255;;
966771;unknown;control;2024-01-12 07:15:00+00:00;1.245;;
966771;unknown;control;2024-01-12 07:30:00+00:00;1.23;;
966771;unknown;control;2024-01-12 07:45:00+00:00;1.172;;
966771;unknown;control;2024-01-12 08:00:00+00:00;1.189;;
966771;unknown;control;2024-01-12 08:15:00+00:00;0.435;;
966771;unknown;control;2024-01-12 08:30:00+00:00;0.4;;
966771;unknown;control;2024-01-12 08:45:00+00:00;0.525;;
966771;unknown;control;2024-01-12 09:00:00+00:00;1.028;;
966771;unknown;control;2024-01-12 09:15:00+00:00;1.152;;
966771;unknown;control;2024-01-12 09:30:00+00:00;1.174;;
966771;unknown;control;2024-01-12 09:45:00+00:00;1.102;;
966771;unknown;control;2024-01-12 10:00:00+00:00;0.518;;
966771;unknown;control;2024-01-12 10:15:00+00:00;0.638;;
966771;unknown;control;2024-01-12 10:30:00+00:00;0.492;;
966771;unknown;control;2024-01-12 10:45:00+00:00;0.472;;
966771;unknown;control;2024-01-12 11:00:00+00:00;0.79;;
966771;unknown;control;2024-01-12 11:15:00+00:00;1.084;;
966771;unknown;control;2024-01-12 11:30:00+00:00;1.113;;
966771;unknown;control;2024-01-12 11:45:00+00:00;1.071;;
966771;unknown;control;2024-01-12 12:00:00+00:00;1.071;;
966771;unknown;control;2024-01-12 12:15:00+00:00;1.101;;
966771;unknown;control;2024-01-12 12:30:00+00:00;1.068;;
966771;unknown;control;2024-01-12 12:45:00+00:00;0.874;;
966771;unknown;control;2024-01-12 13:00:00+00:00;0.98;;
966771;unknown;control;2024-01-12 13:15:00+00:00;1.127;;
966771;unknown;control;2024-01-12 13:30:00+00:00;1.136;;
966771;unknown;control;2024-01-12 13:45:00+00:00;1.199;;
966771;unknown;control;2024-01-12 14:00:00+00:00;0.716;;
966771;unknown;control;2024-01-12 14:15:00+00:00;0.386;;
966771;unknown;control;2024-01-12 14:30:00+00:00;0.701;;
966771;unknown;control;2024-01-12 14:45:00+00:00;1.001;;
966771;unknown;control;2024-01-12 15:00:00+00:00;0.406;;
966771;unknown;control;2024-01-12 15:15:00+00:00;0.401;;
966771;unknown;control;2024-01-12 15:30:00+00:00;0.378;;
966771;unknown;control;2024-01-12 15:45:00+00:00;0.426;;
966771;unknown;control;2024-01-12 16:00:00+00:00;0.457;;
966771;unknown;control;2024-01-12 16:15:00+00:00;0.459;;
966771;unknown;control;2024-01-12 16:30:00+00:00;0.468;;
966771;unknown;control;2024-01-12 16:45:00+00:00;0.504;;
966771;unknown;control;2024-01-12 17:00:00+00:00;1.142;;
966771;unknown;control;2024-01-12 17:15:00+00:00;1.413;;
966771;unknown;control;2024-01-12 17:30:00+00:00;1.252;;
966771;unknown;control;2024-01-12 17:45:00+00:00;1.192;;
966771;unknown;control;2024-01-12 18:00:00+00:00;1.245;;
966771;unknown;control;2024-01-12 18:15:00+00:00;0.929;;
966771;unknown;control;2024-01-12 18:30:00+00:00;0.695;;
966771;unknown;control;2024-01-12 18:45:00+00:00;0.993;;
966771;unknown;control;2024-01-12 19:00:00+00:00;1.064;;
966771;unknown;control;2024-01-12 19:15:00+00:00;1.269;;
966771;unknown;control;2024-01-12 19:30:00+00:00;1.28;;
966771;unknown;control;2024-01-12 19:45:00+00:00;1.284;;
966771;unknown;control;2024-01-12 20:00:00+00:00;1.248;;
966771;unknown;control;2024-01-12 20:15:00+00:00;1.246;;
966771;unknown;control;2024-01-12 20:30:00+00:00;1.268;;
966771;unknown;control;2024-01-12 20:45:00+00:00;1.243;;
966771;unknown;control;2024-01-12 21:00:00+00:00;0.986;;
966771;unknown;control;2024-01-12 21:15:00+00:00;1.06;;
966771;unknown;control;2024-01-12 21:30:00+00:00;0.479;;
966771;unknown;control;2024-01-12 21:45:00+00:00;0.461;;
966771;unknown;control;2024-01-12 22:00:00+00:00;0.452;;
966771;unknown;control;2024-01-12 22:15:00+00:00;0.404;;
966771;unknown;control;2024-01-12 22:30:00+00:00;0.421;;
966771;unknown;control;2024-01-12 22:45:00+00:00;0.38;;
966771;unknown;control;2024-01-12 23:00:00+00:00;0.375;;
966771;unknown;control;2024-01-12 23:15:00+00:00;0.675;;
966771;unknown;control;2024-01-12 23:30:00+00:00;1.138;;
966771;unknown;control;2024-01-12 23:45:00+00:00;1.172;;
966771;unknown;control;2024-01-13 00:00:00+00:00;1.189;;
966771;unknown;control;2024-01-13 00:15:00+00:00;1.172;;
966771;unknown;control;2024-01-13 00:30:00+00:00;1.17;;
966771;unknown;control;2024-01-13 00:45:00+00:00;0.561;;
966771;unknown;control;2024-01-13 01:00:00+00:00;1.005;;
966771;unknown;control;2024-01-13 01:15:00+00:00;1.077;;
966771;unknown;control;2024-01-13 01:30:00+00:00;2.029;;
966771;unknown;control;2024-01-13 01:45:00+00:00;2.366;;
966771;unknown;control;2024-01-13 02:00:00+00:00;2.393;;
966771;unknown;control;2024-01-13 02:15:00+00:00;2.379;;
966771;unknown;control;2024-01-13 02:30:00+00:00;2.37;;
966771;unknown;control;2024-01-13 02:45:00+00:00;1.507;;
966771;unknown;control;2024-01-13 03:00:00+00:00;1.216;;
966771;unknown;control;2024-01-13 03:15:00+00:00;1.205;;
966771;unknown;control;2024-01-13 03:30:00+00:00;1.213;;
966771;unknown;control;2024-01-13 03:45:00+00:00;0.903;;
966771;unknown;control;2024-01-13 04:00:00+00:00;0.946;;
966771;unknown;control;2024-01-13 04:15:00+00:00;0.426;;
966771;unknown;control;2024-01-13 04:30:00+00:00;0.407;;
966771;unknown;control;2024-01-13 04:45:00+00:00;0.395;;
966771;unknown;control;2024-01-13 05:00:00+00:00;0.411;;
966771;unknown;control;2024-01-13 05:15:00+00:00;0.407;;
966771;unknown;control;2024-01-13 05:30:00+00:00;0.409;;
966771;unknown;control;2024-01-13 05:45:00+00:00;0.396;;
966771;unknown;control;2024-01-13 06:00:00+00:00;0.521;;
966771;unknown;control;2024-01-13 06:15:00+00:00;1.146;;
966771;unknown;control;2024-01-13 06:30:00+00:00;1.178;;
966771;unknown;control;2024-01-13 06:45:00+00:00;1.178;;
966771;unknown;control;2024-01-13 07:00:00+00:00;1.261;;
966771;unknown;control;2024-01-13 07:15:00+00:00;1.228;;
966771;unknown;control;2024-01-13 07:30:00+00:00;1.203;;
966771;unknown;control;2024-01-13 07:45:00+00:00;1.178;;
966771;unknown;control;2024-01-13 08:00:00+00:00;1.176;;
966771;unknown;control;2024-01-13 08:15:00+00:00;0.689;;
966771;unknown;control;2024-01-13 08:30:00+00:00;0.518;;
966771;unknown;control;2024-01-13 08:45:00+00:00;0.569;;
966771;unknown;control;2024-01-13 09:00:00+00:00;0.454;;
966771;unknown;control;2024-01-13 09:15:00+00:00;0.775;;
966771;unknown;control;2024-01-13 09:30:00+00:00;1.142;;
966771;unknown;control;2024-01-13 09:45:00+00:00;1.505;;
966771;unknown;control;2024-01-13 10:00:00+00:00;1.284;;
966771;unknown;control;2024-01-13 10:15:00+00:00;1.03;;
966771;unknown;control;2024-01-13 10:30:00+00:00;0.433;;
966771;unknown;control;2024-01-13 10:45:00+00:00;0.31;;
966771;unknown;control;2024-01-13 11:00:00+00:00;0.317;;
966771;unknown;control;2024-01-13 11:15:00+00:00;0.54;;
966771;unknown;control;2024-01-13 11:30:00+00:00;1.066;;
966771;unknown;control;2024-01-13 11:45:00+00:00;1.127;;
966771;unknown;control;2024-01-13 12:00:00+00:00;1.212;;
966771;unknown;control;2024-01-13 12:15:00+00:00;1.116;;
966771;unknown;control;2024-01-13 12:30:00+00:00;1.086;;
966771;unknown;control;2024-01-13 12:45:00+00:00;0.395;;
966771;unknown;control;2024-01-13 13:00:00+00:00;0.315;;
966771;unknown;control;2024-01-13 13:15:00+00:00;0.658;;
966771;unknown;control;2024-01-13 13:30:00+00:00;1.078;;
966771;unknown;control;2024-01-13 13:45:00+00:00;1.121;;
966771;unknown;control;2024-01-13 14:00:00+00:00;0.779;;
966771;unknown;control;2024-01-13 14:15:00+00:00;0.369;;
966771;unknown;control;2024-01-13 14:30:00+00:00;0.763;;
966771;unknown;control;2024-01-13 14:45:00+00:00;0.919;;
966771;unknown;control;2024-01-13 15:00:00+00:00;0.518;;
966771;unknown;control;2024-01-13 15:15:00+00:00;0.375;;
966771;unknown;control;2024-01-13 15:30:00+00:00;0.802;;
966771;unknown;control;2024-01-13 15:45:00+00:00;0.488;;
966771;unknown;control;2024-01-13 16:00:00+00:00;0.539;;
966771;unknown;control;2024-01-13 16:15:00+00:00;0.544;;
966771;unknown;control;2024-01-13 16:30:00+00:00;0.581;;
966771;unknown;control;2024-01-13 16:45:00+00:00;1.236;;
966771;unknown;control;2024-01-13 17:00:00+00:00;1.082;;
966771;unknown;control;2024-01-13 17:15:00+00:00;1.247;;
966771;unknown;control;2024-01-13 17:30:00+00:00;1.292;;
966771;unknown;control;2024-01-13 17:45:00+00:00;1.328;;
966771;unknown;control;2024-01-13 18:00:00+00:00;1.277;;
966771;unknown;control;2024-01-13 18:15:00+00:00;1.301;;
966771;unknown;control;2024-01-13 18:30:00+00:00;1.255;;
966771;unknown;control;2024-01-13 18:45:00+00:00;1.293;;
966771;unknown;control;2024-01-13 19:00:00+00:00;1.277;;
966771;unknown;control;2024-01-13 19:15:00+00:00;0.947;;
966771;unknown;control;2024-01-13 19:30:00+00:00;1.226;;
966771;unknown;control;2024-01-13 19:45:00+00:00;1.469;;
966771;unknown;control;2024-01-13 20:00:00+00:00;1.328;;
966771;unknown;control;2024-01-13 20:15:00+00:00;1.306;;
966771;unknown;control;2024-01-13 20:30:00+00:00;1.345;;
966771;unknown;control;2024-01-13 20:45:00+00:00;1.319;;
966771;unknown;control;2024-01-13 21:00:00+00:00;1.321;;
966771;unknown;control;2024-01-13 21:15:00+00:00;1.354;;
966771;unknown;control;2024-01-13 21:30:00+00:00;0.485;;
966771;unknown;control;2024-01-13 21:45:00+00:00;0.506;;
966771;unknown;control;2024-01-13 22:00:00+00:00;0.527;;
966771;unknown;control;2024-01-13 22:15:00+00:00;0.496;;
966771;unknown;control;2024-01-13 22:30:00+00:00;0.477;;
966771;unknown;control;2024-01-13 22:45:00+00:00;0.469;;
966771;unknown;control;2024-01-13 23:00:00+00:00;0.557;;
966771;unknown;control;2024-01-13 23:15:00+00:00;0.981;;
966771;unknown;control;2024-01-13 23:30:00+00:00;1.213;;
966771;unknown;control;2024-01-13 23:45:00+00:00;1.248;;
966771;unknown;control;2024-01-14 00:00:00+00:00;1.237;;
966771;unknown;control;2024-01-14 00:15:00+00:00;1.193;;
966771;unknown;control;2024-01-14 00:30:00+00:00;1.186;;
966771;unknown;control;2024-01-14 00:45:00+00:00;1.2;;
966771;unknown;control;2024-01-14 01:00:00+00:00;1.164;;
966771;unknown;control;2024-01-14 01:15:00+00:00;1.172;;
966771;unknown;control;2024-01-14 01:30:00+00:00;2.338;;
966771;unknown;control;2024-01-14 01:45:00+00:00;1.875;;
966771;unknown;control;2024-01-14 02:00:00+00:00;2.37;;
966771;unknown;control;2024-01-14 02:15:00+00:00;2.357;;
966771;unknown;control;2024-01-14 02:30:00+00:00;2.378;;
966771;unknown;control;2024-01-14 02:45:00+00:00;2.335;;
966771;unknown;control;2024-01-14 03:00:00+00:00;2.346;;
966771;unknown;control;2024-01-14 03:15:00+00:00;1.22;;
966771;unknown;control;2024-01-14 03:30:00+00:00;1.19;;
966771;unknown;control;2024-01-14 03:45:00+00:00;1.199;;
966771;unknown;control;2024-01-14 04:00:00+00:00;0.99;;
966771;unknown;control;2024-01-14 04:15:00+00:00;0.418;;
966771;unknown;control;2024-01-14 04:30:00+00:00;0.402;;
966771;unknown;control;2024-01-14 04:45:00+00:00;0.395;;
966771;unknown;control;2024-01-14 05:00:00+00:00;0.417;;
966771;unknown;control;2024-01-14 05:15:00+00:00;0.418;;
966771;unknown;control;2024-01-14 05:30:00+00:00;0.414;;
966771;unknown;control;2024-01-14 05:45:00+00:00;0.422;;
966771;unknown;control;2024-01-14 06:00:00+00:00;0.585;;
966771;unknown;control;2024-01-14 06:15:00+00:00;1.176;;
966771;unknown;control;2024-01-14 06:30:00+00:00;1.197;;
966771;unknown;control;2024-01-14 06:45:00+00:00;1.285;;
966771;unknown;control;2024-01-14 07:00:00+00:00;1.164;;
966771;unknown;control;2024-01-14 07:15:00+00:00;1.2;;
966771;unknown;control;2024-01-14 07:30:00+00:00;1.204;;
966771;unknown;control;2024-01-14 07:45:00+00:00;0.649;;
966771;unknown;control;2024-01-14 08:00:00+00:00;0.685;;
966771;unknown;control;2024-01-14 08:15:00+00:00;0.831;;
966771;unknown;control;2024-01-14 08:30:00+00:00;1.139;;
966771;unknown;control;2024-01-14 08:45:00+00:00;1.391;;
966771;unknown;control;2024-01-14 09:00:00+00:00;1.158;;
966771;unknown;control;2024-01-14 09:15:00+00:00;0.594;;
966771;unknown;control;2024-01-14 09:30:00+00:00;0.29;;
966771;unknown;control;2024-01-14 09:45:00+00:00;0.418;;
966771;unknown;control;2024-01-14 10:00:00+00:00;0.366;;
966771;unknown;control;2024-01-14 10:15:00+00:00;0.248;;
966771;unknown;control;2024-01-14 10:30:00+00:00;0.123;;
966771;unknown;control;2024-01-14 10:45:00+00:00;0.654;;
966771;unknown;control;2024-01-14 11:00:00+00:00;0.949;;
966771;unknown;control;2024-01-14 11:15:00+00:00;0.977;;
966771;unknown;control;2024-01-14 11:30:00+00:00;0.909;;
966771;unknown;control;2024-01-14 11:45:00+00:00;0.267;;
966771;unknown;control;2024-01-14 12:00:00+00:00;0.969;;
966771;unknown;control;2024-01-14 12:15:00+00:00;0.853;;
966771;unknown;control;2024-01-14 12:30:00+00:00;1.112;;
966771;unknown;control;2024-01-14 12:45:00+00:00;1.14;;
966771;unknown;control;2024-01-14 13:00:00+00:00;1.153;;
966771;unknown;control;2024-01-14 13:15:00+00:00;1.174;;
966771;unknown;control;2024-01-14 13:30:00+00:00;1.178;;
966771;unknown;control;2024-01-14 13:45:00+00:00;0.99;;
966771;unknown;control;2024-01-14 14:00:00+00:00;1.085;;
966771;unknown;control;2024-01-14 14:15:00+00:00;1.201;;
966771;unknown;control;2024-01-14 14:30:00+00:00;1.216;;
966771;unknown;control;2024-01-14 14:45:00+00:00;1.151;;
966771;unknown;control;2024-01-14 15:00:00+00:00;0.691;;
966771;unknown;control;2024-01-14 15:15:00+00:00;0.464;;
966771;unknown;control;2024-01-14 15:30:00+00:00;0.477;;
966771;unknown;control;2024-01-14 15:45:00+00:00;0.857;;
966771;unknown;control;2024-01-14 16:00:00+00:00;0.529;;
966771;unknown;control;2024-01-14 16:15:00+00:00;0.684;;
966771;unknown;control;2024-01-14 16:30:00+00:00;0.624;;
966771;unknown;control;2024-01-14 16:45:00+00:00;0.83;;
966771;unknown;control;2024-01-14 17:00:00+00:00;0.507;;
966771;unknown;control;2024-01-14 17:15:00+00:00;0.516;;
966771;unknown;control;2024-01-14 17:30:00+00:00;1.078;;
966771;unknown;control;2024-01-14 17:45:00+00:00;1.291;;
966771;unknown;control;2024-01-14 18:00:00+00:00;1.285;;
966771;unknown;control;2024-01-14 18:15:00+00:00;0.744;;
966771;unknown;control;2024-01-14 18:30:00+00:00;0.479;;
966771;unknown;control;2024-01-14 18:45:00+00:00;1.105;;
966771;unknown;control;2024-01-14 19:00:00+00:00;1.21;;
966771;unknown;control;2024-01-14 19:15:00+00:00;1.296;;
966771;unknown;control;2024-01-14 19:30:00+00:00;1.21;;
966771;unknown;control;2024-01-14 19:45:00+00:00;1.262;;
966771;unknown;control;2024-01-14 20:00:00+00:00;1.345;;
966771;unknown;control;2024-01-14 20:15:00+00:00;0.642;;
966771;unknown;control;2024-01-14 20:30:00+00:00;0.431;;
966771;unknown;control;2024-01-14 20:45:00+00:00;0.57;;
966771;unknown;control;2024-01-14 21:00:00+00:00;1.165;;
966771;unknown;control;2024-01-14 21:15:00+00:00;1.177;;
966771;unknown;control;2024-01-14 21:30:00+00:00;0.354;;
966771;unknown;control;2024-01-14 21:45:00+00:00;0.331;;
966771;unknown;control;2024-01-14 22:00:00+00:00;0.351;;
966771;unknown;control;2024-01-14 22:15:00+00:00;0.342;;
966771;unknown;control;2024-01-14 22:30:00+00:00;0.335;;
966771;unknown;control;2024-01-14 22:45:00+00:00;0.338;;
966771;unknown;control;2024-01-14 23:00:00+00:00;0.327;;
966771;unknown;control;2024-01-14 23:15:00+00:00;0.338;;
966771;unknown;control;2024-01-14 23:30:00+00:00;0.372;;
966771;unknown;control;2024-01-14 23:45:00+00:00;1.006;;
966771;unknown;control;2024-01-15 00:00:00+00:00;1.135;;
966771;unknown;control;2024-01-15 00:15:00+00:00;0.535;;
966771;unknown;control;2024-01-15 00:30:00+00:00;0.331;;
966771;unknown;control;2024-01-15 00:45:00+00:00;0.877;;
966771;unknown;control;2024-01-15 01:00:00+00:00;1.169;;
966771;unknown;control;2024-01-15 01:15:00+00:00;1.181;;
966771;unknown;control;2024-01-15 01:30:00+00:00;2.345;;
966771;unknown;control;2024-01-15 01:45:00+00:00;2.327;;
966771;unknown;control;2024-01-15 02:00:00+00:00;2.059;;
966771;unknown;control;2024-01-15 02:15:00+00:00;2.405;;
966771;unknown;control;2024-01-15 02:30:00+00:00;2.402;;
966771;unknown;control;2024-01-15 02:45:00+00:00;2.417;;
966771;unknown;control;2024-01-15 03:00:00+00:00;2.429;;
966771;unknown;control;2024-01-15 03:15:00+00:00;1.642;;
966771;unknown;control;2024-01-15 03:30:00+00:00;0.399;;
966771;unknown;control;2024-01-15 03:45:00+00:00;0.739;;
966771;unknown;control;2024-01-15 04:00:00+00:00;1.201;;
966771;unknown;control;2024-01-15 04:15:00+00:00;0.393;;
966771;unknown;control;2024-01-15 04:30:00+00:00;0.373;;
966771;unknown;control;2024-01-15 04:45:00+00:00;0.369;;
966771;unknown;control;2024-01-15 05:00:00+00:00;0.372;;
966771;unknown;control;2024-01-15 05:15:00+00:00;0.389;;
966771;unknown;control;2024-01-15 05:30:00+00:00;0.411;;
966771;unknown;control;2024-01-15 05:45:00+00:00;1.149;;
966771;unknown;control;2024-01-15 06:00:00+00:00;0.408;;
966771;unknown;control;2024-01-15 06:15:00+00:00;0.833;;
966771;unknown;control;2024-01-15 06:30:00+00:00;1.199;;
966771;unknown;control;2024-01-15 06:45:00+00:00;1.575;;
966771;unknown;control;2024-01-15 07:00:00+00:00;0.949;;
966771;unknown;control;2024-01-15 07:15:00+00:00;0.442;;
966771;unknown;control;2024-01-15 07:30:00+00:00;0.437;;
966771;unknown;control;2024-01-15 07:45:00+00:00;0.511;;
966771;unknown;control;2024-01-15 08:00:00+00:00;1.209;;
966771;unknown;control;2024-01-15 08:15:00+00:00;1.174;;
966771;unknown;control;2024-01-15 08:30:00+00:00;0.585;;
966771;unknown;control;2024-01-15 08:45:00+00:00;0.407;;
966771;unknown;control;2024-01-15 09:00:00+00:00;0.691;;
966771;unknown;control;2024-01-15 09:15:00+00:00;1.738;;
966771;unknown;control;2024-01-15 09:30:00+00:00;1.142;;
966771;unknown;control;2024-01-15 09:45:00+00:00;1.134;;
966771;unknown;control;2024-01-15 10:00:00+00:00;0.546;;
966771;unknown;control;2024-01-15 10:15:00+00:00;0.321;;
966771;unknown;control;2024-01-15 10:30:00+00:00;0.389;;
966771;unknown;control;2024-01-15 10:45:00+00:00;0.841;;
966771;unknown;control;2024-01-15 11:00:00+00:00;0.413;;
966771;unknown;control;2024-01-15 11:15:00+00:00;0.227;;
966771;unknown;control;2024-01-15 11:30:00+00:00;0.259;;
966771;unknown;control;2024-01-15 11:45:00+00:00;0.221;;
966771;unknown;control;2024-01-15 12:00:00+00:00;0.579;;
966771;unknown;control;2024-01-15 12:15:00+00:00;1.661;;
966771;unknown;control;2024-01-15 12:30:00+00:00;1.325;;
966771;unknown;control;2024-01-15 12:45:00+00:00;1.056;;
966771;unknown;control;2024-01-15 13:00:00+00:00;0.742;;
966771;unknown;control;2024-01-15 13:15:00+00:00;0.456;;
966771;unknown;control;2024-01-15 13:30:00+00:00;0.677;;
966771;unknown;control;2024-01-15 13:45:00+00:00;1.136;;
966771;unknown;control;2024-01-15 14:00:00+00:00;1.204;;
966771;unknown;control;2024-01-15 14:15:00+00:00;0.712;;
966771;unknown;control;2024-01-15 14:30:00+00:00;0.436;;
966771;unknown;control;2024-01-15 14:45:00+00:00;0.7;;
966771;unknown;control;2024-01-15 15:00:00+00:00;0.474;;
966771;unknown;control;2024-01-15 15:15:00+00:00;1.022;;
966771;unknown;control;2024-01-15 15:30:00+00:00;1.301;;
966771;unknown;control;2024-01-15 15:45:00+00:00;1.226;;
966771;unknown;control;2024-01-15 16:00:00+00:00;0.596;;
966771;unknown;control;2024-01-15 16:15:00+00:00;0.641;;
966771;unknown;control;2024-01-15 16:30:00+00:00;0.583;;
966771;unknown;control;2024-01-15 16:45:00+00:00;1.1;;
966771;unknown;control;2024-01-15 17:00:00+00:00;1.26;;
966771;unknown;control;2024-01-15 17:15:00+00:00;1.258;;
966771;unknown;control;2024-01-15 17:30:00+00:00;0.49;;
966771;unknown;control;2024-01-15 17:45:00+00:00;0.42;;
966771;unknown;control;2024-01-15 18:00:00+00:00;1.042;;
966771;unknown;control;2024-01-15 18:15:00+00:00;1.249;;
966771;unknown;control;2024-01-15 18:30:00+00:00;1.29;;
966771;unknown;control;2024-01-15 18:45:00+00:00;1.2;;
966771;unknown;control;2024-01-15 19:00:00+00:00;0.485;;
966771;unknown;control;2024-01-15 19:15:00+00:00;0.646;;
966771;unknown;control;2024-01-15 19:30:00+00:00;1.236;;
966771;unknown;control;2024-01-15 19:45:00+00:00;1.284;;
966771;unknown;control;2024-01-15 20:00:00+00:00;1.187;;
966771;unknown;control;2024-01-15 20:15:00+00:00;0.468;;
966771;unknown;control;2024-01-15 20:30:00+00:00;0.486;;
966771;unknown;control;2024-01-15 20:45:00+00:00;1.155;;
966771;unknown;control;2024-01-15 21:00:00+00:00;1.248;;
966771;unknown;control;2024-01-15 21:15:00+00:00;1.232;;
966771;unknown;control;2024-01-15 21:30:00+00:00;0.434;;
966771;unknown;control;2024-01-15 21:45:00+00:00;0.432;;
966771;unknown;control;2024-01-15 22:00:00+00:00;0.964;;
966771;unknown;control;2024-01-15 22:15:00+00:00;1.103;;
966771;unknown;control;2024-01-15 22:30:00+00:00;1.23;;
966771;unknown;control;2024-01-15 22:45:00+00:00;1.249;;
966771;unknown;control;2024-01-15 23:00:00+00:00;1.222;;
966771;unknown;control;2024-01-15 23:15:00+00:00;1.256;;
966771;unknown;control;2024-01-15 23:30:00+00:00;1.246;;
966771;unknown;control;2024-01-15 23:45:00+00:00;1.259;;
966771;unknown;control;2024-01-16 00:00:00+00:00;0.69;;
966771;unknown;control;2024-01-16 00:15:00+00:00;0.434;;
966771;unknown;control;2024-01-16 00:30:00+00:00;0.751;;
966771;unknown;control;2024-01-16 00:45:00+00:00;1.22;;
966771;unknown;control;2024-01-16 01:00:00+00:00;1.218;;
966771;unknown;control;2024-01-16 01:15:00+00:00;1.224;;
966771;unknown;control;2024-01-16 01:30:00+00:00;2.4;;
966771;unknown;control;2024-01-16 01:45:00+00:00;2.422;;
966771;unknown;control;2024-01-16 02:00:00+00:00;2.423;;
966771;unknown;control;2024-01-16 02:15:00+00:00;2.421;;
966771;unknown;control;2024-01-16 02:30:00+00:00;2.352;;
966771;unknown;control;2024-01-16 02:45:00+00:00;1.217;;
966771;unknown;control;2024-01-16 03:00:00+00:00;0.965;;
966771;unknown;control;2024-01-16 03:15:00+00:00;1.033;;
966771;unknown;control;2024-01-16 03:30:00+00:00;1.263;;
966771;unknown;control;2024-01-16 03:45:00+00:00;1.226;;
966771;unknown;control;2024-01-16 04:00:00+00:00;1.213;;
966771;unknown;control;2024-01-16 04:15:00+00:00;0.425;;
966771;unknown;control;2024-01-16 04:30:00+00:00;0.426;;
966771;unknown;control;2024-01-16 04:45:00+00:00;0.61;;
966771;unknown;control;2024-01-16 05:00:00+00:00;1.197;;
966771;unknown;control;2024-01-16 05:15:00+00:00;1.236;;
966771;unknown;control;2024-01-16 05:30:00+00:00;0.87;;
966771;unknown;control;2024-01-16 05:45:00+00:00;2.199;;
966771;unknown;control;2024-01-16 06:00:00+00:00;1.371;;
966771;unknown;control;2024-01-16 06:15:00+00:00;1.302;;
966771;unknown;control;2024-01-16 06:30:00+00:00;1.289;;
966771;unknown;control;2024-01-16 06:45:00+00:00;1.327;;
966771;unknown;control;2024-01-16 07:00:00+00:00;1.29;;
966771;unknown;control;2024-01-16 07:15:00+00:00;1.276;;
966771;unknown;control;2024-01-16 07:30:00+00:00;1.286;;
966771;unknown;control;2024-01-16 07:45:00+00:00;1.234;;
966771;unknown;control;2024-01-16 08:00:00+00:00;1.181;;
966771;unknown;control;2024-01-16 08:15:00+00:00;1.084;;
966771;unknown;control;2024-01-16 08:30:00+00:00;0.554;;
966771;unknown;control;2024-01-16 08:45:00+00:00;1.084;;
966771;unknown;control;2024-01-16 09:00:00+00:00;0.771;;
966771;unknown;control;2024-01-16 09:15:00+00:00;0.344;;
966771;unknown;control;2024-01-16 09:30:00+00:00;0.323;;
966771;unknown;control;2024-01-16 09:45:00+00:00;0.757;;
966771;unknown;control;2024-01-16 10:00:00+00:00;1.281;;
966771;unknown;control;2024-01-16 10:15:00+00:00;0.296;;
966771;unknown;control;2024-01-16 10:30:00+00:00;0.236;;
966771;unknown;control;2024-01-16 10:45:00+00:00;0.26;;
966771;unknown;control;2024-01-16 11:00:00+00:00;0.227;;
966771;unknown;control;2024-01-16 11:15:00+00:00;0.153;;
966771;unknown;control;2024-01-16 11:30:00+00:00;0.231;;
966771;unknown;control;2024-01-16 11:45:00+00:00;0.138;;
966771;unknown;control;2024-01-16 12:00:00+00:00;0.51;;
966771;unknown;control;2024-01-16 12:15:00+00:00;1.012;;
966771;unknown;control;2024-01-16 12:30:00+00:00;0.734;;
966771;unknown;control;2024-01-16 12:45:00+00:00;0.253;;
966771;unknown;control;2024-01-16 13:00:00+00:00;0.292;;
966771;unknown;control;2024-01-16 13:15:00+00:00;0.285;;
966771;unknown;control;2024-01-16 13:30:00+00:00;0.869;;
966771;unknown;control;2024-01-16 13:45:00+00:00;1.11;;
966771;unknown;control;2024-01-16 14:00:00+00:00;0.841;;
966771;unknown;control;2024-01-16 14:15:00+00:00;0.438;;
966771;unknown;control;2024-01-16 14:30:00+00:00;0.419;;
966771;unknown;control;2024-01-16 14:45:00+00:00;0.767;;
966771;unknown;control;2024-01-16 15:00:00+00:00;0.459;;
966771;unknown;control;2024-01-16 15:15:00+00:00;1.054;;
966771;unknown;control;2024-01-16 15:30:00+00:00;1.28;;
966771;unknown;control;2024-01-16 15:45:00+00:00;1.25;;
966771;unknown;control;2024-01-16 16:00:00+00:00;1.276;;
966771;unknown;control;2024-01-16 16:15:00+00:00;1.049;;
966771;unknown;control;2024-01-16 16:30:00+00:00;1.273;;
966771;unknown;control;2024-01-16 16:45:00+00:00;1.281;;
966771;unknown;control;2024-01-16 17:00:00+00:00;1.289;;
966771;unknown;control;2024-01-16 17:15:00+00:00;0.604;;
966771;unknown;control;2024-01-16 17:30:00+00:00;0.596;;
966771;unknown;control;2024-01-16 17:45:00+00:00;1.261;;
966771;unknown;control;2024-01-16 18:00:00+00:00;0.99;;
966771;unknown;control;2024-01-16 18:15:00+00:00;1.21;;
966771;unknown;control;2024-01-16 18:30:00+00:00;1.216;;
966771;unknown;control;2024-01-16 18:45:00+00:00;1.198;;
966771;unknown;control;2024-01-16 19:00:00+00:00;1.197;;
966771;unknown;control;2024-01-16 19:15:00+00:00;0.946;;
966771;unknown;control;2024-01-16 19:30:00+00:00;0.374;;
966771;unknown;control;2024-01-16 19:45:00+00:00;0.403;;
966771;unknown;control;2024-01-16 20:00:00+00:00;0.943;;
966771;unknown;control;2024-01-16 20:15:00+00:00;1.165;;
966771;unknown;control;2024-01-16 20:30:00+00:00;1.207;;
966771;unknown;control;2024-01-16 20:45:00+00:00;0.979;;
966771;unknown;control;2024-01-16 21:00:00+00:00;0.41;;
966771;unknown;control;2024-01-16 21:15:00+00:00;0.41;;
966771;unknown;control;2024-01-16 21:30:00+00:00;0.394;;
966771;unknown;control;2024-01-16 21:45:00+00:00;0.505;;
966771;unknown;control;2024-01-16 22:00:00+00:00;1.172;;
966771;unknown;control;2024-01-16 22:15:00+00:00;1.21;;
966771;unknown;control;2024-01-16 22:30:00+00:00;0.706;;
966771;unknown;control;2024-01-16 22:45:00+00:00;0.401;;
966771;unknown;control;2024-01-16 23:00:00+00:00;0.686;;
966771;unknown;control;2024-01-16 23:15:00+00:00;0.897;;
966771;unknown;control;2024-01-16 23:30:00+00:00;1.127;;
966771;unknown;control;2024-01-16 23:45:00+00:00;1.187;;
966771;unknown;control;2024-01-17 00:00:00+00:00;1.131;;
966771;unknown;control;2024-01-17 00:15:00+00:00;0.358;;
966771;unknown;control;2024-01-17 00:30:00+00:00;0.375;;
966771;unknown;control;2024-01-17 00:45:00+00:00;0.518;;
966771;unknown;control;2024-01-17 01:00:00+00:00;1.136;;
966771;unknown;control;2024-01-17 01:15:00+00:00;1.174;;
966771;unknown;control;2024-01-17 01:30:00+00:00;1.975;;
966771;unknown;control;2024-01-17 01:45:00+00:00;1.57;;
966771;unknown;control;2024-01-17 02:00:00+00:00;1.673;;
966771;unknown;control;2024-01-17 02:15:00+00:00;1.961;;
966771;unknown;control;2024-01-17 02:30:00+00:00;1.78;;
966771;unknown;control;2024-01-17 02:45:00+00:00;1.072;;
966771;unknown;control;2024-01-17 03:00:00+00:00;0.372;;
966771;unknown;control;2024-01-17 03:15:00+00:00;0.43;;
966771;unknown;control;2024-01-17 03:30:00+00:00;0.986;;
966771;unknown;control;2024-01-17 03:45:00+00:00;0.994;;
966771;unknown;control;2024-01-17 04:00:00+00:00;1.134;;
966771;unknown;control;2024-01-17 04:15:00+00:00;0.357;;
966771;unknown;control;2024-01-17 04:30:00+00:00;0.361;;
966771;unknown;control;2024-01-17 04:45:00+00:00;0.374;;
966771;unknown;control;2024-01-17 05:00:00+00:00;0.374;;
966771;unknown;control;2024-01-17 05:15:00+00:00;0.806;;
966771;unknown;control;2024-01-17 05:30:00+00:00;1.156;;
966771;unknown;control;2024-01-17 05:45:00+00:00;0.833;;
966771;unknown;control;2024-01-17 06:00:00+00:00;0.475;;
966771;unknown;control;2024-01-17 06:15:00+00:00;0.36;;
966771;unknown;control;2024-01-17 06:30:00+00:00;0.533;;
966771;unknown;control;2024-01-17 06:45:00+00:00;1.18;;
966771;unknown;control;2024-01-17 07:00:00+00:00;1.216;;
966771;unknown;control;2024-01-17 07:15:00+00:00;1.176;;
966771;unknown;control;2024-01-17 07:30:00+00:00;0.538;;
966771;unknown;control;2024-01-17 07:45:00+00:00;0.841;;
966771;unknown;control;2024-01-17 08:00:00+00:00;0.381;;
966771;unknown;control;2024-01-17 08:15:00+00:00;0.41;;
966771;unknown;control;2024-01-17 08:30:00+00:00;0.547;;
966771;unknown;control;2024-01-17 08:45:00+00:00;1.193;;
966771;unknown;control;2024-01-17 09:00:00+00:00;1.141;;
966771;unknown;control;2024-01-17 09:15:00+00:00;1.131;;
966771;unknown;control;2024-01-17 09:30:00+00:00;0.641;;
966771;unknown;control;2024-01-17 09:45:00+00:00;0.319;;
966771;unknown;control;2024-01-17 10:00:00+00:00;0.324;;
966771;unknown;control;2024-01-17 10:15:00+00:00;0.317;;
966771;unknown;control;2024-01-17 10:30:00+00:00;0.587;;
966771;unknown;control;2024-01-17 10:45:00+00:00;1.093;;
966771;unknown;control;2024-01-17 11:00:00+00:00;0.569;;
966771;unknown;control;2024-01-17 11:15:00+00:00;0.268;;
966771;unknown;control;2024-01-17 11:30:00+00:00;0.227;;
966771;unknown;control;2024-01-17 11:45:00+00:00;0.238;;
966771;unknown;control;2024-01-17 12:00:00+00:00;0.183;;
966771;unknown;control;2024-01-17 12:15:00+00:00;0.171;;
966771;unknown;control;2024-01-17 12:30:00+00:00;0.372;;
966771;unknown;control;2024-01-17 12:45:00+00:00;0.673;;
966771;unknown;control;2024-01-17 13:00:00+00:00;0.219;;
966771;unknown;control;2024-01-17 13:15:00+00:00;0.524;;
966771;unknown;control;2024-01-17 13:30:00+00:00;0.14;;
966771;unknown;control;2024-01-17 13:45:00+00:00;0.113;;
966771;unknown;control;2024-01-17 14:00:00+00:00;0.204;;
966771;unknown;control;2024-01-17 14:15:00+00:00;0.195;;
966771;unknown;control;2024-01-17 14:30:00+00:00;0.183;;
966771;unknown;control;2024-01-17 14:45:00+00:00;0.22;;
966771;unknown;control;2024-01-17 15:00:00+00:00;0.211;;
966771;unknown;control;2024-01-17 15:15:00+00:00;0.276;;
966771;unknown;control;2024-01-17 15:30:00+00:00;1.084;;
966771;unknown;control;2024-01-17 15:45:00+00:00;0.312;;
966771;unknown;control;2024-01-17 16:00:00+00:00;0.304;;
966771;unknown;control;2024-01-17 16:15:00+00:00;0.299;;
966771;unknown;control;2024-01-17 16:30:00+00:00;0.281;;
966771;unknown;control;2024-01-17 16:45:00+00:00;0.284;;
966771;unknown;control;2024-01-17 17:00:00+00:00;0.251;;
966771;unknown;control;2024-01-17 17:15:00+00:00;0.248;;
966771;unknown;control;2024-01-17 17:30:00+00:00;0.257;;
966771;unknown;control;2024-01-17 17:45:00+00:00;0.236;;
966771;unknown;control;2024-01-17 18:00:00+00:00;0.233;;
966771;unknown;control;2024-01-17 18:15:00+00:00;0.22;;
966771;unknown;control;2024-01-17 18:30:00+00:00;0.242;;
966771;unknown;control;2024-01-17 18:45:00+00:00;0.232;;
966771;unknown;control;2024-01-17 19:00:00+00:00;0.243;;
966771;unknown;control;2024-01-17 19:15:00+00:00;0.237;;
966771;unknown;control;2024-01-17 19:30:00+00:00;0.201;;
966771;unknown;control;2024-01-17 19:45:00+00:00;0.228;;
966771;unknown;control;2024-01-17 20:00:00+00:00;0.368;;
966771;unknown;control;2024-01-17 20:15:00+00:00;0.977;;
966771;unknown;control;2024-01-17 20:30:00+00:00;0.563;;
966771;unknown;control;2024-01-17 20:45:00+00:00;0.238;;
966771;unknown;control;2024-01-17 21:00:00+00:00;0.202;;
966771;unknown;control;2024-01-17 21:15:00+00:00;0.266;;
966771;unknown;control;2024-01-17 21:30:00+00:00;0.21;;
966771;unknown;control;2024-01-17 21:45:00+00:00;0.207;;
966771;unknown;control;2024-01-17 22:00:00+00:00;0.725;;
966771;unknown;control;2024-01-17 22:15:00+00:00;0.577;;
966771;unknown;control;2024-01-17 22:30:00+00:00;0.208;;
966771;unknown;control;2024-01-17 22:45:00+00:00;0.224;;
966771;unknown;control;2024-01-17 23:00:00+00:00;0.22;;
966771;unknown;control;2024-01-17 23:15:00+00:00;0.228;;
966771;unknown;control;2024-01-17 23:30:00+00:00;0.214;;
966771;unknown;control;2024-01-17 23:45:00+00:00;0.218;;
966771;unknown;control;2024-01-18 00:00:00+00:00;0.229;;
966771;unknown;control;2024-01-18 00:15:00+00:00;0.21;;
966771;unknown;control;2024-01-18 00:30:00+00:00;0.225;;
966771;unknown;control;2024-01-18 00:45:00+00:00;0.229;;
966771;unknown;control;2024-01-18 01:00:00+00:00;0.235;;
966771;unknown;control;2024-01-18 01:15:00+00:00;0.195;;
966771;unknown;control;2024-01-18 01:30:00+00:00;2.028;;
966771;unknown;control;2024-01-18 01:45:00+00:00;2.091;;
966771;unknown;control;2024-01-18 02:00:00+00:00;1.414;;
966771;unknown;control;2024-01-18 02:15:00+00:00;1.447;;
966771;unknown;control;2024-01-18 02:30:00+00:00;0.307;;
966771;unknown;control;2024-01-18 02:45:00+00:00;0.189;;
966771;unknown;control;2024-01-18 03:00:00+00:00;0.24;;
966771;unknown;control;2024-01-18 03:15:00+00:00;0.234;;
966771;unknown;control;2024-01-18 03:30:00+00:00;0.197;;
966771;unknown;control;2024-01-18 03:45:00+00:00;0.234;;
966771;unknown;control;2024-01-18 04:00:00+00:00;0.229;;
966771;unknown;control;2024-01-18 04:15:00+00:00;0.173;;
966771;unknown;control;2024-01-18 04:30:00+00:00;0.456;;
966771;unknown;control;2024-01-18 04:45:00+00:00;0.987;;
966771;unknown;control;2024-01-18 05:00:00+00:00;0.256;;
966771;unknown;control;2024-01-18 05:15:00+00:00;0.235;;
966771;unknown;control;2024-01-18 05:30:00+00:00;0.241;;
966771;unknown;control;2024-01-18 05:45:00+00:00;0.235;;
966771;unknown;control;2024-01-18 06:00:00+00:00;0.364;;
966771;unknown;control;2024-01-18 06:15:00+00:00;0.258;;
966771;unknown;control;2024-01-18 06:30:00+00:00;0.276;;
966771;unknown;control;2024-01-18 06:45:00+00:00;0.246;;
966771;unknown;control;2024-01-18 07:00:00+00:00;0.261;;
966771;unknown;control;2024-01-18 07:15:00+00:00;0.267;;
966771;unknown;control;2024-01-18 07:30:00+00:00;0.256;;
966771;unknown;control;2024-01-18 07:45:00+00:00;0.231;;
966771;unknown;control;2024-01-18 08:00:00+00:00;0.207;;
966771;unknown;control;2024-01-18 08:15:00+00:00;0.202;;
966771;unknown;control;2024-01-18 08:30:00+00:00;0.137;;
966771;unknown;control;2024-01-18 08:45:00+00:00;0.157;;
966771;unknown;control;2024-01-18 09:00:00+00:00;0.184;;
966771;unknown;control;2024-01-18 09:15:00+00:00;0.148;;
966771;unknown;control;2024-01-18 09:30:00+00:00;0.182;;
966771;unknown;control;2024-01-18 09:45:00+00:00;0.138;;
966771;unknown;control;2024-01-18 10:00:00+00:00;0.305;;
966771;unknown;control;2024-01-18 10:15:00+00:00;0.458;;
966771;unknown;control;2024-01-18 10:30:00+00:00;0.142;;
966771;unknown;control;2024-01-18 10:45:00+00:00;0.117;;
966771;unknown;control;2024-01-18 11:00:00+00:00;0.111;;
966771;unknown;control;2024-01-18 11:15:00+00:00;0.1;;
966771;unknown;control;2024-01-18 11:30:00+00:00;0.116;;
966771;unknown;control;2024-01-18 11:45:00+00:00;0.111;;
966771;unknown;control;2024-01-18 12:00:00+00:00;0.193;;
966771;unknown;control;2024-01-18 12:15:00+00:00;0.147;;
966771;unknown;control;2024-01-18 12:30:00+00:00;0.145;;
966771;unknown;control;2024-01-18 12:45:00+00:00;0.103;;
966771;unknown;control;2024-01-18 13:00:00+00:00;0.109;;
966771;unknown;control;2024-01-18 13:15:00+00:00;0.152;;
966771;unknown;control;2024-01-18 13:30:00+00:00;0.212;;
966771;unknown;control;2024-01-18 13:45:00+00:00;0.209;;
966771;unknown;control;2024-01-18 14:00:00+00:00;0.214;;
966771;unknown;control;2024-01-18 14:15:00+00:00;0.251;;
966771;unknown;control;2024-01-18 14:30:00+00:00;0.822;;
966771;unknown;control;2024-01-18 14:45:00+00:00;1.01;;
966771;unknown;control;2024-01-18 15:00:00+00:00;0.529;;
966771;unknown;control;2024-01-18 15:15:00+00:00;0.628;;
966771;unknown;control;2024-01-18 15:30:00+00:00;0.737;;
966771;unknown;control;2024-01-18 15:45:00+00:00;1.302;;
966771;unknown;control;2024-01-18 16:00:00+00:00;1.202;;
966771;unknown;control;2024-01-18 16:15:00+00:00;0.571;;
966771;unknown;control;2024-01-18 16:30:00+00:00;0.565;;
966771;unknown;control;2024-01-18 16:45:00+00:00;0.367;;
966771;unknown;control;2024-01-18 17:00:00+00:00;1.002;;
966771;unknown;control;2024-01-18 17:15:00+00:00;1.186;;
966771;unknown;control;2024-01-18 17:30:00+00:00;0.795;;
966771;unknown;control;2024-01-18 17:45:00+00:00;0.392;;
966771;unknown;control;2024-01-18 18:00:00+00:00;0.629;;
966771;unknown;control;2024-01-18 18:15:00+00:00;1.172;;
966771;unknown;control;2024-01-18 18:30:00+00:00;1.179;;
966771;unknown;control;2024-01-18 18:45:00+00:00;0.48;;
966771;unknown;control;2024-01-18 19:00:00+00:00;0.515;;
966771;unknown;control;2024-01-18 19:15:00+00:00;1.078;;
966771;unknown;control;2024-01-18 19:30:00+00:00;1.243;;
966771;unknown;control;2024-01-18 19:45:00+00:00;1.26;;
966771;unknown;control;2024-01-18 20:00:00+00:00;0.717;;
966771;unknown;control;2024-01-18 20:15:00+00:00;0.483;;
966771;unknown;control;2024-01-18 20:30:00+00:00;0.856;;
966771;unknown;control;2024-01-18 20:45:00+00:00;1.252;;
966771;unknown;control;2024-01-18 21:00:00+00:00;1.213;;
966771;unknown;control;2024-01-18 21:15:00+00:00;0.472;;
966771;unknown;control;2024-01-18 21:30:00+00:00;0.413;;
966771;unknown;control;2024-01-18 21:45:00+00:00;0.58;;
966771;unknown;control;2024-01-18 22:00:00+00:00;1.135;;
966771;unknown;control;2024-01-18 22:15:00+00:00;1.184;;
966771;unknown;control;2024-01-18 22:30:00+00:00;1.161;;
966771;unknown;control;2024-01-18 22:45:00+00:00;0.95;;
966771;unknown;control;2024-01-18 23:00:00+00:00;0.379;;
966771;unknown;control;2024-01-18 23:15:00+00:00;0.416;;
966771;unknown;control;2024-01-18 23:30:00+00:00;0.681;;
966771;unknown;control;2024-01-18 23:45:00+00:00;1.154;;
966771;unknown;control;2024-01-19 00:00:00+00:00;1.141;;
966771;unknown;control;2024-01-19 00:15:00+00:00;1.116;;
966771;unknown;control;2024-01-19 00:30:00+00:00;0.371;;
966771;unknown;control;2024-01-19 00:45:00+00:00;0.382;;
966771;unknown;control;2024-01-19 01:00:00+00:00;0.855;;
966771;unknown;control;2024-01-19 01:15:00+00:00;1.148;;
966771;unknown;control;2024-01-19 01:30:00+00:00;2.326;;
966771;unknown;control;2024-01-19 01:45:00+00:00;2.314;;
966771;unknown;control;2024-01-19 02:00:00+00:00;2.326;;
966771;unknown;control;2024-01-19 02:15:00+00:00;2.227;;
966771;unknown;control;2024-01-19 02:30:00+00:00;1.573;;
966771;unknown;control;2024-01-19 02:45:00+00:00;1.575;;
966771;unknown;control;2024-01-19 03:00:00+00:00;1.668;;
966771;unknown;control;2024-01-19 03:15:00+00:00;1.884;;
966771;unknown;control;2024-01-19 03:30:00+00:00;1.152;;
966771;unknown;control;2024-01-19 03:45:00+00:00;1.158;;
966771;unknown;control;2024-01-19 04:00:00+00:00;1.149;;
966771;unknown;control;2024-01-19 04:15:00+00:00;0.407;;
966771;unknown;control;2024-01-19 04:30:00+00:00;0.397;;
966771;unknown;control;2024-01-19 04:45:00+00:00;0.502;;
966771;unknown;control;2024-01-19 05:00:00+00:00;1.039;;
966771;unknown;control;2024-01-19 05:15:00+00:00;1.201;;
966771;unknown;control;2024-01-19 05:30:00+00:00;1.219;;
966771;unknown;control;2024-01-19 05:45:00+00:00;1.192;;
966771;unknown;control;2024-01-19 06:00:00+00:00;1.19;;
966771;unknown;control;2024-01-19 06:15:00+00:00;1.26;;
966771;unknown;control;2024-01-19 06:30:00+00:00;1.175;;
966771;unknown;control;2024-01-19 06:45:00+00:00;1.141;;
966771;unknown;control;2024-01-19 07:00:00+00:00;1.157;;
966771;unknown;control;2024-01-19 07:15:00+00:00;0.658;;
966771;unknown;control;2024-01-19 07:30:00+00:00;1.121;;
966771;unknown;control;2024-01-19 07:45:00+00:00;1.136;;
966771;unknown;control;2024-01-19 08:00:00+00:00;0.584;;
966771;unknown;control;2024-01-19 08:15:00+00:00;0.32;;
966771;unknown;control;2024-01-19 08:30:00+00:00;0.313;;
966771;unknown;control;2024-01-19 08:45:00+00:00;0.253;;
966771;unknown;control;2024-01-19 09:00:00+00:00;0.263;;
966771;unknown;control;2024-01-19 09:15:00+00:00;0.246;;
966771;unknown;control;2024-01-19 09:30:00+00:00;0.247;;
966771;unknown;control;2024-01-19 09:45:00+00:00;0.236;;
966771;unknown;control;2024-01-19 10:00:00+00:00;0.156;;
966771;unknown;control;2024-01-19 10:15:00+00:00;0.259;;
966771;unknown;control;2024-01-19 10:30:00+00:00;0.317;;
966771;unknown;control;2024-01-19 10:45:00+00:00;0.113;;
966771;unknown;control;2024-01-19 11:00:00+00:00;0.188;;
966771;unknown;control;2024-01-19 11:15:00+00:00;0.129;;
966771;unknown;control;2024-01-19 11:30:00+00:00;0.528;;
966771;unknown;control;2024-01-19 11:45:00+00:00;1.063;;
966771;unknown;control;2024-01-19 12:00:00+00:00;1.026;;
966771;unknown;control;2024-01-19 12:15:00+00:00;0.928;;
966771;unknown;control;2024-01-19 12:30:00+00:00;0.964;;
966771;unknown;control;2024-01-19 12:45:00+00:00;0.476;;
966771;unknown;control;2024-01-19 13:00:00+00:00;0.217;;
966771;unknown;control;2024-01-19 13:15:00+00:00;0.263;;
966771;unknown;control;2024-01-19 13:30:00+00:00;0.94;;
966771;unknown;control;2024-01-19 13:45:00+00:00;1.101;;
966771;unknown;control;2024-01-19 14:00:00+00:00;1.042;;
966771;unknown;control;2024-01-19 14:15:00+00:00;0.553;;
966771;unknown;control;2024-01-19 14:30:00+00:00;0.39;;
966771;unknown;control;2024-01-19 14:45:00+00:00;0.907;;
966771;unknown;control;2024-01-19 15:00:00+00:00;0.391;;
966771;unknown;control;2024-01-19 15:15:00+00:00;1.028;;
966771;unknown;control;2024-01-19 15:30:00+00:00;1.181;;
966771;unknown;control;2024-01-19 15:45:00+00:00;1.179;;
966771;unknown;control;2024-01-19 16:00:00+00:00;1.204;;
966771;unknown;control;2024-01-19 16:15:00+00:00;1.09;;
966771;unknown;control;2024-01-19 16:30:00+00:00;1.261;;
966771;unknown;control;2024-01-19 16:45:00+00:00;1.287;;
966771;unknown;control;2024-01-19 17:00:00+00:00;1.283;;
966771;unknown;control;2024-01-19 17:15:00+00:00;1.279;;
966771;unknown;control;2024-01-19 17:30:00+00:00;1.281;;
966771;unknown;control;2024-01-19 17:45:00+00:00;1.276;;
966771;unknown;control;2024-01-19 18:00:00+00:00;1.283;;
966771;unknown;control;2024-01-19 18:15:00+00:00;1.159;;
966771;unknown;control;2024-01-19 18:30:00+00:00;0.5;;
966771;unknown;control;2024-01-19 18:45:00+00:00;0.607;;
966771;unknown;control;2024-01-19 19:00:00+00:00;1.106;;
966771;unknown;control;2024-01-19 19:15:00+00:00;1.278;;
966771;unknown;control;2024-01-19 19:30:00+00:00;1.294;;
966771;unknown;control;2024-01-19 19:45:00+00:00;1.282;;
966771;unknown;control;2024-01-19 20:00:00+00:00;1.29;;
966771;unknown;control;2024-01-19 20:15:00+00:00;1.297;;
966771;unknown;control;2024-01-19 20:30:00+00:00;1.289;;
966771;unknown;control;2024-01-19 20:45:00+00:00;1.291;;
966771;unknown;control;2024-01-19 21:00:00+00:00;1.327;;
966771;unknown;control;2024-01-19 21:15:00+00:00;1.317;;
966771;unknown;control;2024-01-19 21:30:00+00:00;0.55;;
966771;unknown;control;2024-01-19 21:45:00+00:00;0.647;;
966771;unknown;control;2024-01-19 22:00:00+00:00;0.956;;
966771;unknown;control;2024-01-19 22:15:00+00:00;1.267;;
966771;unknown;control;2024-01-19 22:30:00+00:00;1.288;;
966771;unknown;control;2024-01-19 22:45:00+00:00;1.273;;
966771;unknown;control;2024-01-19 23:00:00+00:00;1.267;;
966771;unknown;control;2024-01-19 23:15:00+00:00;1.272;;
966771;unknown;control;2024-01-19 23:30:00+00:00;1.257;;
966771;unknown;control;2024-01-19 23:45:00+00:00;1.292;;
966771;unknown;control;2024-01-20 00:00:00+00:00;1.265;;
966771;unknown;control;2024-01-20 00:15:00+00:00;1.279;;
966771;unknown;control;2024-01-20 00:30:00+00:00;1.275;;
966771;unknown;control;2024-01-20 00:45:00+00:00;1.292;;
966771;unknown;control;2024-01-20 01:00:00+00:00;0.806;;
966771;unknown;control;2024-01-20 01:15:00+00:00;1.105;;
966771;unknown;control;2024-01-20 01:30:00+00:00;2.446;;
966771;unknown;control;2024-01-20 01:45:00+00:00;2.46;;
966771;unknown;control;2024-01-20 02:00:00+00:00;2.479;;
966771;unknown;control;2024-01-20 02:15:00+00:00;2.477;;
966771;unknown;control;2024-01-20 02:30:00+00:00;2.458;;
966771;unknown;control;2024-01-20 02:45:00+00:00;1.749;;
966771;unknown;control;2024-01-20 03:00:00+00:00;1.263;;
966771;unknown;control;2024-01-20 03:15:00+00:00;1.291;;
966771;unknown;control;2024-01-20 03:30:00+00:00;1.278;;
966771;unknown;control;2024-01-20 03:45:00+00:00;1.301;;
966771;unknown;control;2024-01-20 04:00:00+00:00;1.218;;
966771;unknown;control;2024-01-20 04:15:00+00:00;0.523;;
966771;unknown;control;2024-01-20 04:30:00+00:00;0.669;;
966771;unknown;control;2024-01-20 04:45:00+00:00;1.08;;
966771;unknown;control;2024-01-20 05:00:00+00:00;1.299;;
966771;unknown;control;2024-01-20 05:15:00+00:00;1.298;;
966771;unknown;control;2024-01-20 05:30:00+00:00;1.313;;
966771;unknown;control;2024-01-20 05:45:00+00:00;1.319;;
966771;unknown;control;2024-01-20 06:00:00+00:00;1.31;;
966771;unknown;control;2024-01-20 06:15:00+00:00;1.306;;
966771;unknown;control;2024-01-20 06:30:00+00:00;1.299;;
966771;unknown;control;2024-01-20 06:45:00+00:00;1.291;;
966771;unknown;control;2024-01-20 07:00:00+00:00;1.299;;
966771;unknown;control;2024-01-20 07:15:00+00:00;1.291;;
966771;unknown;control;2024-01-20 07:30:00+00:00;1.29;;
966771;unknown;control;2024-01-20 07:45:00+00:00;1.245;;
966771;unknown;control;2024-01-20 08:00:00+00:00;0.852;;
966771;unknown;control;2024-01-20 08:15:00+00:00;1.049;;
966771;unknown;control;2024-01-20 08:30:00+00:00;1.135;;
966771;unknown;control;2024-01-20 08:45:00+00:00;1.123;;
966771;unknown;control;2024-01-20 09:00:00+00:00;1.088;;
966771;unknown;control;2024-01-20 09:15:00+00:00;1.08;;
966771;unknown;control;2024-01-20 09:30:00+00:00;1.057;;
966771;unknown;control;2024-01-20 09:45:00+00:00;0.769;;
966771;unknown;control;2024-01-20 10:00:00+00:00;0.454;;
966771;unknown;control;2024-01-20 10:15:00+00:00;0.176;;
966771;unknown;control;2024-01-20 10:30:00+00:00;0.346;;
966771;unknown;control;2024-01-20 10:45:00+00:00;1.324;;
966771;unknown;control;2024-01-20 11:00:00+00:00;1.015;;
966771;unknown;control;2024-01-20 11:15:00+00:00;1.057;;
966771;unknown;control;2024-01-20 11:30:00+00:00;0.471;;
966771;unknown;control;2024-01-20 11:45:00+00:00;0.31;;
966771;unknown;control;2024-01-20 12:00:00+00:00;0.935;;
966771;unknown;control;2024-01-20 12:15:00+00:00;1.114;;
966771;unknown;control;2024-01-20 12:30:00+00:00;0.923;;
966771;unknown;control;2024-01-20 12:45:00+00:00;1.175;;
966771;unknown;control;2024-01-20 13:00:00+00:00;0.493;;
966771;unknown;control;2024-01-20 13:15:00+00:00;0.346;;
966771;unknown;control;2024-01-20 13:30:00+00:00;0.372;;
966771;unknown;control;2024-01-20 13:45:00+00:00;1.071;;
966771;unknown;control;2024-01-20 14:00:00+00:00;1.063;;
966771;unknown;control;2024-01-20 14:15:00+00:00;1.207;;
966771;unknown;control;2024-01-20 14:30:00+00:00;0.429;;
966771;unknown;control;2024-01-20 14:45:00+00:00;0.45;;
966771;unknown;control;2024-01-20 15:00:00+00:00;0.513;;
966771;unknown;control;2024-01-20 15:15:00+00:00;1.169;;
966771;unknown;control;2024-01-20 15:30:00+00:00;1.098;;
966771;unknown;control;2024-01-20 15:45:00+00:00;1.226;;
966771;unknown;control;2024-01-20 16:00:00+00:00;1.284;;
966771;unknown;control;2024-01-20 16:15:00+00:00;1.31;;
966771;unknown;control;2024-01-20 16:30:00+00:00;0.861;;
966771;unknown;control;2024-01-20 16:45:00+00:00;0.538;;
966771;unknown;control;2024-01-20 17:00:00+00:00;1.414;;
966771;unknown;control;2024-01-20 17:15:00+00:00;1.547;;
966771;unknown;control;2024-01-20 17:30:00+00:00;1.421;;
966771;unknown;control;2024-01-20 17:45:00+00:00;1.541;;
966771;unknown;control;2024-01-20 18:00:00+00:00;1.514;;
966771;unknown;control;2024-01-20 18:15:00+00:00;1.385;;
966771;unknown;control;2024-01-20 18:30:00+00:00;1.303;;
966771;unknown;control;2024-01-20 18:45:00+00:00;1.29;;
966771;unknown;control;2024-01-20 19:00:00+00:00;1.341;;
966771;unknown;control;2024-01-20 19:15:00+00:00;1.301;;
966771;unknown;control;2024-01-20 19:30:00+00:00;1.316;;
966771;unknown;control;2024-01-20 19:45:00+00:00;1.315;;
966771;unknown;control;2024-01-20 20:00:00+00:00;1.212;;
966771;unknown;control;2024-01-20 20:15:00+00:00;0.966;;
966771;unknown;control;2024-01-20 20:30:00+00:00;1.314;;
966771;unknown;control;2024-01-20 20:45:00+00:00;1.316;;
966771;unknown;control;2024-01-20 21:00:00+00:00;1.323;;
966771;unknown;control;2024-01-20 21:15:00+00:00;1.334;;
966771;unknown;control;2024-01-20 21:30:00+00:00;0.495;;
966771;unknown;control;2024-01-20 21:45:00+00:00;0.931;;
966771;unknown;control;2024-01-20 22:00:00+00:00;1.293;;
966771;unknown;control;2024-01-20 22:15:00+00:00;1.305;;
966771;unknown;control;2024-01-20 22:30:00+00:00;1.347;;
966771;unknown;control;2024-01-20 22:45:00+00:00;1.327;;
966771;unknown;control;2024-01-20 23:00:00+00:00;1.305;;
966771;unknown;control;2024-01-20 23:15:00+00:00;1.071;;
966771;unknown;control;2024-01-20 23:30:00+00:00;1.03;;
966771;unknown;control;2024-01-20 23:45:00+00:00;1.329;;
966771;unknown;control;2024-01-21 00:00:00+00:00;1.33;;
966771;unknown;control;2024-01-21 00:15:00+00:00;1.33;;
966771;unknown;control;2024-01-21 00:30:00+00:00;1.311;;
966771;unknown;control;2024-01-21 00:45:00+00:00;1.299;;
966771;unknown;control;2024-01-21 01:00:00+00:00;1.308;;
966771;unknown;control;2024-01-21 01:15:00+00:00;1.311;;
966771;unknown;control;2024-01-21 01:30:00+00:00;2.432;;
966771;unknown;control;2024-01-21 01:45:00+00:00;2.46;;
966771;unknown;control;2024-01-21 02:00:00+00:00;2.463;;
966771;unknown;control;2024-01-21 02:15:00+00:00;2.471;;
966771;unknown;control;2024-01-21 02:30:00+00:00;2.48;;
966771;unknown;control;2024-01-21 02:45:00+00:00;2.454;;
966771;unknown;control;2024-01-21 03:00:00+00:00;2.082;;
966771;unknown;control;2024-01-21 03:15:00+00:00;2.015;;
966771;unknown;control;2024-01-21 03:30:00+00:00;1.317;;
966771;unknown;control;2024-01-21 03:45:00+00:00;1.32;;
966771;unknown;control;2024-01-21 04:00:00+00:00;1.323;;
966771;unknown;control;2024-01-21 04:15:00+00:00;0.521;;
966771;unknown;control;2024-01-21 04:30:00+00:00;0.847;;
966771;unknown;control;2024-01-21 04:45:00+00:00;1.301;;
966771;unknown;control;2024-01-21 05:00:00+00:00;1.305;;
966771;unknown;control;2024-01-21 05:15:00+00:00;1.295;;
966771;unknown;control;2024-01-21 05:30:00+00:00;1.314;;
966771;unknown;control;2024-01-21 05:45:00+00:00;1.286;;
966771;unknown;control;2024-01-21 06:00:00+00:00;1.274;;
966771;unknown;control;2024-01-21 06:15:00+00:00;1.325;;
966771;unknown;control;2024-01-21 06:30:00+00:00;1.361;;
966771;unknown;control;2024-01-21 06:45:00+00:00;0.775;;
966771;unknown;control;2024-01-21 07:00:00+00:00;1.287;;
966771;unknown;control;2024-01-21 07:15:00+00:00;1.282;;
966771;unknown;control;2024-01-21 07:30:00+00:00;1.441;;
966771;unknown;control;2024-01-21 07:45:00+00:00;1.479;;
966771;unknown;control;2024-01-21 08:00:00+00:00;1.273;;
966771;unknown;control;2024-01-21 08:15:00+00:00;0.91;;
966771;unknown;control;2024-01-21 08:30:00+00:00;0.527;;
966771;unknown;control;2024-01-21 08:45:00+00:00;0.647;;
966771;unknown;control;2024-01-21 09:00:00+00:00;1.103;;
966771;unknown;control;2024-01-21 09:15:00+00:00;1.093;;
966771;unknown;control;2024-01-21 09:30:00+00:00;0.541;;
966771;unknown;control;2024-01-21 09:45:00+00:00;0.245;;
966771;unknown;control;2024-01-21 10:00:00+00:00;0.242;;
966771;unknown;control;2024-01-21 10:15:00+00:00;0.214;;
966771;unknown;control;2024-01-21 10:30:00+00:00;0.195;;
966771;unknown;control;2024-01-21 10:45:00+00:00;0.202;;
966771;unknown;control;2024-01-21 11:00:00+00:00;0.217;;
966771;unknown;control;2024-01-21 11:15:00+00:00;0.172;;
966771;unknown;control;2024-01-21 11:30:00+00:00;0.131;;
966771;unknown;control;2024-01-21 11:45:00+00:00;0.624;;
966771;unknown;control;2024-01-21 12:00:00+00:00;1.152;;
966771;unknown;control;2024-01-21 12:15:00+00:00;1.273;;
966771;unknown;control;2024-01-21 12:30:00+00:00;0.329;;
966771;unknown;control;2024-01-21 12:45:00+00:00;0.601;;
966771;unknown;control;2024-01-21 13:00:00+00:00;0.42;;
966771;unknown;control;2024-01-21 13:15:00+00:00;0.851;;
966771;unknown;control;2024-01-21 13:30:00+00:00;1.12;;
966771;unknown;control;2024-01-21 13:45:00+00:00;0.686;;
966771;unknown;control;2024-01-21 14:00:00+00:00;0.312;;
966771;unknown;control;2024-01-21 14:15:00+00:00;0.329;;
966771;unknown;control;2024-01-21 14:30:00+00:00;0.852;;
966771;unknown;control;2024-01-21 14:45:00+00:00;1.156;;
966771;unknown;control;2024-01-21 15:00:00+00:00;1.192;;
966771;unknown;control;2024-01-21 15:15:00+00:00;1.183;;
966771;unknown;control;2024-01-21 15:30:00+00:00;0.395;;
966771;unknown;control;2024-01-21 15:45:00+00:00;0.416;;
966771;unknown;control;2024-01-21 16:00:00+00:00;0.879;;
966771;unknown;control;2024-01-21 16:15:00+00:00;1.222;;
966771;unknown;control;2024-01-21 16:30:00+00:00;1.66;;
966771;unknown;control;2024-01-21 16:45:00+00:00;1.331;;
966771;unknown;control;2024-01-21 17:00:00+00:00;0.585;;
966771;unknown;control;2024-01-21 17:15:00+00:00;0.429;;
966771;unknown;control;2024-01-21 17:30:00+00:00;1.125;;
966771;unknown;control;2024-01-21 17:45:00+00:00;1.519;;
966771;unknown;control;2024-01-21 18:00:00+00:00;1.534;;
966771;unknown;control;2024-01-21 18:15:00+00:00;0.698;;
966771;unknown;control;2024-01-21 18:30:00+00:00;0.811;;
966771;unknown;control;2024-01-21 18:45:00+00:00;1.086;;
966771;unknown;control;2024-01-21 19:00:00+00:00;1.502;;
966771;unknown;control;2024-01-21 19:15:00+00:00;1.433;;
966771;unknown;control;2024-01-21 19:30:00+00:00;1.035;;
966771;unknown;control;2024-01-21 19:45:00+00:00;0.461;;
966771;unknown;control;2024-01-21 20:00:00+00:00;0.857;;
966771;unknown;control;2024-01-21 20:15:00+00:00;1.103;;
966771;unknown;control;2024-01-21 20:30:00+00:00;1.231;;
966771;unknown;control;2024-01-21 20:45:00+00:00;1.315;;
966771;unknown;control;2024-01-21 21:00:00+00:00;1.286;;
966771;unknown;control;2024-01-21 21:15:00+00:00;1.229;;
966771;unknown;control;2024-01-21 21:30:00+00:00;0.462;;
966771;unknown;control;2024-01-21 21:45:00+00:00;0.624;;
966771;unknown;control;2024-01-21 22:00:00+00:00;1.191;;
966771;unknown;control;2024-01-21 22:15:00+00:00;1.235;;
966771;unknown;control;2024-01-21 22:30:00+00:00;0.938;;
966771;unknown;control;2024-01-21 22:45:00+00:00;1.14;;
966771;unknown;control;2024-01-21 23:00:00+00:00;1.246;;
966771;unknown;control;2024-01-21 23:15:00+00:00;1.236;;
966771;unknown;control;2024-01-21 23:30:00+00:00;1.24;;
966771;unknown;control;2024-01-21 23:45:00+00:00;1.246;;
966771;unknown;control;2024-01-22 00:00:00+00:00;1.246;;
966771;unknown;control;2024-01-22 00:15:00+00:00;0.573;;
966771;unknown;control;2024-01-22 00:30:00+00:00;0.443;;
966771;unknown;control;2024-01-22 00:45:00+00:00;0.536;;
966771;unknown;control;2024-01-22 01:00:00+00:00;1.074;;
966771;unknown;control;2024-01-22 01:15:00+00:00;1.225;;
966771;unknown;control;2024-01-22 01:30:00+00:00;2.423;;
966771;unknown;control;2024-01-22 01:45:00+00:00;2.2;;
966771;unknown;control;2024-01-22 02:00:00+00:00;1.636;;
966771;unknown;control;2024-01-22 02:15:00+00:00;1.728;;
966771;unknown;control;2024-01-22 02:30:00+00:00;2.117;;
966771;unknown;control;2024-01-22 02:45:00+00:00;2.404;;
966771;unknown;control;2024-01-22 03:00:00+00:00;1.375;;
966771;unknown;control;2024-01-22 03:15:00+00:00;0.892;;
966771;unknown;control;2024-01-22 03:30:00+00:00;0.38;;
966771;unknown;control;2024-01-22 03:45:00+00:00;0.41;;
966771;unknown;control;2024-01-22 04:00:00+00:00;0.389;;
966771;unknown;control;2024-01-22 04:15:00+00:00;0.371;;
966771;unknown;control;2024-01-22 04:30:00+00:00;0.385;;
966771;unknown;control;2024-01-22 04:45:00+00:00;0.384;;
966771;unknown;control;2024-01-22 05:00:00+00:00;0.805;;
966771;unknown;control;2024-01-22 05:15:00+00:00;1.145;;
966771;unknown;control;2024-01-22 05:30:00+00:00;0.706;;
966771;unknown;control;2024-01-22 05:45:00+00:00;0.694;;
966771;unknown;control;2024-01-22 06:00:00+00:00;0.439;;
966771;unknown;control;2024-01-22 06:15:00+00:00;0.355;;
966771;unknown;control;2024-01-22 06:30:00+00:00;0.342;;
966771;unknown;control;2024-01-22 06:45:00+00:00;0.53;;
966771;unknown;control;2024-01-22 07:00:00+00:00;1.133;;
966771;unknown;control;2024-01-22 07:15:00+00:00;1.143;;
966771;unknown;control;2024-01-22 07:30:00+00:00;1.046;;
966771;unknown;control;2024-01-22 07:45:00+00:00;0.575;;
966771;unknown;control;2024-01-22 08:00:00+00:00;0.306;;
966771;unknown;control;2024-01-22 08:15:00+00:00;0.473;;
966771;unknown;control;2024-01-22 08:30:00+00:00;0.417;;
966771;unknown;control;2024-01-22 08:45:00+00:00;0.595;;
966771;unknown;control;2024-01-22 09:00:00+00:00;0.654;;
966771;unknown;control;2024-01-22 09:15:00+00:00;0.361;;
966771;unknown;control;2024-01-22 09:30:00+00:00;0.316;;
966771;unknown;control;2024-01-22 09:45:00+00:00;0.175;;
966771;unknown;control;2024-01-22 10:00:00+00:00;0.12;;
966771;unknown;control;2024-01-22 10:15:00+00:00;0.115;;
966771;unknown;control;2024-01-22 10:30:00+00:00;0.112;;
966771;unknown;control;2024-01-22 10:45:00+00:00;0.1;;
966771;unknown;control;2024-01-22 11:00:00+00:00;0.198;;
966771;unknown;control;2024-01-22 11:15:00+00:00;0.123;;
966771;unknown;control;2024-01-22 11:30:00+00:00;0.213;;
966771;unknown;control;2024-01-22 11:45:00+00:00;0.156;;
966771;unknown;control;2024-01-22 12:00:00+00:00;0.173;;
966771;unknown;control;2024-01-22 12:15:00+00:00;0.101;;
966771;unknown;control;2024-01-22 12:30:00+00:00;0.198;;
966771;unknown;control;2024-01-22 12:45:00+00:00;0.209;;
966771;unknown;control;2024-01-22 13:00:00+00:00;0.246;;
966771;unknown;control;2024-01-22 13:15:00+00:00;0.269;;
966771;unknown;control;2024-01-22 13:30:00+00:00;0.958;;
966771;unknown;control;2024-01-22 13:45:00+00:00;1.668;;
966771;unknown;control;2024-01-22 14:00:00+00:00;0.593;;
966771;unknown;control;2024-01-22 14:15:00+00:00;0.309;;
966771;unknown;control;2024-01-22 14:30:00+00:00;0.324;;
966771;unknown;control;2024-01-22 14:45:00+00:00;1.014;;
966771;unknown;control;2024-01-22 15:00:00+00:00;0.419;;
966771;unknown;control;2024-01-22 15:15:00+00:00;0.451;;
966771;unknown;control;2024-01-22 15:30:00+00:00;0.485;;
966771;unknown;control;2024-01-22 15:45:00+00:00;0.51;;
966771;unknown;control;2024-01-22 16:00:00+00:00;0.499;;
966771;unknown;control;2024-01-22 16:15:00+00:00;0.698;;
966771;unknown;control;2024-01-22 16:30:00+00:00;0.532;;
966771;unknown;control;2024-01-22 16:45:00+00:00;0.351;;
966771;unknown;control;2024-01-22 17:00:00+00:00;0.569;;
966771;unknown;control;2024-01-22 17:15:00+00:00;1.17;;
966771;unknown;control;2024-01-22 17:30:00+00:00;0.598;;
966771;unknown;control;2024-01-22 17:45:00+00:00;0.317;;
966771;unknown;control;2024-01-22 18:00:00+00:00;0.316;;
966771;unknown;control;2024-01-22 18:15:00+00:00;0.297;;
966771;unknown;control;2024-01-22 18:30:00+00:00;0.31;;
966771;unknown;control;2024-01-22 18:45:00+00:00;0.302;;
966771;unknown;control;2024-01-22 19:00:00+00:00;0.314;;
966771;unknown;control;2024-01-22 19:15:00+00:00;0.283;;
966771;unknown;control;2024-01-22 19:30:00+00:00;0.314;;
966771;unknown;control;2024-01-22 19:45:00+00:00;1.019;;
966771;unknown;control;2024-01-22 20:00:00+00:00;0.742;;
966771;unknown;control;2024-01-22 20:15:00+00:00;0.313;;
966771;unknown;control;2024-01-22 20:30:00+00:00;0.288;;
966771;unknown;control;2024-01-22 20:45:00+00:00;0.234;;
966771;unknown;control;2024-01-22 21:00:00+00:00;0.273;;
966771;unknown;control;2024-01-22 21:15:00+00:00;0.264;;
966771;unknown;control;2024-01-22 21:30:00+00:00;0.253;;
966771;unknown;control;2024-01-22 21:45:00+00:00;0.259;;
966771;unknown;control;2024-01-22 22:00:00+00:00;0.989;;
966771;unknown;control;2024-01-22 22:15:00+00:00;0.747;;
966771;unknown;control;2024-01-22 22:30:00+00:00;0.257;;
966771;unknown;control;2024-01-22 22:45:00+00:00;0.252;;
966771;unknown;control;2024-01-22 23:00:00+00:00;0.266;;
966771;unknown;control;2024-01-22 23:15:00+00:00;0.265;;
966771;unknown;control;2024-01-22 23:30:00+00:00;0.265;;
966771;unknown;control;2024-01-22 23:45:00+00:00;0.739;;
966771;unknown;control;2024-01-23 00:00:00+00:00;0.925;;
966771;unknown;control;2024-01-23 00:15:00+00:00;0.291;;
966771;unknown;control;2024-01-23 00:30:00+00:00;0.294;;
966771;unknown;control;2024-01-23 00:45:00+00:00;0.281;;
966771;unknown;control;2024-01-23 01:00:00+00:00;0.981;;
966771;unknown;control;2024-01-23 01:15:00+00:00;0.885;;
966771;unknown;control;2024-01-23 01:30:00+00:00;1.435;;
966771;unknown;control;2024-01-23 01:45:00+00:00;1.484;;
966771;unknown;control;2024-01-23 02:00:00+00:00;1.479;;
966771;unknown;control;2024-01-23 02:15:00+00:00;1.486;;
966771;unknown;control;2024-01-23 02:30:00+00:00;1.523;;
966771;unknown;control;2024-01-23 02:45:00+00:00;1.516;;
966771;unknown;control;2024-01-23 03:00:00+00:00;1.751;;
966771;unknown;control;2024-01-23 03:15:00+00:00;1.102;;
966771;unknown;control;2024-01-23 03:30:00+00:00;0.328;;
966771;unknown;control;2024-01-23 03:45:00+00:00;0.269;;
966771;unknown;control;2024-01-23 04:00:00+00:00;0.271;;
966771;unknown;control;2024-01-23 04:15:00+00:00;0.278;;
966771;unknown;control;2024-01-23 04:30:00+00:00;0.268;;
966771;unknown;control;2024-01-23 04:45:00+00:00;0.805;;
966771;unknown;control;2024-01-23 05:00:00+00:00;1.047;;
966771;unknown;control;2024-01-23 05:15:00+00:00;0.419;;
966771;unknown;control;2024-01-23 05:30:00+00:00;0.326;;
966771;unknown;control;2024-01-23 05:45:00+00:00;1.258;;
966771;unknown;control;2024-01-23 06:00:00+00:00;0.917;;
966771;unknown;control;2024-01-23 06:15:00+00:00;0.475;;
966771;unknown;control;2024-01-23 06:30:00+00:00;1.102;;
966771;unknown;control;2024-01-23 06:45:00+00:00;0.92;;
966771;unknown;control;2024-01-23 07:00:00+00:00;0.339;;
966771;unknown;control;2024-01-23 07:15:00+00:00;0.294;;
966771;unknown;control;2024-01-23 07:30:00+00:00;0.416;;
966771;unknown;control;2024-01-23 07:45:00+00:00;1.024;;
966771;unknown;control;2024-01-23 08:00:00+00:00;0.302;;
966771;unknown;control;2024-01-23 08:15:00+00:00;0.242;;
966771;unknown;control;2024-01-23 08:30:00+00:00;0.165;;
966771;unknown;control;2024-01-23 08:45:00+00:00;0.187;;
966771;unknown;control;2024-01-23 09:00:00+00:00;0.211;;
966771;unknown;control;2024-01-23 09:15:00+00:00;0.221;;
966771;unknown;control;2024-01-23 09:30:00+00:00;0.234;;
966771;unknown;control;2024-01-23 09:45:00+00:00;0.165;;
966771;unknown;control;2024-01-23 10:00:00+00:00;0.127;;
966771;unknown;control;2024-01-23 10:15:00+00:00;0.133;;
966771;unknown;control;2024-01-23 10:30:00+00:00;0.125;;
966771;unknown;control;2024-01-23 10:45:00+00:00;0.141;;
966771;unknown;control;2024-01-23 11:00:00+00:00;0.13;;
966771;unknown;control;2024-01-23 11:15:00+00:00;0.118;;
966771;unknown;control;2024-01-23 11:30:00+00:00;0.177;;
966771;unknown;control;2024-01-23 11:45:00+00:00;0.128;;
966771;unknown;control;2024-01-23 12:00:00+00:00;0.111;;
966771;unknown;control;2024-01-23 12:15:00+00:00;0.115;;
966771;unknown;control;2024-01-23 12:30:00+00:00;0.102;;
966771;unknown;control;2024-01-23 12:45:00+00:00;0.093;;
966771;unknown;control;2024-01-23 13:00:00+00:00;0.153;;
966771;unknown;control;2024-01-23 13:15:00+00:00;0.141;;
966771;unknown;control;2024-01-23 13:30:00+00:00;0.184;;
966771;unknown;control;2024-01-23 13:45:00+00:00;0.257;;
966771;unknown;control;2024-01-23 14:00:00+00:00;0.196;;
966771;unknown;control;2024-01-23 14:15:00+00:00;0.194;;
966771;unknown;control;2024-01-23 14:30:00+00:00;0.209;;
966771;unknown;control;2024-01-23 14:45:00+00:00;0.213;;
966771;unknown;control;2024-01-23 15:00:00+00:00;0.191;;
966771;unknown;control;2024-01-23 15:15:00+00:00;0.213;;
966771;unknown;control;2024-01-23 15:30:00+00:00;0.666;;
966771;unknown;control;2024-01-23 15:45:00+00:00;0.996;;
966771;unknown;control;2024-01-23 16:00:00+00:00;0.411;;
966771;unknown;control;2024-01-23 16:15:00+00:00;0.282;;
966771;unknown;control;2024-01-23 16:30:00+00:00;0.404;;
966771;unknown;control;2024-01-23 16:45:00+00:00;0.428;;
966771;unknown;control;2024-01-23 17:00:00+00:00;1.049;;
966771;unknown;control;2024-01-23 17:15:00+00:00;0.542;;
966771;unknown;control;2024-01-23 17:30:00+00:00;0.278;;
966771;unknown;control;2024-01-23 17:45:00+00:00;0.277;;
966771;unknown;control;2024-01-23 18:00:00+00:00;0.252;;
966771;unknown;control;2024-01-23 18:15:00+00:00;0.275;;
966771;unknown;control;2024-01-23 18:30:00+00:00;0.482;;
966771;unknown;control;2024-01-23 18:45:00+00:00;1.033;;
966771;unknown;control;2024-01-23 19:00:00+00:00;0.412;;
966771;unknown;control;2024-01-23 19:15:00+00:00;0.254;;
966771;unknown;control;2024-01-23 19:30:00+00:00;0.246;;
966771;unknown;control;2024-01-23 19:45:00+00:00;0.278;;
966771;unknown;control;2024-01-23 20:00:00+00:00;0.283;;
966771;unknown;control;2024-01-23 20:15:00+00:00;0.269;;
966771;unknown;control;2024-01-23 20:30:00+00:00;0.675;;
966771;unknown;control;2024-01-23 20:45:00+00:00;0.882;;
966771;unknown;control;2024-01-23 21:00:00+00:00;0.262;;
966771;unknown;control;2024-01-23 21:15:00+00:00;0.266;;
966771;unknown;control;2024-01-23 21:30:00+00:00;0.199;;
966771;unknown;control;2024-01-23 21:45:00+00:00;0.23;;
966771;unknown;control;2024-01-23 22:00:00+00:00;0.925;;
966771;unknown;control;2024-01-23 22:15:00+00:00;0.21;;
966771;unknown;control;2024-01-23 22:30:00+00:00;0.203;;
966771;unknown;control;2024-01-23 22:45:00+00:00;0.21;;
966771;unknown;control;2024-01-23 23:00:00+00:00;0.215;;
966771;unknown;control;2024-01-23 23:15:00+00:00;0.218;;
966771;unknown;control;2024-01-23 23:30:00+00:00;0.215;;
966771;unknown;control;2024-01-23 23:45:00+00:00;0.201;;
966771;unknown;control;2024-01-24 00:00:00+00:00;0.204;;
966771;unknown;control;2024-01-24 00:15:00+00:00;0.206;;
966771;unknown;control;2024-01-24 00:30:00+00:00;0.199;;
966771;unknown;control;2024-01-24 00:45:00+00:00;0.196;;
966771;unknown;control;2024-01-24 01:00:00+00:00;0.188;;
966771;unknown;control;2024-01-24 01:15:00+00:00;0.194;;
966771;unknown;control;2024-01-24 01:30:00+00:00;1.417;;
966771;unknown;control;2024-01-24 01:45:00+00:00;1.425;;
966771;unknown;control;2024-01-24 02:00:00+00:00;1.431;;
966771;unknown;control;2024-01-24 02:15:00+00:00;1.195;;
966771;unknown;control;2024-01-24 02:30:00+00:00;0.207;;
966771;unknown;control;2024-01-24 02:45:00+00:00;0.149;;
966771;unknown;control;2024-01-24 03:00:00+00:00;0.184;;
966771;unknown;control;2024-01-24 03:15:00+00:00;0.22;;
966771;unknown;control;2024-01-24 03:30:00+00:00;0.166;;
966771;unknown;control;2024-01-24 03:45:00+00:00;0.19;;
966771;unknown;control;2024-01-24 04:00:00+00:00;0.155;;
966771;unknown;control;2024-01-24 04:15:00+00:00;0.137;;
966771;unknown;control;2024-01-24 04:30:00+00:00;0.149;;
966771;unknown;control;2024-01-24 04:45:00+00:00;0.145;;
966771;unknown;control;2024-01-24 05:00:00+00:00;0.345;;
966771;unknown;control;2024-01-24 05:15:00+00:00;0.668;;
966771;unknown;control;2024-01-24 05:30:00+00:00;0.184;;
966771;unknown;control;2024-01-24 05:45:00+00:00;0.854;;
966771;unknown;control;2024-01-24 06:00:00+00:00;0.188;;
966771;unknown;control;2024-01-24 06:15:00+00:00;0.157;;
966771;unknown;control;2024-01-24 06:30:00+00:00;0.117;;
966771;unknown;control;2024-01-24 06:45:00+00:00;0.154;;
966771;unknown;control;2024-01-24 07:00:00+00:00;0.134;;
966771;unknown;control;2024-01-24 07:15:00+00:00;0.131;;
966771;unknown;control;2024-01-24 07:30:00+00:00;0.46;;
966771;unknown;control;2024-01-24 07:45:00+00:00;0.14;;
966771;unknown;control;2024-01-24 08:00:00+00:00;0.143;;
966771;unknown;control;2024-01-24 08:15:00+00:00;0.141;;
966771;unknown;control;2024-01-24 08:30:00+00:00;0.117;;
966771;unknown;control;2024-01-24 08:45:00+00:00;0.109;;
966771;unknown;control;2024-01-24 09:00:00+00:00;0.1;;
966771;unknown;control;2024-01-24 09:15:00+00:00;0.134;;
966771;unknown;control;2024-01-24 09:30:00+00:00;0.278;;
966771;unknown;control;2024-01-24 09:45:00+00:00;0.126;;
966771;unknown;control;2024-01-24 10:00:00+00:00;0.404;;
966771;unknown;control;2024-01-24 10:15:00+00:00;0.126;;
966771;unknown;control;2024-01-24 10:30:00+00:00;0.139;;
966771;unknown;control;2024-01-24 10:45:00+00:00;0.132;;
966771;unknown;control;2024-01-24 11:00:00+00:00;0.128;;
966771;unknown;control;2024-01-24 11:15:00+00:00;0.153;;
966771;unknown;control;2024-01-24 11:30:00+00:00;0.145;;
966771;unknown;control;2024-01-24 11:45:00+00:00;0.129;;
966771;unknown;control;2024-01-24 12:00:00+00:00;0.126;;
966771;unknown;control;2024-01-24 12:15:00+00:00;0.127;;
966771;unknown;control;2024-01-24 12:30:00+00:00;0.124;;
966771;unknown;control;2024-01-24 12:45:00+00:00;0.131;;
966771;unknown;control;2024-01-24 13:00:00+00:00;0.119;;
966771;unknown;control;2024-01-24 13:15:00+00:00;0.116;;
966771;unknown;control;2024-01-24 13:30:00+00:00;0.119;;
966771;unknown;control;2024-01-24 13:45:00+00:00;0.112;;
966771;unknown;control;2024-01-24 14:00:00+00:00;0.121;;
966771;unknown;control;2024-01-24 14:15:00+00:00;0.132;;
966771;unknown;control;2024-01-24 14:30:00+00:00;0.133;;
966771;unknown;control;2024-01-24 14:45:00+00:00;0.13;;
966771;unknown;control;2024-01-24 15:00:00+00:00;0.143;;
966771;unknown;control;2024-01-24 15:15:00+00:00;0.618;;
966771;unknown;control;2024-01-24 15:30:00+00:00;0.241;;
966771;unknown;control;2024-01-24 15:45:00+00:00;0.214;;
966771;unknown;control;2024-01-24 16:00:00+00:00;0.393;;
966771;unknown;control;2024-01-24 16:15:00+00:00;0.526;;
966771;unknown;control;2024-01-24 16:30:00+00:00;0.21;;
966771;unknown;control;2024-01-24 16:45:00+00:00;0.148;;
966771;unknown;control;2024-01-24 17:00:00+00:00;0.34;;
966771;unknown;control;2024-01-24 17:15:00+00:00;0.304;;
966771;unknown;control;2024-01-24 17:30:00+00:00;0.13;;
966771;unknown;control;2024-01-24 17:45:00+00:00;0.129;;
966771;unknown;control;2024-01-24 18:00:00+00:00;0.121;;
966771;unknown;control;2024-01-24 18:15:00+00:00;0.175;;
966771;unknown;control;2024-01-24 18:30:00+00:00;0.276;;
966771;unknown;control;2024-01-24 18:45:00+00:00;0.303;;
966771;unknown;control;2024-01-24 19:00:00+00:00;0.211;;
966771;unknown;control;2024-01-24 19:15:00+00:00;0.202;;
966771;unknown;control;2024-01-24 19:30:00+00:00;0.26;;
966771;unknown;control;2024-01-24 19:45:00+00:00;0.247;;
966771;unknown;control;2024-01-24 20:00:00+00:00;0.175;;
966771;unknown;control;2024-01-24 20:15:00+00:00;0.198;;
966771;unknown;control;2024-01-24 20:30:00+00:00;0.21;;
966771;unknown;control;2024-01-24 20:45:00+00:00;0.221;;
966771;unknown;control;2024-01-24 21:00:00+00:00;0.221;;
966771;unknown;control;2024-01-24 21:15:00+00:00;0.224;;
966771;unknown;control;2024-01-24 21:30:00+00:00;0.237;;
966771;unknown;control;2024-01-24 21:45:00+00:00;0.192;;
966771;unknown;control;2024-01-24 22:00:00+00:00;0.165;;
966771;unknown;control;2024-01-24 22:15:00+00:00;0.549;;
966771;unknown;control;2024-01-24 22:30:00+00:00;0.502;;
966771;unknown;control;2024-01-24 22:45:00+00:00;0.18;;
966771;unknown;control;2024-01-24 23:00:00+00:00;0.197;;
966771;unknown;control;2024-01-24 23:15:00+00:00;0.207;;
966771;unknown;control;2024-01-24 23:30:00+00:00;0.144;;
966771;unknown;control;2024-01-24 23:45:00+00:00;0.173;;
966771;unknown;control;2024-01-25 00:00:00+00:00;0.18;;
966771;unknown;control;2024-01-25 00:15:00+00:00;0.176;;
966771;unknown;control;2024-01-25 00:30:00+00:00;0.183;;
966771;unknown;control;2024-01-25 00:45:00+00:00;0.18;;
966771;unknown;control;2024-01-25 01:00:00+00:00;0.198;;
966771;unknown;control;2024-01-25 01:15:00+00:00;0.189;;
966771;unknown;control;2024-01-25 01:30:00+00:00;1.419;;
966771;unknown;control;2024-01-25 01:45:00+00:00;1.428;;
966771;unknown;control;2024-01-25 02:00:00+00:00;1.422;;
966771;unknown;control;2024-01-25 02:15:00+00:00;1.43;;
966771;unknown;control;2024-01-25 02:30:00+00:00;1.415;;
966771;unknown;control;2024-01-25 02:45:00+00:00;0.678;;
966771;unknown;control;2024-01-25 03:00:00+00:00;0.175;;
966771;unknown;control;2024-01-25 03:15:00+00:00;0.214;;
966771;unknown;control;2024-01-25 03:30:00+00:00;0.181;;
966771;unknown;control;2024-01-25 03:45:00+00:00;0.185;;
966771;unknown;control;2024-01-25 04:00:00+00:00;0.202;;
966771;unknown;control;2024-01-25 04:15:00+00:00;0.159;;
966771;unknown;control;2024-01-25 04:30:00+00:00;0.164;;
966771;unknown;control;2024-01-25 04:45:00+00:00;0.249;;
966771;unknown;control;2024-01-25 05:00:00+00:00;0.771;;
966771;unknown;control;2024-01-25 05:15:00+00:00;0.179;;
966771;unknown;control;2024-01-25 05:30:00+00:00;0.378;;
966771;unknown;control;2024-01-25 05:45:00+00:00;1.505;;
966771;unknown;control;2024-01-25 06:00:00+00:00;0.209;;
966771;unknown;control;2024-01-25 06:15:00+00:00;0.202;;
966771;unknown;control;2024-01-25 06:30:00+00:00;0.193;;
966771;unknown;control;2024-01-25 06:45:00+00:00;0.191;;
966771;unknown;control;2024-01-25 07:00:00+00:00;0.177;;
966771;unknown;control;2024-01-25 07:15:00+00:00;0.173;;
966771;unknown;control;2024-01-25 07:30:00+00:00;0.145;;
966771;unknown;control;2024-01-25 07:45:00+00:00;0.17;;
966771;unknown;control;2024-01-25 08:00:00+00:00;0.173;;
966771;unknown;control;2024-01-25 08:15:00+00:00;0.175;;
966771;unknown;control;2024-01-25 08:30:00+00:00;0.152;;
966771;unknown;control;2024-01-25 08:45:00+00:00;0.452;;
966771;unknown;control;2024-01-25 09:00:00+00:00;0.196;;
966771;unknown;control;2024-01-25 09:15:00+00:00;0.2;;
966771;unknown;control;2024-01-25 09:30:00+00:00;0.131;;
966771;unknown;control;2024-01-25 09:45:00+00:00;0.114;;
966771;unknown;control;2024-01-25 10:00:00+00:00;0.109;;
966771;unknown;control;2024-01-25 10:15:00+00:00;0.13;;
966771;unknown;control;2024-01-25 10:30:00+00:00;0.108;;
966771;unknown;control;2024-01-25 10:45:00+00:00;0.112;;
966771;unknown;control;2024-01-25 11:00:00+00:00;0.113;;
966771;unknown;control;2024-01-25 11:15:00+00:00;0.096;;
966771;unknown;control;2024-01-25 11:30:00+00:00;0.115;;
966771;unknown;control;2024-01-25 11:45:00+00:00;0.104;;
966771;unknown;control;2024-01-25 12:00:00+00:00;0.102;;
966771;unknown;control;2024-01-25 12:15:00+00:00;0.11;;
966771;unknown;control;2024-01-25 12:30:00+00:00;0.103;;
966771;unknown;control;2024-01-25 12:45:00+00:00;0.102;;
966771;unknown;control;2024-01-25 13:00:00+00:00;0.106;;
966771;unknown;control;2024-01-25 13:15:00+00:00;0.096;;
966771;unknown;control;2024-01-25 13:30:00+00:00;0.109;;
966771;unknown;control;2024-01-25 13:45:00+00:00;0.115;;
966771;unknown;control;2024-01-25 14:00:00+00:00;0.096;;
966771;unknown;control;2024-01-25 14:15:00+00:00;0.105;;
966771;unknown;control;2024-01-25 14:30:00+00:00;0.107;;
966771;unknown;control;2024-01-25 14:45:00+00:00;0.198;;
966771;unknown;control;2024-01-25 15:00:00+00:00;0.187;;
966771;unknown;control;2024-01-25 15:15:00+00:00;0.194;;
966771;unknown;control;2024-01-25 15:30:00+00:00;0.214;;
966771;unknown;control;2024-01-25 15:45:00+00:00;0.218;;
966771;unknown;control;2024-01-25 16:00:00+00:00;0.299;;
966771;unknown;control;2024-01-25 16:15:00+00:00;0.678;;
966771;unknown;control;2024-01-25 16:30:00+00:00;0.354;;
966771;unknown;control;2024-01-25 16:45:00+00:00;0.309;;
966771;unknown;control;2024-01-25 17:00:00+00:00;0.314;;
966771;unknown;control;2024-01-25 17:15:00+00:00;0.251;;
966771;unknown;control;2024-01-25 17:30:00+00:00;0.222;;
966771;unknown;control;2024-01-25 17:45:00+00:00;0.476;;
966771;unknown;control;2024-01-25 18:00:00+00:00;0.687;;
966771;unknown;control;2024-01-25 18:15:00+00:00;0.424;;
966771;unknown;control;2024-01-25 18:30:00+00:00;0.261;;
966771;unknown;control;2024-01-25 18:45:00+00:00;0.21;;
966771;unknown;control;2024-01-25 19:00:00+00:00;0.192;;
966771;unknown;control;2024-01-25 19:15:00+00:00;0.202;;
966771;unknown;control;2024-01-25 19:30:00+00:00;0.197;;
966771;unknown;control;2024-01-25 19:45:00+00:00;0.217;;
966771;unknown;control;2024-01-25 20:00:00+00:00;0.201;;
966771;unknown;control;2024-01-25 20:15:00+00:00;0.216;;
966771;unknown;control;2024-01-25 20:30:00+00:00;0.222;;
966771;unknown;control;2024-01-25 20:45:00+00:00;0.222;;
966771;unknown;control;2024-01-25 21:00:00+00:00;0.202;;
966771;unknown;control;2024-01-25 21:15:00+00:00;0.15;;
966771;unknown;control;2024-01-25 21:30:00+00:00;0.16;;
966771;unknown;control;2024-01-25 21:45:00+00:00;0.16;;
966771;unknown;control;2024-01-25 22:00:00+00:00;0.163;;
966771;unknown;control;2024-01-25 22:15:00+00:00;0.185;;
966771;unknown;control;2024-01-25 22:30:00+00:00;0.184;;
966771;unknown;control;2024-01-25 22:45:00+00:00;0.181;;
966771;unknown;control;2024-01-25 23:00:00+00:00;0.17;;
966771;unknown;control;2024-01-25 23:15:00+00:00;0.185;;
966771;unknown;control;2024-01-25 23:30:00+00:00;0.183;;
966771;unknown;control;2024-01-25 23:45:00+00:00;0.175;;
966771;unknown;control;2024-01-26 00:00:00+00:00;0.177;;
966771;unknown;control;2024-01-26 00:15:00+00:00;0.198;;
966771;unknown;control;2024-01-26 00:30:00+00:00;0.174;;
966771;unknown;control;2024-01-26 00:45:00+00:00;0.205;;
966771;unknown;control;2024-01-26 01:00:00+00:00;0.203;;
966771;unknown;control;2024-01-26 01:15:00+00:00;0.186;;
966771;unknown;control;2024-01-26 01:30:00+00:00;1.431;;
966771;unknown;control;2024-01-26 01:45:00+00:00;1.813;;
966771;unknown;control;2024-01-26 02:00:00+00:00;2.173;;
966771;unknown;control;2024-01-26 02:15:00+00:00;1.497;;
966771;unknown;control;2024-01-26 02:30:00+00:00;1.448;;
966771;unknown;control;2024-01-26 02:45:00+00:00;0.333;;
966771;unknown;control;2024-01-26 03:00:00+00:00;0.448;;
966771;unknown;control;2024-01-26 03:15:00+00:00;0.937;;
966771;unknown;control;2024-01-26 03:30:00+00:00;0.179;;
966771;unknown;control;2024-01-26 03:45:00+00:00;0.196;;
966771;unknown;control;2024-01-26 04:00:00+00:00;0.213;;
966771;unknown;control;2024-01-26 04:15:00+00:00;0.195;;
966771;unknown;control;2024-01-26 04:30:00+00:00;0.216;;
966771;unknown;control;2024-01-26 04:45:00+00:00;0.91;;
966771;unknown;control;2024-01-26 05:00:00+00:00;0.389;;
966771;unknown;control;2024-01-26 05:15:00+00:00;0.238;;
966771;unknown;control;2024-01-26 05:30:00+00:00;0.227;;
966771;unknown;control;2024-01-26 05:45:00+00:00;0.213;;
966771;unknown;control;2024-01-26 06:00:00+00:00;0.235;;
966771;unknown;control;2024-01-26 06:15:00+00:00;0.325;;
966771;unknown;control;2024-01-26 06:30:00+00:00;0.219;;
966771;unknown;control;2024-01-26 06:45:00+00:00;0.256;;
966771;unknown;control;2024-01-26 07:00:00+00:00;0.233;;
966771;unknown;control;2024-01-26 07:15:00+00:00;0.242;;
966771;unknown;control;2024-01-26 07:30:00+00:00;0.375;;
966771;unknown;control;2024-01-26 07:45:00+00:00;1.04;;
966771;unknown;control;2024-01-26 08:00:00+00:00;0.642;;
966771;unknown;control;2024-01-26 08:15:00+00:00;0.177;;
966771;unknown;control;2024-01-26 08:30:00+00:00;0.138;;
966771;unknown;control;2024-01-26 08:45:00+00:00;0.169;;
966771;unknown;control;2024-01-26 09:00:00+00:00;0.342;;
966771;unknown;control;2024-01-26 09:15:00+00:00;0.276;;
966771;unknown;control;2024-01-26 09:30:00+00:00;0.536;;
966771;unknown;control;2024-01-26 09:45:00+00:00;0.567;;
966771;unknown;control;2024-01-26 10:00:00+00:00;0.305;;
966771;unknown;control;2024-01-26 10:15:00+00:00;0.265;;
966771;unknown;control;2024-01-26 10:30:00+00:00;0.308;;
966771;unknown;control;2024-01-26 10:45:00+00:00;0.113;;
966771;unknown;control;2024-01-26 11:00:00+00:00;0.125;;
966771;unknown;control;2024-01-26 11:15:00+00:00;0.614;;
966771;unknown;control;2024-01-26 11:30:00+00:00;0.254;;
966771;unknown;control;2024-01-26 11:45:00+00:00;0.144;;
966771;unknown;control;2024-01-26 12:00:00+00:00;0.404;;
966771;unknown;control;2024-01-26 12:15:00+00:00;0.287;;
966771;unknown;control;2024-01-26 12:30:00+00:00;0.155;;
966771;unknown;control;2024-01-26 12:45:00+00:00;0.152;;
966771;unknown;control;2024-01-26 13:00:00+00:00;0.185;;
966771;unknown;control;2024-01-26 13:15:00+00:00;0.143;;
966771;unknown;control;2024-01-26 13:30:00+00:00;0.164;;
966771;unknown;control;2024-01-26 13:45:00+00:00;0.164;;
966771;unknown;control;2024-01-26 14:00:00+00:00;0.141;;
966771;unknown;control;2024-01-26 14:15:00+00:00;0.15;;
966771;unknown;control;2024-01-26 14:30:00+00:00;0.146;;
966771;unknown;control;2024-01-26 14:45:00+00:00;0.152;;
966771;unknown;control;2024-01-26 15:00:00+00:00;0.166;;
966771;unknown;control;2024-01-26 15:15:00+00:00;0.15;;
966771;unknown;control;2024-01-26 15:30:00+00:00;0.162;;
966771;unknown;control;2024-01-26 15:45:00+00:00;0.888;;
966771;unknown;control;2024-01-26 16:00:00+00:00;0.284;;
966771;unknown;control;2024-01-26 16:15:00+00:00;0.191;;
966771;unknown;control;2024-01-26 16:30:00+00:00;0.225;;
966771;unknown;control;2024-01-26 16:45:00+00:00;0.245;;
966771;unknown;control;2024-01-26 17:00:00+00:00;0.207;;
966771;unknown;control;2024-01-26 17:15:00+00:00;0.232;;
966771;unknown;control;2024-01-26 17:30:00+00:00;0.219;;
966771;unknown;control;2024-01-26 17:45:00+00:00;0.255;;
966771;unknown;control;2024-01-26 18:00:00+00:00;0.23;;
966771;unknown;control;2024-01-26 18:15:00+00:00;0.31;;
966771;unknown;control;2024-01-26 18:30:00+00:00;0.241;;
966771;unknown;control;2024-01-26 18:45:00+00:00;0.216;;
966771;unknown;control;2024-01-26 19:00:00+00:00;0.258;;
966771;unknown;control;2024-01-26 19:15:00+00:00;0.258;;
966771;unknown;control;2024-01-26 19:30:00+00:00;0.231;;
966771;unknown;control;2024-01-26 19:45:00+00:00;0.267;;
966771;unknown;control;2024-01-26 20:00:00+00:00;0.269;;
966771;unknown;control;2024-01-26 20:15:00+00:00;0.991;;
966771;unknown;control;2024-01-26 20:30:00+00:00;0.586;;
966771;unknown;control;2024-01-26 20:45:00+00:00;0.258;;
966771;unknown;control;2024-01-26 21:00:00+00:00;0.263;;
966771;unknown;control;2024-01-26 21:15:00+00:00;0.271;;
966771;unknown;control;2024-01-26 21:30:00+00:00;0.256;;
966771;unknown;control;2024-01-26 21:45:00+00:00;0.398;;
966771;unknown;control;2024-01-26 22:00:00+00:00;1.009;;
966771;unknown;control;2024-01-26 22:15:00+00:00;0.389;;
966771;unknown;control;2024-01-26 22:30:00+00:00;0.279;;
966771;unknown;control;2024-01-26 22:45:00+00:00;0.283;;
966771;unknown;control;2024-01-26 23:00:00+00:00;0.272;;
966771;unknown;control;2024-01-26 23:15:00+00:00;0.216;;
966771;unknown;control;2024-01-26 23:30:00+00:00;0.211;;
966771;unknown;control;2024-01-26 23:45:00+00:00;0.228;;
966771;unknown;control;2024-01-27 00:00:00+00:00;0.975;;
966771;unknown;control;2024-01-27 00:15:00+00:00;0.458;;
966771;unknown;control;2024-01-27 00:30:00+00:00;0.259;;
966771;unknown;control;2024-01-27 00:45:00+00:00;0.298;;
966771;unknown;control;2024-01-27 01:00:00+00:00;1.014;;
966771;unknown;control;2024-01-27 01:15:00+00:00;1.052;;
966771;unknown;control;2024-01-27 01:30:00+00:00;2.101;;
966771;unknown;control;2024-01-27 01:45:00+00:00;2.296;;
966771;unknown;control;2024-01-27 02:00:00+00:00;1.611;;
966771;unknown;control;2024-01-27 02:15:00+00:00;1.539;;
966771;unknown;control;2024-01-27 02:30:00+00:00;1.615;;
966771;unknown;control;2024-01-27 02:45:00+00:00;2.187;;
966771;unknown;control;2024-01-27 03:00:00+00:00;1.092;;
966771;unknown;control;2024-01-27 03:15:00+00:00;0.877;;
966771;unknown;control;2024-01-27 03:30:00+00:00;1.111;;
966771;unknown;control;2024-01-27 03:45:00+00:00;1.122;;
966771;unknown;control;2024-01-27 04:00:00+00:00;0.828;;
966771;unknown;control;2024-01-27 04:15:00+00:00;0.345;;
966771;unknown;control;2024-01-27 04:30:00+00:00;0.369;;
966771;unknown;control;2024-01-27 04:45:00+00:00;0.568;;
966771;unknown;control;2024-01-27 05:00:00+00:00;1.104;;
966771;unknown;control;2024-01-27 05:15:00+00:00;1.131;;
966771;unknown;control;2024-01-27 05:30:00+00:00;1.016;;
966771;unknown;control;2024-01-27 05:45:00+00:00;0.366;;
966771;unknown;control;2024-01-27 06:00:00+00:00;0.41;;
966771;unknown;control;2024-01-27 06:15:00+00:00;0.886;;
966771;unknown;control;2024-01-27 06:30:00+00:00;1.148;;
966771;unknown;control;2024-01-27 06:45:00+00:00;1.153;;
966771;unknown;control;2024-01-27 07:00:00+00:00;0.497;;
966771;unknown;control;2024-01-27 07:15:00+00:00;0.357;;
966771;unknown;control;2024-01-27 07:30:00+00:00;0.528;;
966771;unknown;control;2024-01-27 07:45:00+00:00;1.03;;
966771;unknown;control;2024-01-27 08:00:00+00:00;0.959;;
966771;unknown;control;2024-01-27 08:15:00+00:00;0.242;;
966771;unknown;control;2024-01-27 08:30:00+00:00;0.372;;
966771;unknown;control;2024-01-27 08:45:00+00:00;0.203;;
966771;unknown;control;2024-01-27 09:00:00+00:00;0.591;;
966771;unknown;control;2024-01-27 09:15:00+00:00;0.879;;
966771;unknown;control;2024-01-27 09:30:00+00:00;0.431;;
966771;unknown;control;2024-01-27 09:45:00+00:00;0.188;;
966771;unknown;control;2024-01-27 10:00:00+00:00;0.128;;
966771;unknown;control;2024-01-27 10:15:00+00:00;0.116;;
966771;unknown;control;2024-01-27 10:30:00+00:00;0.129;;
966771;unknown;control;2024-01-27 10:45:00+00:00;0.148;;
966771;unknown;control;2024-01-27 11:00:00+00:00;0.142;;
966771;unknown;control;2024-01-27 11:15:00+00:00;0.154;;
966771;unknown;control;2024-01-27 11:30:00+00:00;0.155;;
966771;unknown;control;2024-01-27 11:45:00+00:00;0.207;;
966771;unknown;control;2024-01-27 12:00:00+00:00;0.155;;
966771;unknown;control;2024-01-27 12:15:00+00:00;0.213;;
966771;unknown;control;2024-01-27 12:30:00+00:00;0.453;;
966771;unknown;control;2024-01-27 12:45:00+00:00;0.298;;
966771;unknown;control;2024-01-27 13:00:00+00:00;0.203;;
966771;unknown;control;2024-01-27 13:15:00+00:00;0.467;;
966771;unknown;control;2024-01-27 13:30:00+00:00;0.378;;
966771;unknown;control;2024-01-27 13:45:00+00:00;0.41;;
966771;unknown;control;2024-01-27 14:00:00+00:00;0.362;;
966771;unknown;control;2024-01-27 14:15:00+00:00;0.217;;
966771;unknown;control;2024-01-27 14:30:00+00:00;0.214;;
966771;unknown;control;2024-01-27 14:45:00+00:00;0.221;;
966771;unknown;control;2024-01-27 15:00:00+00:00;0.199;;
966771;unknown;control;2024-01-27 15:15:00+00:00;0.24;;
966771;unknown;control;2024-01-27 15:30:00+00:00;0.841;;
966771;unknown;control;2024-01-27 15:45:00+00:00;0.962;;
966771;unknown;control;2024-01-27 16:00:00+00:00;0.503;;
966771;unknown;control;2024-01-27 16:15:00+00:00;0.645;;
966771;unknown;control;2024-01-27 16:30:00+00:00;1.31;;
966771;unknown;control;2024-01-27 16:45:00+00:00;1.199;;
966771;unknown;control;2024-01-27 17:00:00+00:00;1.345;;
966771;unknown;control;2024-01-27 17:15:00+00:00;0.939;;
966771;unknown;control;2024-01-27 17:30:00+00:00;0.98;;
966771;unknown;control;2024-01-27 17:45:00+00:00;1.107;;
966771;unknown;control;2024-01-27 18:00:00+00:00;0.959;;
966771;unknown;control;2024-01-27 18:15:00+00:00;1.147;;
966771;unknown;control;2024-01-27 18:30:00+00:00;0.481;;
966771;unknown;control;2024-01-27 18:45:00+00:00;0.363;;
966771;unknown;control;2024-01-27 19:00:00+00:00;0.639;;
966771;unknown;control;2024-01-27 19:15:00+00:00;1.117;;
966771;unknown;control;2024-01-27 19:30:00+00:00;0.9;;
966771;unknown;control;2024-01-27 19:45:00+00:00;0.36;;
966771;unknown;control;2024-01-27 20:00:00+00:00;0.361;;
966771;unknown;control;2024-01-27 20:15:00+00:00;0.749;;
966771;unknown;control;2024-01-27 20:30:00+00:00;1.133;;
966771;unknown;control;2024-01-27 20:45:00+00:00;1.097;;
966771;unknown;control;2024-01-27 21:00:00+00:00;0.412;;
966771;unknown;control;2024-01-27 21:15:00+00:00;0.548;;
966771;unknown;control;2024-01-27 21:30:00+00:00;0.426;;
966771;unknown;control;2024-01-27 21:45:00+00:00;1.142;;
966771;unknown;control;2024-01-27 22:00:00+00:00;1.007;;
966771;unknown;control;2024-01-27 22:15:00+00:00;1.201;;
966771;unknown;control;2024-01-27 22:30:00+00:00;0.515;;
966771;unknown;control;2024-01-27 22:45:00+00:00;0.383;;
966771;unknown;control;2024-01-27 23:00:00+00:00;0.659;;
966771;unknown;control;2024-01-27 23:15:00+00:00;1.102;;
966771;unknown;control;2024-01-27 23:30:00+00:00;1.14;;
966771;unknown;control;2024-01-27 23:45:00+00:00;1.134;;
966771;unknown;control;2024-01-28 00:00:00+00:00;0.87;;
966771;unknown;control;2024-01-28 00:15:00+00:00;1.111;;
966771;unknown;control;2024-01-28 00:30:00+00:00;1.157;;
966771;unknown;control;2024-01-28 00:45:00+00:00;0.632;;
966771;unknown;control;2024-01-28 01:00:00+00:00;0.38;;
966771;unknown;control;2024-01-28 01:15:00+00:00;0.433;;
966771;unknown;control;2024-01-28 01:30:00+00:00;2.205;;
966771;unknown;control;2024-01-28 01:45:00+00:00;2.333;;
966771;unknown;control;2024-01-28 02:00:00+00:00;2.351;;
966771;unknown;control;2024-01-28 02:15:00+00:00;2.342;;
966771;unknown;control;2024-01-28 02:30:00+00:00;2.329;;
966771;unknown;control;2024-01-28 02:45:00+00:00;2.122;;
966771;unknown;control;2024-01-28 03:00:00+00:00;1.578;;
966771;unknown;control;2024-01-28 03:15:00+00:00;1.392;;
966771;unknown;control;2024-01-28 03:30:00+00:00;0.662;;
966771;unknown;control;2024-01-28 03:45:00+00:00;1.142;;
966771;unknown;control;2024-01-28 04:00:00+00:00;1.158;;
966771;unknown;control;2024-01-28 04:15:00+00:00;0.405;;
966771;unknown;control;2024-01-28 04:30:00+00:00;0.498;;
966771;unknown;control;2024-01-28 04:45:00+00:00;1.136;;
966771;unknown;control;2024-01-28 05:00:00+00:00;0.879;;
966771;unknown;control;2024-01-28 05:15:00+00:00;1.079;;
966771;unknown;control;2024-01-28 05:30:00+00:00;1.124;;
966771;unknown;control;2024-01-28 05:45:00+00:00;1.112;;
966771;unknown;control;2024-01-28 06:00:00+00:00;0.995;;
966771;unknown;control;2024-01-28 06:15:00+00:00;0.323;;
966771;unknown;control;2024-01-28 06:30:00+00:00;0.325;;
966771;unknown;control;2024-01-28 06:45:00+00:00;0.318;;
966771;unknown;control;2024-01-28 07:00:00+00:00;0.446;;
966771;unknown;control;2024-01-28 07:15:00+00:00;1.112;;
966771;unknown;control;2024-01-28 07:30:00+00:00;1.085;;
966771;unknown;control;2024-01-28 07:45:00+00:00;0.791;;
966771;unknown;control;2024-01-28 08:00:00+00:00;0.624;;
966771;unknown;control;2024-01-28 08:15:00+00:00;0.349;;
966771;unknown;control;2024-01-28 08:30:00+00:00;0.291;;
966771;unknown;control;2024-01-28 08:45:00+00:00;0.269;;
966771;unknown;control;2024-01-28 09:00:00+00:00;0.536;;
966771;unknown;control;2024-01-28 09:15:00+00:00;0.938;;
966771;unknown;control;2024-01-28 09:30:00+00:00;1.01;;
966771;unknown;control;2024-01-28 09:45:00+00:00;0.44;;
966771;unknown;control;2024-01-28 10:00:00+00:00;0.219;;
966771;unknown;control;2024-01-28 10:15:00+00:00;0.23;;
966771;unknown;control;2024-01-28 10:30:00+00:00;0.257;;
966771;unknown;control;2024-01-28 10:45:00+00:00;0.217;;
966771;unknown;control;2024-01-28 11:00:00+00:00;0.273;;
966771;unknown;control;2024-01-28 11:15:00+00:00;0.451;;
966771;unknown;control;2024-01-28 11:30:00+00:00;0.92;;
966771;unknown;control;2024-01-28 11:45:00+00:00;0.702;;
966771;unknown;control;2024-01-28 12:00:00+00:00;0.63;;
966771;unknown;control;2024-01-28 12:15:00+00:00;0.159;;
966771;unknown;control;2024-01-28 12:30:00+00:00;0.159;;
966771;unknown;control;2024-01-28 12:45:00+00:00;0.414;;
966771;unknown;control;2024-01-28 13:00:00+00:00;0.496;;
966771;unknown;control;2024-01-28 13:15:00+00:00;0.256;;
966771;unknown;control;2024-01-28 13:30:00+00:00;0.28;;
966771;unknown;control;2024-01-28 13:45:00+00:00;0.883;;
966771;unknown;control;2024-01-28 14:00:00+00:00;1.065;;
966771;unknown;control;2024-01-28 14:15:00+00:00;0.499;;
966771;unknown;control;2024-01-28 14:30:00+00:00;0.325;;
966771;unknown;control;2024-01-28 14:45:00+00:00;0.337;;
966771;unknown;control;2024-01-28 15:00:00+00:00;0.981;;
966771;unknown;control;2024-01-28 15:15:00+00:00;1.098;;
966771;unknown;control;2024-01-28 15:30:00+00:00;0.334;;
966771;unknown;control;2024-01-28 15:45:00+00:00;0.397;;
966771;unknown;control;2024-01-28 16:00:00+00:00;1.046;;
966771;unknown;control;2024-01-28 16:15:00+00:00;1.164;;
966771;unknown;control;2024-01-28 16:30:00+00:00;1.056;;
966771;unknown;control;2024-01-28 16:45:00+00:00;1.274;;
966771;unknown;control;2024-01-28 17:00:00+00:00;1.302;;
966771;unknown;control;2024-01-28 17:15:00+00:00;0.709;;
966771;unknown;control;2024-01-28 17:30:00+00:00;0.38;;
966771;unknown;control;2024-01-28 17:45:00+00:00;0.888;;
966771;unknown;control;2024-01-28 18:00:00+00:00;1.259;;
966771;unknown;control;2024-01-28 18:15:00+00:00;1.123;;
966771;unknown;control;2024-01-28 18:30:00+00:00;0.485;;
966771;unknown;control;2024-01-28 18:45:00+00:00;0.366;;
966771;unknown;control;2024-01-28 19:00:00+00:00;0.449;;
966771;unknown;control;2024-01-28 19:15:00+00:00;1.027;;
966771;unknown;control;2024-01-28 19:30:00+00:00;1.151;;
966771;unknown;control;2024-01-28 19:45:00+00:00;1.113;;
966771;unknown;control;2024-01-28 20:00:00+00:00;0.402;;
966771;unknown;control;2024-01-28 20:15:00+00:00;0.394;;
966771;unknown;control;2024-01-28 20:30:00+00:00;0.447;;
966771;unknown;control;2024-01-28 20:45:00+00:00;1.038;;
966771;unknown;control;2024-01-28 21:00:00+00:00;1.088;;
966771;unknown;control;2024-01-28 21:15:00+00:00;1.112;;
966771;unknown;control;2024-01-28 21:30:00+00:00;0.323;;
966771;unknown;control;2024-01-28 21:45:00+00:00;0.334;;
966771;unknown;control;2024-01-28 22:00:00+00:00;0.392;;
966771;unknown;control;2024-01-28 22:15:00+00:00;0.946;;
966771;unknown;control;2024-01-28 22:30:00+00:00;1.124;;
966771;unknown;control;2024-01-28 22:45:00+00:00;1.108;;
966771;unknown;control;2024-01-28 23:00:00+00:00;0.377;;
966771;unknown;control;2024-01-28 23:15:00+00:00;0.348;;
966771;unknown;control;2024-01-28 23:30:00+00:00;0.397;;
966771;unknown;control;2024-01-28 23:45:00+00:00;0.923;;
966771;unknown;control;2024-01-29 00:00:00+00:00;1.117;;
966771;unknown;control;2024-01-29 00:15:00+00:00;1.117;;
966771;unknown;control;2024-01-29 00:30:00+00:00;1.118;;
966771;unknown;control;2024-01-29 00:45:00+00:00;1.12;;
966771;unknown;control;2024-01-29 01:00:00+00:00;0.355;;
966771;unknown;control;2024-01-29 01:15:00+00:00;0.349;;
966771;unknown;control;2024-01-29 01:30:00+00:00;1.666;;
966771;unknown;control;2024-01-29 01:45:00+00:00;2.111;;
966771;unknown;control;2024-01-29 02:00:00+00:00;2.334;;
966771;unknown;control;2024-01-29 02:15:00+00:00;2.341;;
966771;unknown;control;2024-01-29 02:30:00+00:00;2.335;;
966771;unknown;control;2024-01-29 02:45:00+00:00;1.926;;
966771;unknown;control;2024-01-29 03:00:00+00:00;1.572;;
966771;unknown;control;2024-01-29 03:15:00+00:00;1.575;;
966771;unknown;control;2024-01-29 03:30:00+00:00;1.241;;
966771;unknown;control;2024-01-29 03:45:00+00:00;1.097;;
966771;unknown;control;2024-01-29 04:00:00+00:00;1.101;;
966771;unknown;control;2024-01-29 04:15:00+00:00;0.337;;
966771;unknown;control;2024-01-29 04:30:00+00:00;0.356;;
966771;unknown;control;2024-01-29 04:45:00+00:00;1.012;;
966771;unknown;control;2024-01-29 05:00:00+00:00;0.78;;
966771;unknown;control;2024-01-29 05:15:00+00:00;1.121;;
966771;unknown;control;2024-01-29 05:30:00+00:00;1.225;;
966771;unknown;control;2024-01-29 05:45:00+00:00;1.135;;
966771;unknown;control;2024-01-29 06:00:00+00:00;0.634;;
966771;unknown;control;2024-01-29 06:15:00+00:00;0.482;;
966771;unknown;control;2024-01-29 06:30:00+00:00;0.699;;
966771;unknown;control;2024-01-29 06:45:00+00:00;0.9;;
966771;unknown;control;2024-01-29 07:00:00+00:00;1.189;;
966771;unknown;control;2024-01-29 07:15:00+00:00;1.197;;
966771;unknown;control;2024-01-29 07:30:00+00:00;1.129;;
966771;unknown;control;2024-01-29 07:45:00+00:00;0.841;;
966771;unknown;control;2024-01-29 08:00:00+00:00;0.671;;
966771;unknown;control;2024-01-29 08:15:00+00:00;0.341;;
966771;unknown;control;2024-01-29 08:30:00+00:00;0.527;;
966771;unknown;control;2024-01-29 08:45:00+00:00;1.079;;
966771;unknown;control;2024-01-29 09:00:00+00:00;1.105;;
966771;unknown;control;2024-01-29 09:15:00+00:00;1.745;;
966771;unknown;control;2024-01-29 09:30:00+00:00;1.104;;
966771;unknown;control;2024-01-29 09:45:00+00:00;0.3;;
966771;unknown;control;2024-01-29 10:00:00+00:00;0.541;;
966771;unknown;control;2024-01-29 10:15:00+00:00;0.344;;
966771;unknown;control;2024-01-29 10:30:00+00:00;0.273;;
966771;unknown;control;2024-01-29 10:45:00+00:00;0.242;;
966771;unknown;control;2024-01-29 11:00:00+00:00;0.247;;
966771;unknown;control;2024-01-29 11:15:00+00:00;0.202;;
966771;unknown;control;2024-01-29 11:30:00+00:00;0.192;;
966771;unknown;control;2024-01-29 11:45:00+00:00;0.181;;
966771;unknown;control;2024-01-29 12:00:00+00:00;0.739;;
966771;unknown;control;2024-01-29 12:15:00+00:00;1.033;;
966771;unknown;control;2024-01-29 12:30:00+00:00;0.515;;
966771;unknown;control;2024-01-29 12:45:00+00:00;0.383;;
966771;unknown;control;2024-01-29 13:00:00+00:00;0.355;;
966771;unknown;control;2024-01-29 13:15:00+00:00;0.572;;
966771;unknown;control;2024-01-29 13:30:00+00:00;0.982;;
966771;unknown;control;2024-01-29 13:45:00+00:00;0.684;;
966771;unknown;control;2024-01-29 14:00:00+00:00;0.386;;
966771;unknown;control;2024-01-29 14:15:00+00:00;0.422;;
966771;unknown;control;2024-01-29 14:30:00+00:00;0.52;;
966771;unknown;control;2024-01-29 14:45:00+00:00;1.022;;
966771;unknown;control;2024-01-29 15:00:00+00:00;0.279;;
966771;unknown;control;2024-01-29 15:15:00+00:00;0.322;;
966771;unknown;control;2024-01-29 15:30:00+00:00;0.761;;
966771;unknown;control;2024-01-29 15:45:00+00:00;1.067;;
966771;unknown;control;2024-01-29 16:00:00+00:00;1.128;;
966771;unknown;control;2024-01-29 16:15:00+00:00;0.89;;
966771;unknown;control;2024-01-29 16:30:00+00:00;1.189;;
966771;unknown;control;2024-01-29 16:45:00+00:00;0.838;;
966771;unknown;control;2024-01-29 17:00:00+00:00;0.356;;
966771;unknown;control;2024-01-29 17:15:00+00:00;0.448;;
966771;unknown;control;2024-01-29 17:30:00+00:00;0.867;;
966771;unknown;control;2024-01-29 17:45:00+00:00;1.218;;
966771;unknown;control;2024-01-29 18:00:00+00:00;0.835;;
966771;unknown;control;2024-01-29 18:15:00+00:00;0.466;;
966771;unknown;control;2024-01-29 18:30:00+00:00;0.459;;
966771;unknown;control;2024-01-29 18:45:00+00:00;1.052;;
966771;unknown;control;2024-01-29 19:00:00+00:00;1.18;;
966771;unknown;control;2024-01-29 19:15:00+00:00;1.177;;
966771;unknown;control;2024-01-29 19:30:00+00:00;0.477;;
966771;unknown;control;2024-01-29 19:45:00+00:00;0.413;;
966771;unknown;control;2024-01-29 20:00:00+00:00;0.731;;
966771;unknown;control;2024-01-29 20:15:00+00:00;1.167;;
966771;unknown;control;2024-01-29 20:30:00+00:00;1.164;;
966771;unknown;control;2024-01-29 20:45:00+00:00;0.578;;
966771;unknown;control;2024-01-29 21:00:00+00:00;0.362;;
966771;unknown;control;2024-01-29 21:15:00+00:00;0.561;;
966771;unknown;control;2024-01-29 21:30:00+00:00;0.5;;
966771;unknown;control;2024-01-29 21:45:00+00:00;1.13;;
966771;unknown;control;2024-01-29 22:00:00+00:00;1.099;;
966771;unknown;control;2024-01-29 22:15:00+00:00;1.052;;
966771;unknown;control;2024-01-29 22:30:00+00:00;0.902;;
966771;unknown;control;2024-01-29 22:45:00+00:00;1.12;;
966771;unknown;control;2024-01-29 23:00:00+00:00;1.109;;
966771;unknown;control;2024-01-29 23:15:00+00:00;0.512;;
966771;unknown;control;2024-01-29 23:30:00+00:00;0.339;;
966771;unknown;control;2024-01-29 23:45:00+00:00;0.412;;
966771;unknown;control;2024-01-30 00:00:00+00:00;0.92;;
966771;unknown;control;2024-01-30 00:15:00+00:00;1.093;;
966771;unknown;control;2024-01-30 00:30:00+00:00;1.115;;
966771;unknown;control;2024-01-30 00:45:00+00:00;1.004;;
966771;unknown;control;2024-01-30 01:00:00+00:00;0.359;;
966771;unknown;control;2024-01-30 01:15:00+00:00;0.35;;
966771;unknown;control;2024-01-30 01:30:00+00:00;1.652;;
966771;unknown;control;2024-01-30 01:45:00+00:00;2.187;;
966771;unknown;control;2024-01-30 02:00:00+00:00;2.324;;
966771;unknown;control;2024-01-30 02:15:00+00:00;2.342;;
966771;unknown;control;2024-01-30 02:30:00+00:00;2.347;;
966771;unknown;control;2024-01-30 02:45:00+00:00;2.347;;
966771;unknown;control;2024-01-30 03:00:00+00:00;1.972;;
966771;unknown;control;2024-01-30 03:15:00+00:00;0.818;;
966771;unknown;control;2024-01-30 03:30:00+00:00;0.919;;
966771;unknown;control;2024-01-30 03:45:00+00:00;1.154;;
966771;unknown;control;2024-01-30 04:00:00+00:00;1.141;;
966771;unknown;control;2024-01-30 04:15:00+00:00;0.359;;
966771;unknown;control;2024-01-30 04:30:00+00:00;0.366;;
966771;unknown;control;2024-01-30 04:45:00+00:00;0.367;;
966771;unknown;control;2024-01-30 05:00:00+00:00;0.366;;
966771;unknown;control;2024-01-30 05:15:00+00:00;0.785;;
966771;unknown;control;2024-01-30 05:30:00+00:00;1.128;;
966771;unknown;control;2024-01-30 05:45:00+00:00;2.174;;
966771;unknown;control;2024-01-30 06:00:00+00:00;1.256;;
966771;unknown;control;2024-01-30 06:15:00+00:00;1.133;;
966771;unknown;control;2024-01-30 06:30:00+00:00;1.148;;
966771;unknown;control;2024-01-30 06:45:00+00:00;0.745;;
966771;unknown;control;2024-01-30 07:00:00+00:00;0.377;;
966771;unknown;control;2024-01-30 07:15:00+00:00;0.373;;
966771;unknown;control;2024-01-30 07:30:00+00:00;0.346;;
966771;unknown;control;2024-01-30 07:45:00+00:00;0.396;;
966771;unknown;control;2024-01-30 08:00:00+00:00;0.723;;
966771;unknown;control;2024-01-30 08:15:00+00:00;1.271;;
966771;unknown;control;2024-01-30 08:30:00+00:00;1.212;;
966771;unknown;control;2024-01-30 08:45:00+00:00;1.06;;
966771;unknown;control;2024-01-30 09:00:00+00:00;0.284;;
966771;unknown;control;2024-01-30 09:15:00+00:00;0.272;;
966771;unknown;control;2024-01-30 09:30:00+00:00;0.221;;
966771;unknown;control;2024-01-30 09:45:00+00:00;0.208;;
966771;unknown;control;2024-01-30 10:00:00+00:00;0.197;;
966771;unknown;control;2024-01-30 10:15:00+00:00;0.411;;
966771;unknown;control;2024-01-30 10:30:00+00:00;0.221;;
966771;unknown;control;2024-01-30 10:45:00+00:00;0.126;;
966771;unknown;control;2024-01-30 11:00:00+00:00;0.107;;
966771;unknown;control;2024-01-30 11:15:00+00:00;0.107;;
966771;unknown;control;2024-01-30 11:30:00+00:00;0.112;;
966771;unknown;control;2024-01-30 11:45:00+00:00;0.11;;
966771;unknown;control;2024-01-30 12:00:00+00:00;0.113;;
966771;unknown;control;2024-01-30 12:15:00+00:00;0.112;;
966771;unknown;control;2024-01-30 12:30:00+00:00;0.104;;
966771;unknown;control;2024-01-30 12:45:00+00:00;0.116;;
966771;unknown;control;2024-01-30 13:00:00+00:00;0.116;;
966771;unknown;control;2024-01-30 13:15:00+00:00;0.114;;
966771;unknown;control;2024-01-30 13:30:00+00:00;0.116;;
966771;unknown;control;2024-01-30 13:45:00+00:00;0.184;;
966771;unknown;control;2024-01-30 14:00:00+00:00;0.102;;
966771;unknown;control;2024-01-30 14:15:00+00:00;0.558;;
966771;unknown;control;2024-01-30 14:30:00+00:00;0.634;;
966771;unknown;control;2024-01-30 14:45:00+00:00;0.216;;
966771;unknown;control;2024-01-30 15:00:00+00:00;0.177;;
966771;unknown;control;2024-01-30 15:15:00+00:00;0.201;;
966771;unknown;control;2024-01-30 15:30:00+00:00;0.988;;
966771;unknown;control;2024-01-30 15:45:00+00:00;0.997;;
966771;unknown;control;2024-01-30 16:00:00+00:00;0.256;;
966771;unknown;control;2024-01-30 16:15:00+00:00;0.268;;
966771;unknown;control;2024-01-30 16:30:00+00:00;0.317;;
966771;unknown;control;2024-01-30 16:45:00+00:00;0.307;;
966771;unknown;control;2024-01-30 17:00:00+00:00;0.995;;
966771;unknown;control;2024-01-30 17:15:00+00:00;1.101;;
966771;unknown;control;2024-01-30 17:30:00+00:00;0.337;;
966771;unknown;control;2024-01-30 17:45:00+00:00;0.309;;
966771;unknown;control;2024-01-30 18:00:00+00:00;0.291;;
966771;unknown;control;2024-01-30 18:15:00+00:00;0.969;;
966771;unknown;control;2024-01-30 18:30:00+00:00;0.866;;
966771;unknown;control;2024-01-30 18:45:00+00:00;0.259;;
966771;unknown;control;2024-01-30 19:00:00+00:00;0.285;;
966771;unknown;control;2024-01-30 19:15:00+00:00;0.267;;
966771;unknown;control;2024-01-30 19:30:00+00:00;0.844;;
966771;unknown;control;2024-01-30 19:45:00+00:00;1.091;;
966771;unknown;control;2024-01-30 20:00:00+00:00;0.681;;
966771;unknown;control;2024-01-30 20:15:00+00:00;0.358;;
966771;unknown;control;2024-01-30 20:30:00+00:00;0.419;;
966771;unknown;control;2024-01-30 20:45:00+00:00;1.076;;
966771;unknown;control;2024-01-30 21:00:00+00:00;0.973;;
966771;unknown;control;2024-01-30 21:15:00+00:00;0.28;;
966771;unknown;control;2024-01-30 21:30:00+00:00;0.283;;
966771;unknown;control;2024-01-30 21:45:00+00:00;0.486;;
966771;unknown;control;2024-01-30 22:00:00+00:00;1.069;;
966771;unknown;control;2024-01-30 22:15:00+00:00;0.783;;
966771;unknown;control;2024-01-30 22:30:00+00:00;0.299;;
966771;unknown;control;2024-01-30 22:45:00+00:00;0.322;;
966771;unknown;control;2024-01-30 23:00:00+00:00;0.732;;
966771;unknown;control;2024-01-30 23:15:00+00:00;1.085;;
966771;unknown;control;2024-01-30 23:30:00+00:00;1.094;;
966771;unknown;control;2024-01-30 23:45:00+00:00;0.542;;
966771;unknown;control;2024-01-31 00:00:00+00:00;0.289;;
966771;unknown;control;2024-01-31 00:15:00+00:00;0.298;;
966771;unknown;control;2024-01-31 00:30:00+00:00;0.325;;
966771;unknown;control;2024-01-31 00:45:00+00:00;0.93;;
966771;unknown;control;2024-01-31 01:00:00+00:00;1.114;;
966771;unknown;control;2024-01-31 01:15:00+00:00;1.104;;
966771;unknown;control;2024-01-31 01:30:00+00:00;1.651;;
966771;unknown;control;2024-01-31 01:45:00+00:00;1.55;;
966771;unknown;control;2024-01-31 02:00:00+00:00;1.658;;
966771;unknown;control;2024-01-31 02:15:00+00:00;2.283;;
966771;unknown;control;2024-01-31 02:30:00+00:00;2.307;;
966771;unknown;control;2024-01-31 02:45:00+00:00;1.292;;
966771;unknown;control;2024-01-31 03:00:00+00:00;0.341;;
966771;unknown;control;2024-01-31 03:15:00+00:00;0.34;;
966771;unknown;control;2024-01-31 03:30:00+00:00;0.788;;
966771;unknown;control;2024-01-31 03:45:00+00:00;1.119;;
966771;unknown;control;2024-01-31 04:00:00+00:00;1.136;;
966771;unknown;control;2024-01-31 04:15:00+00:00;0.325;;
966771;unknown;control;2024-01-31 04:30:00+00:00;0.34;;
966771;unknown;control;2024-01-31 04:45:00+00:00;0.426;;
966771;unknown;control;2024-01-31 05:00:00+00:00;1.035;;
966771;unknown;control;2024-01-31 05:15:00+00:00;1.131;;
966771;unknown;control;2024-01-31 05:30:00+00:00;1.146;;
966771;unknown;control;2024-01-31 05:45:00+00:00;1.217;;
966771;unknown;control;2024-01-31 06:00:00+00:00;0.877;;
966771;unknown;control;2024-01-31 06:15:00+00:00;0.388;;
966771;unknown;control;2024-01-31 06:30:00+00:00;0.378;;
966771;unknown;control;2024-01-31 06:45:00+00:00;0.73;;
966771;unknown;control;2024-01-31 07:00:00+00:00;1.148;;
966771;unknown;control;2024-01-31 07:15:00+00:00;1.123;;
966771;unknown;control;2024-01-31 07:30:00+00:00;1.099;;
966771;unknown;control;2024-01-31 07:45:00+00:00;0.737;;
966771;unknown;control;2024-01-31 08:00:00+00:00;0.255;;
966771;unknown;control;2024-01-31 08:15:00+00:00;0.263;;
966771;unknown;control;2024-01-31 08:30:00+00:00;0.289;;
966771;unknown;control;2024-01-31 08:45:00+00:00;0.249;;
966771;unknown;control;2024-01-31 09:00:00+00:00;0.248;;
966771;unknown;control;2024-01-31 09:15:00+00:00;0.207;;
966771;unknown;control;2024-01-31 09:30:00+00:00;0.267;;
966771;unknown;control;2024-01-31 09:45:00+00:00;0.833;;
966771;unknown;control;2024-01-31 10:00:00+00:00;0.781;;
966771;unknown;control;2024-01-31 10:15:00+00:00;0.153;;
966771;unknown;control;2024-01-31 10:30:00+00:00;0.188;;
966771;unknown;control;2024-01-31 10:45:00+00:00;0.121;;
966771;unknown;control;2024-01-31 11:00:00+00:00;0.126;;
966771;unknown;control;2024-01-31 11:15:00+00:00;0.108;;
966771;unknown;control;2024-01-31 11:30:00+00:00;0.151;;
966771;unknown;control;2024-01-31 11:45:00+00:00;0.118;;
966771;unknown;control;2024-01-31 12:00:00+00:00;0.111;;
966771;unknown;control;2024-01-31 12:15:00+00:00;0.1;;
966771;unknown;control;2024-01-31 12:30:00+00:00;0.115;;
966771;unknown;control;2024-01-31 12:45:00+00:00;0.107;;
966771;unknown;control;2024-01-31 13:00:00+00:00;0.107;;
966771;unknown;control;2024-01-31 13:15:00+00:00;0.111;;
966771;unknown;control;2024-01-31 13:30:00+00:00;0.105;;
966771;unknown;control;2024-01-31 13:45:00+00:00;0.136;;
966771;unknown;control;2024-01-31 14:00:00+00:00;0.134;;
966771;unknown;control;2024-01-31 14:15:00+00:00;0.166;;
966771;unknown;control;2024-01-31 14:30:00+00:00;0.209;;
966771;unknown;control;2024-01-31 14:45:00+00:00;0.23;;
966771;unknown;control;2024-01-31 15:00:00+00:00;0.164;;
966771;unknown;control;2024-01-31 15:15:00+00:00;0.226;;
966771;unknown;control;2024-01-31 15:30:00+00:00;0.847;;
966771;unknown;control;2024-01-31 15:45:00+00:00;0.249;;
966771;unknown;control;2024-01-31 16:00:00+00:00;0.27;;
966771;unknown;control;2024-01-31 16:15:00+00:00;0.287;;
966771;unknown;control;2024-01-31 16:30:00+00:00;0.325;;
966771;unknown;control;2024-01-31 16:45:00+00:00;0.581;;
966771;unknown;control;2024-01-31 17:00:00+00:00;1.072;;
966771;unknown;control;2024-01-31 17:15:00+00:00;0.458;;
966771;unknown;control;2024-01-31 17:30:00+00:00;0.299;;
966771;unknown;control;2024-01-31 17:45:00+00:00;0.313;;
966771;unknown;control;2024-01-31 18:00:00+00:00;0.859;;
966771;unknown;control;2024-01-31 18:15:00+00:00;1.099;;
966771;unknown;control;2024-01-31 18:30:00+00:00;0.935;;
966771;unknown;control;2024-01-31 18:45:00+00:00;1.105;;
966771;unknown;control;2024-01-31 19:00:00+00:00;0.48;;
966771;unknown;control;2024-01-31 19:15:00+00:00;0.332;;
966771;unknown;control;2024-01-31 19:30:00+00:00;0.573;;
966771;unknown;control;2024-01-31 19:45:00+00:00;1.097;;
966771;unknown;control;2024-01-31 20:00:00+00:00;1.02;;
966771;unknown;control;2024-01-31 20:15:00+00:00;0.331;;
966771;unknown;control;2024-01-31 20:30:00+00:00;0.341;;
966771;unknown;control;2024-01-31 20:45:00+00:00;0.561;;
966771;unknown;control;2024-01-31 21:00:00+00:00;1.087;;
966771;unknown;control;2024-01-31 21:15:00+00:00;1.113;;
966771;unknown;control;2024-01-31 21:30:00+00:00;0.333;;
966771;unknown;control;2024-01-31 21:45:00+00:00;0.326;;
966771;unknown;control;2024-01-31 22:00:00+00:00;0.341;;
966771;unknown;control;2024-01-31 22:15:00+00:00;0.863;;
966771;unknown;control;2024-01-31 22:30:00+00:00;1.095;;
966771;unknown;control;2024-01-31 22:45:00+00:00;1.104;;
966771;unknown;control;2024-01-31 23:00:00+00:00;0.621;;
966771;unknown;control;2024-01-31 23:15:00+00:00;0.292;;
966771;unknown;control;2024-01-31 23:30:00+00:00;0.281;;
966771;unknown;control;2024-01-31 23:45:00+00:00;0.292;;
966771;unknown;control;2024-02-01 00:00:00+00:00;0.265;;
966771;unknown;control;2024-02-01 00:15:00+00:00;0.275;;
966771;unknown;control;2024-02-01 00:30:00+00:00;0.26;;
966771;unknown;control;2024-02-01 00:45:00+00:00;0.263;;
966771;unknown;control;2024-02-01 01:00:00+00:00;0.899;;
966771;unknown;control;2024-02-01 01:15:00+00:00;0.855;;
966771;unknown;control;2024-02-01 01:30:00+00:00;1.461;;
966771;unknown;control;2024-02-01 01:45:00+00:00;1.499;;
966771;unknown;control;2024-02-01 02:00:00+00:00;1.471;;
966771;unknown;control;2024-02-01 02:15:00+00:00;1.5;;
966771;unknown;control;2024-02-01 02:30:00+00:00;1.824;;
966771;unknown;control;2024-02-01 02:45:00+00:00;1.015;;
966771;unknown;control;2024-02-01 03:00:00+00:00;0.262;;
966771;unknown;control;2024-02-01 03:15:00+00:00;0.251;;
966771;unknown;control;2024-02-01 03:30:00+00:00;0.255;;
966771;unknown;control;2024-02-01 03:45:00+00:00;0.24;;
966771;unknown;control;2024-02-01 04:00:00+00:00;0.235;;
966771;unknown;control;2024-02-01 04:15:00+00:00;0.254;;
966771;unknown;control;2024-02-01 04:30:00+00:00;0.985;;
966771;unknown;control;2024-02-01 04:45:00+00:00;0.455;;
966771;unknown;control;2024-02-01 05:00:00+00:00;0.242;;
966771;unknown;control;2024-02-01 05:15:00+00:00;0.24;;
966771;unknown;control;2024-02-01 05:30:00+00:00;0.247;;
966771;unknown;control;2024-02-01 05:45:00+00:00;0.271;;
966771;unknown;control;2024-02-01 06:00:00+00:00;0.247;;
966771;unknown;control;2024-02-01 06:15:00+00:00;0.328;;
966771;unknown;control;2024-02-01 06:30:00+00:00;0.435;;
966771;unknown;control;2024-02-01 06:45:00+00:00;0.301;;
966771;unknown;control;2024-02-01 07:00:00+00:00;0.693;;
966771;unknown;control;2024-02-01 07:15:00+00:00;0.352;;
966771;unknown;control;2024-02-01 07:30:00+00:00;0.339;;
966771;unknown;control;2024-02-01 07:45:00+00:00;0.768;;
966771;unknown;control;2024-02-01 08:00:00+00:00;1.07;;
966771;unknown;control;2024-02-01 08:15:00+00:00;1.01;;
966771;unknown;control;2024-02-01 08:30:00+00:00;0.327;;
966771;unknown;control;2024-02-01 08:45:00+00:00;0.702;;
966771;unknown;control;2024-02-01 09:00:00+00:00;0.337;;
966771;unknown;control;2024-02-01 09:15:00+00:00;0.326;;
966771;unknown;control;2024-02-01 09:30:00+00:00;0.31;;
966771;unknown;control;2024-02-01 09:45:00+00:00;0.331;;
966771;unknown;control;2024-02-01 10:00:00+00:00;0.347;;
966771;unknown;control;2024-02-01 10:15:00+00:00;0.407;;
966771;unknown;control;2024-02-01 10:30:00+00:00;0.477;;
966771;unknown;control;2024-02-01 10:45:00+00:00;0.275;;
966771;unknown;control;2024-02-01 11:00:00+00:00;0.207;;
966771;unknown;control;2024-02-01 11:15:00+00:00;0.239;;
966771;unknown;control;2024-02-01 11:30:00+00:00;0.214;;
966771;unknown;control;2024-02-01 11:45:00+00:00;0.941;;
966771;unknown;control;2024-02-01 12:00:00+00:00;0.507;;
966771;unknown;control;2024-02-01 12:15:00+00:00;0.207;;
966771;unknown;control;2024-02-01 12:30:00+00:00;0.196;;
966771;unknown;control;2024-02-01 12:45:00+00:00;0.202;;
966771;unknown;control;2024-02-01 13:00:00+00:00;0.367;;
966771;unknown;control;2024-02-01 13:15:00+00:00;0.193;;
966771;unknown;control;2024-02-01 13:30:00+00:00;0.21;;
966771;unknown;control;2024-02-01 13:45:00+00:00;0.233;;
966771;unknown;control;2024-02-01 14:00:00+00:00;0.217;;
966771;unknown;control;2024-02-01 14:15:00+00:00;0.216;;
966771;unknown;control;2024-02-01 14:30:00+00:00;0.2;;
966771;unknown;control;2024-02-01 14:45:00+00:00;0.19;;
966771;unknown;control;2024-02-01 15:00:00+00:00;0.203;;
966771;unknown;control;2024-02-01 15:15:00+00:00;0.272;;
966771;unknown;control;2024-02-01 15:30:00+00:00;0.963;;
966771;unknown;control;2024-02-01 15:45:00+00:00;0.308;;
966771;unknown;control;2024-02-01 16:00:00+00:00;0.275;;
966771;unknown;control;2024-02-01 16:15:00+00:00;0.277;;
966771;unknown;control;2024-02-01 16:30:00+00:00;0.335;;
966771;unknown;control;2024-02-01 16:45:00+00:00;0.506;;
966771;unknown;control;2024-02-01 17:00:00+00:00;0.311;;
966771;unknown;control;2024-02-01 17:15:00+00:00;0.284;;
966771;unknown;control;2024-02-01 17:30:00+00:00;0.322;;
966771;unknown;control;2024-02-01 17:45:00+00:00;0.373;;
966771;unknown;control;2024-02-01 18:00:00+00:00;0.562;;
966771;unknown;control;2024-02-01 18:15:00+00:00;0.239;;
966771;unknown;control;2024-02-01 18:30:00+00:00;0.277;;
966771;unknown;control;2024-02-01 18:45:00+00:00;0.66;;
966771;unknown;control;2024-02-01 19:00:00+00:00;1.09;;
966771;unknown;control;2024-02-01 19:15:00+00:00;0.356;;
966771;unknown;control;2024-02-01 19:30:00+00:00;0.339;;
966771;unknown;control;2024-02-01 19:45:00+00:00;0.589;;
966771;unknown;control;2024-02-01 20:00:00+00:00;1.055;;
966771;unknown;control;2024-02-01 20:15:00+00:00;0.523;;
966771;unknown;control;2024-02-01 20:30:00+00:00;0.284;;
966771;unknown;control;2024-02-01 20:45:00+00:00;0.263;;
966771;unknown;control;2024-02-01 21:00:00+00:00;0.292;;
966771;unknown;control;2024-02-01 21:15:00+00:00;0.817;;
966771;unknown;control;2024-02-01 21:30:00+00:00;0.226;;
966771;unknown;control;2024-02-01 21:45:00+00:00;0.246;;
966771;unknown;control;2024-02-01 22:00:00+00:00;0.221;;
966771;unknown;control;2024-02-01 22:15:00+00:00;0.25;;
966771;unknown;control;2024-02-01 22:30:00+00:00;0.241;;
966771;unknown;control;2024-02-01 22:45:00+00:00;0.208;;
966771;unknown;control;2024-02-01 23:00:00+00:00;0.446;;
966771;unknown;control;2024-02-01 23:15:00+00:00;0.965;;
966771;unknown;control;2024-02-01 23:30:00+00:00;0.304;;
966771;unknown;control;2024-02-01 23:45:00+00:00;0.248;;
966771;unknown;control;2024-02-02 00:00:00+00:00;0.213;;
966771;unknown;control;2024-02-02 00:15:00+00:00;0.244;;
966771;unknown;control;2024-02-02 00:30:00+00:00;0.216;;
966771;unknown;control;2024-02-02 00:45:00+00:00;0.241;;
966771;unknown;control;2024-02-02 01:00:00+00:00;0.356;;
966771;unknown;control;2024-02-02 01:15:00+00:00;0.997;;
966771;unknown;control;2024-02-02 01:30:00+00:00;1.906;;
966771;unknown;control;2024-02-02 01:45:00+00:00;1.509;;
966771;unknown;control;2024-02-02 02:00:00+00:00;1.499;;
966771;unknown;control;2024-02-02 02:15:00+00:00;1.521;;
966771;unknown;control;2024-02-02 02:30:00+00:00;1.888;;
966771;unknown;control;2024-02-02 02:45:00+00:00;1.02;;
966771;unknown;control;2024-02-02 03:00:00+00:00;0.273;;
966771;unknown;control;2024-02-02 03:15:00+00:00;0.263;;
966771;unknown;control;2024-02-02 03:30:00+00:00;0.295;;
966771;unknown;control;2024-02-02 03:45:00+00:00;0.284;;
966771;unknown;control;2024-02-02 04:00:00+00:00;0.263;;
966771;unknown;control;2024-02-02 04:15:00+00:00;0.324;;
966771;unknown;control;2024-02-02 04:30:00+00:00;1.009;;
966771;unknown;control;2024-02-02 04:45:00+00:00;1.058;;
966771;unknown;control;2024-02-02 05:00:00+00:00;0.494;;
966771;unknown;control;2024-02-02 05:15:00+00:00;0.297;;
966771;unknown;control;2024-02-02 05:30:00+00:00;0.481;;
966771;unknown;control;2024-02-02 05:45:00+00:00;2.335;;
966771;unknown;control;2024-02-02 06:00:00+00:00;0.979;;
966771;unknown;control;2024-02-02 06:15:00+00:00;0.321;;
966771;unknown;control;2024-02-02 06:30:00+00:00;0.284;;
966771;unknown;control;2024-02-02 06:45:00+00:00;0.586;;
966771;unknown;control;2024-02-02 07:00:00+00:00;1.358;;
966771;unknown;control;2024-02-02 07:15:00+00:00;0.835;;
966771;unknown;control;2024-02-02 07:30:00+00:00;0.275;;
966771;unknown;control;2024-02-02 07:45:00+00:00;0.281;;
966771;unknown;control;2024-02-02 08:00:00+00:00;0.323;;
966771;unknown;control;2024-02-02 08:15:00+00:00;0.229;;
966771;unknown;control;2024-02-02 08:30:00+00:00;0.17;;
966771;unknown;control;2024-02-02 08:45:00+00:00;0.191;;
966771;unknown;control;2024-02-02 09:00:00+00:00;0.163;;
966771;unknown;control;2024-02-02 09:15:00+00:00;0.154;;
966771;unknown;control;2024-02-02 09:30:00+00:00;0.151;;
966771;unknown;control;2024-02-02 09:45:00+00:00;0.121;;
966771;unknown;control;2024-02-02 10:00:00+00:00;0.114;;
966771;unknown;control;2024-02-02 10:15:00+00:00;0.142;;
966771;unknown;control;2024-02-02 10:30:00+00:00;0.239;;
966771;unknown;control;2024-02-02 10:45:00+00:00;0.124;;
966771;unknown;control;2024-02-02 11:00:00+00:00;0.106;;
966771;unknown;control;2024-02-02 11:15:00+00:00;0.113;;
966771;unknown;control;2024-02-02 11:30:00+00:00;0.109;;
966771;unknown;control;2024-02-02 11:45:00+00:00;0.112;;
966771;unknown;control;2024-02-02 12:00:00+00:00;0.111;;
966771;unknown;control;2024-02-02 12:15:00+00:00;0.103;;
966771;unknown;control;2024-02-02 12:30:00+00:00;0.104;;
966771;unknown;control;2024-02-02 12:45:00+00:00;0.111;;
966771;unknown;control;2024-02-02 13:00:00+00:00;0.37;;
966771;unknown;control;2024-02-02 13:15:00+00:00;0.224;;
966771;unknown;control;2024-02-02 13:30:00+00:00;0.136;;
966771;unknown;control;2024-02-02 13:45:00+00:00;0.269;;
966771;unknown;control;2024-02-02 14:00:00+00:00;0.261;;
966771;unknown;control;2024-02-02 14:15:00+00:00;0.287;;
966771;unknown;control;2024-02-02 14:30:00+00:00;0.279;;
966771;unknown;control;2024-02-02 14:45:00+00:00;0.117;;
966771;unknown;control;2024-02-02 15:00:00+00:00;0.152;;
966771;unknown;control;2024-02-02 15:15:00+00:00;0.188;;
966771;unknown;control;2024-02-02 15:30:00+00:00;0.448;;
966771;unknown;control;2024-02-02 15:45:00+00:00;1.099;;
966771;unknown;control;2024-02-02 16:00:00+00:00;0.533;;
966771;unknown;control;2024-02-02 16:15:00+00:00;0.539;;
966771;unknown;control;2024-02-02 16:30:00+00:00;0.458;;
966771;unknown;control;2024-02-02 16:45:00+00:00;0.675;;
966771;unknown;control;2024-02-02 17:00:00+00:00;1.035;;
966771;unknown;control;2024-02-02 17:15:00+00:00;1.318;;
966771;unknown;control;2024-02-02 17:30:00+00:00;0.486;;
966771;unknown;control;2024-02-02 17:45:00+00:00;0.4;;
966771;unknown;control;2024-02-02 18:00:00+00:00;0.839;;
966771;unknown;control;2024-02-02 18:15:00+00:00;1.127;;
966771;unknown;control;2024-02-02 18:30:00+00:00;1.209;;
966771;unknown;control;2024-02-02 18:45:00+00:00;0.651;;
966771;unknown;control;2024-02-02 19:00:00+00:00;0.692;;
966771;unknown;control;2024-02-02 19:15:00+00:00;1.446;;
966771;unknown;control;2024-02-02 19:30:00+00:00;0.862;;
966771;unknown;control;2024-02-02 19:45:00+00:00;0.365;;
966771;unknown;control;2024-02-02 20:00:00+00:00;0.374;;
966771;unknown;control;2024-02-02 20:15:00+00:00;0.898;;
966771;unknown;control;2024-02-02 20:30:00+00:00;1.121;;
966771;unknown;control;2024-02-02 20:45:00+00:00;0.913;;
966771;unknown;control;2024-02-02 21:00:00+00:00;0.337;;
966771;unknown;control;2024-02-02 21:15:00+00:00;0.321;;
966771;unknown;control;2024-02-02 21:30:00+00:00;0.336;;
966771;unknown;control;2024-02-02 21:45:00+00:00;0.641;;
966771;unknown;control;2024-02-02 22:00:00+00:00;1.1;;
966771;unknown;control;2024-02-02 22:15:00+00:00;1.084;;
966771;unknown;control;2024-02-02 22:30:00+00:00;0.319;;
966771;unknown;control;2024-02-02 22:45:00+00:00;0.331;;
966771;unknown;control;2024-02-02 23:00:00+00:00;0.343;;
966771;unknown;control;2024-02-02 23:15:00+00:00;0.411;;
966771;unknown;control;2024-02-02 23:30:00+00:00;1.059;;
966771;unknown;control;2024-02-02 23:45:00+00:00;1.106;;
966771;unknown;control;2024-02-03 00:00:00+00:00;0.508;;
966771;unknown;control;2024-02-03 00:15:00+00:00;0.32;;
966771;unknown;control;2024-02-03 00:30:00+00:00;0.336;;
966771;unknown;control;2024-02-03 00:45:00+00:00;0.343;;
966771;unknown;control;2024-02-03 01:00:00+00:00;0.932;;
966771;unknown;control;2024-02-03 01:15:00+00:00;1.1;;
966771;unknown;control;2024-02-03 01:30:00+00:00;1.897;;
966771;unknown;control;2024-02-03 01:45:00+00:00;1.55;;
966771;unknown;control;2024-02-03 02:00:00+00:00;1.612;;
966771;unknown;control;2024-02-03 02:15:00+00:00;2.241;;
966771;unknown;control;2024-02-03 02:30:00+00:00;2.284;;
966771;unknown;control;2024-02-03 02:45:00+00:00;1.124;;
966771;unknown;control;2024-02-03 03:00:00+00:00;0.84;;
966771;unknown;control;2024-02-03 03:15:00+00:00;1.13;;
966771;unknown;control;2024-02-03 03:30:00+00:00;0.904;;
966771;unknown;control;2024-02-03 03:45:00+00:00;0.358;;
966771;unknown;control;2024-02-03 04:00:00+00:00;0.373;;
966771;unknown;control;2024-02-03 04:15:00+00:00;0.394;;
966771;unknown;control;2024-02-03 04:30:00+00:00;0.991;;
966771;unknown;control;2024-02-03 04:45:00+00:00;1.122;;
966771;unknown;control;2024-02-03 05:00:00+00:00;0.752;;
966771;unknown;control;2024-02-03 05:15:00+00:00;0.368;;
966771;unknown;control;2024-02-03 05:30:00+00:00;0.363;;
966771;unknown;control;2024-02-03 05:45:00+00:00;0.343;;
966771;unknown;control;2024-02-03 06:00:00+00:00;0.517;;
966771;unknown;control;2024-02-03 06:15:00+00:00;1.108;;
966771;unknown;control;2024-02-03 06:30:00+00:00;1.201;;
966771;unknown;control;2024-02-03 06:45:00+00:00;1.051;;
966771;unknown;control;2024-02-03 07:00:00+00:00;0.352;;
966771;unknown;control;2024-02-03 07:15:00+00:00;0.319;;
966771;unknown;control;2024-02-03 07:30:00+00:00;0.291;;
966771;unknown;control;2024-02-03 07:45:00+00:00;0.603;;
966771;unknown;control;2024-02-03 08:00:00+00:00;0.182;;
966771;unknown;control;2024-02-03 08:15:00+00:00;0.19;;
966771;unknown;control;2024-02-03 08:30:00+00:00;0.155;;
966771;unknown;control;2024-02-03 08:45:00+00:00;0.148;;
966771;unknown;control;2024-02-03 09:00:00+00:00;0.117;;
966771;unknown;control;2024-02-03 09:15:00+00:00;0.108;;
966771;unknown;control;2024-02-03 09:30:00+00:00;0.105;;
966771;unknown;control;2024-02-03 09:45:00+00:00;0.111;;
966771;unknown;control;2024-02-03 10:00:00+00:00;0.103;;
966771;unknown;control;2024-02-03 10:15:00+00:00;0.109;;
966771;unknown;control;2024-02-03 10:30:00+00:00;0.115;;
966771;unknown;control;2024-02-03 10:45:00+00:00;0.107;;
966771;unknown;control;2024-02-03 11:00:00+00:00;0.111;;
966771;unknown;control;2024-02-03 11:15:00+00:00;0.112;;
966771;unknown;control;2024-02-03 11:30:00+00:00;0.102;;
966771;unknown;control;2024-02-03 11:45:00+00:00;0.108;;
966771;unknown;control;2024-02-03 12:00:00+00:00;0.114;;
966771;unknown;control;2024-02-03 12:15:00+00:00;0.106;;
966771;unknown;control;2024-02-03 12:30:00+00:00;0.113;;
966771;unknown;control;2024-02-03 12:45:00+00:00;0.111;;
966771;unknown;control;2024-02-03 13:00:00+00:00;0.101;;
966771;unknown;control;2024-02-03 13:15:00+00:00;0.109;;
966771;unknown;control;2024-02-03 13:30:00+00:00;0.111;;
966771;unknown;control;2024-02-03 13:45:00+00:00;0.103;;
966771;unknown;control;2024-02-03 14:00:00+00:00;0.111;;
966771;unknown;control;2024-02-03 14:15:00+00:00;0.106;;
966771;unknown;control;2024-02-03 14:30:00+00:00;0.098;;
966771;unknown;control;2024-02-03 14:45:00+00:00;0.106;;
966771;unknown;control;2024-02-03 15:00:00+00:00;0.134;;
966771;unknown;control;2024-02-03 15:15:00+00:00;0.166;;
966771;unknown;control;2024-02-03 15:30:00+00:00;0.474;;
966771;unknown;control;2024-02-03 15:45:00+00:00;0.686;;
966771;unknown;control;2024-02-03 16:00:00+00:00;0.231;;
966771;unknown;control;2024-02-03 16:15:00+00:00;0.22;;
966771;unknown;control;2024-02-03 16:30:00+00:00;0.259;;
966771;unknown;control;2024-02-03 16:45:00+00:00;0.26;;
966771;unknown;control;2024-02-03 17:00:00+00:00;0.255;;
966771;unknown;control;2024-02-03 17:15:00+00:00;0.869;;
966771;unknown;control;2024-02-03 17:30:00+00:00;0.91;;
966771;unknown;control;2024-02-03 17:45:00+00:00;0.284;;
966771;unknown;control;2024-02-03 18:00:00+00:00;0.255;;
966771;unknown;control;2024-02-03 18:15:00+00:00;0.29;;
966771;unknown;control;2024-02-03 18:30:00+00:00;1.038;;
966771;unknown;control;2024-02-03 18:45:00+00:00;1.006;;
966771;unknown;control;2024-02-03 19:00:00+00:00;0.319;;
966771;unknown;control;2024-02-03 19:15:00+00:00;0.349;;
966771;unknown;control;2024-02-03 19:30:00+00:00;0.38;;
966771;unknown;control;2024-02-03 19:45:00+00:00;0.378;;
966771;unknown;control;2024-02-03 20:00:00+00:00;0.374;;
966771;unknown;control;2024-02-03 20:15:00+00:00;0.364;;
966771;unknown;control;2024-02-03 20:30:00+00:00;1.07;;
966771;unknown;control;2024-02-03 20:45:00+00:00;1.098;;
966771;unknown;control;2024-02-03 21:00:00+00:00;0.348;;
966771;unknown;control;2024-02-03 21:15:00+00:00;0.31;;
966771;unknown;control;2024-02-03 21:30:00+00:00;0.288;;
966771;unknown;control;2024-02-03 21:45:00+00:00;0.685;;
966771;unknown;control;2024-02-03 22:00:00+00:00;1.097;;
966771;unknown;control;2024-02-03 22:15:00+00:00;0.597;;
966771;unknown;control;2024-02-03 22:30:00+00:00;0.329;;
966771;unknown;control;2024-02-03 22:45:00+00:00;0.319;;
966771;unknown;control;2024-02-03 23:00:00+00:00;0.733;;
966771;unknown;control;2024-02-03 23:15:00+00:00;1.04;;
966771;unknown;control;2024-02-03 23:30:00+00:00;0.447;;
966771;unknown;control;2024-02-03 23:45:00+00:00;0.291;;
966771;unknown;control;2024-02-04 00:00:00+00:00;0.289;;
966771;unknown;control;2024-02-04 00:15:00+00:00;0.659;;
966771;unknown;control;2024-02-04 00:30:00+00:00;1.033;;
966771;unknown;control;2024-02-04 00:45:00+00:00;0.431;;
966771;unknown;control;2024-02-04 01:00:00+00:00;0.262;;
966771;unknown;control;2024-02-04 01:15:00+00:00;0.272;;
966771;unknown;control;2024-02-04 01:30:00+00:00;1.459;;
966771;unknown;control;2024-02-04 01:45:00+00:00;1.512;;
966771;unknown;control;2024-02-04 02:00:00+00:00;1.468;;
966771;unknown;control;2024-02-04 02:15:00+00:00;1.517;;
966771;unknown;control;2024-02-04 02:30:00+00:00;1.469;;
966771;unknown;control;2024-02-04 02:45:00+00:00;1.027;;
966771;unknown;control;2024-02-04 03:00:00+00:00;0.571;;
966771;unknown;control;2024-02-04 03:15:00+00:00;1.008;;
966771;unknown;control;2024-02-04 03:30:00+00:00;0.394;;
966771;unknown;control;2024-02-04 03:45:00+00:00;0.26;;
966771;unknown;control;2024-02-04 04:00:00+00:00;0.262;;
966771;unknown;control;2024-02-04 04:15:00+00:00;0.251;;
966771;unknown;control;2024-02-04 04:30:00+00:00;0.502;;
966771;unknown;control;2024-02-04 04:45:00+00:00;1.046;;
966771;unknown;control;2024-02-04 05:00:00+00:00;0.463;;
966771;unknown;control;2024-02-04 05:15:00+00:00;0.285;;
966771;unknown;control;2024-02-04 05:30:00+00:00;0.264;;
966771;unknown;control;2024-02-04 05:45:00+00:00;0.259;;
966771;unknown;control;2024-02-04 06:00:00+00:00;0.253;;
966771;unknown;control;2024-02-04 06:15:00+00:00;0.27;;
966771;unknown;control;2024-02-04 06:30:00+00:00;0.78;;
966771;unknown;control;2024-02-04 06:45:00+00:00;1.101;;
966771;unknown;control;2024-02-04 07:00:00+00:00;0.27;;
966771;unknown;control;2024-02-04 07:15:00+00:00;0.257;;
966771;unknown;control;2024-02-04 07:30:00+00:00;0.553;;
966771;unknown;control;2024-02-04 07:45:00+00:00;0.241;;
966771;unknown;control;2024-02-04 08:00:00+00:00;0.234;;
966771;unknown;control;2024-02-04 08:15:00+00:00;0.388;;
966771;unknown;control;2024-02-04 08:30:00+00:00;0.181;;
966771;unknown;control;2024-02-04 08:45:00+00:00;0.213;;
966771;unknown;control;2024-02-04 09:00:00+00:00;0.182;;
966771;unknown;control;2024-02-04 09:15:00+00:00;0.104;;
966771;unknown;control;2024-02-04 09:30:00+00:00;0.111;;
966771;unknown;control;2024-02-04 09:45:00+00:00;0.161;;
966771;unknown;control;2024-02-04 10:00:00+00:00;0.127;;
966771;unknown;control;2024-02-04 10:15:00+00:00;0.13;;
966771;unknown;control;2024-02-04 10:30:00+00:00;0.232;;
966771;unknown;control;2024-02-04 10:45:00+00:00;0.116;;
966771;unknown;control;2024-02-04 11:00:00+00:00;0.129;;
966771;unknown;control;2024-02-04 11:15:00+00:00;0.136;;
966771;unknown;control;2024-02-04 11:30:00+00:00;0.13;;
966771;unknown;control;2024-02-04 11:45:00+00:00;0.138;;
966771;unknown;control;2024-02-04 12:00:00+00:00;0.124;;
966771;unknown;control;2024-02-04 12:15:00+00:00;0.11;;
966771;unknown;control;2024-02-04 12:30:00+00:00;0.122;;
966771;unknown;control;2024-02-04 12:45:00+00:00;0.11;;
966771;unknown;control;2024-02-04 13:00:00+00:00;0.125;;
966771;unknown;control;2024-02-04 13:15:00+00:00;0.121;;
966771;unknown;control;2024-02-04 13:30:00+00:00;0.112;;
966771;unknown;control;2024-02-04 13:45:00+00:00;0.111;;
966771;unknown;control;2024-02-04 14:00:00+00:00;0.273;;
966771;unknown;control;2024-02-04 14:15:00+00:00;0.27;;
966771;unknown;control;2024-02-04 14:30:00+00:00;0.402;;
966771;unknown;control;2024-02-04 14:45:00+00:00;0.358;;
966771;unknown;control;2024-02-04 15:00:00+00:00;0.16;;
966771;unknown;control;2024-02-04 15:15:00+00:00;0.19;;
966771;unknown;control;2024-02-04 15:30:00+00:00;0.249;;
966771;unknown;control;2024-02-04 15:45:00+00:00;0.321;;
966771;unknown;control;2024-02-04 16:00:00+00:00;0.341;;
966771;unknown;control;2024-02-04 16:15:00+00:00;1.053;;
966771;unknown;control;2024-02-04 16:30:00+00:00;0.859;;
966771;unknown;control;2024-02-04 16:45:00+00:00;0.844;;
966771;unknown;control;2024-02-04 17:00:00+00:00;0.414;;
966771;unknown;control;2024-02-04 17:15:00+00:00;0.878;;
966771;unknown;control;2024-02-04 17:30:00+00:00;1.062;;
966771;unknown;control;2024-02-04 17:45:00+00:00;0.315;;
966771;unknown;control;2024-02-04 18:00:00+00:00;0.34;;
966771;unknown;control;2024-02-04 18:15:00+00:00;0.945;;
966771;unknown;control;2024-02-04 18:30:00+00:00;1.216;;
966771;unknown;control;2024-02-04 18:45:00+00:00;1.043;;
966771;unknown;control;2024-02-04 19:00:00+00:00;0.438;;
966771;unknown;control;2024-02-04 19:15:00+00:00;0.79;;
966771;unknown;control;2024-02-04 19:30:00+00:00;0.663;;
966771;unknown;control;2024-02-04 19:45:00+00:00;1.111;;
966771;unknown;control;2024-02-04 20:00:00+00:00;0.518;;
966771;unknown;control;2024-02-04 20:15:00+00:00;0.35;;
966771;unknown;control;2024-02-04 20:30:00+00:00;0.338;;
966771;unknown;control;2024-02-04 20:45:00+00:00;0.745;;
966771;unknown;control;2024-02-04 21:00:00+00:00;1.076;;
966771;unknown;control;2024-02-04 21:15:00+00:00;0.783;;
966771;unknown;control;2024-02-04 21:30:00+00:00;0.274;;
966771;unknown;control;2024-02-04 21:45:00+00:00;0.294;;
966771;unknown;control;2024-02-04 22:00:00+00:00;0.848;;
966771;unknown;control;2024-02-04 22:15:00+00:00;1.073;;
966771;unknown;control;2024-02-04 22:30:00+00:00;0.527;;
966771;unknown;control;2024-02-04 22:45:00+00:00;0.297;;
966771;unknown;control;2024-02-04 23:00:00+00:00;0.303;;
966771;unknown;control;2024-02-04 23:15:00+00:00;0.927;;
966771;unknown;control;2024-02-04 23:30:00+00:00;1.073;;
966771;unknown;control;2024-02-04 23:45:00+00:00;0.417;;
966771;unknown;control;2024-02-05 00:00:00+00:00;0.313;;
966771;unknown;control;2024-02-05 00:15:00+00:00;0.302;;
966771;unknown;control;2024-02-05 00:30:00+00:00;0.863;;
966771;unknown;control;2024-02-05 00:45:00+00:00;1.122;;
966771;unknown;control;2024-02-05 01:00:00+00:00;0.865;;
966771;unknown;control;2024-02-05 01:15:00+00:00;0.336;;
966771;unknown;control;2024-02-05 01:30:00+00:00;1.532;;
966771;unknown;control;2024-02-05 01:45:00+00:00;1.548;;
966771;unknown;control;2024-02-05 02:00:00+00:00;1.936;;
966771;unknown;control;2024-02-05 02:15:00+00:00;2.309;;
966771;unknown;control;2024-02-05 02:30:00+00:00;2.155;;
966771;unknown;control;2024-02-05 02:45:00+00:00;1.556;;
966771;unknown;control;2024-02-05 03:00:00+00:00;1.569;;
966771;unknown;control;2024-02-05 03:15:00+00:00;1.182;;
966771;unknown;control;2024-02-05 03:30:00+00:00;0.456;;
966771;unknown;control;2024-02-05 03:45:00+00:00;1.067;;
966771;unknown;control;2024-02-05 04:00:00+00:00;1.056;;
966771;unknown;control;2024-02-05 04:15:00+00:00;0.278;;
966771;unknown;control;2024-02-05 04:30:00+00:00;0.287;;
966771;unknown;control;2024-02-05 04:45:00+00:00;0.297;;
966771;unknown;control;2024-02-05 05:00:00+00:00;0.294;;
966771;unknown;control;2024-02-05 05:15:00+00:00;0.89;;
966771;unknown;control;2024-02-05 05:30:00+00:00;1.411;;
966771;unknown;control;2024-02-05 05:45:00+00:00;1.523;;
966771;unknown;control;2024-02-05 06:00:00+00:00;0.43;;
966771;unknown;control;2024-02-05 06:15:00+00:00;0.335;;
966771;unknown;control;2024-02-05 06:30:00+00:00;0.712;;
966771;unknown;control;2024-02-05 06:45:00+00:00;1.079;;
966771;unknown;control;2024-02-05 07:00:00+00:00;0.563;;
966771;unknown;control;2024-02-05 07:15:00+00:00;0.31;;
966771;unknown;control;2024-02-05 07:30:00+00:00;0.295;;
966771;unknown;control;2024-02-05 07:45:00+00:00;0.227;;
966771;unknown;control;2024-02-05 08:00:00+00:00;0.232;;
966771;unknown;control;2024-02-05 08:15:00+00:00;0.149;;
966771;unknown;control;2024-02-05 08:30:00+00:00;0.131;;
966771;unknown;control;2024-02-05 08:45:00+00:00;0.312;;
966771;unknown;control;2024-02-05 09:00:00+00:00;0.877;;
966771;unknown;control;2024-02-05 09:15:00+00:00;0.382;;
966771;unknown;control;2024-02-05 09:30:00+00:00;0.149;;
966771;unknown;control;2024-02-05 09:45:00+00:00;0.153;;
966771;unknown;control;2024-02-05 10:00:00+00:00;0.167;;
966771;unknown;control;2024-02-05 10:15:00+00:00;0.252;;
966771;unknown;control;2024-02-05 10:30:00+00:00;0.207;;
966771;unknown;control;2024-02-05 10:45:00+00:00;0.214;;
966771;unknown;control;2024-02-05 11:00:00+00:00;0.129;;
966771;unknown;control;2024-02-05 11:15:00+00:00;0.123;;
966771;unknown;control;2024-02-05 11:30:00+00:00;0.12;;
966771;unknown;control;2024-02-05 11:45:00+00:00;0.119;;
966771;unknown;control;2024-02-05 12:00:00+00:00;0.223;;
966771;unknown;control;2024-02-05 12:15:00+00:00;0.257;;
966771;unknown;control;2024-02-05 12:30:00+00:00;0.274;;
966771;unknown;control;2024-02-05 12:45:00+00:00;0.29;;
966771;unknown;control;2024-02-05 13:00:00+00:00;0.294;;
966771;unknown;control;2024-02-05 13:15:00+00:00;0.169;;
966771;unknown;control;2024-02-05 13:30:00+00:00;0.118;;
966771;unknown;control;2024-02-05 13:45:00+00:00;0.14;;
966771;unknown;control;2024-02-05 14:00:00+00:00;0.547;;
966771;unknown;control;2024-02-05 14:15:00+00:00;0.504;;
966771;unknown;control;2024-02-05 14:30:00+00:00;0.404;;
966771;unknown;control;2024-02-05 14:45:00+00:00;0.375;;
966771;unknown;control;2024-02-05 15:00:00+00:00;0.211;;
966771;unknown;control;2024-02-05 15:15:00+00:00;0.188;;
966771;unknown;control;2024-02-05 15:30:00+00:00;0.614;;
966771;unknown;control;2024-02-05 15:45:00+00:00;0.784;;
966771;unknown;control;2024-02-05 16:00:00+00:00;0.276;;
966771;unknown;control;2024-02-05 16:15:00+00:00;0.29;;
966771;unknown;control;2024-02-05 16:30:00+00:00;0.318;;
966771;unknown;control;2024-02-05 16:45:00+00:00;0.857;;
966771;unknown;control;2024-02-05 17:00:00+00:00;1.062;;
966771;unknown;control;2024-02-05 17:15:00+00:00;0.846;;
966771;unknown;control;2024-02-05 17:30:00+00:00;0.321;;
966771;unknown;control;2024-02-05 17:45:00+00:00;0.423;;
966771;unknown;control;2024-02-05 18:00:00+00:00;1.127;;
966771;unknown;control;2024-02-05 18:15:00+00:00;1.16;;
966771;unknown;control;2024-02-05 18:30:00+00:00;0.993;;
966771;unknown;control;2024-02-05 18:45:00+00:00;1.168;;
966771;unknown;control;2024-02-05 19:00:00+00:00;0.956;;
966771;unknown;control;2024-02-05 19:15:00+00:00;0.41;;
966771;unknown;control;2024-02-05 19:30:00+00:00;0.627;;
966771;unknown;control;2024-02-05 19:45:00+00:00;1.157;;
966771;unknown;control;2024-02-05 20:00:00+00:00;1.16;;
966771;unknown;control;2024-02-05 20:15:00+00:00;0.387;;
966771;unknown;control;2024-02-05 20:30:00+00:00;0.401;;
966771;unknown;control;2024-02-05 20:45:00+00:00;0.957;;
966771;unknown;control;2024-02-05 21:00:00+00:00;1.158;;
966771;unknown;control;2024-02-05 21:15:00+00:00;1.16;;
966771;unknown;control;2024-02-05 21:30:00+00:00;0.368;;
966771;unknown;control;2024-02-05 21:45:00+00:00;0.355;;
966771;unknown;control;2024-02-05 22:00:00+00:00;0.482;;
966771;unknown;control;2024-02-05 22:15:00+00:00;1.101;;
966771;unknown;control;2024-02-05 22:30:00+00:00;1.117;;
966771;unknown;control;2024-02-05 22:45:00+00:00;1.135;;
966771;unknown;control;2024-02-05 23:00:00+00:00;0.852;;
966771;unknown;control;2024-02-05 23:15:00+00:00;0.367;;
966771;unknown;control;2024-02-05 23:30:00+00:00;0.423;;
966771;unknown;control;2024-02-05 23:45:00+00:00;0.984;;
966771;unknown;control;2024-02-06 00:00:00+00:00;1.135;;
966771;unknown;control;2024-02-06 00:15:00+00:00;1.15;;
966771;unknown;control;2024-02-06 00:30:00+00:00;0.627;;
966771;unknown;control;2024-02-06 00:45:00+00:00;0.382;;
966771;unknown;control;2024-02-06 01:00:00+00:00;0.449;;
966771;unknown;control;2024-02-06 01:15:00+00:00;0.979;;
966771;unknown;control;2024-02-06 01:30:00+00:00;2.3;;
966771;unknown;control;2024-02-06 01:45:00+00:00;2.364;;
966771;unknown;control;2024-02-06 02:00:00+00:00;2.35;;
966771;unknown;control;2024-02-06 02:15:00+00:00;2.233;;
966771;unknown;control;2024-02-06 02:30:00+00:00;1.312;;
966771;unknown;control;2024-02-06 02:45:00+00:00;1.158;;
966771;unknown;control;2024-02-06 03:00:00+00:00;1.133;;
966771;unknown;control;2024-02-06 03:15:00+00:00;0.378;;
966771;unknown;control;2024-02-06 03:30:00+00:00;0.378;;
966771;unknown;control;2024-02-06 03:45:00+00:00;0.535;;
966771;unknown;control;2024-02-06 04:00:00+00:00;1.106;;
966771;unknown;control;2024-02-06 04:15:00+00:00;0.369;;
966771;unknown;control;2024-02-06 04:30:00+00:00;0.389;;
966771;unknown;control;2024-02-06 04:45:00+00:00;1.01;;
966771;unknown;control;2024-02-06 05:00:00+00:00;0.894;;
966771;unknown;control;2024-02-06 05:15:00+00:00;1.135;;
966771;unknown;control;2024-02-06 05:30:00+00:00;1.516;;
966771;unknown;control;2024-02-06 05:45:00+00:00;2.335;;
966771;unknown;control;2024-02-06 06:00:00+00:00;0.402;;
966771;unknown;control;2024-02-06 06:15:00+00:00;0.393;;
966771;unknown;control;2024-02-06 06:30:00+00:00;0.378;;
966771;unknown;control;2024-02-06 06:45:00+00:00;0.583;;
966771;unknown;control;2024-02-06 07:00:00+00:00;1.124;;
966771;unknown;control;2024-02-06 07:15:00+00:00;1.14;;
966771;unknown;control;2024-02-06 07:30:00+00:00;0.432;;
966771;unknown;control;2024-02-06 07:45:00+00:00;0.267;;
966771;unknown;control;2024-02-06 08:00:00+00:00;0.262;;
966771;unknown;control;2024-02-06 08:15:00+00:00;0.217;;
966771;unknown;control;2024-02-06 08:30:00+00:00;0.458;;
966771;unknown;control;2024-02-06 08:45:00+00:00;0.134;;
966771;unknown;control;2024-02-06 09:00:00+00:00;0.135;;
966771;unknown;control;2024-02-06 09:15:00+00:00;0.13;;
966771;unknown;control;2024-02-06 09:30:00+00:00;0.159;;
966771;unknown;control;2024-02-06 09:45:00+00:00;0.203;;
966771;unknown;control;2024-02-06 10:00:00+00:00;0.27;;
966771;unknown;control;2024-02-06 10:15:00+00:00;0.125;;
966771;unknown;control;2024-02-06 10:30:00+00:00;0.12;;
966771;unknown;control;2024-02-06 10:45:00+00:00;0.108;;
966771;unknown;control;2024-02-06 11:00:00+00:00;0.112;;
966771;unknown;control;2024-02-06 11:15:00+00:00;0.104;;
966771;unknown;control;2024-02-06 11:30:00+00:00;0.104;;
966771;unknown;control;2024-02-06 11:45:00+00:00;0.115;;
966771;unknown;control;2024-02-06 12:00:00+00:00;0.107;;
966771;unknown;control;2024-02-06 12:15:00+00:00;0.104;;
966771;unknown;control;2024-02-06 12:30:00+00:00;0.108;;
966771;unknown;control;2024-02-06 12:45:00+00:00;0.101;;
966771;unknown;control;2024-02-06 13:00:00+00:00;0.106;;
966771;unknown;control;2024-02-06 13:15:00+00:00;0.109;;
966771;unknown;control;2024-02-06 13:30:00+00:00;0.172;;
966771;unknown;control;2024-02-06 13:45:00+00:00;0.387;;
966771;unknown;control;2024-02-06 14:00:00+00:00;0.299;;
966771;unknown;control;2024-02-06 14:15:00+00:00;0.298;;
966771;unknown;control;2024-02-06 14:30:00+00:00;0.271;;
966771;unknown;control;2024-02-06 14:45:00+00:00;0.257;;
966771;unknown;control;2024-02-06 15:00:00+00:00;0.24;;
966771;unknown;control;2024-02-06 15:15:00+00:00;0.522;;
966771;unknown;control;2024-02-06 15:30:00+00:00;1.113;;
966771;unknown;control;2024-02-06 15:45:00+00:00;0.285;;
966771;unknown;control;2024-02-06 16:00:00+00:00;0.3;;
966771;unknown;control;2024-02-06 16:15:00+00:00;0.344;;
966771;unknown;control;2024-02-06 16:30:00+00:00;0.499;;
966771;unknown;control;2024-02-06 16:45:00+00:00;1.103;;
966771;unknown;control;2024-02-06 17:00:00+00:00;0.676;;
966771;unknown;control;2024-02-06 17:15:00+00:00;0.37;;
966771;unknown;control;2024-02-06 17:30:00+00:00;0.545;;
966771;unknown;control;2024-02-06 17:45:00+00:00;0.393;;
966771;unknown;control;2024-02-06 18:00:00+00:00;0.435;;
966771;unknown;control;2024-02-06 18:15:00+00:00;1.098;;
966771;unknown;control;2024-02-06 18:30:00+00:00;1.112;;
966771;unknown;control;2024-02-06 18:45:00+00:00;0.378;;
966771;unknown;control;2024-02-06 19:00:00+00:00;0.341;;
966771;unknown;control;2024-02-06 19:15:00+00:00;0.634;;
966771;unknown;control;2024-02-06 19:30:00+00:00;1.093;;
966771;unknown;control;2024-02-06 19:45:00+00:00;0.717;;
966771;unknown;control;2024-02-06 20:00:00+00:00;0.377;;
966771;unknown;control;2024-02-06 20:15:00+00:00;0.386;;
966771;unknown;control;2024-02-06 20:30:00+00:00;0.887;;
966771;unknown;control;2024-02-06 20:45:00+00:00;1.151;;
966771;unknown;control;2024-02-06 21:00:00+00:00;0.48;;
966771;unknown;control;2024-02-06 21:15:00+00:00;0.414;;
966771;unknown;control;2024-02-06 21:30:00+00:00;0.352;;
966771;unknown;control;2024-02-06 21:45:00+00:00;0.82;;
966771;unknown;control;2024-02-06 22:00:00+00:00;1.06;;
966771;unknown;control;2024-02-06 22:15:00+00:00;0.802;;
966771;unknown;control;2024-02-06 22:30:00+00:00;0.303;;
966771;unknown;control;2024-02-06 22:45:00+00:00;0.258;;
966771;unknown;control;2024-02-06 23:00:00+00:00;0.255;;
966771;unknown;control;2024-02-06 23:15:00+00:00;0.279;;
966771;unknown;control;2024-02-06 23:30:00+00:00;0.265;;
966771;unknown;control;2024-02-06 23:45:00+00:00;0.254;;
966771;unknown;control;2024-02-07 00:00:00+00:00;0.277;;
966771;unknown;control;2024-02-07 00:15:00+00:00;0.286;;
966771;unknown;control;2024-02-07 00:30:00+00:00;0.295;;
966771;unknown;control;2024-02-07 00:45:00+00:00;0.629;;
966771;unknown;control;2024-02-07 01:00:00+00:00;1.075;;
966771;unknown;control;2024-02-07 01:15:00+00:00;1.069;;
966771;unknown;control;2024-02-07 01:30:00+00:00;2.206;;
966771;unknown;control;2024-02-07 01:45:00+00:00;2.149;;
966771;unknown;control;2024-02-07 02:00:00+00:00;1.577;;
966771;unknown;control;2024-02-07 02:15:00+00:00;1.494;;
966771;unknown;control;2024-02-07 02:30:00+00:00;0.948;;
966771;unknown;control;2024-02-07 02:45:00+00:00;1.105;;
966771;unknown;control;2024-02-07 03:00:00+00:00;0.482;;
966771;unknown;control;2024-02-07 03:15:00+00:00;0.329;;
966771;unknown;control;2024-02-07 03:30:00+00:00;0.433;;
966771;unknown;control;2024-02-07 03:45:00+00:00;1.072;;
966771;unknown;control;2024-02-07 04:00:00+00:00;0.962;;
966771;unknown;control;2024-02-07 04:15:00+00:00;0.303;;
966771;unknown;control;2024-02-07 04:30:00+00:00;0.312;;
966771;unknown;control;2024-02-07 04:45:00+00:00;0.302;;
966771;unknown;control;2024-02-07 05:00:00+00:00;0.297;;
966771;unknown;control;2024-02-07 05:15:00+00:00;0.332;;
966771;unknown;control;2024-02-07 05:30:00+00:00;1.053;;
966771;unknown;control;2024-02-07 05:45:00+00:00;2.167;;
966771;unknown;control;2024-02-07 06:00:00+00:00;0.321;;
966771;unknown;control;2024-02-07 06:15:00+00:00;0.298;;
966771;unknown;control;2024-02-07 06:30:00+00:00;0.493;;
966771;unknown;control;2024-02-07 06:45:00+00:00;0.399;;
966771;unknown;control;2024-02-07 07:00:00+00:00;0.396;;
966771;unknown;control;2024-02-07 07:15:00+00:00;0.399;;
966771;unknown;control;2024-02-07 07:30:00+00:00;0.344;;
966771;unknown;control;2024-02-07 07:45:00+00:00;0.349;;
966771;unknown;control;2024-02-07 08:00:00+00:00;0.349;;
966771;unknown;control;2024-02-07 08:15:00+00:00;0.296;;
966771;unknown;control;2024-02-07 08:30:00+00:00;0.236;;
966771;unknown;control;2024-02-07 08:45:00+00:00;0.255;;
966771;unknown;control;2024-02-07 09:00:00+00:00;0.245;;
966771;unknown;control;2024-02-07 09:15:00+00:00;0.224;;
966771;unknown;control;2024-02-07 09:30:00+00:00;0.308;;
966771;unknown;control;2024-02-07 09:45:00+00:00;0.25;;
966771;unknown;control;2024-02-07 10:00:00+00:00;0.21;;
966771;unknown;control;2024-02-07 10:15:00+00:00;0.163;;
966771;unknown;control;2024-02-07 10:30:00+00:00;0.13;;
966771;unknown;control;2024-02-07 10:45:00+00:00;0.319;;
966771;unknown;control;2024-02-07 11:00:00+00:00;0.15;;
966771;unknown;control;2024-02-07 11:15:00+00:00;0.11;;
966771;unknown;control;2024-02-07 11:30:00+00:00;0.145;;
966771;unknown;control;2024-02-07 11:45:00+00:00;0.183;;
966771;unknown;control;2024-02-07 12:00:00+00:00;0.119;;
966771;unknown;control;2024-02-07 12:15:00+00:00;0.127;;
966771;unknown;control;2024-02-07 12:30:00+00:00;0.137;;
966771;unknown;control;2024-02-07 12:45:00+00:00;0.13;;
966771;unknown;control;2024-02-07 13:00:00+00:00;0.14;;
966771;unknown;control;2024-02-07 13:15:00+00:00;0.129;;
966771;unknown;control;2024-02-07 13:30:00+00:00;0.128;;
966771;unknown;control;2024-02-07 13:45:00+00:00;0.136;;
966771;unknown;control;2024-02-07 14:00:00+00:00;0.135;;
966771;unknown;control;2024-02-07 14:15:00+00:00;0.42;;
966771;unknown;control;2024-02-07 14:30:00+00:00;0.338;;
966771;unknown;control;2024-02-07 14:45:00+00:00;0.313;;
966771;unknown;control;2024-02-07 15:00:00+00:00;0.26;;
966771;unknown;control;2024-02-07 15:15:00+00:00;0.405;;
966771;unknown;control;2024-02-07 15:30:00+00:00;0.186;;
966771;unknown;control;2024-02-07 15:45:00+00:00;0.776;;
966771;unknown;control;2024-02-07 16:00:00+00:00;0.308;;
966771;unknown;control;2024-02-07 16:15:00+00:00;0.212;;
966771;unknown;control;2024-02-07 16:30:00+00:00;0.266;;
966771;unknown;control;2024-02-07 16:45:00+00:00;0.387;;
966771;unknown;control;2024-02-07 17:00:00+00:00;0.301;;
966771;unknown;control;2024-02-07 17:15:00+00:00;0.284;;
966771;unknown;control;2024-02-07 17:30:00+00:00;0.281;;
966771;unknown;control;2024-02-07 17:45:00+00:00;0.255;;
966771;unknown;control;2024-02-07 18:00:00+00:00;0.269;;
966771;unknown;control;2024-02-07 18:15:00+00:00;0.261;;
966771;unknown;control;2024-02-07 18:30:00+00:00;0.301;;
966771;unknown;control;2024-02-07 18:45:00+00:00;0.28;;
966771;unknown;control;2024-02-07 19:00:00+00:00;0.323;;
966771;unknown;control;2024-02-07 19:15:00+00:00;0.307;;
966771;unknown;control;2024-02-07 19:30:00+00:00;0.304;;
966771;unknown;control;2024-02-07 19:45:00+00:00;0.346;;
966771;unknown;control;2024-02-07 20:00:00+00:00;1.041;;
966771;unknown;control;2024-02-07 20:15:00+00:00;0.632;;
966771;unknown;control;2024-02-07 20:30:00+00:00;0.291;;
966771;unknown;control;2024-02-07 20:45:00+00:00;0.304;;
966771;unknown;control;2024-02-07 21:00:00+00:00;0.453;;
966771;unknown;control;2024-02-07 21:15:00+00:00;1.038;;
966771;unknown;control;2024-02-07 21:30:00+00:00;0.283;;
966771;unknown;control;2024-02-07 21:45:00+00:00;0.299;;
966771;unknown;control;2024-02-07 22:00:00+00:00;0.29;;
966771;unknown;control;2024-02-07 22:15:00+00:00;0.259;;
966771;unknown;control;2024-02-07 22:30:00+00:00;0.314;;
966771;unknown;control;2024-02-07 22:45:00+00:00;0.301;;
966771;unknown;control;2024-02-07 23:00:00+00:00;0.281;;
966771;unknown;control;2024-02-07 23:15:00+00:00;0.259;;
966771;unknown;control;2024-02-07 23:30:00+00:00;0.262;;
966771;unknown;control;2024-02-07 23:45:00+00:00;0.287;;
966771;unknown;control;2024-02-08 00:00:00+00:00;0.25;;
966771;unknown;control;2024-02-08 00:15:00+00:00;0.246;;
966771;unknown;control;2024-02-08 00:30:00+00:00;0.249;;
966771;unknown;control;2024-02-08 00:45:00+00:00;0.268;;
966771;unknown;control;2024-02-08 01:00:00+00:00;0.242;;
966771;unknown;control;2024-02-08 01:15:00+00:00;0.266;;
966771;unknown;control;2024-02-08 01:30:00+00:00;1.58;;
966771;unknown;control;2024-02-08 01:45:00+00:00;2.188;;
966771;unknown;control;2024-02-08 02:00:00+00:00;1.684;;
966771;unknown;control;2024-02-08 02:15:00+00:00;1.462;;
966771;unknown;control;2024-02-08 02:30:00+00:00;1.434;;
966771;unknown;control;2024-02-08 02:45:00+00:00;1.449;;
966771;unknown;control;2024-02-08 03:00:00+00:00;1.096;;
966771;unknown;control;2024-02-08 03:15:00+00:00;0.228;;
966771;unknown;control;2024-02-08 03:30:00+00:00;0.213;;
966771;unknown;control;2024-02-08 03:45:00+00:00;0.216;;
966771;unknown;control;2024-02-08 04:00:00+00:00;0.237;;
966771;unknown;control;2024-02-08 04:15:00+00:00;0.196;;
966771;unknown;control;2024-02-08 04:30:00+00:00;0.189;;
966771;unknown;control;2024-02-08 04:45:00+00:00;0.837;;
966771;unknown;control;2024-02-08 05:00:00+00:00;0.5;;
966771;unknown;control;2024-02-08 05:15:00+00:00;0.206;;
966771;unknown;control;2024-02-08 05:30:00+00:00;0.25;;
966771;unknown;control;2024-02-08 05:45:00+00:00;0.332;;
966771;unknown;control;2024-02-08 06:00:00+00:00;0.225;;
966771;unknown;control;2024-02-08 06:15:00+00:00;0.243;;
966771;unknown;control;2024-02-08 06:30:00+00:00;0.523;;
966771;unknown;control;2024-02-08 06:45:00+00:00;0.905;;
966771;unknown;control;2024-02-08 07:00:00+00:00;0.338;;
966771;unknown;control;2024-02-08 07:15:00+00:00;0.793;;
966771;unknown;control;2024-02-08 07:30:00+00:00;0.347;;
966771;unknown;control;2024-02-08 07:45:00+00:00;0.872;;
966771;unknown;control;2024-02-08 08:00:00+00:00;1.29;;
966771;unknown;control;2024-02-08 08:15:00+00:00;0.432;;
966771;unknown;control;2024-02-08 08:30:00+00:00;0.446;;
966771;unknown;control;2024-02-08 08:45:00+00:00;0.513;;
966771;unknown;control;2024-02-08 09:00:00+00:00;0.349;;
966771;unknown;control;2024-02-08 09:15:00+00:00;0.404;;
966771;unknown;control;2024-02-08 09:30:00+00:00;0.447;;
966771;unknown;control;2024-02-08 09:45:00+00:00;0.379;;
966771;unknown;control;2024-02-08 10:00:00+00:00;0.394;;
966771;unknown;control;2024-02-08 10:15:00+00:00;0.397;;
966771;unknown;control;2024-02-08 10:30:00+00:00;0.141;;
966771;unknown;control;2024-02-08 10:45:00+00:00;0.11;;
966771;unknown;control;2024-02-08 11:00:00+00:00;0.114;;
966771;unknown;control;2024-02-08 11:15:00+00:00;0.127;;
966771;unknown;control;2024-02-08 11:30:00+00:00;0.109;;
966771;unknown;control;2024-02-08 11:45:00+00:00;0.107;;
966771;unknown;control;2024-02-08 12:00:00+00:00;0.101;;
966771;unknown;control;2024-02-08 12:15:00+00:00;0.095;;
966771;unknown;control;2024-02-08 12:30:00+00:00;0.106;;
966771;unknown;control;2024-02-08 12:45:00+00:00;0.113;;
966771;unknown;control;2024-02-08 13:00:00+00:00;0.105;;
966771;unknown;control;2024-02-08 13:15:00+00:00;0.115;;
966771;unknown;control;2024-02-08 13:30:00+00:00;0.11;;
966771;unknown;control;2024-02-08 13:45:00+00:00;0.102;;
966771;unknown;control;2024-02-08 14:00:00+00:00;0.11;;
966771;unknown;control;2024-02-08 14:15:00+00:00;0.103;;
966771;unknown;control;2024-02-08 14:30:00+00:00;0.106;;
966771;unknown;control;2024-02-08 14:45:00+00:00;0.115;;
966771;unknown;control;2024-02-08 15:00:00+00:00;0.092;;
966771;unknown;control;2024-02-08 15:15:00+00:00;0.095;;
966771;unknown;control;2024-02-08 15:30:00+00:00;0.39;;
966771;unknown;control;2024-02-08 15:45:00+00:00;0.176;;
966771;unknown;control;2024-02-08 16:00:00+00:00;0.574;;
966771;unknown;control;2024-02-08 16:15:00+00:00;0.197;;
966771;unknown;control;2024-02-08 16:30:00+00:00;0.223;;
966771;unknown;control;2024-02-08 16:45:00+00:00;0.193;;
966771;unknown;control;2024-02-08 17:00:00+00:00;0.2;;
966771;unknown;control;2024-02-08 17:15:00+00:00;0.207;;
966771;unknown;control;2024-02-08 17:30:00+00:00;0.239;;
966771;unknown;control;2024-02-08 17:45:00+00:00;0.212;;
966771;unknown;control;2024-02-08 18:00:00+00:00;0.199;;
966771;unknown;control;2024-02-08 18:15:00+00:00;0.246;;
966771;unknown;control;2024-02-08 18:30:00+00:00;0.2;;
966771;unknown;control;2024-02-08 18:45:00+00:00;0.223;;
966771;unknown;control;2024-02-08 19:00:00+00:00;0.2;;
966771;unknown;control;2024-02-08 19:15:00+00:00;0.23;;
966771;unknown;control;2024-02-08 19:30:00+00:00;0.219;;
966771;unknown;control;2024-02-08 19:45:00+00:00;0.387;;
966771;unknown;control;2024-02-08 20:00:00+00:00;0.228;;
966771;unknown;control;2024-02-08 20:15:00+00:00;0.235;;
966771;unknown;control;2024-02-08 20:30:00+00:00;0.271;;
966771;unknown;control;2024-02-08 20:45:00+00:00;0.232;;
966771;unknown;control;2024-02-08 21:00:00+00:00;0.25;;
966771;unknown;control;2024-02-08 21:15:00+00:00;0.197;;
966771;unknown;control;2024-02-08 21:30:00+00:00;0.162;;
966771;unknown;control;2024-02-08 21:45:00+00:00;0.256;;
966771;unknown;control;2024-02-08 22:00:00+00:00;0.905;;
966771;unknown;control;2024-02-08 22:15:00+00:00;0.243;;
966771;unknown;control;2024-02-08 22:30:00+00:00;0.173;;
966771;unknown;control;2024-02-08 22:45:00+00:00;0.209;;
966771;unknown;control;2024-02-08 23:00:00+00:00;0.199;;
966771;unknown;control;2024-02-08 23:15:00+00:00;0.207;;
966771;unknown;control;2024-02-08 23:30:00+00:00;0.207;;
966771;unknown;control;2024-02-08 23:45:00+00:00;0.2;;
966771;unknown;control;2024-02-09 00:00:00+00:00;0.211;;
966771;unknown;control;2024-02-09 00:15:00+00:00;0.245;;
966771;unknown;control;2024-02-09 00:30:00+00:00;0.191;;
966771;unknown;control;2024-02-09 00:45:00+00:00;0.215;;
966771;unknown;control;2024-02-09 01:00:00+00:00;0.924;;
966771;unknown;control;2024-02-09 01:15:00+00:00;0.485;;
966771;unknown;control;2024-02-09 01:30:00+00:00;1.43;;
966771;unknown;control;2024-02-09 01:45:00+00:00;1.439;;
966771;unknown;control;2024-02-09 02:00:00+00:00;1.479;;
966771;unknown;control;2024-02-09 02:15:00+00:00;1.453;;
966771;unknown;control;2024-02-09 02:30:00+00:00;2.083;;
966771;unknown;control;2024-02-09 02:45:00+00:00;1.671;;
966771;unknown;control;2024-02-09 03:00:00+00:00;0.187;;
966771;unknown;control;2024-02-09 03:15:00+00:00;0.204;;
966771;unknown;control;2024-02-09 03:30:00+00:00;0.209;;
966771;unknown;control;2024-02-09 03:45:00+00:00;0.204;;
966771;unknown;control;2024-02-09 04:00:00+00:00;0.17;;
966771;unknown;control;2024-02-09 04:15:00+00:00;0.183;;
966771;unknown;control;2024-02-09 04:30:00+00:00;0.188;;
966771;unknown;control;2024-02-09 04:45:00+00:00;0.277;;
966771;unknown;control;2024-02-09 05:00:00+00:00;0.712;;
966771;unknown;control;2024-02-09 05:15:00+00:00;0.209;;
966771;unknown;control;2024-02-09 05:30:00+00:00;0.2;;
966771;unknown;control;2024-02-09 05:45:00+00:00;0.21;;
966771;unknown;control;2024-02-09 06:00:00+00:00;0.188;;
966771;unknown;control;2024-02-09 06:15:00+00:00;0.286;;
966771;unknown;control;2024-02-09 06:30:00+00:00;0.232;;
966771;unknown;control;2024-02-09 06:45:00+00:00;0.214;;
966771;unknown;control;2024-02-09 07:00:00+00:00;0.205;;
966771;unknown;control;2024-02-09 07:15:00+00:00;0.218;;
966771;unknown;control;2024-02-09 07:30:00+00:00;0.269;;
966771;unknown;control;2024-02-09 07:45:00+00:00;0.685;;
966771;unknown;control;2024-02-09 08:00:00+00:00;0.257;;
966771;unknown;control;2024-02-09 08:15:00+00:00;0.223;;
966771;unknown;control;2024-02-09 08:30:00+00:00;0.244;;
966771;unknown;control;2024-02-09 08:45:00+00:00;0.482;;
966771;unknown;control;2024-02-09 09:00:00+00:00;0.199;;
966771;unknown;control;2024-02-09 09:15:00+00:00;0.137;;
966771;unknown;control;2024-02-09 09:30:00+00:00;0.109;;
966771;unknown;control;2024-02-09 09:45:00+00:00;0.101;;
966771;unknown;control;2024-02-09 10:00:00+00:00;0.115;;
966771;unknown;control;2024-02-09 10:15:00+00:00;0.513;;
966771;unknown;control;2024-02-09 10:30:00+00:00;0.586;;
966771;unknown;control;2024-02-09 10:45:00+00:00;0.216;;
966771;unknown;control;2024-02-09 11:00:00+00:00;0.247;;
966771;unknown;control;2024-02-09 11:15:00+00:00;0.11;;
966771;unknown;control;2024-02-09 11:30:00+00:00;0.112;;
966771;unknown;control;2024-02-09 11:45:00+00:00;0.101;;
966771;unknown;control;2024-02-09 12:00:00+00:00;0.123;;
966771;unknown;control;2024-02-09 12:15:00+00:00;0.157;;
966771;unknown;control;2024-02-09 12:30:00+00:00;0.101;;
966771;unknown;control;2024-02-09 12:45:00+00:00;0.105;;
966771;unknown;control;2024-02-09 13:00:00+00:00;0.11;;
966771;unknown;control;2024-02-09 13:15:00+00:00;0.096;;
966771;unknown;control;2024-02-09 13:30:00+00:00;0.107;;
966771;unknown;control;2024-02-09 13:45:00+00:00;0.109;;
966771;unknown;control;2024-02-09 14:00:00+00:00;0.102;;
966771;unknown;control;2024-02-09 14:15:00+00:00;0.11;;
966771;unknown;control;2024-02-09 14:30:00+00:00;0.106;;
966771;unknown;control;2024-02-09 14:45:00+00:00;0.117;;
966771;unknown;control;2024-02-09 15:00:00+00:00;0.174;;
966771;unknown;control;2024-02-09 15:15:00+00:00;0.166;;
966771;unknown;control;2024-02-09 15:30:00+00:00;0.227;;
966771;unknown;control;2024-02-09 15:45:00+00:00;0.78;;
966771;unknown;control;2024-02-09 16:00:00+00:00;0.21;;
966771;unknown;control;2024-02-09 16:15:00+00:00;0.302;;
966771;unknown;control;2024-02-09 16:30:00+00:00;0.215;;
966771;unknown;control;2024-02-09 16:45:00+00:00;0.244;;
966771;unknown;control;2024-02-09 17:00:00+00:00;0.208;;
966771;unknown;control;2024-02-09 17:15:00+00:00;0.283;;
966771;unknown;control;2024-02-09 17:30:00+00:00;0.259;;
966771;unknown;control;2024-02-09 17:45:00+00:00;0.239;;
966771;unknown;control;2024-02-09 18:00:00+00:00;0.74;;
966771;unknown;control;2024-02-09 18:15:00+00:00;0.54;;
966771;unknown;control;2024-02-09 18:30:00+00:00;0.235;;
966771;unknown;control;2024-02-09 18:45:00+00:00;0.25;;
966771;unknown;control;2024-02-09 19:00:00+00:00;0.267;;
966771;unknown;control;2024-02-09 19:15:00+00:00;0.262;;
966771;unknown;control;2024-02-09 19:30:00+00:00;0.242;;
966771;unknown;control;2024-02-09 19:45:00+00:00;0.255;;
966771;unknown;control;2024-02-09 20:00:00+00:00;0.255;;
966771;unknown;control;2024-02-09 20:15:00+00:00;0.269;;
966771;unknown;control;2024-02-09 20:30:00+00:00;0.445;;
966771;unknown;control;2024-02-09 20:45:00+00:00;0.948;;
966771;unknown;control;2024-02-09 21:00:00+00:00;0.356;;
966771;unknown;control;2024-02-09 21:15:00+00:00;0.208;;
966771;unknown;control;2024-02-09 21:30:00+00:00;0.191;;
966771;unknown;control;2024-02-09 21:45:00+00:00;0.322;;
966771;unknown;control;2024-02-09 22:00:00+00:00;0.958;;
966771;unknown;control;2024-02-09 22:15:00+00:00;0.257;;
966771;unknown;control;2024-02-09 22:30:00+00:00;0.209;;
966771;unknown;control;2024-02-09 22:45:00+00:00;0.208;;
966771;unknown;control;2024-02-09 23:00:00+00:00;0.218;;
966771;unknown;control;2024-02-09 23:15:00+00:00;0.222;;
966771;unknown;control;2024-02-09 23:30:00+00:00;0.208;;
966771;unknown;control;2024-02-09 23:45:00+00:00;0.205;;
966771;unknown;control;2024-02-10 00:00:00+00:00;0.926;;
966771;unknown;control;2024-02-10 00:15:00+00:00;0.391;;
966771;unknown;control;2024-02-10 00:30:00+00:00;0.203;;
966771;unknown;control;2024-02-10 00:45:00+00:00;0.221;;
966771;unknown;control;2024-02-10 01:00:00+00:00;0.232;;
966771;unknown;control;2024-02-10 01:15:00+00:00;0.78;;
966771;unknown;control;2024-02-10 01:30:00+00:00;1.839;;
966771;unknown;control;2024-02-10 01:45:00+00:00;1.464;;
966771;unknown;control;2024-02-10 02:00:00+00:00;1.447;;
966771;unknown;control;2024-02-10 02:15:00+00:00;1.472;;
966771;unknown;control;2024-02-10 02:30:00+00:00;1.883;;
966771;unknown;control;2024-02-10 02:45:00+00:00;1.557;;
966771;unknown;control;2024-02-10 03:00:00+00:00;0.254;;
966771;unknown;control;2024-02-10 03:15:00+00:00;0.201;;
966771;unknown;control;2024-02-10 03:30:00+00:00;0.212;;
966771;unknown;control;2024-02-10 03:45:00+00:00;0.227;;
966771;unknown;control;2024-02-10 04:00:00+00:00;0.211;;
966771;unknown;control;2024-02-10 04:15:00+00:00;0.19;;
966771;unknown;control;2024-02-10 04:30:00+00:00;0.187;;
966771;unknown;control;2024-02-10 04:45:00+00:00;0.934;;
966771;unknown;control;2024-02-10 05:00:00+00:00;0.281;;
966771;unknown;control;2024-02-10 05:15:00+00:00;0.205;;
966771;unknown;control;2024-02-10 05:30:00+00:00;0.235;;
966771;unknown;control;2024-02-10 05:45:00+00:00;0.228;;
966771;unknown;control;2024-02-10 06:00:00+00:00;0.209;;
966771;unknown;control;2024-02-10 06:15:00+00:00;0.246;;
966771;unknown;control;2024-02-10 06:30:00+00:00;0.246;;
966771;unknown;control;2024-02-10 06:45:00+00:00;0.975;;
966771;unknown;control;2024-02-10 07:00:00+00:00;0.539;;
966771;unknown;control;2024-02-10 07:15:00+00:00;0.255;;
966771;unknown;control;2024-02-10 07:30:00+00:00;0.234;;
966771;unknown;control;2024-02-10 07:45:00+00:00;0.219;;
966771;unknown;control;2024-02-10 08:00:00+00:00;0.391;;
966771;unknown;control;2024-02-10 08:15:00+00:00;0.208;;
966771;unknown;control;2024-02-10 08:30:00+00:00;0.179;;
966771;unknown;control;2024-02-10 08:45:00+00:00;0.214;;
966771;unknown;control;2024-02-10 09:00:00+00:00;0.196;;
966771;unknown;control;2024-02-10 09:15:00+00:00;0.226;;
966771;unknown;control;2024-02-10 09:30:00+00:00;0.744;;
966771;unknown;control;2024-02-10 09:45:00+00:00;1.176;;
966771;unknown;control;2024-02-10 10:00:00+00:00;0.742;;
966771;unknown;control;2024-02-10 10:15:00+00:00;0.344;;
966771;unknown;control;2024-02-10 10:30:00+00:00;0.559;;
966771;unknown;control;2024-02-10 10:45:00+00:00;0.191;;
966771;unknown;control;2024-02-10 11:00:00+00:00;0.187;;
966771;unknown;control;2024-02-10 11:15:00+00:00;0.187;;
966771;unknown;control;2024-02-10 11:30:00+00:00;0.183;;
966771;unknown;control;2024-02-10 11:45:00+00:00;0.347;;
966771;unknown;control;2024-02-10 12:00:00+00:00;0.169;;
966771;unknown;control;2024-02-10 12:15:00+00:00;0.151;;
966771;unknown;control;2024-02-10 12:30:00+00:00;0.12;;
966771;unknown;control;2024-02-10 12:45:00+00:00;0.117;;
966771;unknown;control;2024-02-10 13:00:00+00:00;0.109;;
966771;unknown;control;2024-02-10 13:15:00+00:00;0.107;;
966771;unknown;control;2024-02-10 13:30:00+00:00;0.103;;
966771;unknown;control;2024-02-10 13:45:00+00:00;0.109;;
966771;unknown;control;2024-02-10 14:00:00+00:00;0.251;;
966771;unknown;control;2024-02-10 14:15:00+00:00;0.112;;
966771;unknown;control;2024-02-10 14:30:00+00:00;0.118;;
966771;unknown;control;2024-02-10 14:45:00+00:00;0.106;;
966771;unknown;control;2024-02-10 15:00:00+00:00;0.09;;
966771;unknown;control;2024-02-10 15:15:00+00:00;0.1;;
966771;unknown;control;2024-02-10 15:30:00+00:00;0.089;;
966771;unknown;control;2024-02-10 15:45:00+00:00;0.086;;
966771;unknown;control;2024-02-10 16:00:00+00:00;0.465;;
966771;unknown;control;2024-02-10 16:15:00+00:00;0.406;;
966771;unknown;control;2024-02-10 16:30:00+00:00;0.223;;
966771;unknown;control;2024-02-10 16:45:00+00:00;0.775;;
966771;unknown;control;2024-02-10 17:00:00+00:00;0.405;;
966771;unknown;control;2024-02-10 17:15:00+00:00;0.5;;
966771;unknown;control;2024-02-10 17:30:00+00:00;0.251;;
966771;unknown;control;2024-02-10 17:45:00+00:00;0.206;;
966771;unknown;control;2024-02-10 18:00:00+00:00;0.277;;
966771;unknown;control;2024-02-10 18:15:00+00:00;0.27;;
966771;unknown;control;2024-02-10 18:30:00+00:00;0.253;;
966771;unknown;control;2024-02-10 18:45:00+00:00;0.28;;
966771;unknown;control;2024-02-10 19:00:00+00:00;0.259;;
966771;unknown;control;2024-02-10 19:15:00+00:00;0.741;;
966771;unknown;control;2024-02-10 19:30:00+00:00;0.742;;
966771;unknown;control;2024-02-10 19:45:00+00:00;0.272;;
966771;unknown;control;2024-02-10 20:00:00+00:00;0.24;;
966771;unknown;control;2024-02-10 20:15:00+00:00;0.273;;
966771;unknown;control;2024-02-10 20:30:00+00:00;0.268;;
966771;unknown;control;2024-02-10 20:45:00+00:00;0.231;;
966771;unknown;control;2024-02-10 21:00:00+00:00;0.236;;
966771;unknown;control;2024-02-10 21:15:00+00:00;0.237;;
966771;unknown;control;2024-02-10 21:30:00+00:00;0.212;;
966771;unknown;control;2024-02-10 21:45:00+00:00;0.172;;
966771;unknown;control;2024-02-10 22:00:00+00:00;0.181;;
966771;unknown;control;2024-02-10 22:15:00+00:00;0.192;;
966771;unknown;control;2024-02-10 22:30:00+00:00;0.192;;
966771;unknown;control;2024-02-10 22:45:00+00:00;0.213;;
966771;unknown;control;2024-02-10 23:00:00+00:00;0.207;;
966771;unknown;control;2024-02-10 23:15:00+00:00;0.258;;
966771;unknown;control;2024-02-10 23:30:00+00:00;0.282;;
966771;unknown;control;2024-02-10 23:45:00+00:00;0.279;;
966771;unknown;control;2024-02-11 00:00:00+00:00;1.0;;
966771;unknown;control;2024-02-11 00:15:00+00:00;0.643;;
966771;unknown;control;2024-02-11 00:30:00+00:00;0.29;;
966771;unknown;control;2024-02-11 00:45:00+00:00;0.504;;
966771;unknown;control;2024-02-11 01:00:00+00:00;1.036;;
966771;unknown;control;2024-02-11 01:15:00+00:00;0.939;;
966771;unknown;control;2024-02-11 01:30:00+00:00;1.529;;
966771;unknown;control;2024-02-11 01:45:00+00:00;1.5;;
966771;unknown;control;2024-02-11 02:00:00+00:00;1.505;;
966771;unknown;control;2024-02-11 02:15:00+00:00;1.489;;
966771;unknown;control;2024-02-11 02:30:00+00:00;2.152;;
966771;unknown;control;2024-02-11 02:45:00+00:00;2.272;;
966771;unknown;control;2024-02-11 03:00:00+00:00;1.605;;
966771;unknown;control;2024-02-11 03:15:00+00:00;1.571;;
966771;unknown;control;2024-02-11 03:30:00+00:00;1.647;;
966771;unknown;control;2024-02-11 03:45:00+00:00;2.275;;
966771;unknown;control;2024-02-11 04:00:00+00:00;0.773;;
966771;unknown;control;2024-02-11 04:15:00+00:00;0.312;;
966771;unknown;control;2024-02-11 04:30:00+00:00;0.319;;
966771;unknown;control;2024-02-11 04:45:00+00:00;0.299;;
966771;unknown;control;2024-02-11 05:00:00+00:00;0.824;;
966771;unknown;control;2024-02-11 05:15:00+00:00;0.818;;
966771;unknown;control;2024-02-11 05:30:00+00:00;0.304;;
966771;unknown;control;2024-02-11 05:45:00+00:00;0.28;;
966771;unknown;control;2024-02-11 06:00:00+00:00;0.285;;
966771;unknown;control;2024-02-11 06:15:00+00:00;0.371;;
966771;unknown;control;2024-02-11 06:30:00+00:00;1.067;;
966771;unknown;control;2024-02-11 06:45:00+00:00;0.593;;
966771;unknown;control;2024-02-11 07:00:00+00:00;0.272;;
966771;unknown;control;2024-02-11 07:15:00+00:00;0.285;;
966771;unknown;control;2024-02-11 07:30:00+00:00;0.263;;
966771;unknown;control;2024-02-11 07:45:00+00:00;0.247;;
966771;unknown;control;2024-02-11 08:00:00+00:00;0.541;;
966771;unknown;control;2024-02-11 08:15:00+00:00;0.263;;
966771;unknown;control;2024-02-11 08:30:00+00:00;0.432;;
966771;unknown;control;2024-02-11 08:45:00+00:00;0.285;;
966771;unknown;control;2024-02-11 09:00:00+00:00;0.313;;
966771;unknown;control;2024-02-11 09:15:00+00:00;0.276;;
966771;unknown;control;2024-02-11 09:30:00+00:00;0.268;;
966771;unknown;control;2024-02-11 09:45:00+00:00;0.22;;
966771;unknown;control;2024-02-11 10:00:00+00:00;0.151;;
966771;unknown;control;2024-02-11 10:15:00+00:00;0.149;;
966771;unknown;control;2024-02-11 10:30:00+00:00;0.162;;
966771;unknown;control;2024-02-11 10:45:00+00:00;0.145;;
966771;unknown;control;2024-02-11 11:00:00+00:00;0.142;;
966771;unknown;control;2024-02-11 11:15:00+00:00;0.167;;
966771;unknown;control;2024-02-11 11:30:00+00:00;0.157;;
966771;unknown;control;2024-02-11 11:45:00+00:00;0.159;;
966771;unknown;control;2024-02-11 12:00:00+00:00;0.17;;
966771;unknown;control;2024-02-11 12:15:00+00:00;0.145;;
966771;unknown;control;2024-02-11 12:30:00+00:00;0.151;;
966771;unknown;control;2024-02-11 12:45:00+00:00;0.153;;
966771;unknown;control;2024-02-11 13:00:00+00:00;0.299;;
966771;unknown;control;2024-02-11 13:15:00+00:00;0.2;;
966771;unknown;control;2024-02-11 13:30:00+00:00;0.161;;
966771;unknown;control;2024-02-11 13:45:00+00:00;0.123;;
966771;unknown;control;2024-02-11 14:00:00+00:00;0.109;;
966771;unknown;control;2024-02-11 14:15:00+00:00;0.107;;
966771;unknown;control;2024-02-11 14:30:00+00:00;0.104;;
966771;unknown;control;2024-02-11 14:45:00+00:00;0.112;;
966771;unknown;control;2024-02-11 15:00:00+00:00;0.111;;
966771;unknown;control;2024-02-11 15:15:00+00:00;0.222;;
966771;unknown;control;2024-02-11 15:30:00+00:00;0.398;;
966771;unknown;control;2024-02-11 15:45:00+00:00;0.237;;
966771;unknown;control;2024-02-11 16:00:00+00:00;0.659;;
966771;unknown;control;2024-02-11 16:15:00+00:00;0.922;;
966771;unknown;control;2024-02-11 16:30:00+00:00;0.741;;
966771;unknown;control;2024-02-11 16:45:00+00:00;0.605;;
966771;unknown;control;2024-02-11 17:00:00+00:00;0.387;;
966771;unknown;control;2024-02-11 17:15:00+00:00;0.565;;
966771;unknown;control;2024-02-11 17:30:00+00:00;1.073;;
966771;unknown;control;2024-02-11 17:45:00+00:00;0.489;;
966771;unknown;control;2024-02-11 18:00:00+00:00;0.316;;
966771;unknown;control;2024-02-11 18:15:00+00:00;0.338;;
966771;unknown;control;2024-02-11 18:30:00+00:00;0.947;;
966771;unknown;control;2024-02-11 18:45:00+00:00;1.061;;
966771;unknown;control;2024-02-11 19:00:00+00:00;0.31;;
966771;unknown;control;2024-02-11 19:15:00+00:00;0.333;;
966771;unknown;control;2024-02-11 19:30:00+00:00;0.334;;
966771;unknown;control;2024-02-11 19:45:00+00:00;0.418;;
966771;unknown;control;2024-02-11 20:00:00+00:00;0.341;;
966771;unknown;control;2024-02-11 20:15:00+00:00;1.029;;
966771;unknown;control;2024-02-11 20:30:00+00:00;0.5;;
966771;unknown;control;2024-02-11 20:45:00+00:00;0.316;;
966771;unknown;control;2024-02-11 21:00:00+00:00;0.317;;
966771;unknown;control;2024-02-11 21:15:00+00:00;0.294;;
966771;unknown;control;2024-02-11 21:30:00+00:00;0.277;;
966771;unknown;control;2024-02-11 21:45:00+00:00;0.473;;
966771;unknown;control;2024-02-11 22:00:00+00:00;1.019;;
966771;unknown;control;2024-02-11 22:15:00+00:00;0.28;;
966771;unknown;control;2024-02-11 22:30:00+00:00;0.265;;
966771;unknown;control;2024-02-11 22:45:00+00:00;0.311;;
966771;unknown;control;2024-02-11 23:00:00+00:00;0.295;;
966771;unknown;control;2024-02-11 23:15:00+00:00;0.284;;
966771;unknown;control;2024-02-11 23:30:00+00:00;0.769;;
966771;unknown;control;2024-02-11 23:45:00+00:00;0.727;;
966771;unknown;control;2024-02-12 00:00:00+00:00;0.257;;
966771;unknown;control;2024-02-12 00:15:00+00:00;0.281;;
966771;unknown;control;2024-02-12 00:30:00+00:00;0.289;;
966771;unknown;control;2024-02-12 00:45:00+00:00;0.291;;
966771;unknown;control;2024-02-12 01:00:00+00:00;0.279;;
966771;unknown;control;2024-02-12 01:15:00+00:00;0.901;;
966771;unknown;control;2024-02-12 01:30:00+00:00;2.106;;
966771;unknown;control;2024-02-12 01:45:00+00:00;1.481;;
966771;unknown;control;2024-02-12 02:00:00+00:00;1.478;;
966771;unknown;control;2024-02-12 02:15:00+00:00;1.51;;
966771;unknown;control;2024-02-12 02:30:00+00:00;1.666;;
966771;unknown;control;2024-02-12 02:45:00+00:00;2.213;;
966771;unknown;control;2024-02-12 03:00:00+00:00;1.656;;
966771;unknown;control;2024-02-12 03:15:00+00:00;0.297;;
966771;unknown;control;2024-02-12 03:30:00+00:00;0.243;;
966771;unknown;control;2024-02-12 03:45:00+00:00;0.246;;
966771;unknown;control;2024-02-12 04:00:00+00:00;0.251;;
966771;unknown;control;2024-02-12 04:15:00+00:00;0.257;;
966771;unknown;control;2024-02-12 04:30:00+00:00;0.884;;
966771;unknown;control;2024-02-12 04:45:00+00:00;0.427;;
966771;unknown;control;2024-02-12 05:00:00+00:00;0.253;;
966771;unknown;control;2024-02-12 05:15:00+00:00;0.268;;
966771;unknown;control;2024-02-12 05:30:00+00:00;0.555;;
966771;unknown;control;2024-02-12 05:45:00+00:00;2.27;;
966771;unknown;control;2024-02-12 06:00:00+00:00;0.612;;
966771;unknown;control;2024-02-12 06:15:00+00:00;0.287;;
966771;unknown;control;2024-02-12 06:30:00+00:00;0.289;;
966771;unknown;control;2024-02-12 06:45:00+00:00;0.936;;
966771;unknown;control;2024-02-12 07:00:00+00:00;0.688;;
966771;unknown;control;2024-02-12 07:15:00+00:00;0.304;;
966771;unknown;control;2024-02-12 07:30:00+00:00;0.28;;
966771;unknown;control;2024-02-12 07:45:00+00:00;0.678;;
966771;unknown;control;2024-02-12 08:00:00+00:00;0.291;;
966771;unknown;control;2024-02-12 08:15:00+00:00;1.122;;
966771;unknown;control;2024-02-12 08:30:00+00:00;0.598;;
966771;unknown;control;2024-02-12 08:45:00+00:00;0.185;;
966771;unknown;control;2024-02-12 09:00:00+00:00;0.174;;
966771;unknown;control;2024-02-12 09:15:00+00:00;0.179;;
966771;unknown;control;2024-02-12 09:30:00+00:00;0.301;;
966771;unknown;control;2024-02-12 09:45:00+00:00;0.185;;
966771;unknown;control;2024-02-12 10:00:00+00:00;0.354;;
966771;unknown;control;2024-02-12 10:15:00+00:00;0.16;;
966771;unknown;control;2024-02-12 10:30:00+00:00;0.178;;
966771;unknown;control;2024-02-12 10:45:00+00:00;0.125;;
966771;unknown;control;2024-02-12 11:00:00+00:00;0.11;;
966771;unknown;control;2024-02-12 11:15:00+00:00;0.112;;
966771;unknown;control;2024-02-12 11:30:00+00:00;0.11;;
966771;unknown;control;2024-02-12 11:45:00+00:00;0.1;;
966771;unknown;control;2024-02-12 12:00:00+00:00;0.257;;
966771;unknown;control;2024-02-12 12:15:00+00:00;0.862;;
966771;unknown;control;2024-02-12 12:30:00+00:00;0.231;;
966771;unknown;control;2024-02-12 12:45:00+00:00;0.153;;
966771;unknown;control;2024-02-12 13:00:00+00:00;0.156;;
966771;unknown;control;2024-02-12 13:15:00+00:00;0.14;;
966771;unknown;control;2024-02-12 13:30:00+00:00;0.112;;
966771;unknown;control;2024-02-12 13:45:00+00:00;0.112;;
966771;unknown;control;2024-02-12 14:00:00+00:00;0.211;;
966771;unknown;control;2024-02-12 14:15:00+00:00;0.287;;
966771;unknown;control;2024-02-12 14:30:00+00:00;0.309;;
966771;unknown;control;2024-02-12 14:45:00+00:00;0.311;;
966771;unknown;control;2024-02-12 15:00:00+00:00;0.278;;
966771;unknown;control;2024-02-12 15:15:00+00:00;0.301;;
966771;unknown;control;2024-02-12 15:30:00+00:00;0.53;;
966771;unknown;control;2024-02-12 15:45:00+00:00;1.163;;
966771;unknown;control;2024-02-12 16:00:00+00:00;0.434;;
966771;unknown;control;2024-02-12 16:15:00+00:00;0.329;;
966771;unknown;control;2024-02-12 16:30:00+00:00;0.344;;
966771;unknown;control;2024-02-12 16:45:00+00:00;0.708;;
966771;unknown;control;2024-02-12 17:00:00+00:00;1.083;;
966771;unknown;control;2024-02-12 17:15:00+00:00;0.43;;
966771;unknown;control;2024-02-12 17:30:00+00:00;0.579;;
966771;unknown;control;2024-02-12 17:45:00+00:00;0.427;;
966771;unknown;control;2024-02-12 18:00:00+00:00;1.13;;
966771;unknown;control;2024-02-12 18:15:00+00:00;0.629;;
966771;unknown;control;2024-02-12 18:30:00+00:00;0.4;;
966771;unknown;control;2024-02-12 18:45:00+00:00;0.408;;
966771;unknown;control;2024-02-12 19:00:00+00:00;1.14;;
966771;unknown;control;2024-02-12 19:15:00+00:00;0.97;;
966771;unknown;control;2024-02-12 19:30:00+00:00;0.45;;
966771;unknown;control;2024-02-12 19:45:00+00:00;0.539;;
966771;unknown;control;2024-02-12 20:00:00+00:00;1.181;;
966771;unknown;control;2024-02-12 20:15:00+00:00;1.139;;
966771;unknown;control;2024-02-12 20:30:00+00:00;0.408;;
966771;unknown;control;2024-02-12 20:45:00+00:00;0.281;;
966771;unknown;control;2024-02-12 21:00:00+00:00;0.4;;
966771;unknown;control;2024-02-12 21:15:00+00:00;0.977;;
966771;unknown;control;2024-02-12 21:30:00+00:00;0.252;;
966771;unknown;control;2024-02-12 21:45:00+00:00;0.254;;
966771;unknown;control;2024-02-12 22:00:00+00:00;0.269;;
966771;unknown;control;2024-02-12 22:15:00+00:00;0.255;;
966771;unknown;control;2024-02-12 22:30:00+00:00;0.621;;
966771;unknown;control;2024-02-12 22:45:00+00:00;1.034;;
966771;unknown;control;2024-02-12 23:00:00+00:00;0.674;;
966771;unknown;control;2024-02-12 23:15:00+00:00;0.245;;
966771;unknown;control;2024-02-12 23:30:00+00:00;0.289;;
966771;unknown;control;2024-02-12 23:45:00+00:00;0.35;;
966771;unknown;control;2024-02-13 00:00:00+00:00;1.007;;
966771;unknown;control;2024-02-13 00:15:00+00:00;0.891;;
966771;unknown;control;2024-02-13 00:30:00+00:00;0.253;;
966771;unknown;control;2024-02-13 00:45:00+00:00;0.29;;
966771;unknown;control;2024-02-13 01:00:00+00:00;0.288;;
966771;unknown;control;2024-02-13 01:15:00+00:00;0.587;;
966771;unknown;control;2024-02-13 01:30:00+00:00;2.262;;
966771;unknown;control;2024-02-13 01:45:00+00:00;2.253;;
966771;unknown;control;2024-02-13 02:00:00+00:00;1.533;;
966771;unknown;control;2024-02-13 02:15:00+00:00;1.147;;
966771;unknown;control;2024-02-13 02:30:00+00:00;0.573;;
966771;unknown;control;2024-02-13 02:45:00+00:00;1.048;;
966771;unknown;control;2024-02-13 03:00:00+00:00;0.957;;
966771;unknown;control;2024-02-13 03:15:00+00:00;0.327;;
966771;unknown;control;2024-02-13 03:30:00+00:00;0.295;;
966771;unknown;control;2024-02-13 03:45:00+00:00;0.579;;
966771;unknown;control;2024-02-13 04:00:00+00:00;1.028;;
966771;unknown;control;2024-02-13 04:15:00+00:00;0.275;;
966771;unknown;control;2024-02-13 04:30:00+00:00;0.305;;
966771;unknown;control;2024-02-13 04:45:00+00:00;0.741;;
966771;unknown;control;2024-02-13 05:00:00+00:00;1.021;;
966771;unknown;control;2024-02-13 05:15:00+00:00;0.637;;
966771;unknown;control;2024-02-13 05:30:00+00:00;0.327;;
966771;unknown;control;2024-02-13 05:45:00+00:00;1.616;;
966771;unknown;control;2024-02-13 06:00:00+00:00;0.787;;
966771;unknown;control;2024-02-13 06:15:00+00:00;1.103;;
966771;unknown;control;2024-02-13 06:30:00+00:00;1.034;;
966771;unknown;control;2024-02-13 06:45:00+00:00;0.963;;
966771;unknown;control;2024-02-13 07:00:00+00:00;0.92;;
966771;unknown;control;2024-02-13 07:15:00+00:00;0.259;;
966771;unknown;control;2024-02-13 07:30:00+00:00;0.21;;
966771;unknown;control;2024-02-13 07:45:00+00:00;0.172;;
966771;unknown;control;2024-02-13 08:00:00+00:00;0.143;;
966771;unknown;control;2024-02-13 08:15:00+00:00;0.11;;
966771;unknown;control;2024-02-13 08:30:00+00:00;0.103;;
966771;unknown;control;2024-02-13 08:45:00+00:00;0.107;;
966771;unknown;control;2024-02-13 09:00:00+00:00;0.109;;
966771;unknown;control;2024-02-13 09:15:00+00:00;0.102;;
966771;unknown;control;2024-02-13 09:30:00+00:00;0.115;;
966771;unknown;control;2024-02-13 09:45:00+00:00;0.114;;
966771;unknown;control;2024-02-13 10:00:00+00:00;0.106;;
966771;unknown;control;2024-02-13 10:15:00+00:00;0.111;;
966771;unknown;control;2024-02-13 10:30:00+00:00;0.44;;
966771;unknown;control;2024-02-13 10:45:00+00:00;0.15;;
966771;unknown;control;2024-02-13 11:00:00+00:00;0.132;;
966771;unknown;control;2024-02-13 11:15:00+00:00;0.112;;
966771;unknown;control;2024-02-13 11:30:00+00:00;0.102;;
966771;unknown;control;2024-02-13 11:45:00+00:00;0.115;;
966771;unknown;control;2024-02-13 12:00:00+00:00;0.109;;
966771;unknown;control;2024-02-13 12:15:00+00:00;0.114;;
966771;unknown;control;2024-02-13 12:30:00+00:00;0.179;;
966771;unknown;control;2024-02-13 12:45:00+00:00;0.105;;
966771;unknown;control;2024-02-13 13:00:00+00:00;0.102;;
966771;unknown;control;2024-02-13 13:15:00+00:00;0.112;;
966771;unknown;control;2024-02-13 13:30:00+00:00;0.103;;
966771;unknown;control;2024-02-13 13:45:00+00:00;0.354;;
966771;unknown;control;2024-02-13 14:00:00+00:00;0.141;;
966771;unknown;control;2024-02-13 14:15:00+00:00;0.132;;
966771;unknown;control;2024-02-13 14:30:00+00:00;0.182;;
966771;unknown;control;2024-02-13 14:45:00+00:00;0.196;;
966771;unknown;control;2024-02-13 15:00:00+00:00;0.159;;
966771;unknown;control;2024-02-13 15:15:00+00:00;0.2;;
966771;unknown;control;2024-02-13 15:30:00+00:00;0.311;;
966771;unknown;control;2024-02-13 15:45:00+00:00;0.792;;
966771;unknown;control;2024-02-13 16:00:00+00:00;0.273;;
966771;unknown;control;2024-02-13 16:15:00+00:00;0.261;;
966771;unknown;control;2024-02-13 16:30:00+00:00;0.273;;
966771;unknown;control;2024-02-13 16:45:00+00:00;0.606;;
966771;unknown;control;2024-02-13 17:00:00+00:00;1.082;;
966771;unknown;control;2024-02-13 17:15:00+00:00;0.63;;
966771;unknown;control;2024-02-13 17:30:00+00:00;0.354;;
966771;unknown;control;2024-02-13 17:45:00+00:00;0.805;;
966771;unknown;control;2024-02-13 18:00:00+00:00;1.094;;
966771;unknown;control;2024-02-13 18:15:00+00:00;0.889;;
966771;unknown;control;2024-02-13 18:30:00+00:00;0.337;;
966771;unknown;control;2024-02-13 18:45:00+00:00;0.783;;
966771;unknown;control;2024-02-13 19:00:00+00:00;1.096;;
966771;unknown;control;2024-02-13 19:15:00+00:00;1.003;;
966771;unknown;control;2024-02-13 19:30:00+00:00;1.293;;
966771;unknown;control;2024-02-13 19:45:00+00:00;0.802;;
966771;unknown;control;2024-02-13 20:00:00+00:00;0.395;;
966771;unknown;control;2024-02-13 20:15:00+00:00;0.558;;
966771;unknown;control;2024-02-13 20:30:00+00:00;1.166;;
966771;unknown;control;2024-02-13 20:45:00+00:00;1.16;;
966771;unknown;control;2024-02-13 21:00:00+00:00;0.459;;
966771;unknown;control;2024-02-13 21:15:00+00:00;0.374;;
966771;unknown;control;2024-02-13 21:30:00+00:00;0.313;;
966771;unknown;control;2024-02-13 21:45:00+00:00;0.322;;
966771;unknown;control;2024-02-13 22:00:00+00:00;0.621;;
966771;unknown;control;2024-02-13 22:15:00+00:00;1.062;;
966771;unknown;control;2024-02-13 22:30:00+00:00;1.034;;
966771;unknown;control;2024-02-13 22:45:00+00:00;0.309;;
966771;unknown;control;2024-02-13 23:00:00+00:00;0.301;;
966771;unknown;control;2024-02-13 23:15:00+00:00;0.318;;
966771;unknown;control;2024-02-13 23:30:00+00:00;0.339;;
966771;unknown;control;2024-02-13 23:45:00+00:00;0.95;;
966771;unknown;control;2024-02-14 00:00:00+00:00;1.011;;
966771;unknown;control;2024-02-14 00:15:00+00:00;0.287;;
966771;unknown;control;2024-02-14 00:30:00+00:00;0.304;;
966771;unknown;control;2024-02-14 00:45:00+00:00;0.312;;
966771;unknown;control;2024-02-14 01:00:00+00:00;0.646;;
966771;unknown;control;2024-02-14 01:15:00+00:00;1.058;;
966771;unknown;control;2024-02-14 01:30:00+00:00;1.813;;
966771;unknown;control;2024-02-14 01:45:00+00:00;1.49;;
966771;unknown;control;2024-02-14 02:00:00+00:00;1.519;;
966771;unknown;control;2024-02-14 02:15:00+00:00;1.696;;
966771;unknown;control;2024-02-14 02:30:00+00:00;1.202;;
966771;unknown;control;2024-02-14 02:45:00+00:00;1.114;;
966771;unknown;control;2024-02-14 03:00:00+00:00;0.482;;
966771;unknown;control;2024-02-14 03:15:00+00:00;0.311;;
966771;unknown;control;2024-02-14 03:30:00+00:00;0.293;;
966771;unknown;control;2024-02-14 03:45:00+00:00;0.298;;
966771;unknown;control;2024-02-14 04:00:00+00:00;0.962;;
966771;unknown;control;2024-02-14 04:15:00+00:00;0.258;;
966771;unknown;control;2024-02-14 04:30:00+00:00;0.267;;
966771;unknown;control;2024-02-14 04:45:00+00:00;0.269;;
966771;unknown;control;2024-02-14 05:00:00+00:00;0.266;;
966771;unknown;control;2024-02-14 05:15:00+00:00;0.251;;
966771;unknown;control;2024-02-14 05:30:00+00:00;0.268;;
966771;unknown;control;2024-02-14 05:45:00+00:00;1.413;;
966771;unknown;control;2024-02-14 06:00:00+00:00;0.746;;
966771;unknown;control;2024-02-14 06:15:00+00:00;0.273;;
966771;unknown;control;2024-02-14 06:30:00+00:00;0.279;;
966771;unknown;control;2024-02-14 06:45:00+00:00;0.265;;
966771;unknown;control;2024-02-14 07:00:00+00:00;0.458;;
966771;unknown;control;2024-02-14 07:15:00+00:00;1.385;;
966771;unknown;control;2024-02-14 07:30:00+00:00;0.49;;
966771;unknown;control;2024-02-14 07:45:00+00:00;0.541;;
966771;unknown;control;2024-02-14 08:00:00+00:00;0.228;;
966771;unknown;control;2024-02-14 08:15:00+00:00;0.16;;
966771;unknown;control;2024-02-14 08:30:00+00:00;0.166;;
966771;unknown;control;2024-02-14 08:45:00+00:00;0.152;;
966771;unknown;control;2024-02-14 09:00:00+00:00;0.154;;
966771;unknown;control;2024-02-14 09:15:00+00:00;0.157;;
966771;unknown;control;2024-02-14 09:30:00+00:00;0.145;;
966771;unknown;control;2024-02-14 09:45:00+00:00;0.128;;
966771;unknown;control;2024-02-14 10:00:00+00:00;0.137;;
966771;unknown;control;2024-02-14 10:15:00+00:00;0.133;;
966771;unknown;control;2024-02-14 10:30:00+00:00;0.136;;
966771;unknown;control;2024-02-14 10:45:00+00:00;0.65;;
966771;unknown;control;2024-02-14 11:00:00+00:00;0.147;;
966771;unknown;control;2024-02-14 11:15:00+00:00;0.161;;
966771;unknown;control;2024-02-14 11:30:00+00:00;0.146;;
966771;unknown;control;2024-02-14 11:45:00+00:00;0.245;;
966771;unknown;control;2024-02-14 12:00:00+00:00;0.184;;
966771;unknown;control;2024-02-14 12:15:00+00:00;0.291;;
966771;unknown;control;2024-02-14 12:30:00+00:00;0.448;;
966771;unknown;control;2024-02-14 12:45:00+00:00;0.534;;
966771;unknown;control;2024-02-14 13:00:00+00:00;0.188;;
966771;unknown;control;2024-02-14 13:15:00+00:00;0.142;;
966771;unknown;control;2024-02-14 13:30:00+00:00;0.168;;
966771;unknown;control;2024-02-14 13:45:00+00:00;0.126;;
966771;unknown;control;2024-02-14 14:00:00+00:00;0.125;;
966771;unknown;control;2024-02-14 14:15:00+00:00;0.138;;
966771;unknown;control;2024-02-14 14:30:00+00:00;0.125;;
966771;unknown;control;2024-02-14 14:45:00+00:00;0.123;;
966771;unknown;control;2024-02-14 15:00:00+00:00;0.129;;
966771;unknown;control;2024-02-14 15:15:00+00:00;0.116;;
966771;unknown;control;2024-02-14 15:30:00+00:00;0.158;;
966771;unknown;control;2024-02-14 15:45:00+00:00;0.137;;
966771;unknown;control;2024-02-14 16:00:00+00:00;0.138;;
966771;unknown;control;2024-02-14 16:15:00+00:00;0.218;;
966771;unknown;control;2024-02-14 16:30:00+00:00;0.674;;
966771;unknown;control;2024-02-14 16:45:00+00:00;0.308;;
966771;unknown;control;2024-02-14 17:00:00+00:00;0.305;;
966771;unknown;control;2024-02-14 17:15:00+00:00;0.299;;
966771;unknown;control;2024-02-14 17:30:00+00:00;0.294;;
966771;unknown;control;2024-02-14 17:45:00+00:00;0.3;;
966771;unknown;control;2024-02-14 18:00:00+00:00;0.262;;
966771;unknown;control;2024-02-14 18:15:00+00:00;0.241;;
966771;unknown;control;2024-02-14 18:30:00+00:00;0.276;;
966771;unknown;control;2024-02-14 18:45:00+00:00;0.276;;
966771;unknown;control;2024-02-14 19:00:00+00:00;0.248;;
966771;unknown;control;2024-02-14 19:15:00+00:00;0.263;;
966771;unknown;control;2024-02-14 19:30:00+00:00;0.299;;
966771;unknown;control;2024-02-14 19:45:00+00:00;0.379;;
966771;unknown;control;2024-02-14 20:00:00+00:00;0.995;;
966771;unknown;control;2024-02-14 20:15:00+00:00;0.352;;
966771;unknown;control;2024-02-14 20:30:00+00:00;0.266;;
966771;unknown;control;2024-02-14 20:45:00+00:00;0.217;;
966771;unknown;control;2024-02-14 21:00:00+00:00;0.198;;
966771;unknown;control;2024-02-14 21:15:00+00:00;0.216;;
966771;unknown;control;2024-02-14 21:30:00+00:00;0.207;;
966771;unknown;control;2024-02-14 21:45:00+00:00;0.209;;
966771;unknown;control;2024-02-14 22:00:00+00:00;0.697;;
966771;unknown;control;2024-02-14 22:15:00+00:00;0.935;;
966771;unknown;control;2024-02-14 22:30:00+00:00;0.259;;
966771;unknown;control;2024-02-14 22:45:00+00:00;0.292;;
966771;unknown;control;2024-02-14 23:00:00+00:00;0.256;;
966771;unknown;control;2024-02-14 23:15:00+00:00;0.983;;
966771;unknown;control;2024-02-14 23:30:00+00:00;0.924;;
966771;unknown;control;2024-02-14 23:45:00+00:00;0.292;;
966771;unknown;control;2024-02-15 00:00:00+00:00;0.283;;
966771;unknown;control;2024-02-15 00:15:00+00:00;0.908;;
966771;unknown;control;2024-02-15 00:30:00+00:00;1.057;;
966771;unknown;control;2024-02-15 00:45:00+00:00;0.539;;
966771;unknown;control;2024-02-15 01:00:00+00:00;0.31;;
966771;unknown;control;2024-02-15 01:15:00+00:00;0.629;;
966771;unknown;control;2024-02-15 01:30:00+00:00;2.231;;
966771;unknown;control;2024-02-15 01:45:00+00:00;2.244;;
966771;unknown;control;2024-02-15 02:00:00+00:00;2.109;;
966771;unknown;control;2024-02-15 02:15:00+00:00;1.981;;
966771;unknown;control;2024-02-15 02:30:00+00:00;0.313;;
966771;unknown;control;2024-02-15 02:45:00+00:00;0.314;;
966771;unknown;control;2024-02-15 03:00:00+00:00;0.782;;
966771;unknown;control;2024-02-15 03:15:00+00:00;1.087;;
966771;unknown;control;2024-02-15 03:30:00+00:00;1.022;;
966771;unknown;control;2024-02-15 03:45:00+00:00;0.964;;
966771;unknown;control;2024-02-15 04:00:00+00:00;0.977;;
966771;unknown;control;2024-02-15 04:15:00+00:00;0.332;;
966771;unknown;control;2024-02-15 04:30:00+00:00;0.338;;
966771;unknown;control;2024-02-15 04:45:00+00:00;0.77;;
966771;unknown;control;2024-02-15 05:00:00+00:00;1.11;;
966771;unknown;control;2024-02-15 05:15:00+00:00;0.892;;
966771;unknown;control;2024-02-15 05:30:00+00:00;0.345;;
966771;unknown;control;2024-02-15 05:45:00+00:00;0.36;;
966771;unknown;control;2024-02-15 06:00:00+00:00;0.863;;
966771;unknown;control;2024-02-15 06:15:00+00:00;1.116;;
966771;unknown;control;2024-02-15 06:30:00+00:00;0.756;;
966771;unknown;control;2024-02-15 06:45:00+00:00;0.449;;
966771;unknown;control;2024-02-15 07:00:00+00:00;0.282;;
966771;unknown;control;2024-02-15 07:15:00+00:00;0.226;;
966771;unknown;control;2024-02-15 07:30:00+00:00;0.208;;
966771;unknown;control;2024-02-15 07:45:00+00:00;0.156;;
966771;unknown;control;2024-02-15 08:00:00+00:00;0.694;;
966771;unknown;control;2024-02-15 08:15:00+00:00;0.266;;
966771;unknown;control;2024-02-15 08:30:00+00:00;0.38;;
966771;unknown;control;2024-02-15 08:45:00+00:00;0.552;;
966771;unknown;control;2024-02-15 09:00:00+00:00;0.178;;
966771;unknown;control;2024-02-15 09:15:00+00:00;0.616;;
966771;unknown;control;2024-02-15 09:30:00+00:00;0.529;;
966771;unknown;control;2024-02-15 09:45:00+00:00;0.315;;
966771;unknown;control;2024-02-15 10:00:00+00:00;0.486;;
966771;unknown;control;2024-02-15 10:15:00+00:00;0.269;;
966771;unknown;control;2024-02-15 10:30:00+00:00;0.145;;
966771;unknown;control;2024-02-15 10:45:00+00:00;0.116;;
966771;unknown;control;2024-02-15 11:00:00+00:00;0.256;;
966771;unknown;control;2024-02-15 11:15:00+00:00;0.481;;
966771;unknown;control;2024-02-15 11:30:00+00:00;0.155;;
966771;unknown;control;2024-02-15 11:45:00+00:00;0.121;;
966771;unknown;control;2024-02-15 12:00:00+00:00;0.125;;
966771;unknown;control;2024-02-15 12:15:00+00:00;0.466;;
966771;unknown;control;2024-02-15 12:30:00+00:00;0.178;;
966771;unknown;control;2024-02-15 12:45:00+00:00;0.107;;
966771;unknown;control;2024-02-15 13:00:00+00:00;0.108;;
966771;unknown;control;2024-02-15 13:15:00+00:00;0.107;;
966771;unknown;control;2024-02-15 13:30:00+00:00;0.119;;
966771;unknown;control;2024-02-15 13:45:00+00:00;0.322;;
966771;unknown;control;2024-02-15 14:00:00+00:00;0.34;;
966771;unknown;control;2024-02-15 14:15:00+00:00;0.115;;
966771;unknown;control;2024-02-15 14:30:00+00:00;0.108;;
966771;unknown;control;2024-02-15 14:45:00+00:00;0.11;;
966771;unknown;control;2024-02-15 15:00:00+00:00;0.117;;
966771;unknown;control;2024-02-15 15:15:00+00:00;0.118;;
966771;unknown;control;2024-02-15 15:30:00+00:00;0.121;;
966771;unknown;control;2024-02-15 15:45:00+00:00;0.124;;
966771;unknown;control;2024-02-15 16:00:00+00:00;0.241;;
966771;unknown;control;2024-02-15 16:15:00+00:00;0.217;;
966771;unknown;control;2024-02-15 16:30:00+00:00;0.129;;
966771;unknown;control;2024-02-15 16:45:00+00:00;0.162;;
966771;unknown;control;2024-02-15 17:00:00+00:00;0.227;;
966771;unknown;control;2024-02-15 17:15:00+00:00;0.272;;
966771;unknown;control;2024-02-15 17:30:00+00:00;0.242;;
966771;unknown;control;2024-02-15 17:45:00+00:00;0.227;;
966771;unknown;control;2024-02-15 18:00:00+00:00;0.235;;
966771;unknown;control;2024-02-15 18:15:00+00:00;0.234;;
966771;unknown;control;2024-02-15 18:30:00+00:00;0.241;;
966771;unknown;control;2024-02-15 18:45:00+00:00;0.243;;
966771;unknown;control;2024-02-15 19:00:00+00:00;0.261;;
966771;unknown;control;2024-02-15 19:15:00+00:00;0.269;;
966771;unknown;control;2024-02-15 19:30:00+00:00;0.261;;
966771;unknown;control;2024-02-15 19:45:00+00:00;0.272;;
966771;unknown;control;2024-02-15 20:00:00+00:00;0.295;;
966771;unknown;control;2024-02-15 20:15:00+00:00;0.98;;
966771;unknown;control;2024-02-15 20:30:00+00:00;0.423;;
966771;unknown;control;2024-02-15 20:45:00+00:00;0.243;;
966771;unknown;control;2024-02-15 21:00:00+00:00;0.218;;
966771;unknown;control;2024-02-15 21:15:00+00:00;0.623;;
966771;unknown;control;2024-02-15 21:30:00+00:00;0.241;;
966771;unknown;control;2024-02-15 21:45:00+00:00;0.239;;
966771;unknown;control;2024-02-15 22:00:00+00:00;0.739;;
966771;unknown;control;2024-02-15 22:15:00+00:00;0.703;;
966771;unknown;control;2024-02-15 22:30:00+00:00;0.206;;
966771;unknown;control;2024-02-15 22:45:00+00:00;0.248;;
966771;unknown;control;2024-02-15 23:00:00+00:00;0.197;;
966771;unknown;control;2024-02-15 23:15:00+00:00;0.234;;
966771;unknown;control;2024-02-15 23:30:00+00:00;0.753;;
966771;unknown;control;2024-02-15 23:45:00+00:00;0.534;;
966771;unknown;control;2024-02-16 00:00:00+00:00;0.242;;
966771;unknown;control;2024-02-16 00:15:00+00:00;0.221;;
966771;unknown;control;2024-02-16 00:30:00+00:00;0.232;;
966771;unknown;control;2024-02-16 00:45:00+00:00;0.208;;
966771;unknown;control;2024-02-16 01:00:00+00:00;0.251;;
966771;unknown;control;2024-02-16 01:15:00+00:00;0.637;;
966771;unknown;control;2024-02-16 01:30:00+00:00;2.234;;
966771;unknown;control;2024-02-16 01:45:00+00:00;1.584;;
966771;unknown;control;2024-02-16 02:00:00+00:00;1.51;;
966771;unknown;control;2024-02-16 02:15:00+00:00;1.495;;
966771;unknown;control;2024-02-16 02:30:00+00:00;1.118;;
966771;unknown;control;2024-02-16 02:45:00+00:00;0.789;;
966771;unknown;control;2024-02-16 03:00:00+00:00;0.247;;
966771;unknown;control;2024-02-16 03:15:00+00:00;0.258;;
966771;unknown;control;2024-02-16 03:30:00+00:00;0.265;;
966771;unknown;control;2024-02-16 03:45:00+00:00;0.332;;
966771;unknown;control;2024-02-16 04:00:00+00:00;0.98;;
966771;unknown;control;2024-02-16 04:15:00+00:00;0.261;;
966771;unknown;control;2024-02-16 04:30:00+00:00;0.264;;
966771;unknown;control;2024-02-16 04:45:00+00:00;0.24;;
966771;unknown;control;2024-02-16 05:00:00+00:00;0.385;;
966771;unknown;control;2024-02-16 05:15:00+00:00;0.985;;
966771;unknown;control;2024-02-16 05:30:00+00:00;0.515;;
966771;unknown;control;2024-02-16 05:45:00+00:00;0.286;;
966771;unknown;control;2024-02-16 06:00:00+00:00;0.369;;
966771;unknown;control;2024-02-16 06:15:00+00:00;0.277;;
966771;unknown;control;2024-02-16 06:30:00+00:00;0.286;;
966771;unknown;control;2024-02-16 06:45:00+00:00;0.947;;
966771;unknown;control;2024-02-16 07:00:00+00:00;0.575;;
966771;unknown;control;2024-02-16 07:15:00+00:00;0.225;;
966771;unknown;control;2024-02-16 07:30:00+00:00;0.111;;
966771;unknown;control;2024-02-16 07:45:00+00:00;0.149;;
966771;unknown;control;2024-02-16 08:00:00+00:00;0.11;;
966771;unknown;control;2024-02-16 08:15:00+00:00;0.105;;
966771;unknown;control;2024-02-16 08:30:00+00:00;0.114;;
966771;unknown;control;2024-02-16 08:45:00+00:00;0.125;;
966771;unknown;control;2024-02-16 09:00:00+00:00;0.108;;
966771;unknown;control;2024-02-16 09:15:00+00:00;0.125;;
966771;unknown;control;2024-02-16 09:30:00+00:00;0.44;;
966771;unknown;control;2024-02-16 09:45:00+00:00;0.287;;
966771;unknown;control;2024-02-16 10:00:00+00:00;0.272;;
966771;unknown;control;2024-02-16 10:15:00+00:00;0.507;;
966771;unknown;control;2024-02-16 10:30:00+00:00;0.129;;
966771;unknown;control;2024-02-16 10:45:00+00:00;0.118;;
966771;unknown;control;2024-02-16 11:00:00+00:00;0.11;;
966771;unknown;control;2024-02-16 11:15:00+00:00;0.093;;
966771;unknown;control;2024-02-16 11:30:00+00:00;0.092;;
966771;unknown;control;2024-02-16 11:45:00+00:00;0.123;;
966771;unknown;control;2024-02-16 12:00:00+00:00;0.093;;
966771;unknown;control;2024-02-16 12:15:00+00:00;0.092;;
966771;unknown;control;2024-02-16 12:30:00+00:00;0.083;;
966771;unknown;control;2024-02-16 12:45:00+00:00;0.084;;
966771;unknown;control;2024-02-16 13:00:00+00:00;0.09;;
966771;unknown;control;2024-02-16 13:15:00+00:00;0.089;;
966771;unknown;control;2024-02-16 13:30:00+00:00;0.095;;
966771;unknown;control;2024-02-16 13:45:00+00:00;0.092;;
966771;unknown;control;2024-02-16 14:00:00+00:00;0.081;;
966771;unknown;control;2024-02-16 14:15:00+00:00;0.091;;
966771;unknown;control;2024-02-16 14:30:00+00:00;0.092;;
966771;unknown;control;2024-02-16 14:45:00+00:00;0.091;;
966771;unknown;control;2024-02-16 15:00:00+00:00;0.1;;
966771;unknown;control;2024-02-16 15:15:00+00:00;0.092;;
966771;unknown;control;2024-02-16 15:30:00+00:00;0.087;;
966771;unknown;control;2024-02-16 15:45:00+00:00;0.093;;
966771;unknown;control;2024-02-16 16:00:00+00:00;0.092;;
966771;unknown;control;2024-02-16 16:15:00+00:00;0.103;;
966771;unknown;control;2024-02-16 16:30:00+00:00;0.481;;
966771;unknown;control;2024-02-16 16:45:00+00:00;0.312;;
966771;unknown;control;2024-02-16 17:00:00+00:00;0.301;;
966771;unknown;control;2024-02-16 17:15:00+00:00;0.712;;
966771;unknown;control;2024-02-16 17:30:00+00:00;0.351;;
966771;unknown;control;2024-02-16 17:45:00+00:00;0.348;;
966771;unknown;control;2024-02-16 18:00:00+00:00;0.457;;
966771;unknown;control;2024-02-16 18:15:00+00:00;0.359;;
966771;unknown;control;2024-02-16 18:30:00+00:00;0.354;;
966771;unknown;control;2024-02-16 18:45:00+00:00;0.437;;
966771;unknown;control;2024-02-16 19:00:00+00:00;0.182;;
966771;unknown;control;2024-02-16 19:15:00+00:00;0.204;;
966771;unknown;control;2024-02-16 19:30:00+00:00;0.261;;
966771;unknown;control;2024-02-16 19:45:00+00:00;0.218;;
966771;unknown;control;2024-02-16 20:00:00+00:00;0.228;;
966771;unknown;control;2024-02-16 20:15:00+00:00;0.184;;
966771;unknown;control;2024-02-16 20:30:00+00:00;0.223;;
966771;unknown;control;2024-02-16 20:45:00+00:00;0.196;;
966771;unknown;control;2024-02-16 21:00:00+00:00;0.22;;
966771;unknown;control;2024-02-16 21:15:00+00:00;0.211;;
966771;unknown;control;2024-02-16 21:30:00+00:00;0.196;;
966771;unknown;control;2024-02-16 21:45:00+00:00;0.128;;
966771;unknown;control;2024-02-16 22:00:00+00:00;0.168;;
966771;unknown;control;2024-02-16 22:15:00+00:00;0.184;;
966771;unknown;control;2024-02-16 22:30:00+00:00;0.14;;
966771;unknown;control;2024-02-16 22:45:00+00:00;0.183;;
966771;unknown;control;2024-02-16 23:00:00+00:00;0.184;;
966771;unknown;control;2024-02-16 23:15:00+00:00;0.178;;
966771;unknown;control;2024-02-16 23:30:00+00:00;0.215;;
966771;unknown;control;2024-02-16 23:45:00+00:00;0.175;;
966771;unknown;control;2024-02-17 00:00:00+00:00;0.176;;
966771;unknown;control;2024-02-17 00:15:00+00:00;0.219;;
966771;unknown;control;2024-02-17 00:30:00+00:00;0.178;;
966771;unknown;control;2024-02-17 00:45:00+00:00;0.157;;
966771;unknown;control;2024-02-17 01:00:00+00:00;0.163;;
966771;unknown;control;2024-02-17 01:15:00+00:00;0.179;;
966771;unknown;control;2024-02-17 01:30:00+00:00;1.402;;
966771;unknown;control;2024-02-17 01:45:00+00:00;1.403;;
966771;unknown;control;2024-02-17 02:00:00+00:00;1.382;;
966771;unknown;control;2024-02-17 02:15:00+00:00;1.415;;
966771;unknown;control;2024-02-17 02:30:00+00:00;1.399;;
966771;unknown;control;2024-02-17 02:45:00+00:00;0.15;;
966771;unknown;control;2024-02-17 03:00:00+00:00;0.168;;
966771;unknown;control;2024-02-17 03:15:00+00:00;0.154;;
966771;unknown;control;2024-02-17 03:30:00+00:00;0.146;;
966771;unknown;control;2024-02-17 03:45:00+00:00;0.154;;
966771;unknown;control;2024-02-17 04:00:00+00:00;0.149;;
966771;unknown;control;2024-02-17 04:15:00+00:00;0.159;;
966771;unknown;control;2024-02-17 04:30:00+00:00;0.126;;
966771;unknown;control;2024-02-17 04:45:00+00:00;0.182;;
966771;unknown;control;2024-02-17 05:00:00+00:00;0.142;;
966771;unknown;control;2024-02-17 05:15:00+00:00;0.181;;
966771;unknown;control;2024-02-17 05:30:00+00:00;0.145;;
966771;unknown;control;2024-02-17 05:45:00+00:00;0.168;;
966771;unknown;control;2024-02-17 06:00:00+00:00;0.15;;
966771;unknown;control;2024-02-17 06:15:00+00:00;0.18;;
966771;unknown;control;2024-02-17 06:30:00+00:00;0.269;;
966771;unknown;control;2024-02-17 06:45:00+00:00;0.161;;
966771;unknown;control;2024-02-17 07:00:00+00:00;0.162;;
966771;unknown;control;2024-02-17 07:15:00+00:00;0.184;;
966771;unknown;control;2024-02-17 07:30:00+00:00;0.174;;
966771;unknown;control;2024-02-17 07:45:00+00:00;0.104;;
966771;unknown;control;2024-02-17 08:00:00+00:00;0.152;;
966771;unknown;control;2024-02-17 08:15:00+00:00;0.114;;
966771;unknown;control;2024-02-17 08:30:00+00:00;0.292;;
966771;unknown;control;2024-02-17 08:45:00+00:00;0.12;;
966771;unknown;control;2024-02-17 09:00:00+00:00;0.124;;
966771;unknown;control;2024-02-17 09:15:00+00:00;0.135;;
966771;unknown;control;2024-02-17 09:30:00+00:00;0.142;;
966771;unknown;control;2024-02-17 09:45:00+00:00;0.151;;
966771;unknown;control;2024-02-17 10:00:00+00:00;0.146;;
966771;unknown;control;2024-02-17 10:15:00+00:00;0.154;;
966771;unknown;control;2024-02-17 10:30:00+00:00;0.137;;
966771;unknown;control;2024-02-17 10:45:00+00:00;0.146;;
966771;unknown;control;2024-02-17 11:00:00+00:00;0.143;;
966771;unknown;control;2024-02-17 11:15:00+00:00;0.141;;
966771;unknown;control;2024-02-17 11:30:00+00:00;0.144;;
966771;unknown;control;2024-02-17 11:45:00+00:00;0.2;;
966771;unknown;control;2024-02-17 12:00:00+00:00;0.161;;
966771;unknown;control;2024-02-17 12:15:00+00:00;0.25;;
966771;unknown;control;2024-02-17 12:30:00+00:00;0.147;;
966771;unknown;control;2024-02-17 12:45:00+00:00;0.177;;
966771;unknown;control;2024-02-17 13:00:00+00:00;0.148;;
966771;unknown;control;2024-02-17 13:15:00+00:00;0.865;;
966771;unknown;control;2024-02-17 13:30:00+00:00;0.697;;
966771;unknown;control;2024-02-17 13:45:00+00:00;0.351;;
966771;unknown;control;2024-02-17 14:00:00+00:00;0.493;;
966771;unknown;control;2024-02-17 14:15:00+00:00;0.13;;
966771;unknown;control;2024-02-17 14:30:00+00:00;0.119;;
966771;unknown;control;2024-02-17 14:45:00+00:00;0.108;;
966771;unknown;control;2024-02-17 15:00:00+00:00;0.116;;
966771;unknown;control;2024-02-17 15:15:00+00:00;0.187;;
966771;unknown;control;2024-02-17 15:30:00+00:00;0.097;;
966771;unknown;control;2024-02-17 15:45:00+00:00;0.319;;
966771;unknown;control;2024-02-17 16:00:00+00:00;0.755;;
966771;unknown;control;2024-02-17 16:15:00+00:00;0.362;;
966771;unknown;control;2024-02-17 16:30:00+00:00;0.553;;
966771;unknown;control;2024-02-17 16:45:00+00:00;0.358;;
966771;unknown;control;2024-02-17 17:00:00+00:00;0.254;;
966771;unknown;control;2024-02-17 17:15:00+00:00;0.193;;
966771;unknown;control;2024-02-17 17:30:00+00:00;0.218;;
966771;unknown;control;2024-02-17 17:45:00+00:00;0.189;;
966771;unknown;control;2024-02-17 18:00:00+00:00;0.518;;
966771;unknown;control;2024-02-17 18:15:00+00:00;0.249;;
966771;unknown;control;2024-02-17 18:30:00+00:00;0.275;;
966771;unknown;control;2024-02-17 18:45:00+00:00;0.262;;
966771;unknown;control;2024-02-17 19:00:00+00:00;0.341;;
966771;unknown;control;2024-02-17 19:15:00+00:00;0.262;;
966771;unknown;control;2024-02-17 19:30:00+00:00;0.233;;
966771;unknown;control;2024-02-17 19:45:00+00:00;0.239;;
966771;unknown;control;2024-02-17 20:00:00+00:00;0.254;;
966771;unknown;control;2024-02-17 20:15:00+00:00;0.245;;
966771;unknown;control;2024-02-17 20:30:00+00:00;0.199;;
966771;unknown;control;2024-02-17 20:45:00+00:00;0.244;;
966771;unknown;control;2024-02-17 21:00:00+00:00;0.244;;
966771;unknown;control;2024-02-17 21:15:00+00:00;0.205;;
966771;unknown;control;2024-02-17 21:30:00+00:00;0.207;;
966771;unknown;control;2024-02-17 21:45:00+00:00;0.182;;
966771;unknown;control;2024-02-17 22:00:00+00:00;0.745;;
966771;unknown;control;2024-02-17 22:15:00+00:00;0.285;;
966771;unknown;control;2024-02-17 22:30:00+00:00;0.205;;
966771;unknown;control;2024-02-17 22:45:00+00:00;0.186;;
966771;unknown;control;2024-02-17 23:00:00+00:00;0.184;;
966771;unknown;control;2024-02-17 23:15:00+00:00;0.179;;
966771;unknown;control;2024-02-17 23:30:00+00:00;0.193;;
966771;unknown;control;2024-02-17 23:45:00+00:00;0.216;;
966771;unknown;control;2024-02-18 00:00:00+00:00;0.202;;
966771;unknown;control;2024-02-18 00:15:00+00:00;0.21;;
966771;unknown;control;2024-02-18 00:30:00+00:00;0.177;;
966771;unknown;control;2024-02-18 00:45:00+00:00;0.209;;
966771;unknown;control;2024-02-18 01:00:00+00:00;0.218;;
966771;unknown;control;2024-02-18 01:15:00+00:00;0.212;;
966771;unknown;control;2024-02-18 01:30:00+00:00;1.445;;
966771;unknown;control;2024-02-18 01:45:00+00:00;1.651;;
966771;unknown;control;2024-02-18 02:00:00+00:00;2.217;;
966771;unknown;control;2024-02-18 02:15:00+00:00;1.624;;
966771;unknown;control;2024-02-18 02:30:00+00:00;1.499;;
966771;unknown;control;2024-02-18 02:45:00+00:00;2.144;;
966771;unknown;control;2024-02-18 03:00:00+00:00;1.861;;
966771;unknown;control;2024-02-18 03:15:00+00:00;1.248;;
966771;unknown;control;2024-02-18 03:30:00+00:00;0.234;;
966771;unknown;control;2024-02-18 03:45:00+00:00;0.779;;
966771;unknown;control;2024-02-18 04:00:00+00:00;0.639;;
966771;unknown;control;2024-02-18 04:15:00+00:00;0.211;;
966771;unknown;control;2024-02-18 04:30:00+00:00;0.243;;
966771;unknown;control;2024-02-18 04:45:00+00:00;0.211;;
966771;unknown;control;2024-02-18 05:00:00+00:00;0.201;;
966771;unknown;control;2024-02-18 05:15:00+00:00;0.212;;
966771;unknown;control;2024-02-18 05:30:00+00:00;0.215;;
966771;unknown;control;2024-02-18 05:45:00+00:00;0.207;;
966771;unknown;control;2024-02-18 06:00:00+00:00;0.215;;
966771;unknown;control;2024-02-18 06:15:00+00:00;0.234;;
966771;unknown;control;2024-02-18 06:30:00+00:00;0.229;;
966771;unknown;control;2024-02-18 06:45:00+00:00;0.218;;
966771;unknown;control;2024-02-18 07:00:00+00:00;0.754;;
966771;unknown;control;2024-02-18 07:15:00+00:00;0.617;;
966771;unknown;control;2024-02-18 07:30:00+00:00;0.213;;
966771;unknown;control;2024-02-18 07:45:00+00:00;0.148;;
966771;unknown;control;2024-02-18 08:00:00+00:00;0.73;;
966771;unknown;control;2024-02-18 08:15:00+00:00;0.156;;
966771;unknown;control;2024-02-18 08:30:00+00:00;0.241;;
966771;unknown;control;2024-02-18 08:45:00+00:00;0.217;;
966771;unknown;control;2024-02-18 09:00:00+00:00;0.162;;
966771;unknown;control;2024-02-18 09:15:00+00:00;0.123;;
966771;unknown;control;2024-02-18 09:30:00+00:00;0.153;;
966771;unknown;control;2024-02-18 09:45:00+00:00;0.149;;
966771;unknown;control;2024-02-18 10:00:00+00:00;0.139;;
966771;unknown;control;2024-02-18 10:15:00+00:00;0.156;;
966771;unknown;control;2024-02-18 10:30:00+00:00;0.274;;
966771;unknown;control;2024-02-18 10:45:00+00:00;0.143;;
966771;unknown;control;2024-02-18 11:00:00+00:00;0.149;;
966771;unknown;control;2024-02-18 11:15:00+00:00;0.231;;
966771;unknown;control;2024-02-18 11:30:00+00:00;0.151;;
966771;unknown;control;2024-02-18 11:45:00+00:00;0.152;;
966771;unknown;control;2024-02-18 12:00:00+00:00;0.145;;
966771;unknown;control;2024-02-18 12:15:00+00:00;0.161;;
966771;unknown;control;2024-02-18 12:30:00+00:00;0.447;;
966771;unknown;control;2024-02-18 12:45:00+00:00;0.296;;
966771;unknown;control;2024-02-18 13:00:00+00:00;0.344;;
966771;unknown;control;2024-02-18 13:15:00+00:00;0.327;;
966771;unknown;control;2024-02-18 13:30:00+00:00;0.198;;
966771;unknown;control;2024-02-18 13:45:00+00:00;0.129;;
966771;unknown;control;2024-02-18 14:00:00+00:00;0.119;;
966771;unknown;control;2024-02-18 14:15:00+00:00;0.111;;
966771;unknown;control;2024-02-18 14:30:00+00:00;0.117;;
966771;unknown;control;2024-02-18 14:45:00+00:00;0.112;;
966771;unknown;control;2024-02-18 15:00:00+00:00;0.105;;
966771;unknown;control;2024-02-18 15:15:00+00:00;0.118;;
966771;unknown;control;2024-02-18 15:30:00+00:00;0.198;;
966771;unknown;control;2024-02-18 15:45:00+00:00;0.096;;
966771;unknown;control;2024-02-18 16:00:00+00:00;0.114;;
966771;unknown;control;2024-02-18 16:15:00+00:00;0.18;;
966771;unknown;control;2024-02-18 16:30:00+00:00;0.542;;
966771;unknown;control;2024-02-18 16:45:00+00:00;0.487;;
966771;unknown;control;2024-02-18 17:00:00+00:00;0.228;;
966771;unknown;control;2024-02-18 17:15:00+00:00;0.257;;
966771;unknown;control;2024-02-18 17:30:00+00:00;0.256;;
966771;unknown;control;2024-02-18 17:45:00+00:00;0.236;;
966771;unknown;control;2024-02-18 18:00:00+00:00;0.252;;
966771;unknown;control;2024-02-18 18:15:00+00:00;0.288;;
966771;unknown;control;2024-02-18 18:30:00+00:00;0.23;;
966771;unknown;control;2024-02-18 18:45:00+00:00;0.265;;
966771;unknown;control;2024-02-18 19:00:00+00:00;0.253;;
966771;unknown;control;2024-02-18 19:15:00+00:00;0.233;;
966771;unknown;control;2024-02-18 19:30:00+00:00;0.264;;
966771;unknown;control;2024-02-18 19:45:00+00:00;0.247;;
966771;unknown;control;2024-02-18 20:00:00+00:00;0.231;;
966771;unknown;control;2024-02-18 20:15:00+00:00;0.306;;
966771;unknown;control;2024-02-18 20:30:00+00:00;0.293;;
966771;unknown;control;2024-02-18 20:45:00+00:00;0.265;;
966771;unknown;control;2024-02-18 21:00:00+00:00;0.222;;
966771;unknown;control;2024-02-18 21:15:00+00:00;0.234;;
966771;unknown;control;2024-02-18 21:30:00+00:00;0.209;;
966771;unknown;control;2024-02-18 21:45:00+00:00;0.22;;
966771;unknown;control;2024-02-18 22:00:00+00:00;0.805;;
966771;unknown;control;2024-02-18 22:15:00+00:00;0.55;;
966771;unknown;control;2024-02-18 22:30:00+00:00;0.25;;
966771;unknown;control;2024-02-18 22:45:00+00:00;0.246;;
966771;unknown;control;2024-02-18 23:00:00+00:00;0.239;;
966771;unknown;control;2024-02-18 23:15:00+00:00;0.244;;
966771;unknown;control;2024-02-18 23:30:00+00:00;0.227;;
966771;unknown;control;2024-02-18 23:45:00+00:00;0.223;;
966771;unknown;control;2024-02-19 00:00:00+00:00;0.233;;
966771;unknown;control;2024-02-19 00:15:00+00:00;0.22;;
966771;unknown;control;2024-02-19 00:30:00+00:00;0.228;;
966771;unknown;control;2024-02-19 00:45:00+00:00;0.238;;
966771;unknown;control;2024-02-19 01:00:00+00:00;0.239;;
966771;unknown;control;2024-02-19 01:15:00+00:00;0.221;;
966771;unknown;control;2024-02-19 01:30:00+00:00;1.466;;
966771;unknown;control;2024-02-19 01:45:00+00:00;1.444;;
966771;unknown;control;2024-02-19 02:00:00+00:00;1.468;;
966771;unknown;control;2024-02-19 02:15:00+00:00;1.503;;
966771;unknown;control;2024-02-19 02:30:00+00:00;1.472;;
966771;unknown;control;2024-02-19 02:45:00+00:00;1.75;;
966771;unknown;control;2024-02-19 03:00:00+00:00;2.02;;
966771;unknown;control;2024-02-19 03:15:00+00:00;0.269;;
966771;unknown;control;2024-02-19 03:30:00+00:00;0.217;;
966771;unknown;control;2024-02-19 03:45:00+00:00;0.209;;
966771;unknown;control;2024-02-19 04:00:00+00:00;0.218;;
966771;unknown;control;2024-02-19 04:15:00+00:00;0.191;;
966771;unknown;control;2024-02-19 04:30:00+00:00;0.193;;
966771;unknown;control;2024-02-19 04:45:00+00:00;0.682;;
966771;unknown;control;2024-02-19 05:00:00+00:00;0.563;;
966771;unknown;control;2024-02-19 05:15:00+00:00;0.211;;
966771;unknown;control;2024-02-19 05:30:00+00:00;0.232;;
966771;unknown;control;2024-02-19 05:45:00+00:00;0.317;;
966771;unknown;control;2024-02-19 06:00:00+00:00;0.226;;
966771;unknown;control;2024-02-19 06:15:00+00:00;0.225;;
966771;unknown;control;2024-02-19 06:30:00+00:00;0.217;;
966771;unknown;control;2024-02-19 06:45:00+00:00;0.205;;
966771;unknown;control;2024-02-19 07:00:00+00:00;0.209;;
966771;unknown;control;2024-02-19 07:15:00+00:00;0.198;;
966771;unknown;control;2024-02-19 07:30:00+00:00;0.184;;
966771;unknown;control;2024-02-19 07:45:00+00:00;0.2;;
966771;unknown;control;2024-02-19 08:00:00+00:00;0.165;;
966771;unknown;control;2024-02-19 08:15:00+00:00;0.129;;
966771;unknown;control;2024-02-19 08:30:00+00:00;0.125;;
966771;unknown;control;2024-02-19 08:45:00+00:00;0.288;;
966771;unknown;control;2024-02-19 09:00:00+00:00;0.857;;
966771;unknown;control;2024-02-19 09:15:00+00:00;0.221;;
966771;unknown;control;2024-02-19 09:30:00+00:00;0.154;;
966771;unknown;control;2024-02-19 09:45:00+00:00;0.151;;
966771;unknown;control;2024-02-19 10:00:00+00:00;0.153;;
966771;unknown;control;2024-02-19 10:15:00+00:00;0.119;;
966771;unknown;control;2024-02-19 10:30:00+00:00;0.124;;
966771;unknown;control;2024-02-19 10:45:00+00:00;0.116;;
966771;unknown;control;2024-02-19 11:00:00+00:00;0.118;;
966771;unknown;control;2024-02-19 11:15:00+00:00;0.132;;
966771;unknown;control;2024-02-19 11:30:00+00:00;0.109;;
966771;unknown;control;2024-02-19 11:45:00+00:00;0.115;;
966771;unknown;control;2024-02-19 12:00:00+00:00;0.113;;
966771;unknown;control;2024-02-19 12:15:00+00:00;0.104;;
966771;unknown;control;2024-02-19 12:30:00+00:00;0.326;;
966771;unknown;control;2024-02-19 12:45:00+00:00;0.745;;
966771;unknown;control;2024-02-19 13:00:00+00:00;0.349;;
966771;unknown;control;2024-02-19 13:15:00+00:00;0.587;;
966771;unknown;control;2024-02-19 13:30:00+00:00;0.3;;
966771;unknown;control;2024-02-19 13:45:00+00:00;0.284;;
966771;unknown;control;2024-02-19 14:00:00+00:00;0.152;;
966771;unknown;control;2024-02-19 14:15:00+00:00;0.138;;
966771;unknown;control;2024-02-19 14:30:00+00:00;0.161;;
966771;unknown;control;2024-02-19 14:45:00+00:00;0.141;;
966771;unknown;control;2024-02-19 15:00:00+00:00;0.11;;
966771;unknown;control;2024-02-19 15:15:00+00:00;0.109;;
966771;unknown;control;2024-02-19 15:30:00+00:00;0.109;;
966771;unknown;control;2024-02-19 15:45:00+00:00;0.119;;
966771;unknown;control;2024-02-19 16:00:00+00:00;0.163;;
966771;unknown;control;2024-02-19 16:15:00+00:00;0.2;;
966771;unknown;control;2024-02-19 16:30:00+00:00;0.235;;
966771;unknown;control;2024-02-19 16:45:00+00:00;0.203;;
966771;unknown;control;2024-02-19 17:00:00+00:00;0.223;;
966771;unknown;control;2024-02-19 17:15:00+00:00;0.198;;
966771;unknown;control;2024-02-19 17:30:00+00:00;0.267;;
966771;unknown;control;2024-02-19 17:45:00+00:00;0.271;;
966771;unknown;control;2024-02-19 18:00:00+00:00;0.29;;
966771;unknown;control;2024-02-19 18:15:00+00:00;0.281;;
966771;unknown;control;2024-02-19 18:30:00+00:00;0.278;;
966771;unknown;control;2024-02-19 18:45:00+00:00;0.291;;
966771;unknown;control;2024-02-19 19:00:00+00:00;0.344;;
966771;unknown;control;2024-02-19 19:15:00+00:00;1.05;;
966771;unknown;control;2024-02-19 19:30:00+00:00;0.491;;
966771;unknown;control;2024-02-19 19:45:00+00:00;0.282;;
966771;unknown;control;2024-02-19 20:00:00+00:00;0.242;;
966771;unknown;control;2024-02-19 20:15:00+00:00;0.259;;
966771;unknown;control;2024-02-19 20:30:00+00:00;0.226;;
966771;unknown;control;2024-02-19 20:45:00+00:00;0.232;;
966771;unknown;control;2024-02-19 21:00:00+00:00;0.326;;
966771;unknown;control;2024-02-19 21:15:00+00:00;0.397;;
966771;unknown;control;2024-02-19 21:30:00+00:00;0.229;;
966771;unknown;control;2024-02-19 21:45:00+00:00;0.23;;
966771;unknown;control;2024-02-19 22:00:00+00:00;0.864;;
966771;unknown;control;2024-02-19 22:15:00+00:00;0.465;;
966771;unknown;control;2024-02-19 22:30:00+00:00;0.229;;
966771;unknown;control;2024-02-19 22:45:00+00:00;0.245;;
966771;unknown;control;2024-02-19 23:00:00+00:00;0.217;;
966771;unknown;control;2024-02-19 23:15:00+00:00;0.251;;
966771;unknown;control;2024-02-19 23:30:00+00:00;0.208;;
966771;unknown;control;2024-02-19 23:45:00+00:00;0.214;;
966771;unknown;control;2024-02-20 00:00:00+00:00;0.212;;
966771;unknown;control;2024-02-20 00:15:00+00:00;0.22;;
966771;unknown;control;2024-02-20 00:30:00+00:00;0.238;;
966771;unknown;control;2024-02-20 00:45:00+00:00;0.217;;
966771;unknown;control;2024-02-20 01:00:00+00:00;0.222;;
966771;unknown;control;2024-02-20 01:15:00+00:00;0.237;;
966771;unknown;control;2024-02-20 01:30:00+00:00;1.466;;
966771;unknown;control;2024-02-20 01:45:00+00:00;1.811;;
966771;unknown;control;2024-02-20 02:00:00+00:00;2.192;;
966771;unknown;control;2024-02-20 02:15:00+00:00;1.531;;
966771;unknown;control;2024-02-20 02:30:00+00:00;1.474;;
966771;unknown;control;2024-02-20 02:45:00+00:00;0.913;;
966771;unknown;control;2024-02-20 03:00:00+00:00;0.821;;
966771;unknown;control;2024-02-20 03:15:00+00:00;0.845;;
966771;unknown;control;2024-02-20 03:30:00+00:00;0.25;;
966771;unknown;control;2024-02-20 03:45:00+00:00;0.247;;
966771;unknown;control;2024-02-20 04:00:00+00:00;0.246;;
966771;unknown;control;2024-02-20 04:15:00+00:00;0.236;;
966771;unknown;control;2024-02-20 04:30:00+00:00;0.224;;
966771;unknown;control;2024-02-20 04:45:00+00:00;0.756;;
966771;unknown;control;2024-02-20 05:00:00+00:00;0.896;;
966771;unknown;control;2024-02-20 05:15:00+00:00;0.277;;
966771;unknown;control;2024-02-20 05:30:00+00:00;0.77;;
966771;unknown;control;2024-02-20 05:45:00+00:00;1.596;;
966771;unknown;control;2024-02-20 06:00:00+00:00;0.885;;
966771;unknown;control;2024-02-20 06:15:00+00:00;0.57;;
966771;unknown;control;2024-02-20 06:30:00+00:00;0.257;;
966771;unknown;control;2024-02-20 06:45:00+00:00;0.268;;
966771;unknown;control;2024-02-20 07:00:00+00:00;0.289;;
966771;unknown;control;2024-02-20 07:15:00+00:00;0.808;;
966771;unknown;control;2024-02-20 07:30:00+00:00;0.645;;
966771;unknown;control;2024-02-20 07:45:00+00:00;0.115;;
966771;unknown;control;2024-02-20 08:00:00+00:00;0.107;;
966771;unknown;control;2024-02-20 08:15:00+00:00;0.577;;
966771;unknown;control;2024-02-20 08:30:00+00:00;0.145;;
966771;unknown;control;2024-02-20 08:45:00+00:00;0.139;;
966771;unknown;control;2024-02-20 09:00:00+00:00;0.145;;
966771;unknown;control;2024-02-20 09:15:00+00:00;0.141;;
966771;unknown;control;2024-02-20 09:30:00+00:00;0.109;;
966771;unknown;control;2024-02-20 09:45:00+00:00;0.285;;
966771;unknown;control;2024-02-20 10:00:00+00:00;0.143;;
966771;unknown;control;2024-02-20 10:15:00+00:00;0.109;;
966771;unknown;control;2024-02-20 10:30:00+00:00;0.131;;
966771;unknown;control;2024-02-20 10:45:00+00:00;0.115;;
966771;unknown;control;2024-02-20 11:00:00+00:00;0.105;;
966771;unknown;control;2024-02-20 11:15:00+00:00;0.114;;
966771;unknown;control;2024-02-20 11:30:00+00:00;0.115;;
966771;unknown;control;2024-02-20 11:45:00+00:00;0.112;;
966771;unknown;control;2024-02-20 12:00:00+00:00;0.117;;
966771;unknown;control;2024-02-20 12:15:00+00:00;0.12;;
966771;unknown;control;2024-02-20 12:30:00+00:00;0.106;;
966771;unknown;control;2024-02-20 12:45:00+00:00;0.113;;
966771;unknown;control;2024-02-20 13:00:00+00:00;0.106;;
966771;unknown;control;2024-02-20 13:15:00+00:00;0.114;;
966771;unknown;control;2024-02-20 13:30:00+00:00;0.12;;
966771;unknown;control;2024-02-20 13:45:00+00:00;0.11;;
966771;unknown;control;2024-02-20 14:00:00+00:00;0.129;;
966771;unknown;control;2024-02-20 14:15:00+00:00;0.154;;
966771;unknown;control;2024-02-20 14:30:00+00:00;0.139;;
966771;unknown;control;2024-02-20 14:45:00+00:00;0.149;;
966771;unknown;control;2024-02-20 15:00:00+00:00;0.134;;
966771;unknown;control;2024-02-20 15:15:00+00:00;0.124;;
966771;unknown;control;2024-02-20 15:30:00+00:00;0.13;;
966771;unknown;control;2024-02-20 15:45:00+00:00;0.195;;
966771;unknown;control;2024-02-20 16:00:00+00:00;0.23;;
966771;unknown;control;2024-02-20 16:15:00+00:00;0.242;;
966771;unknown;control;2024-02-20 16:30:00+00:00;0.282;;
966771;unknown;control;2024-02-20 16:45:00+00:00;0.272;;
966771;unknown;control;2024-02-20 17:00:00+00:00;0.783;;
966771;unknown;control;2024-02-20 17:15:00+00:00;0.771;;
966771;unknown;control;2024-02-20 17:30:00+00:00;0.301;;
966771;unknown;control;2024-02-20 17:45:00+00:00;0.276;;
966771;unknown;control;2024-02-20 18:00:00+00:00;0.718;;
966771;unknown;control;2024-02-20 18:15:00+00:00;1.051;;
966771;unknown;control;2024-02-20 18:30:00+00:00;0.334;;
966771;unknown;control;2024-02-20 18:45:00+00:00;0.307;;
966771;unknown;control;2024-02-20 19:00:00+00:00;0.95;;
966771;unknown;control;2024-02-20 19:15:00+00:00;1.06;;
966771;unknown;control;2024-02-20 19:30:00+00:00;0.447;;
966771;unknown;control;2024-02-20 19:45:00+00:00;0.424;;
966771;unknown;control;2024-02-20 20:00:00+00:00;1.104;;
966771;unknown;control;2024-02-20 20:15:00+00:00;1.146;;
966771;unknown;control;2024-02-20 20:30:00+00:00;0.949;;
966771;unknown;control;2024-02-20 20:45:00+00:00;1.1;;
966771;unknown;control;2024-02-20 21:00:00+00:00;0.849;;
966771;unknown;control;2024-02-20 21:15:00+00:00;0.334;;
966771;unknown;control;2024-02-20 21:30:00+00:00;0.298;;
966771;unknown;control;2024-02-20 21:45:00+00:00;0.329;;
966771;unknown;control;2024-02-20 22:00:00+00:00;0.896;;
966771;unknown;control;2024-02-20 22:15:00+00:00;1.086;;
966771;unknown;control;2024-02-20 22:30:00+00:00;0.931;;
966771;unknown;control;2024-02-20 22:45:00+00:00;1.099;;
966771;unknown;control;2024-02-20 23:00:00+00:00;0.688;;
966771;unknown;control;2024-02-20 23:15:00+00:00;0.34;;
966771;unknown;control;2024-02-20 23:30:00+00:00;0.342;;
966771;unknown;control;2024-02-20 23:45:00+00:00;0.936;;
966771;unknown;control;2024-02-21 00:00:00+00:00;1.101;;
966771;unknown;control;2024-02-21 00:15:00+00:00;1.102;;
966771;unknown;control;2024-02-21 00:30:00+00:00;0.463;;
966771;unknown;control;2024-02-21 00:45:00+00:00;0.341;;
966771;unknown;control;2024-02-21 01:00:00+00:00;0.729;;
966771;unknown;control;2024-02-21 01:15:00+00:00;1.072;;
966771;unknown;control;2024-02-21 01:30:00+00:00;2.247;;
966771;unknown;control;2024-02-21 01:45:00+00:00;1.538;;
966771;unknown;control;2024-02-21 02:00:00+00:00;1.53;;
966771;unknown;control;2024-02-21 02:15:00+00:00;1.537;;
966771;unknown;control;2024-02-21 02:30:00+00:00;1.107;;
966771;unknown;control;2024-02-21 02:45:00+00:00;1.059;;
966771;unknown;control;2024-02-21 03:00:00+00:00;1.067;;
966771;unknown;control;2024-02-21 03:15:00+00:00;0.555;;
966771;unknown;control;2024-02-21 03:30:00+00:00;0.303;;
966771;unknown;control;2024-02-21 03:45:00+00:00;0.295;;
966771;unknown;control;2024-02-21 04:00:00+00:00;0.382;;
966771;unknown;control;2024-02-21 04:15:00+00:00;0.301;;
966771;unknown;control;2024-02-21 04:30:00+00:00;0.736;;
966771;unknown;control;2024-02-21 04:45:00+00:00;1.078;;
966771;unknown;control;2024-02-21 05:00:00+00:00;0.692;;
966771;unknown;control;2024-02-21 05:15:00+00:00;0.364;;
966771;unknown;control;2024-02-21 05:30:00+00:00;1.551;;
966771;unknown;control;2024-02-21 05:45:00+00:00;1.884;;
966771;unknown;control;2024-02-21 06:00:00+00:00;1.184;;
966771;unknown;control;2024-02-21 06:15:00+00:00;1.102;;
966771;unknown;control;2024-02-21 06:30:00+00:00;0.601;;
966771;unknown;control;2024-02-21 06:45:00+00:00;0.321;;
966771;unknown;control;2024-02-21 07:00:00+00:00;0.273;;
966771;unknown;control;2024-02-21 07:15:00+00:00;0.374;;
966771;unknown;control;2024-02-21 07:30:00+00:00;0.909;;
966771;unknown;control;2024-02-21 07:45:00+00:00;0.422;;
966771;unknown;control;2024-02-21 08:00:00+00:00;0.105;;
966771;unknown;control;2024-02-21 08:15:00+00:00;0.48;;
966771;unknown;control;2024-02-21 08:30:00+00:00;0.144;;
966771;unknown;control;2024-02-21 08:45:00+00:00;0.14;;
966771;unknown;control;2024-02-21 09:00:00+00:00;0.153;;
966771;unknown;control;2024-02-21 09:15:00+00:00;0.151;;
966771;unknown;control;2024-02-21 09:30:00+00:00;0.274;;
966771;unknown;control;2024-02-21 09:45:00+00:00;0.284;;
966771;unknown;control;2024-02-21 10:00:00+00:00;0.134;;
966771;unknown;control;2024-02-21 10:15:00+00:00;0.107;;
966771;unknown;control;2024-02-21 10:30:00+00:00;0.118;;
966771;unknown;control;2024-02-21 10:45:00+00:00;0.132;;
966771;unknown;control;2024-02-21 11:00:00+00:00;0.101;;
966771;unknown;control;2024-02-21 11:15:00+00:00;0.126;;
966771;unknown;control;2024-02-21 11:30:00+00:00;0.13;;
966771;unknown;control;2024-02-21 11:45:00+00:00;0.133;;
966771;unknown;control;2024-02-21 12:00:00+00:00;0.134;;
966771;unknown;control;2024-02-21 12:15:00+00:00;0.126;;
966771;unknown;control;2024-02-21 12:30:00+00:00;0.119;;
966771;unknown;control;2024-02-21 12:45:00+00:00;0.121;;
966771;unknown;control;2024-02-21 13:00:00+00:00;0.11;;
966771;unknown;control;2024-02-21 13:15:00+00:00;0.107;;
966771;unknown;control;2024-02-21 13:30:00+00:00;0.129;;
966771;unknown;control;2024-02-21 13:45:00+00:00;0.11;;
966771;unknown;control;2024-02-21 14:00:00+00:00;0.116;;
966771;unknown;control;2024-02-21 14:15:00+00:00;0.118;;
966771;unknown;control;2024-02-21 14:30:00+00:00;0.104;;
966771;unknown;control;2024-02-21 14:45:00+00:00;0.11;;
966771;unknown;control;2024-02-21 15:00:00+00:00;0.099;;
966771;unknown;control;2024-02-21 15:15:00+00:00;0.093;;
966771;unknown;control;2024-02-21 15:30:00+00:00;0.131;;
966771;unknown;control;2024-02-21 15:45:00+00:00;0.128;;
966771;unknown;control;2024-02-21 16:00:00+00:00;0.575;;
966771;unknown;control;2024-02-21 16:15:00+00:00;0.192;;
966771;unknown;control;2024-02-21 16:30:00+00:00;0.181;;
966771;unknown;control;2024-02-21 16:45:00+00:00;0.205;;
966771;unknown;control;2024-02-21 17:00:00+00:00;0.205;;
966771;unknown;control;2024-02-21 17:15:00+00:00;0.189;;
966771;unknown;control;2024-02-21 17:30:00+00:00;0.188;;
966771;unknown;control;2024-02-21 17:45:00+00:00;0.222;;
966771;unknown;control;2024-02-21 18:00:00+00:00;0.181;;
966771;unknown;control;2024-02-21 18:15:00+00:00;0.192;;
966771;unknown;control;2024-02-21 18:30:00+00:00;0.22;;
966771;unknown;control;2024-02-21 18:45:00+00:00;0.223;;
966771;unknown;control;2024-02-21 19:00:00+00:00;0.237;;
966771;unknown;control;2024-02-21 19:15:00+00:00;0.222;;
966771;unknown;control;2024-02-21 19:30:00+00:00;0.211;;
966771;unknown;control;2024-02-21 19:45:00+00:00;0.305;;
966771;unknown;control;2024-02-21 20:00:00+00:00;0.232;;
966771;unknown;control;2024-02-21 20:15:00+00:00;0.23;;
966771;unknown;control;2024-02-21 20:30:00+00:00;0.247;;
966771;unknown;control;2024-02-21 20:45:00+00:00;0.209;;
966771;unknown;control;2024-02-21 21:00:00+00:00;0.178;;
966771;unknown;control;2024-02-21 21:15:00+00:00;0.186;;
966771;unknown;control;2024-02-21 21:30:00+00:00;0.163;;
966771;unknown;control;2024-02-21 21:45:00+00:00;0.129;;
966771;unknown;control;2024-02-21 22:00:00+00:00;0.289;;
966771;unknown;control;2024-02-21 22:15:00+00:00;0.514;;
966771;unknown;control;2024-02-21 22:30:00+00:00;0.111;;
966771;unknown;control;2024-02-21 22:45:00+00:00;0.162;;
966771;unknown;control;2024-02-21 23:00:00+00:00;0.139;;
966771;unknown;control;2024-02-21 23:15:00+00:00;0.111;;
966771;unknown;control;2024-02-21 23:30:00+00:00;0.116;;
966771;unknown;control;2024-02-21 23:45:00+00:00;0.149;;
966771;unknown;control;2024-02-22 00:00:00+00:00;0.151;;
966771;unknown;control;2024-02-22 00:15:00+00:00;0.15;;
966771;unknown;control;2024-02-22 00:30:00+00:00;0.14;;
966771;unknown;control;2024-02-22 00:45:00+00:00;0.153;;
966771;unknown;control;2024-02-22 01:00:00+00:00;0.148;;
966771;unknown;control;2024-02-22 01:15:00+00:00;0.147;;
966771;unknown;control;2024-02-22 01:30:00+00:00;1.363;;
966771;unknown;control;2024-02-22 01:45:00+00:00;1.381;;
966771;unknown;control;2024-02-22 02:00:00+00:00;1.397;;
966771;unknown;control;2024-02-22 02:15:00+00:00;1.413;;
966771;unknown;control;2024-02-22 02:30:00+00:00;0.748;;
966771;unknown;control;2024-02-22 02:45:00+00:00;0.155;;
966771;unknown;control;2024-02-22 03:00:00+00:00;0.21;;
966771;unknown;control;2024-02-22 03:15:00+00:00;0.23;;
966771;unknown;control;2024-02-22 03:30:00+00:00;0.233;;
966771;unknown;control;2024-02-22 03:45:00+00:00;0.252;;
966771;unknown;control;2024-02-22 04:00:00+00:00;0.897;;
966771;unknown;control;2024-02-22 04:15:00+00:00;0.237;;
966771;unknown;control;2024-02-22 04:30:00+00:00;0.222;;
966771;unknown;control;2024-02-22 04:45:00+00:00;0.228;;
966771;unknown;control;2024-02-22 05:00:00+00:00;0.246;;
966771;unknown;control;2024-02-22 05:15:00+00:00;0.253;;
966771;unknown;control;2024-02-22 05:30:00+00:00;0.241;;
966771;unknown;control;2024-02-22 05:45:00+00:00;0.257;;
966771;unknown;control;2024-02-22 06:00:00+00:00;0.245;;
966771;unknown;control;2024-02-22 06:15:00+00:00;0.334;;
966771;unknown;control;2024-02-22 06:30:00+00:00;0.261;;
966771;unknown;control;2024-02-22 06:45:00+00:00;0.23;;
966771;unknown;control;2024-02-22 07:00:00+00:00;0.222;;
966771;unknown;control;2024-02-22 07:15:00+00:00;0.245;;
966771;unknown;control;2024-02-22 07:30:00+00:00;0.451;;
966771;unknown;control;2024-02-22 07:45:00+00:00;1.03;;
966771;unknown;control;2024-02-22 08:00:00+00:00;0.234;;
966771;unknown;control;2024-02-22 08:15:00+00:00;0.214;;
966771;unknown;control;2024-02-22 08:30:00+00:00;0.206;;
966771;unknown;control;2024-02-22 08:45:00+00:00;0.192;;
966771;unknown;control;2024-02-22 09:00:00+00:00;0.434;;
966771;unknown;control;2024-02-22 09:15:00+00:00;0.253;;
966771;unknown;control;2024-02-22 09:30:00+00:00;0.209;;
966771;unknown;control;2024-02-22 09:45:00+00:00;0.138;;
966771;unknown;control;2024-02-22 10:00:00+00:00;0.152;;
966771;unknown;control;2024-02-22 10:15:00+00:00;0.411;;
966771;unknown;control;2024-02-22 10:30:00+00:00;0.226;;
966771;unknown;control;2024-02-22 10:45:00+00:00;0.234;;
966771;unknown;control;2024-02-22 11:00:00+00:00;0.182;;
966771;unknown;control;2024-02-22 11:15:00+00:00;0.111;;
966771;unknown;control;2024-02-22 11:30:00+00:00;0.112;;
966771;unknown;control;2024-02-22 11:45:00+00:00;0.103;;
966771;unknown;control;2024-02-22 12:00:00+00:00;0.103;;
966771;unknown;control;2024-02-22 12:15:00+00:00;0.181;;
966771;unknown;control;2024-02-22 12:30:00+00:00;0.126;;
966771;unknown;control;2024-02-22 12:45:00+00:00;0.177;;
966771;unknown;control;2024-02-22 13:00:00+00:00;0.183;;
966771;unknown;control;2024-02-22 13:15:00+00:00;0.172;;
966771;unknown;control;2024-02-22 13:30:00+00:00;0.171;;
966771;unknown;control;2024-02-22 13:45:00+00:00;0.191;;
966771;unknown;control;2024-02-22 14:00:00+00:00;0.329;;
966771;unknown;control;2024-02-22 14:15:00+00:00;0.175;;
966771;unknown;control;2024-02-22 14:30:00+00:00;0.184;;
966771;unknown;control;2024-02-22 14:45:00+00:00;0.355;;
966771;unknown;control;2024-02-22 15:00:00+00:00;0.158;;
966771;unknown;control;2024-02-22 15:15:00+00:00;0.183;;
966771;unknown;control;2024-02-22 15:30:00+00:00;0.643;;
966771;unknown;control;2024-02-22 15:45:00+00:00;0.675;;
966771;unknown;control;2024-02-22 16:00:00+00:00;0.589;;
966771;unknown;control;2024-02-22 16:15:00+00:00;0.658;;
966771;unknown;control;2024-02-22 16:30:00+00:00;0.476;;
966771;unknown;control;2024-02-22 16:45:00+00:00;0.476;;
966771;unknown;control;2024-02-22 17:00:00+00:00;0.471;;
966771;unknown;control;2024-02-22 17:15:00+00:00;0.39;;
966771;unknown;control;2024-02-22 17:30:00+00:00;0.361;;
966771;unknown;control;2024-02-22 17:45:00+00:00;0.285;;
966771;unknown;control;2024-02-22 18:00:00+00:00;0.295;;
966771;unknown;control;2024-02-22 18:15:00+00:00;0.288;;
966771;unknown;control;2024-02-22 18:30:00+00:00;0.272;;
966771;unknown;control;2024-02-22 18:45:00+00:00;0.734;;
966771;unknown;control;2024-02-22 19:00:00+00:00;0.656;;
966771;unknown;control;2024-02-22 19:15:00+00:00;0.273;;
966771;unknown;control;2024-02-22 19:30:00+00:00;0.327;;
966771;unknown;control;2024-02-22 19:45:00+00:00;0.269;;
966771;unknown;control;2024-02-22 20:00:00+00:00;0.264;;
966771;unknown;control;2024-02-22 20:15:00+00:00;0.374;;
966771;unknown;control;2024-02-22 20:30:00+00:00;0.287;;
966771;unknown;control;2024-02-22 20:45:00+00:00;0.35;;
966771;unknown;control;2024-02-22 21:00:00+00:00;0.275;;
966771;unknown;control;2024-02-22 21:15:00+00:00;0.453;;
966771;unknown;control;2024-02-22 21:30:00+00:00;0.277;;
966771;unknown;control;2024-02-22 21:45:00+00:00;0.289;;
966771;unknown;control;2024-02-22 22:00:00+00:00;0.996;;
966771;unknown;control;2024-02-22 22:15:00+00:00;0.576;;
966771;unknown;control;2024-02-22 22:30:00+00:00;0.284;;
966771;unknown;control;2024-02-22 22:45:00+00:00;0.277;;
966771;unknown;control;2024-02-22 23:00:00+00:00;0.281;;
966771;unknown;control;2024-02-22 23:15:00+00:00;0.929;;
966771;unknown;control;2024-02-22 23:30:00+00:00;0.813;;
966771;unknown;control;2024-02-22 23:45:00+00:00;0.297;;
966771;unknown;control;2024-02-23 00:00:00+00:00;0.273;;
966771;unknown;control;2024-02-23 00:15:00+00:00;0.265;;
966771;unknown;control;2024-02-23 00:30:00+00:00;0.292;;
966771;unknown;control;2024-02-23 00:45:00+00:00;0.305;;
966771;unknown;control;2024-02-23 01:00:00+00:00;1.064;;
966771;unknown;control;2024-02-23 01:15:00+00:00;1.108;;
966771;unknown;control;2024-02-23 01:30:00+00:00;1.686;;
966771;unknown;control;2024-02-23 01:45:00+00:00;1.554;;
966771;unknown;control;2024-02-23 02:00:00+00:00;2.159;;
966771;unknown;control;2024-02-23 02:15:00+00:00;2.292;;
966771;unknown;control;2024-02-23 02:30:00+00:00;1.899;;
966771;unknown;control;2024-02-23 02:45:00+00:00;1.523;;
966771;unknown;control;2024-02-23 03:00:00+00:00;0.484;;
966771;unknown;control;2024-02-23 03:15:00+00:00;0.887;;
966771;unknown;control;2024-02-23 03:30:00+00:00;1.043;;
966771;unknown;control;2024-02-23 03:45:00+00:00;0.501;;
966771;unknown;control;2024-02-23 04:00:00+00:00;0.304;;
966771;unknown;control;2024-02-23 04:15:00+00:00;0.259;;
966771;unknown;control;2024-02-23 04:30:00+00:00;0.647;;
966771;unknown;control;2024-02-23 04:45:00+00:00;1.026;;
966771;unknown;control;2024-02-23 05:00:00+00:00;0.628;;
966771;unknown;control;2024-02-23 05:15:00+00:00;0.282;;
966771;unknown;control;2024-02-23 05:30:00+00:00;0.321;;
966771;unknown;control;2024-02-23 05:45:00+00:00;0.35;;
966771;unknown;control;2024-02-23 06:00:00+00:00;1.431;;
966771;unknown;control;2024-02-23 06:15:00+00:00;1.486;;
966771;unknown;control;2024-02-23 06:30:00+00:00;1.049;;
966771;unknown;control;2024-02-23 06:45:00+00:00;1.107;;
966771;unknown;control;2024-02-23 07:00:00+00:00;0.62;;
966771;unknown;control;2024-02-23 07:15:00+00:00;0.569;;
966771;unknown;control;2024-02-23 07:30:00+00:00;0.663;;
966771;unknown;control;2024-02-23 07:45:00+00:00;0.481;;
966771;unknown;control;2024-02-23 08:00:00+00:00;0.487;;
966771;unknown;control;2024-02-23 08:15:00+00:00;0.897;;
966771;unknown;control;2024-02-23 08:30:00+00:00;1.01;;
966771;unknown;control;2024-02-23 08:45:00+00:00;0.648;;
966771;unknown;control;2024-02-23 09:00:00+00:00;0.199;;
966771;unknown;control;2024-02-23 09:15:00+00:00;0.236;;
966771;unknown;control;2024-02-23 09:30:00+00:00;0.204;;
966771;unknown;control;2024-02-23 09:45:00+00:00;0.181;;
966771;unknown;control;2024-02-23 10:00:00+00:00;0.174;;
966771;unknown;control;2024-02-23 10:15:00+00:00;0.188;;
966771;unknown;control;2024-02-23 10:30:00+00:00;0.139;;
966771;unknown;control;2024-02-23 10:45:00+00:00;0.36;;
966771;unknown;control;2024-02-23 11:00:00+00:00;0.438;;
966771;unknown;control;2024-02-23 11:15:00+00:00;0.123;;
966771;unknown;control;2024-02-23 11:30:00+00:00;0.143;;
966771;unknown;control;2024-02-23 11:45:00+00:00;0.387;;
966771;unknown;control;2024-02-23 12:00:00+00:00;0.543;;
966771;unknown;control;2024-02-23 12:15:00+00:00;0.143;;
966771;unknown;control;2024-02-23 12:30:00+00:00;0.146;;
966771;unknown;control;2024-02-23 12:45:00+00:00;0.538;;
966771;unknown;control;2024-02-23 13:00:00+00:00;0.131;;
966771;unknown;control;2024-02-23 13:15:00+00:00;0.149;;
966771;unknown;control;2024-02-23 13:30:00+00:00;0.13;;
966771;unknown;control;2024-02-23 13:45:00+00:00;0.122;;
966771;unknown;control;2024-02-23 14:00:00+00:00;0.123;;
966771;unknown;control;2024-02-23 14:15:00+00:00;0.196;;
966771;unknown;control;2024-02-23 14:30:00+00:00;0.181;;
966771;unknown;control;2024-02-23 14:45:00+00:00;0.186;;
966771;unknown;control;2024-02-23 15:00:00+00:00;0.171;;
966771;unknown;control;2024-02-23 15:15:00+00:00;0.151;;
966771;unknown;control;2024-02-23 15:30:00+00:00;0.78;;
966771;unknown;control;2024-02-23 15:45:00+00:00;0.643;;
966771;unknown;control;2024-02-23 16:00:00+00:00;0.229;;
966771;unknown;control;2024-02-23 16:15:00+00:00;0.259;;
966771;unknown;control;2024-02-23 16:30:00+00:00;0.26;;
966771;unknown;control;2024-02-23 16:45:00+00:00;0.606;;
966771;unknown;control;2024-02-23 17:00:00+00:00;1.016;;
966771;unknown;control;2024-02-23 17:15:00+00:00;0.275;;
966771;unknown;control;2024-02-23 17:30:00+00:00;0.274;;
966771;unknown;control;2024-02-23 17:45:00+00:00;0.893;;
966771;unknown;control;2024-02-23 18:00:00+00:00;0.959;;
966771;unknown;control;2024-02-23 18:15:00+00:00;0.316;;
966771;unknown;control;2024-02-23 18:30:00+00:00;0.32;;
966771;unknown;control;2024-02-23 18:45:00+00:00;0.964;;
966771;unknown;control;2024-02-23 19:00:00+00:00;1.06;;
966771;unknown;control;2024-02-23 19:15:00+00:00;0.906;;
966771;unknown;control;2024-02-23 19:30:00+00:00;1.076;;
966771;unknown;control;2024-02-23 19:45:00+00:00;0.768;;
966771;unknown;control;2024-02-23 20:00:00+00:00;0.355;;
966771;unknown;control;2024-02-23 20:15:00+00:00;0.521;;
966771;unknown;control;2024-02-23 20:30:00+00:00;1.081;;
966771;unknown;control;2024-02-23 20:45:00+00:00;1.094;;
966771;unknown;control;2024-02-23 21:00:00+00:00;0.922;;
966771;unknown;control;2024-02-23 21:15:00+00:00;1.123;;
966771;unknown;control;2024-02-23 21:30:00+00:00;0.324;;
966771;unknown;control;2024-02-23 21:45:00+00:00;0.319;;
966771;unknown;control;2024-02-23 22:00:00+00:00;0.348;;
966771;unknown;control;2024-02-23 22:15:00+00:00;1.006;;
966771;unknown;control;2024-02-23 22:30:00+00:00;1.075;;
966771;unknown;control;2024-02-23 22:45:00+00:00;0.382;;
966771;unknown;control;2024-02-23 23:00:00+00:00;0.317;;
966771;unknown;control;2024-02-23 23:15:00+00:00;0.356;;
966771;unknown;control;2024-02-23 23:30:00+00:00;0.953;;
966771;unknown;control;2024-02-23 23:45:00+00:00;1.097;;
966771;unknown;control;2024-02-24 00:00:00+00:00;0.463;;
966771;unknown;control;2024-02-24 00:15:00+00:00;0.308;;
966771;unknown;control;2024-02-24 00:30:00+00:00;0.315;;
966771;unknown;control;2024-02-24 00:45:00+00:00;0.757;;
966771;unknown;control;2024-02-24 01:00:00+00:00;1.083;;
966771;unknown;control;2024-02-24 01:15:00+00:00;1.025;;
966771;unknown;control;2024-02-24 01:30:00+00:00;1.539;;
966771;unknown;control;2024-02-24 01:45:00+00:00;1.585;;
966771;unknown;control;2024-02-24 02:00:00+00:00;2.25;;
966771;unknown;control;2024-02-24 02:15:00+00:00;2.334;;
966771;unknown;control;2024-02-24 02:30:00+00:00;1.755;;
966771;unknown;control;2024-02-24 02:45:00+00:00;1.576;;
966771;unknown;control;2024-02-24 03:00:00+00:00;1.807;;
966771;unknown;control;2024-02-24 03:15:00+00:00;1.357;;
966771;unknown;control;2024-02-24 03:30:00+00:00;1.041;;
966771;unknown;control;2024-02-24 03:45:00+00:00;0.301;;
966771;unknown;control;2024-02-24 04:00:00+00:00;0.293;;
966771;unknown;control;2024-02-24 04:15:00+00:00;0.278;;
966771;unknown;control;2024-02-24 04:30:00+00:00;0.676;;
966771;unknown;control;2024-02-24 04:45:00+00:00;1.074;;
966771;unknown;control;2024-02-24 05:00:00+00:00;0.503;;
966771;unknown;control;2024-02-24 05:15:00+00:00;0.323;;
966771;unknown;control;2024-02-24 05:30:00+00:00;0.317;;
966771;unknown;control;2024-02-24 05:45:00+00:00;0.289;;
966771;unknown;control;2024-02-24 06:00:00+00:00;0.298;;
966771;unknown;control;2024-02-24 06:15:00+00:00;0.302;;
966771;unknown;control;2024-02-24 06:30:00+00:00;0.268;;
966771;unknown;control;2024-02-24 06:45:00+00:00;0.285;;
966771;unknown;control;2024-02-24 07:00:00+00:00;0.297;;
966771;unknown;control;2024-02-24 07:15:00+00:00;0.681;;
966771;unknown;control;2024-02-24 07:30:00+00:00;1.022;;
966771;unknown;control;2024-02-24 07:45:00+00:00;0.422;;
966771;unknown;control;2024-02-24 08:00:00+00:00;0.11;;
966771;unknown;control;2024-02-24 08:15:00+00:00;0.119;;
966771;unknown;control;2024-02-24 08:30:00+00:00;0.118;;
966771;unknown;control;2024-02-24 08:45:00+00:00;0.115;;
966771;unknown;control;2024-02-24 09:00:00+00:00;0.129;;
966771;unknown;control;2024-02-24 09:15:00+00:00;0.24;;
966771;unknown;control;2024-02-24 09:30:00+00:00;0.172;;
966771;unknown;control;2024-02-24 09:45:00+00:00;0.132;;
966771;unknown;control;2024-02-24 10:00:00+00:00;0.13;;
966771;unknown;control;2024-02-24 10:15:00+00:00;0.143;;
966771;unknown;control;2024-02-24 10:30:00+00:00;0.144;;
966771;unknown;control;2024-02-24 10:45:00+00:00;0.161;;
966771;unknown;control;2024-02-24 11:00:00+00:00;0.123;;
966771;unknown;control;2024-02-24 11:15:00+00:00;0.149;;
966771;unknown;control;2024-02-24 11:30:00+00:00;0.116;;
966771;unknown;control;2024-02-24 11:45:00+00:00;0.105;;
966771;unknown;control;2024-02-24 12:00:00+00:00;0.115;;
966771;unknown;control;2024-02-24 12:15:00+00:00;0.124;;
966771;unknown;control;2024-02-24 12:30:00+00:00;0.128;;
966771;unknown;control;2024-02-24 12:45:00+00:00;0.135;;
966771;unknown;control;2024-02-24 13:00:00+00:00;0.113;;
966771;unknown;control;2024-02-24 13:15:00+00:00;0.107;;
966771;unknown;control;2024-02-24 13:30:00+00:00;0.115;;
966771;unknown;control;2024-02-24 13:45:00+00:00;0.108;;
966771;unknown;control;2024-02-24 14:00:00+00:00;0.114;;
966771;unknown;control;2024-02-24 14:15:00+00:00;0.118;;
966771;unknown;control;2024-02-24 14:30:00+00:00;0.11;;
966771;unknown;control;2024-02-24 14:45:00+00:00;0.127;;
966771;unknown;control;2024-02-24 15:00:00+00:00;0.202;;
966771;unknown;control;2024-02-24 15:15:00+00:00;0.173;;
966771;unknown;control;2024-02-24 15:30:00+00:00;0.645;;
966771;unknown;control;2024-02-24 15:45:00+00:00;0.435;;
966771;unknown;control;2024-02-24 16:00:00+00:00;0.204;;
966771;unknown;control;2024-02-24 16:15:00+00:00;0.235;;
966771;unknown;control;2024-02-24 16:30:00+00:00;0.634;;
966771;unknown;control;2024-02-24 16:45:00+00:00;0.525;;
966771;unknown;control;2024-02-24 17:00:00+00:00;0.503;;
966771;unknown;control;2024-02-24 17:15:00+00:00;1.279;;
966771;unknown;control;2024-02-24 17:30:00+00:00;0.524;;
966771;unknown;control;2024-02-24 17:45:00+00:00;0.259;;
966771;unknown;control;2024-02-24 18:00:00+00:00;0.302;;
966771;unknown;control;2024-02-24 18:15:00+00:00;0.477;;
966771;unknown;control;2024-02-24 18:30:00+00:00;1.045;;
966771;unknown;control;2024-02-24 18:45:00+00:00;0.866;;
966771;unknown;control;2024-02-24 19:00:00+00:00;0.299;;
966771;unknown;control;2024-02-24 19:15:00+00:00;0.577;;
966771;unknown;control;2024-02-24 19:30:00+00:00;1.033;;
966771;unknown;control;2024-02-24 19:45:00+00:00;0.808;;
966771;unknown;control;2024-02-24 20:00:00+00:00;0.311;;
966771;unknown;control;2024-02-24 20:15:00+00:00;0.375;;
966771;unknown;control;2024-02-24 20:30:00+00:00;0.696;;
966771;unknown;control;2024-02-24 20:45:00+00:00;1.064;;
966771;unknown;control;2024-02-24 21:00:00+00:00;1.034;;
966771;unknown;control;2024-02-24 21:15:00+00:00;0.944;;
966771;unknown;control;2024-02-24 21:30:00+00:00;0.266;;
966771;unknown;control;2024-02-24 21:45:00+00:00;0.289;;
966771;unknown;control;2024-02-24 22:00:00+00:00;0.296;;
966771;unknown;control;2024-02-24 22:15:00+00:00;0.28;;
966771;unknown;control;2024-02-24 22:30:00+00:00;0.778;;
966771;unknown;control;2024-02-24 22:45:00+00:00;1.048;;
966771;unknown;control;2024-02-24 23:00:00+00:00;0.837;;
966771;unknown;control;2024-02-24 23:15:00+00:00;0.327;;
966771;unknown;control;2024-02-24 23:30:00+00:00;0.342;;
966771;unknown;control;2024-02-24 23:45:00+00:00;0.958;;
966771;unknown;control;2024-02-25 00:00:00+00:00;1.094;;
966771;unknown;control;2024-02-25 00:15:00+00:00;0.905;;
966771;unknown;control;2024-02-25 00:30:00+00:00;1.112;;
966771;unknown;control;2024-02-25 00:45:00+00:00;0.862;;
966771;unknown;control;2024-02-25 01:00:00+00:00;0.37;;
966771;unknown;control;2024-02-25 01:15:00+00:00;0.537;;
966771;unknown;control;2024-02-25 01:30:00+00:00;2.305;;
966771;unknown;control;2024-02-25 01:45:00+00:00;2.345;;
966771;unknown;control;2024-02-25 02:00:00+00:00;2.343;;
966771;unknown;control;2024-02-25 02:15:00+00:00;2.081;;
966771;unknown;control;2024-02-25 02:30:00+00:00;2.358;;
966771;unknown;control;2024-02-25 02:45:00+00:00;2.371;;
966771;unknown;control;2024-02-25 03:00:00+00:00;1.9;;
966771;unknown;control;2024-02-25 03:15:00+00:00;1.607;;
966771;unknown;control;2024-02-25 03:30:00+00:00;1.715;;
966771;unknown;control;2024-02-25 03:45:00+00:00;2.292;;
966771;unknown;control;2024-02-25 04:00:00+00:00;2.066;;
966771;unknown;control;2024-02-25 04:15:00+00:00;0.379;;
966771;unknown;control;2024-02-25 04:30:00+00:00;0.501;;
966771;unknown;control;2024-02-25 04:45:00+00:00;0.945;;
966771;unknown;control;2024-02-25 05:00:00+00:00;1.032;;
966771;unknown;control;2024-02-25 05:15:00+00:00;1.15;;
966771;unknown;control;2024-02-25 05:30:00+00:00;1.141;;
966771;unknown;control;2024-02-25 05:45:00+00:00;1.136;;
966771;unknown;control;2024-02-25 06:00:00+00:00;1.117;;
966771;unknown;control;2024-02-25 06:15:00+00:00;0.971;;
966771;unknown;control;2024-02-25 06:30:00+00:00;0.323;;
966771;unknown;control;2024-02-25 06:45:00+00:00;0.252;;
966771;unknown;control;2024-02-25 07:00:00+00:00;0.212;;
966771;unknown;control;2024-02-25 07:15:00+00:00;0.158;;
966771;unknown;control;2024-02-25 07:30:00+00:00;0.232;;
966771;unknown;control;2024-02-25 07:45:00+00:00;0.118;;
966771;unknown;control;2024-02-25 08:00:00+00:00;0.519;;
966771;unknown;control;2024-02-25 08:15:00+00:00;0.216;;
966771;unknown;control;2024-02-25 08:30:00+00:00;0.24;;
966771;unknown;control;2024-02-25 08:45:00+00:00;0.126;;
966771;unknown;control;2024-02-25 09:00:00+00:00;0.117;;
966771;unknown;control;2024-02-25 09:15:00+00:00;0.123;;
966771;unknown;control;2024-02-25 09:30:00+00:00;0.107;;
966771;unknown;control;2024-02-25 09:45:00+00:00;0.114;;
966771;unknown;control;2024-02-25 10:00:00+00:00;0.12;;
966771;unknown;control;2024-02-25 10:15:00+00:00;0.114;;
966771;unknown;control;2024-02-25 10:30:00+00:00;0.114;;
966771;unknown;control;2024-02-25 10:45:00+00:00;0.208;;
966771;unknown;control;2024-02-25 11:00:00+00:00;0.112;;
966771;unknown;control;2024-02-25 11:15:00+00:00;0.117;;
966771;unknown;control;2024-02-25 11:30:00+00:00;0.117;;
966771;unknown;control;2024-02-25 11:45:00+00:00;0.106;;
966771;unknown;control;2024-02-25 12:00:00+00:00;0.117;;
966771;unknown;control;2024-02-25 12:15:00+00:00;0.135;;
966771;unknown;control;2024-02-25 12:30:00+00:00;0.107;;
966771;unknown;control;2024-02-25 12:45:00+00:00;0.121;;
966771;unknown;control;2024-02-25 13:00:00+00:00;0.112;;
966771;unknown;control;2024-02-25 13:15:00+00:00;0.109;;
966771;unknown;control;2024-02-25 13:30:00+00:00;0.113;;
966771;unknown;control;2024-02-25 13:45:00+00:00;0.102;;
966771;unknown;control;2024-02-25 14:00:00+00:00;0.097;;
966771;unknown;control;2024-02-25 14:15:00+00:00;0.106;;
966771;unknown;control;2024-02-25 14:30:00+00:00;0.104;;
966771;unknown;control;2024-02-25 14:45:00+00:00;0.129;;
966771;unknown;control;2024-02-25 15:00:00+00:00;0.134;;
966771;unknown;control;2024-02-25 15:15:00+00:00;0.114;;
966771;unknown;control;2024-02-25 15:30:00+00:00;0.1;;
966771;unknown;control;2024-02-25 15:45:00+00:00;0.11;;
966771;unknown;control;2024-02-25 16:00:00+00:00;0.18;;
966771;unknown;control;2024-02-25 16:15:00+00:00;0.327;;
966771;unknown;control;2024-02-25 16:30:00+00:00;0.691;;
966771;unknown;control;2024-02-25 16:45:00+00:00;0.963;;
966771;unknown;control;2024-02-25 17:00:00+00:00;0.498;;
966771;unknown;control;2024-02-25 17:15:00+00:00;0.277;;
966771;unknown;control;2024-02-25 17:30:00+00:00;0.862;;
966771;unknown;control;2024-02-25 17:45:00+00:00;0.699;;
966771;unknown;control;2024-02-25 18:00:00+00:00;0.313;;
966771;unknown;control;2024-02-25 18:15:00+00:00;0.331;;
966771;unknown;control;2024-02-25 18:30:00+00:00;0.322;;
966771;unknown;control;2024-02-25 18:45:00+00:00;0.992;;
966771;unknown;control;2024-02-25 19:00:00+00:00;0.877;;
966771;unknown;control;2024-02-25 19:15:00+00:00;0.31;;
966771;unknown;control;2024-02-25 19:30:00+00:00;0.434;;
966771;unknown;control;2024-02-25 19:45:00+00:00;0.547;;
966771;unknown;control;2024-02-25 20:00:00+00:00;1.514;;
966771;unknown;control;2024-02-25 20:15:00+00:00;0.683;;
966771;unknown;control;2024-02-25 20:30:00+00:00;0.312;;
966771;unknown;control;2024-02-25 20:45:00+00:00;0.484;;
966771;unknown;control;2024-02-25 21:00:00+00:00;0.528;;
966771;unknown;control;2024-02-25 21:15:00+00:00;0.443;;
966771;unknown;control;2024-02-25 21:30:00+00:00;0.253;;
966771;unknown;control;2024-02-25 21:45:00+00:00;0.427;;
966771;unknown;control;2024-02-25 22:00:00+00:00;0.933;;
966771;unknown;control;2024-02-25 22:15:00+00:00;0.57;;
966771;unknown;control;2024-02-25 22:30:00+00:00;0.235;;
966771;unknown;control;2024-02-25 22:45:00+00:00;0.243;;
966771;unknown;control;2024-02-25 23:00:00+00:00;0.239;;
966771;unknown;control;2024-02-25 23:15:00+00:00;0.304;;
966771;unknown;control;2024-02-25 23:30:00+00:00;0.982;;
966771;unknown;control;2024-02-25 23:45:00+00:00;0.505;;
966771;unknown;control;2024-02-26 00:00:00+00:00;0.241;;
966771;unknown;control;2024-02-26 00:15:00+00:00;0.244;;
966771;unknown;control;2024-02-26 00:30:00+00:00;0.242;;
966771;unknown;control;2024-02-26 00:45:00+00:00;0.24;;
966771;unknown;control;2024-02-26 01:00:00+00:00;0.658;;
966771;unknown;control;2024-02-26 01:15:00+00:00;0.997;;
966771;unknown;control;2024-02-26 01:30:00+00:00;1.748;;
966771;unknown;control;2024-02-26 01:45:00+00:00;1.491;;
966771;unknown;control;2024-02-26 02:00:00+00:00;1.481;;
966771;unknown;control;2024-02-26 02:15:00+00:00;1.688;;
966771;unknown;control;2024-02-26 02:30:00+00:00;2.226;;
966771;unknown;control;2024-02-26 02:45:00+00:00;1.859;;
966771;unknown;control;2024-02-26 03:00:00+00:00;1.308;;
966771;unknown;control;2024-02-26 03:15:00+00:00;0.256;;
966771;unknown;control;2024-02-26 03:30:00+00:00;0.273;;
966771;unknown;control;2024-02-26 03:45:00+00:00;0.471;;
966771;unknown;control;2024-02-26 04:00:00+00:00;0.972;;
966771;unknown;control;2024-02-26 04:15:00+00:00;0.239;;
966771;unknown;control;2024-02-26 04:30:00+00:00;0.249;;
966771;unknown;control;2024-02-26 04:45:00+00:00;0.252;;
966771;unknown;control;2024-02-26 05:00:00+00:00;0.244;;
966771;unknown;control;2024-02-26 05:15:00+00:00;0.263;;
966771;unknown;control;2024-02-26 05:30:00+00:00;0.597;;
966771;unknown;control;2024-02-26 05:45:00+00:00;1.496;;
966771;unknown;control;2024-02-26 06:00:00+00:00;0.772;;
966771;unknown;control;2024-02-26 06:15:00+00:00;1.004;;
966771;unknown;control;2024-02-26 06:30:00+00:00;0.264;;
966771;unknown;control;2024-02-26 06:45:00+00:00;0.232;;
966771;unknown;control;2024-02-26 07:00:00+00:00;0.237;;
966771;unknown;control;2024-02-26 07:15:00+00:00;0.534;;
966771;unknown;control;2024-02-26 07:30:00+00:00;0.177;;
966771;unknown;control;2024-02-26 07:45:00+00:00;0.14;;
966771;unknown;control;2024-02-26 08:00:00+00:00;0.133;;
966771;unknown;control;2024-02-26 08:15:00+00:00;0.148;;
966771;unknown;control;2024-02-26 08:30:00+00:00;0.408;;
966771;unknown;control;2024-02-26 08:45:00+00:00;0.191;;
966771;unknown;control;2024-02-26 09:00:00+00:00;0.149;;
966771;unknown;control;2024-02-26 09:15:00+00:00;0.124;;
966771;unknown;control;2024-02-26 09:30:00+00:00;0.134;;
966771;unknown;control;2024-02-26 09:45:00+00:00;0.12;;
966771;unknown;control;2024-02-26 10:00:00+00:00;0.181;;
966771;unknown;control;2024-02-26 10:15:00+00:00;0.121;;
966771;unknown;control;2024-02-26 10:30:00+00:00;0.337;;
966771;unknown;control;2024-02-26 10:45:00+00:00;0.118;;
966771;unknown;control;2024-02-26 11:00:00+00:00;0.114;;
966771;unknown;control;2024-02-26 11:15:00+00:00;0.109;;
966771;unknown;control;2024-02-26 11:30:00+00:00;0.112;;
966771;unknown;control;2024-02-26 11:45:00+00:00;0.179;;
966771;unknown;control;2024-02-26 12:00:00+00:00;0.316;;
966771;unknown;control;2024-02-26 12:15:00+00:00;0.789;;
966771;unknown;control;2024-02-26 12:30:00+00:00;0.139;;
966771;unknown;control;2024-02-26 12:45:00+00:00;0.137;;
966771;unknown;control;2024-02-26 13:00:00+00:00;0.142;;
966771;unknown;control;2024-02-26 13:15:00+00:00;0.14;;
966771;unknown;control;2024-02-26 13:30:00+00:00;0.102;;
966771;unknown;control;2024-02-26 13:45:00+00:00;0.115;;
966771;unknown;control;2024-02-26 14:00:00+00:00;0.109;;
966771;unknown;control;2024-02-26 14:15:00+00:00;0.143;;
966771;unknown;control;2024-02-26 14:30:00+00:00;0.245;;
966771;unknown;control;2024-02-26 14:45:00+00:00;0.265;;
966771;unknown;control;2024-02-26 15:00:00+00:00;0.297;;
966771;unknown;control;2024-02-26 15:15:00+00:00;0.303;;
966771;unknown;control;2024-02-26 15:30:00+00:00;0.287;;
966771;unknown;control;2024-02-26 15:45:00+00:00;0.132;;
966771;unknown;control;2024-02-26 16:00:00+00:00;0.459;;
966771;unknown;control;2024-02-26 16:15:00+00:00;0.288;;
966771;unknown;control;2024-02-26 16:30:00+00:00;0.19;;
966771;unknown;control;2024-02-26 16:45:00+00:00;0.18;;
966771;unknown;control;2024-02-26 17:00:00+00:00;0.298;;
966771;unknown;control;2024-02-26 17:15:00+00:00;0.334;;
966771;unknown;control;2024-02-26 17:30:00+00:00;0.335;;
966771;unknown;control;2024-02-26 17:45:00+00:00;0.228;;
966771;unknown;control;2024-02-26 18:00:00+00:00;0.239;;
966771;unknown;control;2024-02-26 18:15:00+00:00;0.287;;
966771;unknown;control;2024-02-26 18:30:00+00:00;0.969;;
966771;unknown;control;2024-02-26 18:45:00+00:00;0.791;;
966771;unknown;control;2024-02-26 19:00:00+00:00;0.295;;
966771;unknown;control;2024-02-26 19:15:00+00:00;0.575;;
966771;unknown;control;2024-02-26 19:30:00+00:00;1.044;;
966771;unknown;control;2024-02-26 19:45:00+00:00;0.579;;
966771;unknown;control;2024-02-26 20:00:00+00:00;0.297;;
966771;unknown;control;2024-02-26 20:15:00+00:00;0.317;;
966771;unknown;control;2024-02-26 20:30:00+00:00;0.966;;
966771;unknown;control;2024-02-26 20:45:00+00:00;1.038;;
966771;unknown;control;2024-02-26 21:00:00+00:00;0.453;;
966771;unknown;control;2024-02-26 21:15:00+00:00;0.256;;
966771;unknown;control;2024-02-26 21:30:00+00:00;0.27;;
966771;unknown;control;2024-02-26 21:45:00+00:00;0.27;;
966771;unknown;control;2024-02-26 22:00:00+00:00;0.84;;
966771;unknown;control;2024-02-26 22:15:00+00:00;0.848;;
966771;unknown;control;2024-02-26 22:30:00+00:00;0.25;;
966771;unknown;control;2024-02-26 22:45:00+00:00;0.259;;
966771;unknown;control;2024-02-26 23:00:00+00:00;0.253;;
966771;unknown;control;2024-02-26 23:15:00+00:00;0.246;;
966771;unknown;control;2024-02-26 23:30:00+00:00;0.228;;
966771;unknown;control;2024-02-26 23:45:00+00:00;0.241;;
966771;unknown;control;2024-02-27 00:00:00+00:00;0.237;;
966771;unknown;control;2024-02-27 00:15:00+00:00;0.202;;
966771;unknown;control;2024-02-27 00:30:00+00:00;0.26;;
966771;unknown;control;2024-02-27 00:45:00+00:00;0.243;;
966771;unknown;control;2024-02-27 01:00:00+00:00;0.72;;
966771;unknown;control;2024-02-27 01:15:00+00:00;0.673;;
966771;unknown;control;2024-02-27 01:30:00+00:00;1.5;;
966771;unknown;control;2024-02-27 01:45:00+00:00;1.466;;
966771;unknown;control;2024-02-27 02:00:00+00:00;1.517;;
966771;unknown;control;2024-02-27 02:15:00+00:00;1.505;;
966771;unknown;control;2024-02-27 02:30:00+00:00;0.989;;
966771;unknown;control;2024-02-27 02:45:00+00:00;0.251;;
966771;unknown;control;2024-02-27 03:00:00+00:00;0.947;;
966771;unknown;control;2024-02-27 03:15:00+00:00;0.408;;
966771;unknown;control;2024-02-27 03:30:00+00:00;0.241;;
966771;unknown;control;2024-02-27 03:45:00+00:00;0.208;;
966771;unknown;control;2024-02-27 04:00:00+00:00;0.255;;
966771;unknown;control;2024-02-27 04:15:00+00:00;0.193;;
966771;unknown;control;2024-02-27 04:30:00+00:00;0.291;;
966771;unknown;control;2024-02-27 04:45:00+00:00;0.957;;
966771;unknown;control;2024-02-27 05:00:00+00:00;0.386;;
966771;unknown;control;2024-02-27 05:15:00+00:00;0.254;;
966771;unknown;control;2024-02-27 05:30:00+00:00;0.26;;
966771;unknown;control;2024-02-27 05:45:00+00:00;1.554;;
966771;unknown;control;2024-02-27 06:00:00+00:00;0.282;;
966771;unknown;control;2024-02-27 06:15:00+00:00;0.318;;
966771;unknown;control;2024-02-27 06:30:00+00:00;0.674;;
966771;unknown;control;2024-02-27 06:45:00+00:00;0.794;;
966771;unknown;control;2024-02-27 07:00:00+00:00;0.216;;
966771;unknown;control;2024-02-27 07:15:00+00:00;0.25;;
966771;unknown;control;2024-02-27 07:30:00+00:00;0.222;;
966771;unknown;control;2024-02-27 07:45:00+00:00;0.178;;
966771;unknown;control;2024-02-27 08:00:00+00:00;0.185;;
966771;unknown;control;2024-02-27 08:15:00+00:00;0.15;;
966771;unknown;control;2024-02-27 08:30:00+00:00;0.143;;
966771;unknown;control;2024-02-27 08:45:00+00:00;0.112;;
966771;unknown;control;2024-02-27 09:00:00+00:00;0.111;;
966771;unknown;control;2024-02-27 09:15:00+00:00;0.104;;
966771;unknown;control;2024-02-27 09:30:00+00:00;0.117;;
966771;unknown;control;2024-02-27 09:45:00+00:00;0.113;;
966771;unknown;control;2024-02-27 10:00:00+00:00;0.104;;
966771;unknown;control;2024-02-27 10:15:00+00:00;0.113;;
966771;unknown;control;2024-02-27 10:30:00+00:00;0.179;;
966771;unknown;control;2024-02-27 10:45:00+00:00;0.282;;
966771;unknown;control;2024-02-27 11:00:00+00:00;0.12;;
966771;unknown;control;2024-02-27 11:15:00+00:00;0.125;;
966771;unknown;control;2024-02-27 11:30:00+00:00;0.114;;
966771;unknown;control;2024-02-27 11:45:00+00:00;0.118;;
966771;unknown;control;2024-02-27 12:00:00+00:00;0.113;;
966771;unknown;control;2024-02-27 12:15:00+00:00;0.114;;
966771;unknown;control;2024-02-27 12:30:00+00:00;0.107;;
966771;unknown;control;2024-02-27 12:45:00+00:00;0.109;;
966771;unknown;control;2024-02-27 13:00:00+00:00;0.113;;
966771;unknown;control;2024-02-27 13:15:00+00:00;0.109;;
966771;unknown;control;2024-02-27 13:30:00+00:00;0.113;;
966771;unknown;control;2024-02-27 13:45:00+00:00;0.467;;
966771;unknown;control;2024-02-27 14:00:00+00:00;0.313;;
966771;unknown;control;2024-02-27 14:15:00+00:00;0.247;;
966771;unknown;control;2024-02-27 14:30:00+00:00;0.276;;
966771;unknown;control;2024-02-27 14:45:00+00:00;0.253;;
966771;unknown;control;2024-02-27 15:00:00+00:00;0.119;;
966771;unknown;control;2024-02-27 15:15:00+00:00;0.117;;
966771;unknown;control;2024-02-27 15:30:00+00:00;0.117;;
966771;unknown;control;2024-02-27 15:45:00+00:00;0.143;;
966771;unknown;control;2024-02-27 16:00:00+00:00;0.138;;
966771;unknown;control;2024-02-27 16:15:00+00:00;0.132;;
966771;unknown;control;2024-02-27 16:30:00+00:00;0.137;;
966771;unknown;control;2024-02-27 16:45:00+00:00;0.225;;
966771;unknown;control;2024-02-27 17:00:00+00:00;0.203;;
966771;unknown;control;2024-02-27 17:15:00+00:00;0.218;;
966771;unknown;control;2024-02-27 17:30:00+00:00;0.214;;
966771;unknown;control;2024-02-27 17:45:00+00:00;0.187;;
966771;unknown;control;2024-02-27 18:00:00+00:00;0.191;;
966771;unknown;control;2024-02-27 18:15:00+00:00;0.18;;
966771;unknown;control;2024-02-27 18:30:00+00:00;0.206;;
966771;unknown;control;2024-02-27 18:45:00+00:00;0.216;;
966771;unknown;control;2024-02-27 19:00:00+00:00;0.193;;
966771;unknown;control;2024-02-27 19:15:00+00:00;0.214;;
966771;unknown;control;2024-02-27 19:30:00+00:00;0.848;;
966771;unknown;control;2024-02-27 19:45:00+00:00;0.861;;
966771;unknown;control;2024-02-27 20:00:00+00:00;0.301;;
966771;unknown;control;2024-02-27 20:15:00+00:00;0.267;;
966771;unknown;control;2024-02-27 20:30:00+00:00;0.273;;
966771;unknown;control;2024-02-27 20:45:00+00:00;0.783;;
966771;unknown;control;2024-02-27 21:00:00+00:00;0.646;;
966771;unknown;control;2024-02-27 21:15:00+00:00;0.214;;
966771;unknown;control;2024-02-27 21:30:00+00:00;0.192;;
966771;unknown;control;2024-02-27 21:45:00+00:00;0.179;;
966771;unknown;control;2024-02-27 22:00:00+00:00;0.197;;
966771;unknown;control;2024-02-27 22:15:00+00:00;0.209;;
966771;unknown;control;2024-02-27 22:30:00+00:00;0.563;;
966771;unknown;control;2024-02-27 22:45:00+00:00;0.724;;
966771;unknown;control;2024-02-27 23:00:00+00:00;0.205;;
966771;unknown;control;2024-02-27 23:15:00+00:00;0.207;;
966771;unknown;control;2024-02-27 23:30:00+00:00;0.178;;
966771;unknown;control;2024-02-27 23:45:00+00:00;0.197;;
